"mitochan"	"lwrNorm"	"medNorm"	"uprNorm"
-1.88999910457734	-2.15217404167166	-1.87331909711323	-1.60489060492409
-1.88290406471167	-2.14894801823612	-1.86664383407842	-1.59556525163579
-1.875809024846	-2.13392026769378	-1.85241064555943	-1.57648946988785
-1.86871398498033	-2.13740128033235	-1.8601525426587	-1.57044575636562
-1.86161894511466	-2.11912527619511	-1.85417876123426	-1.57134691743528
-1.854523905249	-2.12535292848984	-1.84245307236547	-1.56581284559519
-1.84742886538333	-2.1229332921469	-1.83359976031039	-1.56054893511281
-1.84033382551766	-2.11062377533721	-1.83191322867865	-1.55664356244732
-1.83323878565199	-2.1165206462836	-1.82258463622654	-1.54637509920363
-1.82614374578632	-2.09211818724665	-1.81823448619726	-1.54809902141175
-1.81904870592065	-2.09312325876099	-1.80995279084096	-1.53466584314111
-1.81195366605499	-2.07678994655266	-1.80406109714249	-1.5429002513945
-1.80485862618932	-2.07275993350891	-1.8009108026779	-1.53298955121967
-1.79776358632365	-2.07461788309295	-1.79429441171166	-1.5215990225216
-1.79066854645798	-2.05509308600189	-1.7844200172773	-1.50174639057476
-1.78357350659231	-2.06607938728885	-1.78472839892005	-1.50801361467941
-1.77647846672664	-2.05515744440616	-1.78364145704408	-1.50265258371925
-1.76938342686098	-2.03694075561382	-1.76929722224893	-1.48773493062427
-1.76228838699531	-2.05324770224779	-1.76068982048455	-1.48815420552329
-1.75519334712964	-2.03721442538247	-1.75373156479521	-1.49176983941419
-1.74809830726397	-2.02990472413716	-1.75135948338433	-1.4758378973585
-1.7410032673983	-2.00993619038946	-1.74080936541903	-1.46789586181305
-1.73390822753263	-2.01982364293305	-1.73475625452021	-1.48012016987526
-1.72681318766697	-2.01082257173804	-1.7335039757105	-1.43870659803534
-1.7197181478013	-2.00803921815673	-1.72459709666249	-1.45270326765749
-1.71262310793563	-1.98949034962647	-1.71548305967504	-1.43769424278696
-1.70552806806996	-1.98153283904619	-1.7057213239091	-1.43378696426567
-1.69843302820429	-1.98467125606094	-1.70131113083347	-1.42120940612337
-1.69133798833862	-1.9773582477792	-1.69916687728192	-1.40146786745437
-1.68424294847296	-1.96972046877264	-1.6918522804896	-1.40931542790095
-1.67714790860729	-1.96070268144384	-1.68812827313696	-1.42668308887899
-1.67005286874162	-1.9404997035916	-1.67280458980683	-1.41115009753681
-1.66295782887595	-1.94526668883914	-1.67110432240809	-1.40600133010185
-1.65586278901028	-1.93545336069122	-1.66731698062696	-1.40219076954549
-1.64876774914461	-1.93360210424502	-1.65439443146996	-1.40266266217003
-1.64167270927894	-1.9284238593214	-1.65151277885492	-1.38185694407913
-1.63457766941328	-1.91722334186469	-1.64583036524192	-1.3648269964129
-1.62748262954761	-1.91834657461078	-1.64700176741435	-1.3856332536277
-1.62038758968194	-1.91285717838703	-1.63686774705515	-1.35794984893136
-1.61329254981627	-1.89543027114593	-1.6304718586794	-1.35433624918039
-1.6061975099506	-1.88841414134781	-1.61387934840473	-1.3597335264932
-1.59910247008493	-1.89926362041318	-1.6173655498441	-1.34822224964106
-1.59200743021927	-1.86755563570123	-1.61421528064474	-1.33117464239833
-1.5849123903536	-1.88102144757863	-1.60308638315691	-1.31639272403913
-1.57781735048793	-1.88062164178019	-1.5945304330952	-1.32535735872475
-1.57072231062226	-1.85438435982157	-1.59108263497032	-1.33455781161289
-1.56362727075659	-1.86315992022575	-1.59185404805136	-1.30361437912479
-1.55653223089092	-1.8412455561908	-1.57970203121123	-1.30088332941986
-1.54943719102526	-1.84827327433443	-1.57051418294278	-1.29878590013951
-1.54234215115959	-1.83682911503089	-1.5669190723162	-1.28510411560285
-1.53524711129392	-1.83534606614003	-1.56446877093483	-1.29731675033712
-1.52815207142825	-1.8341101389306	-1.55505730761287	-1.28309975273321
-1.52105703156258	-1.83071278474089	-1.55020675841057	-1.26014283680807
-1.51396199169691	-1.82454676020209	-1.54432721615132	-1.270947953613
-1.50686695183125	-1.80135497075975	-1.53659994132928	-1.26895408772743
-1.49977191196558	-1.78694765661636	-1.53314353562888	-1.25559330366762
-1.49267687209991	-1.7892602697145	-1.52194010972686	-1.24171540738629
-1.48558183223424	-1.79773410526401	-1.51805276962231	-1.23093972652013
-1.47848679236857	-1.79185284304317	-1.51013882790712	-1.23488241260238
-1.4713917525029	-1.79449137563268	-1.50678137572388	-1.23685069690308
-1.46429671263724	-1.76645729364539	-1.50278030545594	-1.22930212922834
-1.45720167277157	-1.78234418490467	-1.49989898658773	-1.23545823871032
-1.4501066329059	-1.77643863661447	-1.49193429129601	-1.19927639886454
-1.44301159304023	-1.75942366943576	-1.47691751241839	-1.20470206175187
-1.43591655317456	-1.74914704968788	-1.48068177324704	-1.19356862391061
-1.42882151330889	-1.74209173492279	-1.46973736422936	-1.18692868966549
-1.42172647344323	-1.73679543024221	-1.4728890830285	-1.18405513384278
-1.41463143357756	-1.71256639177169	-1.4523708542761	-1.18788942945827
-1.40753639371189	-1.72573433285505	-1.44324929033269	-1.17790917566516
-1.40044135384622	-1.71658054073742	-1.44659831982305	-1.16946748583338
-1.39334631398055	-1.71390444243192	-1.43601443975601	-1.15741997845768
-1.38625127411488	-1.69397963277393	-1.42659117124647	-1.15358298356427
-1.37915623424921	-1.69066528605559	-1.42369439894871	-1.14262040474117
-1.37206119438355	-1.6912556150749	-1.41715088796327	-1.14327734401057
-1.36496615451788	-1.67680724301297	-1.41350331675924	-1.12418397138888
-1.35787111465221	-1.67771087304511	-1.40200695620459	-1.12578885805476
-1.35077607478654	-1.67372717172231	-1.40235694737919	-1.1279386661624
-1.34368103492087	-1.64939762677591	-1.38776162933997	-1.125649340607
-1.3365859950552	-1.64872550718945	-1.38390927603547	-1.12628132509075
-1.32949095518954	-1.65165200424436	-1.37523976406164	-1.11612009152711
-1.32239591532387	-1.65275804781086	-1.37508511506651	-1.09493245941761
-1.3153008754582	-1.63279266876658	-1.36859924682289	-1.09501613269053
-1.30820583559253	-1.62504778436197	-1.36307949398897	-1.08411474243732
-1.30111079572686	-1.6156699334868	-1.35942581491903	-1.07152201196278
-1.29401575586119	-1.62434143389355	-1.34800865340222	-1.07282754506999
-1.28692071599553	-1.6031203124413	-1.34311981064054	-1.07980715328014
-1.27982567612986	-1.61507059675441	-1.33149472373514	-1.07418498013186
-1.27273063626419	-1.60652483493406	-1.33123810093173	-1.04697848598431
-1.26563559639852	-1.58611553898807	-1.32268112430995	-1.06094883321068
-1.25854055653285	-1.58594361960194	-1.32569872520604	-1.04226626968441
-1.25144551666718	-1.58866124033613	-1.30906492753776	-1.0462472367142
-1.24435047680152	-1.57395816469495	-1.30224926131857	-1.03770782959228
-1.23725543693585	-1.57427053989898	-1.29729675065691	-1.02476285164289
-1.23016039707018	-1.55347061176662	-1.2900811157749	-1.01539063519238
-1.22306535720451	-1.55518287226457	-1.28578532764874	-1.00982850371369
-1.21597031733884	-1.55304411146423	-1.28189873777607	-0.988974322787189
-1.20887527747317	-1.52742816116528	-1.2710766942065	-1.01573026383412
-1.20178023760751	-1.53749183100217	-1.26679055436367	-0.992295757024668
-1.19468519774184	-1.52077716549932	-1.25467594318254	-0.994885907466434
-1.18759015787617	-1.51685182088729	-1.25441333504332	-0.997267733043681
-1.1804951180105	-1.51660235895619	-1.24534872333207	-0.984763274630817
-1.17340007814483	-1.52099411434463	-1.24564360039823	-0.988148398564588
-1.16630503827916	-1.51072578106999	-1.24407391607621	-0.980393458462824
-1.1592099984135	-1.51367658239803	-1.23300770540759	-0.959852407643384
-1.15211495854783	-1.49619066977251	-1.2122491755927	-0.956886477405734
-1.14501991868216	-1.47933065735741	-1.2237887249899	-0.939745596328257
-1.13792487881649	-1.47564369784467	-1.21630572150615	-0.944798795445724
-1.13082983895082	-1.47097841378811	-1.205618066224	-0.941447585327029
-1.12373479908515	-1.48843151504839	-1.20221867471623	-0.915538156387219
-1.11663975921948	-1.45230554214619	-1.19892345592494	-0.927976821792799
-1.10954471935382	-1.45141365644071	-1.18320218908409	-0.914788787538266
-1.10244967948815	-1.43791419940352	-1.18698496204434	-0.896651781521403
-1.09535463962248	-1.4513256776027	-1.17772130176536	-0.911572407578523
-1.08825959975681	-1.42882416514501	-1.16519624803274	-0.898767118913135
-1.08116455989114	-1.43034424639678	-1.1617670924932	-0.889686186516182
-1.07406952002547	-1.42159463593821	-1.15416732386391	-0.900544369217892
-1.06697448015981	-1.41371786253101	-1.14889717738775	-0.878774110043417
-1.05987944029414	-1.41119103531631	-1.13879290340409	-0.863072979961633
-1.05278440042847	-1.40441789043077	-1.13650797459613	-0.868097012513006
-1.0456893605628	-1.39267812161077	-1.13579576773773	-0.866372750488543
-1.03859432069713	-1.39561970551096	-1.12385284957014	-0.851716405785508
-1.03149928083146	-1.38090917284955	-1.11725553292874	-0.853605735333051
-1.0244042409658	-1.38272169300269	-1.11292177558714	-0.852059290810921
-1.01730920110013	-1.37113764208709	-1.11258336773165	-0.845838353370165
-1.01021416123446	-1.34686601803058	-1.09365671037974	-0.827328624856609
-1.00311912136879	-1.35408894904353	-1.09343860667061	-0.827409397854109
-0.996024081503122	-1.3587819258805	-1.09044766022336	-0.821079185891856
-0.988929041637454	-1.33868286374127	-1.08388160006612	-0.82485228450398
-0.981834001771786	-1.34425978064899	-1.07689484590884	-0.800671849565851
-0.974738961906117	-1.33000862156213	-1.06864877272069	-0.806061978011495
-0.967643922040449	-1.32847401822249	-1.06998541902767	-0.782786272539351
-0.960548882174781	-1.32328480178698	-1.04610890093514	-0.79620912030295
-0.953453842309112	-1.31615806612753	-1.04432300167421	-0.775162012353215
-0.946358802443444	-1.30254713768762	-1.04300038042491	-0.777109995324037
-0.939263762577775	-1.31214677468485	-1.03828801153891	-0.775225232593995
-0.932168722712107	-1.30087172218491	-1.03128759113185	-0.752515283426884
-0.925073682846439	-1.30549115355715	-1.02568416742106	-0.765575008119056
-0.91797864298077	-1.2899065520075	-1.02311185663629	-0.756718078683417
-0.910883603115102	-1.28547191917585	-1.01692014759679	-0.74828626069475
-0.903788563249434	-1.27448816772183	-1.01070646186207	-0.731298656243716
-0.896693523383765	-1.25567504611748	-1.00098078381842	-0.725196753611183
-0.889598483518097	-1.26765382220505	-0.993418002929101	-0.728990789812805
-0.882503443652428	-1.25766435477775	-0.983259785054832	-0.70383250994235
-0.87540840378676	-1.23794445960153	-0.977720807573888	-0.724604587058241
-0.868313363921092	-1.22833402582029	-0.972251132217113	-0.708864019542378
-0.861218324055423	-1.2342463868902	-0.973256729209163	-0.698911361761268
-0.854123284189755	-1.23564840381514	-0.95877166285981	-0.687511567075427
-0.847028244324087	-1.2176158077566	-0.951087646241805	-0.706111211147843
-0.839933204458418	-1.22619360283103	-0.949931010580562	-0.672761485667854
-0.83283816459275	-1.21462672808608	-0.942300260187804	-0.67246443455773
-0.825743124727081	-1.19664868221864	-0.94033827694154	-0.665788375654547
-0.818648084861413	-1.20338976753542	-0.92784981050216	-0.660770382986218
-0.811553044995745	-1.19210556437189	-0.927285196260901	-0.664825050107651
-0.804458005130076	-1.18806153652618	-0.919124366536277	-0.653937960679631
-0.797362965264408	-1.1797053611469	-0.915550430909383	-0.6335914096724
-0.79026792539874	-1.17195084188962	-0.910937731957673	-0.648505872050665
-0.783172885533071	-1.18056694936645	-0.900733419163239	-0.625473859907095
-0.776077845667403	-1.15764195452338	-0.888641185265358	-0.617085267127053
-0.768982805801735	-1.14811882731634	-0.885443902864947	-0.605554298117411
-0.761887765936066	-1.13985121630485	-0.880265925866942	-0.619257635400754
-0.754792726070398	-1.13904868806986	-0.884385539725685	-0.607020174436527
-0.747697686204729	-1.13526037311928	-0.868937687294536	-0.592033159700465
-0.740602646339061	-1.11511260206981	-0.870356716577419	-0.607477840339225
-0.733507606473393	-1.10584136234332	-0.860472152975787	-0.579501066938937
-0.726412566607724	-1.13154697192701	-0.848321282947286	-0.592223126114028
-0.719317526742056	-1.10844033702525	-0.84681582358899	-0.573614774509102
-0.712222486876387	-1.10912634413579	-0.836963561884575	-0.572027949651471
-0.705127447010719	-1.09084413192199	-0.835127352719933	-0.557192299975491
-0.69803240714505	-1.09606954191292	-0.829758191500497	-0.569300814015697
-0.690937367279382	-1.07598529600102	-0.821597568928966	-0.553083967517913
-0.683842327413714	-1.07286654345938	-0.806554314741721	-0.560684582258222
-0.676747287548046	-1.07314017681107	-0.803645042866923	-0.550253067216341
-0.669652247682377	-1.06903581121771	-0.797555588226178	-0.538051817485229
-0.662557207816709	-1.06457933467345	-0.796631484559412	-0.524537286223784
-0.65546216795104	-1.05955303007283	-0.788309535903613	-0.507852158416882
-0.648367128085372	-1.05436243037681	-0.782935987336934	-0.513831683823023
-0.641272088219704	-1.04057628829892	-0.773603921363428	-0.5141980273517
-0.634177048354035	-1.02942687138441	-0.773175840748912	-0.501833762396351
-0.627082008488367	-1.03097062405164	-0.763534477634635	-0.493331753405327
-0.619986968622698	-1.01130004609119	-0.763536433721185	-0.506113215642512
-0.61289192875703	-1.01099833487827	-0.745702679492311	-0.489995418951848
-0.605796888891362	-1.01025482205232	-0.744749508480713	-0.489886480639137
-0.598701849025693	-1.00032558867263	-0.731825719931805	-0.472164927621415
-0.591606809160025	-1.00355837490946	-0.740113616389094	-0.477029626547672
-0.584511769294357	-0.995537144387797	-0.725791650848747	-0.468064571004179
-0.577416729428688	-0.986252886723705	-0.721072580431442	-0.455952187527304
-0.57032168956302	-0.96549686774689	-0.711431788840938	-0.450823211144625
-0.563226649697351	-0.951183381869586	-0.705634642284129	-0.44302571612366
-0.556131609831683	-0.962660962905057	-0.699892838560442	-0.436984593440262
-0.549036569966015	-0.97418386024805	-0.694659864479115	-0.429904776521162
-0.541941530100346	-0.959397174347512	-0.685542117821521	-0.419150621724889
-0.534846490234678	-0.935595407735255	-0.677239303474321	-0.410893102482078
-0.52775145036901	-0.940089653824938	-0.678415731223	-0.412003602820151
-0.520656410503341	-0.934812173459008	-0.663795007781383	-0.406886007205822
-0.513561370637673	-0.919102779768522	-0.654981400206152	-0.413066149392958
-0.506466330772005	-0.913231074068679	-0.658140500240408	-0.407775775051422
-0.499371290906336	-0.91593568113585	-0.648137858163414	-0.387512871144538
-0.492276251040668	-0.907616971555253	-0.641701060473136	-0.384263746861684
-0.485181211174999	-0.902419290044608	-0.64268521060481	-0.373181577489549
-0.478086171309331	-0.901999852105723	-0.631851982880899	-0.369669305531795
-0.470991131443663	-0.888464256837984	-0.623561377663169	-0.370786833113587
-0.463896091577994	-0.887793303162481	-0.621573852546848	-0.356354566695117
-0.456801051712326	-0.870246778892994	-0.617554456486061	-0.342791193212256
-0.449706011846657	-0.868508886259687	-0.604817932441688	-0.344123113781486
-0.442610971980989	-0.871933073177377	-0.596337365837519	-0.337445246853797
-0.435515932115321	-0.87317539240701	-0.603177959138034	-0.320509622105845
-0.428420892249652	-0.859934482946682	-0.595173562150082	-0.325560653705683
-0.421325852383984	-0.855705550840507	-0.58551747684897	-0.308900198019698
-0.414230812518316	-0.838674046453723	-0.573989081707805	-0.314204247694556
-0.407135772652647	-0.839004878974655	-0.568692031790525	-0.315307863768496
-0.400040732786979	-0.832251669507186	-0.570592760786286	-0.306455243227426
-0.39294569292131	-0.816726735607011	-0.558770383371695	-0.302278261489118
-0.385850653055642	-0.812198166625728	-0.552553102641104	-0.286561771823596
-0.378755613189974	-0.805085236776426	-0.541903883281779	-0.291818561486524
-0.371660573324305	-0.790052989090281	-0.538240614946432	-0.289414345777883
-0.364565533458637	-0.79273506046362	-0.5332463567515	-0.268310561494684
-0.357470493592969	-0.779304889499924	-0.521392773565685	-0.254372123469505
-0.3503754537273	-0.775045167816047	-0.522565595034113	-0.264526694931042
-0.343280413861632	-0.762964580772739	-0.512012264506047	-0.262914489832314
-0.336185373995963	-0.764623285495192	-0.510707660928102	-0.246973885919466
-0.329090334130295	-0.777937186419065	-0.502121322690685	-0.239542369956117
-0.321995294264627	-0.756523801788024	-0.491215951306232	-0.248541750808624
-0.314900254398958	-0.755385449814448	-0.485269467814272	-0.231574733362335
-0.30780521453329	-0.730516770725842	-0.481790192492769	-0.222801400247186
-0.300710174667622	-0.727686104759673	-0.484395838623428	-0.215714737194462
-0.293615134801953	-0.746676537909405	-0.475033193044715	-0.198738895688975
-0.286520094936285	-0.713179304989436	-0.46208857424954	-0.200410643274226
-0.279425055070617	-0.726680957789765	-0.460993196818899	-0.198792962499181
-0.272330015204948	-0.7064062290094	-0.455126958215263	-0.195523072467263
-0.26523497533928	-0.708358242916753	-0.447596573885108	-0.193751591469249
-0.258139935473611	-0.704103224205522	-0.445418988067199	-0.169896888321105
-0.251044895607943	-0.702186706359202	-0.430704910351834	-0.181823221011076
-0.243949855742275	-0.689843893435416	-0.427288652173539	-0.166180577234602
-0.236854815876606	-0.679002775409816	-0.417996942980695	-0.16143866793737
-0.229759776010938	-0.673929078154437	-0.420169385520052	-0.165938474818116
-0.222664736145269	-0.667735760014959	-0.401750902623577	-0.143019844781512
-0.215569696279601	-0.667765866871925	-0.400269888269604	-0.141011885752289
-0.208474656413933	-0.650630186057519	-0.394908063332477	-0.140002730553012
-0.201379616548264	-0.660084561046205	-0.385414636520924	-0.128183389186896
-0.194284576682596	-0.662724469556447	-0.384774113779337	-0.138508335017888
-0.187189536816928	-0.625930572033247	-0.371264593418004	-0.116289124262083
-0.180094496951259	-0.62518441430615	-0.371590659907857	-0.112468902273264
-0.172999457085591	-0.633628607853516	-0.367446913894628	-0.11163231614263
-0.165904417219922	-0.623323000920026	-0.361814440222835	-0.0917536220231036
-0.158809377354254	-0.609368211602373	-0.358682458502376	-0.093579925977936
-0.151714337488586	-0.615200888281356	-0.338152509844959	-0.06715977329689
-0.144619297622917	-0.596766181422365	-0.335428269081802	-0.0666956074987279
-0.137524257757249	-0.61611926960283	-0.333129671973063	-0.0782105938644809
-0.13042921789158	-0.598611092933189	-0.3233806794917	-0.0696915863059379
-0.123334178025912	-0.585874665818269	-0.327314561855729	-0.0644420169500678
-0.116239138160244	-0.57637244597199	-0.320581986375737	-0.0604707294347796
-0.109144098294575	-0.567182940670742	-0.311219137473889	-0.0398163328031
-0.102049058428907	-0.568432788999107	-0.307141977414339	-0.0418337684111211
-0.0949540185632387	-0.568548207486934	-0.301664167676148	-0.0313373222641614
-0.0878589786975703	-0.528798371390102	-0.286659407365392	-0.0252259556876567
-0.0807639388319019	-0.556169743700564	-0.286900497644634	-0.0320961653334258
-0.0736688989662335	-0.533723244845703	-0.275955807787162	-0.0307965564974299
-0.0665738591005651	-0.537423171389411	-0.265119638507657	-0.017590268665581
-0.0594788192348967	-0.528696910629774	-0.263300410256109	-0.00159039712850415
-0.0523837793692283	-0.51066758646007	-0.261868931025546	-0.00511467428409625
-0.0452887395035599	-0.520857189544733	-0.253397426645546	0.00559493110825482
-0.0381936996378915	-0.520471515914877	-0.252649759397653	0.00186008433537397
-0.0310986597722234	-0.502000481435572	-0.235412731093434	0.0279365808479183
-0.024003619906555	-0.49684322169741	-0.231320142540222	0.0343659211732359
-0.0169085800408866	-0.481984401804783	-0.22668012383723	0.0408694841360957
-0.00981354017521818	-0.479938086772214	-0.223052018196307	0.0417434360934231
-0.00271850030954979	-0.485524729748382	-0.214308295623765	0.0454734430730299
0.00437653955611861	-0.472826668388539	-0.205481791212323	0.0513736662206001
0.011471579421787	-0.456581579968863	-0.201780627977858	0.0550307395052026
0.0185666192874554	-0.446125783071913	-0.195246455452972	0.0673116889719917
0.0256616591531238	-0.449238818452999	-0.181487226942219	0.0556977006394592
0.0327566990187922	-0.453048469780889	-0.188782207523854	0.0798177527419554
0.0398517388844606	-0.445479752054925	-0.179532690567465	0.0879952155726008
0.046946778750129	-0.430040815455287	-0.171512304373121	0.0794228856506888
0.0540418186157972	-0.429242557246606	-0.165102883411136	0.103851110745296
0.0611368584814656	-0.421651237287123	-0.160414411802616	0.100847691739052
0.068231898347134	-0.402100388394956	-0.146970818052515	0.122141848085834
0.0753269382128023	-0.404274429797173	-0.145977296966142	0.107155485983818
0.0824219780784707	-0.39964983454473	-0.139086164232562	0.123263246820895
0.0895170179441391	-0.398979834265382	-0.136354871710179	0.131222190150446
0.0966120578098075	-0.380183323604017	-0.125944713612675	0.135705469594648
0.103707097675476	-0.384958699593068	-0.124346738785935	0.136697347220213
0.110802137541144	-0.374599192460823	-0.116787461693843	0.157305249020874
0.117897177406812	-0.348378490831517	-0.107855341550039	0.157216865570713
0.124992217272481	-0.364570940810806	-0.102628775304211	0.161376682129392
0.132087257138149	-0.356031949238954	-0.093006630026973	0.155768595573143
0.139182297003818	-0.361053996926775	-0.0850040011966116	0.178267889177396
0.146277336869486	-0.359282878737554	-0.0819961004659313	0.175869328676203
0.153372376735155	-0.34833139469783	-0.0785446586011602	0.1832951635129
0.160467416600823	-0.332766012346784	-0.0685400178423737	0.189368790558666
0.167562456466491	-0.319980427359358	-0.0671399236721908	0.193317265222163
0.17465749633216	-0.309229161822093	-0.0643052339059412	0.196979079238982
0.181752536197828	-0.313092509985843	-0.0528240764371814	0.19015414499063
0.188847576063496	-0.3050818654498	-0.0513274026372152	0.19808204498948
0.195942615929165	-0.293922202291864	-0.0334297957815393	0.209593944200702
0.203037655794833	-0.298166680634952	-0.0345003881121184	0.238683835895787
0.210132695660501	-0.290537886854661	-0.0297535966298772	0.217718817474244
0.21722773552617	-0.285913998934173	-0.0238407673042998	0.228098309275031
0.224322775391838	-0.266073451325343	-0.0191015494705308	0.230473886548191
0.231417815257507	-0.240559699931396	-0.00646731183667928	0.256198715364376
0.238512855123175	-0.253450454862688	-0.000623916978965378	0.269279644145256
0.245607894988844	-0.268852866799237	0.00386777868627817	0.271170184498646
0.252702934854512	-0.25464294913726	0.00836336474949926	0.276310402001971
0.25979797472018	-0.243246829843781	0.00725130852300924	0.274443620176517
0.266893014585849	-0.236183055629718	0.0187213682291441	0.275897867421728
0.273988054451517	-0.247728926358705	0.0218144934002052	0.282027294280421
0.281083094317185	-0.228506693735897	0.0338949756470293	0.301225366861875
0.288178134182854	-0.237163865014573	0.038415981487211	0.283596599365769
0.295273174048522	-0.211587594176065	0.0480863502209022	0.300275688947196
0.30236821391419	-0.208485005511816	0.0507022330146637	0.31206909226981
0.309463253779859	-0.205190936355531	0.0520971400228859	0.298114713442759
0.316558293645527	-0.196971836877294	0.0789981425514992	0.331345238678405
0.323653333511196	-0.1896471579602	0.0705451735298503	0.331716321566238
0.330748373376864	-0.184761679555385	0.0818401239198561	0.344024703960407
0.337843413242533	-0.164708547985717	0.088294557814451	0.341982591633708
0.344938453108201	-0.160704335491771	0.0922357474771768	0.334064824344919
0.352033492973869	-0.165105684905796	0.0988426059346822	0.346582354476659
0.359128532839537	-0.151398867320937	0.0988268087962547	0.372781323883384
0.366223572705206	-0.151772745072914	0.109197529470682	0.360984602464073
0.373318612570874	-0.144006891046569	0.113382348968234	0.367322681243939
0.380413652436542	-0.140695764484785	0.117205534696389	0.3842866147489
0.387508692302211	-0.132345572853322	0.127852314465095	0.392547256693614
0.394603732167879	-0.141526116262438	0.13028376133787	0.387844383706305
0.401698772033548	-0.132181291967781	0.129725519277874	0.398616979122804
0.408793811899216	-0.108854063224901	0.152192429237078	0.417097238497444
0.415888851764885	-0.111379008202136	0.152178045598311	0.414208901155688
0.422983891630553	-0.100114656402047	0.157189764957118	0.414233153800538
0.430078931496221	-0.0942725409948509	0.163689073914962	0.424001336226693
0.43717397136189	-0.0862023442787174	0.17168817921692	0.429125493778494
0.444269011227558	-0.0891513383117355	0.173961027614926	0.430787357694246
0.451364051093226	-0.0468298618666004	0.186207780442992	0.444702383948344
0.458459090958895	-0.0544320584765192	0.193107246211557	0.453487969643841
0.465554130824563	-0.0642074092651161	0.197649220767477	0.461248901135631
0.472649170690231	-0.0491108004205431	0.204056623461631	0.466226523079203
0.4797442105559	-0.0394706872316949	0.206534608890247	0.471505756972803
0.486839250421568	-0.0533762187724082	0.220198585572855	0.470249587192738
0.493934290287237	-0.0387862118854611	0.220144139564633	0.482225448712859
0.501029330152905	-0.0282328912327471	0.226943734685615	0.487063089022432
0.508124370018573	-0.0262499109129399	0.227939359384939	0.501315718332431
0.515219409884242	-0.022210231486642	0.242576424552053	0.509471443675889
0.52231444974991	-0.0156373628293215	0.248569817112467	0.510753931828603
0.529409489615579	-0.00803104092771919	0.255133570910615	0.501682685019156
0.536504529481247	-0.00174814963598038	0.265025231838382	0.528843394519061
0.543599569346915	0.01433340329351	0.260840295738857	0.523190247392161
0.550694609212584	0.0171842705185171	0.266862333795743	0.517185733324207
0.557789649078252	0.0105908425073158	0.274054251379518	0.539644785452104
0.56488468894392	0.0128615097760038	0.282572261095576	0.536877608255862
0.571979728809589	0.0338019617948003	0.285596342346063	0.548807391734087
0.579074768675257	0.0221226833996851	0.289827589530252	0.546423369862448
0.586169808540926	0.0428899344391809	0.303754356789053	0.557034485651803
0.593264848406594	0.065491928968338	0.313380470291471	0.565021214343157
0.600359888272262	0.0536059074342872	0.313575159460108	0.585799303773097
0.607454928137931	0.0582329685961207	0.311313242992056	0.56870087958355
0.614549968003599	0.0646975241680436	0.323889623381634	0.592004397452883
0.621645007869267	0.0840050579162466	0.335227863402358	0.590774762513965
0.628740047734936	0.083736197013551	0.335031150336089	0.60300994438989
0.635835087600604	0.0812894672850283	0.349148747486662	0.602726377102268
0.642930127466272	0.101828665918379	0.347182371820567	0.59856978536974
0.650025167331941	0.116739171814467	0.35711687236599	0.622288516954647
0.657120207197609	0.11193912533188	0.359916437823072	0.626606775337965
0.664215247063278	0.111001040501035	0.369448164060603	0.611745962265883
0.671310286928946	0.121778120540823	0.374956676400549	0.645483734160957
0.678405326794614	0.129554627222125	0.385083239238977	0.63378438810148
0.685500366660283	0.128296573314137	0.388363772034417	0.644907639567146
0.692595406525951	0.134179399674862	0.393597739645676	0.648705773660635
0.69969044639162	0.150225805013889	0.40396459452952	0.675927064366615
0.706785486257288	0.141266912408942	0.409525678883547	0.654283100894837
0.713880526122956	0.156238867785031	0.416173124225745	0.66490497769501
0.720975565988625	0.165674939034843	0.422366565994744	0.669754106363072
0.728070605854293	0.168692781082398	0.420156367984952	0.669920679414817
0.735165645719961	0.177208793639318	0.442827996360952	0.693278562998771
0.74226068558563	0.194533711080251	0.436779890482789	0.701970427447293
0.749355725451298	0.186337234848238	0.444313434113678	0.678775967235443
0.756450765316966	0.207088081973228	0.453362763854787	0.699595684495468
0.763545805182635	0.188515955739999	0.451782669475332	0.702212525284606
0.770640845048303	0.204952448996907	0.465416872258274	0.719200116537138
0.777735884913972	0.199380561744131	0.463700466996773	0.719744199420783
0.78483092477964	0.215499487208419	0.473618018838998	0.721919382738615
0.791925964645309	0.212440855960754	0.488423136262635	0.738816744813029
0.799021004510977	0.233700222808941	0.488416634192516	0.733857032667194
0.806116044376645	0.24041994845825	0.490074841161451	0.753698266776638
0.813211084242313	0.24131134883219	0.502297811407445	0.759163135793698
0.820306124107982	0.243316072773811	0.505489277422562	0.774580972144074
0.82740116397365	0.262286508215057	0.513976220466008	0.771296383128778
0.834496203839319	0.267440483256637	0.518079116720251	0.769852670081509
0.841591243704987	0.256866452918173	0.523601159692282	0.780068476729629
0.848686283570655	0.256827557610446	0.52558704848611	0.784701731058041
0.855781323436324	0.285953794297397	0.543416298225016	0.806783870723279
0.862876363301992	0.297325848133534	0.538624179250308	0.802916404046962
0.869971403167661	0.285996550032814	0.558730953796017	0.813115431774914
0.877066443033329	0.313027176351572	0.558999353540793	0.820389554272434
0.884161482898997	0.309420923850412	0.564571518922842	0.820528005307714
0.891256522764666	0.311019010868578	0.570713236649067	0.821402837700725
0.898351562630334	0.312710510157876	0.582660887105081	0.835688722388396
0.905446602496002	0.326381237478178	0.582469414003425	0.836859646016005
0.912541642361671	0.330133292306504	0.589446833035261	0.844350700810983
0.919636682227339	0.334120027875083	0.584634273809918	0.864636369947574
0.926731722093007	0.355124829189302	0.600158090140188	0.849376947252524
0.933826761958676	0.350568507101824	0.607833810020141	0.863986884442755
0.940921801824344	0.354954840195409	0.618326794573283	0.862345154776642
0.948016841690013	0.37303547208097	0.626526828248755	0.875292578559008
0.955111881555681	0.368341457513405	0.621472102532083	0.883198936653842
0.96220692142135	0.374513509388061	0.631285253034073	0.889011697775956
0.969301961287018	0.381669276868431	0.642178153566917	0.897504537843281
0.976397001152686	0.379839691632004	0.640401246312345	0.895999798330512
0.983492041018355	0.39361009575891	0.653444517427249	0.899155563724155
0.990587080884023	0.392395637454396	0.652344922452065	0.910262790725391
0.997682120749691	0.40252551893109	0.659495156045331	0.917601085311052
1.00477716061536	0.410459986418782	0.670435426721341	0.92901782107889
1.01187220048103	0.415943349346485	0.677054557738606	0.941848393301958
1.0189672403467	0.440230616097887	0.681008758365342	0.94063672204781
1.02606228021236	0.435872901531625	0.689075025868045	0.94291806055733
1.03315732007803	0.429366702351051	0.688441197251726	0.945127841159953
1.0402523599437	0.438611033914898	0.699274279097286	0.957169560228436
1.04734739980937	0.471596179129845	0.712995910562246	0.973989063693516
1.05444243967504	0.45300012990239	0.711261653954543	0.960149717923671
1.06153747954071	0.458778422745124	0.719009004829363	0.971067510747318
1.06863251940638	0.477440947904956	0.721365570318381	0.968724145922164
1.07572755927204	0.471994419866501	0.733639732920078	0.994717245885375
1.08282259913771	0.464941635427371	0.741222356121769	0.987476975965743
1.08991763900338	0.484295237001326	0.741123788306157	1.00309387175985
1.09701267886905	0.500583430197361	0.751858864435159	1.01087802082898
1.10410771873472	0.495057337452151	0.753929743600062	1.00624755843501
1.11120275860039	0.500305272573417	0.764879968161481	1.01426443430569
1.11829779846605	0.519268296302441	0.772304992023431	1.0259358697762
1.12539283833172	0.51300688861871	0.779463668986583	1.03471701422009
1.13248787819739	0.526795575472596	0.783520414022566	1.04584045792811
1.13958291806306	0.531596920350044	0.782946675332762	1.03612818883444
1.14667795792873	0.535333797479613	0.790112365891876	1.04867820334573
1.1537729977944	0.545461980872789	0.803712603798543	1.061685720437
1.16086803766006	0.528919790463338	0.802642804959227	1.0625669608596
1.16796307752573	0.558420664870314	0.813865672807271	1.04985887131578
1.1750581173914	0.560643840529355	0.812246563322745	1.06355075995912
1.18215315725707	0.561769794786122	0.813238527681299	1.06214107338538
1.18924819712274	0.578375368735493	0.834548419756402	1.08642023010488
1.19634323698841	0.578243899206356	0.83769353454001	1.09310515818718
1.20343827685407	0.592845049956833	0.841021033645247	1.10128635519222
1.21053331671974	0.600421154712922	0.848679675212979	1.10561047578092
1.21762835658541	0.609978263143283	0.856143626844929	1.10400719755626
1.22472339645108	0.589806795850358	0.854762486459901	1.13443165607391
1.23181843631675	0.603844716509803	0.870804602356852	1.12457610966192
1.23891347618242	0.619689113976439	0.871826939187489	1.12406661215962
1.24600851604808	0.612151949656474	0.874771272840507	1.14690159704274
1.25310355591375	0.638062972734065	0.892147223248301	1.14244317385512
1.26019859577942	0.64002599006867	0.88853017793308	1.16973821968484
1.26729363564509	0.640012615906537	0.897432332606448	1.13943934249474
1.27438867551076	0.640358244643467	0.904261792165605	1.17476482686497
1.28148371537643	0.664300225162533	0.915693652409805	1.16877530598714
1.28857875524209	0.666897203336106	0.92174020960622	1.16360698248519
1.29567379510776	0.678231402525934	0.919889613131475	1.18051716786925
1.30276883497343	0.668716941767567	0.932402475880394	1.17202031738027
1.3098638748391	0.685491276822937	0.94480320192625	1.20564253215618
1.31695891470477	0.686098923453092	0.944356105585076	1.18242539992633
1.32405395457044	0.697995949939724	0.946716193836985	1.21732816646663
1.3311489944361	0.706007380412853	0.951550970314886	1.19394253851217
1.33824403430177	0.71452498208988	0.96562133598235	1.21310809719315
1.34533907416744	0.727646388235331	0.964761987821199	1.2164519531443
1.35243411403311	0.712307222306391	0.971732670118402	1.21088900348982
1.35952915389878	0.716299286005422	0.982170386882571	1.24122183938272
1.36662419376445	0.734894088895252	0.989738838249501	1.24335759694589
1.37371923363012	0.747945776937361	0.988229876521992	1.24257188033238
1.38081427349578	0.741490364316377	0.992569044939154	1.25275001322932
1.38790931336145	0.740878948628288	1.00510027717195	1.27678647798199
1.39500435322712	0.751950478327362	1.007185216617	1.26204240690942
1.40209939309279	0.773709789215032	1.01294349340285	1.26708706577467
1.40919443295846	0.782382619190304	1.0225315451801	1.282329148301
1.41628947282413	0.765515553539573	1.03032602964462	1.29258095028418
1.42338451268979	0.771281412892426	1.03482009448529	1.28578727018023
1.43047955255546	0.788263617347557	1.04245939763469	1.2967885468698
1.43757459242113	0.788708063130154	1.04513553099896	1.30124013226271
1.4446696322868	0.792301738840833	1.05657186679049	1.29722748551084
1.45176467215247	0.806427997366479	1.06440942950727	1.32180456583854
1.45885971201814	0.816715004270982	1.06790485932438	1.32222458766254
1.4659547518838	0.813242378932862	1.07562962855999	1.32923321447378
1.47304979174947	0.821894053568857	1.0818248472228	1.35392266323661
1.48014483161514	0.820066065459977	1.0899138463642	1.34761257465076
1.48723987148081	0.838881144305509	1.09674750097289	1.35531680442446
1.49433491134648	0.839571927565917	1.09022493129547	1.3467804557916
1.50142995121215	0.862270118791923	1.11010202118175	1.3605103988364
1.50852499107781	0.851378148053938	1.10816501770995	1.36525482873026
1.51562003094348	0.847216486810888	1.11695340874794	1.38101741690932
1.52271507080915	0.880995265623275	1.12130265258465	1.38689669039388
1.52981011067482	0.878744137725082	1.12966929555155	1.39449308577746
1.53690515054049	0.884551467521877	1.13084908095629	1.39737621537596
1.54400019040616	0.883350843103638	1.14428704559298	1.39330417098061
1.55109523027182	0.900522182518875	1.14904957125039	1.40491403325355
1.55819027013749	0.900764593142456	1.15896696497901	1.41632978062946
1.56528531000316	0.908938988713415	1.15892577280489	1.40238910038418
1.57238034986883	0.914266846949002	1.16601935884382	1.43001063150493
1.5794753897345	0.920080589789375	1.17895246333477	1.41422280943164
1.58657042960017	0.921272140570541	1.17483591532241	1.43844820219405
1.59366546946583	0.934729975688157	1.18509337436614	1.45668927721863
1.6007605093315	0.936176996121529	1.19808471137475	1.44828917149275
1.60785554919717	0.952869244266139	1.20185094091425	1.45764722286345
1.61495058906284	0.95667628048683	1.21069398372492	1.45998722407796
1.62204562892851	0.954276161741384	1.21342544863787	1.47814567405977
1.62914066879418	0.9656693234103	1.21386933674827	1.48794437183115
1.63623570865985	0.968341796383825	1.22447854265446	1.48183461510828
1.64333074852551	0.977885148941801	1.23402450811558	1.49342889453105
1.65042578839118	0.966375396747323	1.23010663517201	1.49929654797553
1.65752082825685	0.984219117500496	1.24048706366568	1.49518364004197
1.66461586812252	0.975887398304164	1.24974885912753	1.49617308474081
1.67171090798819	1.00324871802919	1.25139560200603	1.49950593842804
1.67880594785386	1.01425180958639	1.26086334711747	1.51744332783921
1.68590098771952	1.01583734777394	1.26590147320302	1.5284240010484
1.69299602758519	1.01818511054642	1.27813784810592	1.5362837961194
1.70009106745086	1.02451110439883	1.27869392642085	1.54592184978939
1.70718610731653	1.02365146232504	1.28869480874659	1.54151459447056
1.7142811471822	1.04825900439383	1.29741980647172	1.55786224644158
1.72137618704787	1.03982569692467	1.30070114107058	1.56029877975932
1.72847122691353	1.04771480096294	1.30058486431481	1.56063562599247
1.7355662667792	1.0452029415046	1.30993217244063	1.55454578839529
1.74266130664487	1.0576940174242	1.31790348807671	1.57441395552794
1.74975634651054	1.07024639848103	1.32567329064027	1.57886186008256
1.75685138637621	1.06589619531434	1.32188750684801	1.56380193820943
1.76394642624188	1.09125622274736	1.34189628130718	1.59761308472882
1.77104146610754	1.07797100492229	1.33903180145379	1.60211882369088
1.77813650597321	1.10055976832848	1.3478251012894	1.61171385068731
1.78523154583888	1.08730086689385	1.35658530586079	1.60421676728908
1.79232658570455	1.10510758739193	1.36310012370399	1.62900160212878
1.79942162557022	1.1134293715808	1.37226702853473	1.62244293036499
1.80651666543589	1.10725984686059	1.37258768923324	1.62682423197592
1.81361170530155	1.11939877314376	1.38048705120762	1.62489882774545
1.82070674516722	1.134998228095	1.38462067918734	1.64703212229174
1.82780178503289	1.13910981232169	1.39058122393827	1.64335097601733
1.83489682489856	1.13755264805532	1.3955444356671	1.66263518419584
1.84199186476423	1.13024924365819	1.39994857618995	1.65524586981756
1.8490869046299	1.16522819534121	1.41210742008628	1.67237368853475
1.85618194449556	1.15083461865083	1.42236622644353	1.68830142888967
1.86327698436123	1.16653060343018	1.42518713184307	1.67364905391773
1.8703720242269	1.17901722337719	1.43389149927168	1.68184431212205
1.87746706409257	1.19586651078898	1.43716755040389	1.69194794423563
1.88456210395824	1.18752109231443	1.43604681737466	1.68631781212596
1.89165714382391	1.18286993585839	1.43979174569716	1.69528136078515
1.89875218368958	1.18822078356743	1.4559306683335	1.71653392452733
1.90584722355524	1.21506441550461	1.46322940923039	1.72064048465582
1.91294226342091	1.20859573225171	1.46249990605897	1.71576545738904
1.92003730328658	1.2282180364649	1.47548524051361	1.75121387763789
1.92713234315225	1.21232139501178	1.4740933454598	1.73496360927996
1.93422738301792	1.24184703757769	1.48929593140048	1.75410737863702
1.94132242288359	1.23082556031223	1.49723925131767	1.73807294323874
1.94841746274925	1.23119574616496	1.49570739253976	1.7498141200675
1.95551250261492	1.23643131365944	1.50322564893082	1.7604632978622
1.96260754248059	1.26005645282656	1.51351158287776	1.76077761202567
1.96970258234626	1.26629569797042	1.51666058713911	1.77215715996986
1.97679762221193	1.27070396769987	1.52631058928008	1.77293540604229
1.9838926620776	1.26133071521123	1.53557024672162	1.78306091044167
1.99098770194326	1.27740869618941	1.53339812960833	1.81162817519314
1.99808274180893	1.2875532573925	1.53233998057827	1.78617769175607
2.0051777816746	1.28401542885088	1.54803725762948	1.8111136140714
2.01227282154027	1.30471088638044	1.55485691270493	1.80447477405887
2.01936786140594	1.31203484436372	1.56243818011206	1.82108442335596
2.02646290127161	1.31279495929337	1.56604089098904	1.82195166819509
2.03355794113727	1.32878507524161	1.58066425727619	1.84461797529444
2.04065298100294	1.3292090760908	1.58235806026661	1.83139528869438
2.04774802086861	1.31861351227031	1.58334544134688	1.83955049035624
2.05484306073428	1.3327552314276	1.59023310021853	1.85360093445598
2.06193810059995	1.33943948621022	1.59525388874793	1.85226339974052
2.06903314046562	1.34750552638285	1.60855517560435	1.86964463206715
2.07612818033128	1.342451133308	1.61239622263221	1.87182635174465
2.08322322019695	1.36155055359884	1.62235040912264	1.88050043636932
2.09031826006262	1.36223250105259	1.62255154240305	1.88109573250673
2.09741329992829	1.36685634161429	1.62556515343616	1.88080544192828
2.10450833979396	1.38940433430957	1.6348933753445	1.88660144697162
2.11160337965963	1.38342882433008	1.6414657501524	1.91056120513939
2.1186984195253	1.38564724321703	1.64694222393109	1.90793878041014
2.12579345939096	1.38753073871662	1.65082243129967	1.91055951521363
2.13288849925663	1.40316287106476	1.66356013810324	1.90465887444858
2.1399835391223	1.40593145646295	1.66483916261514	1.90130734095814
2.14707857898797	1.41984849262474	1.67254926620448	1.91110420110945
2.15417361885364	1.41794937118443	1.66998593391936	1.9400024896078
2.1612686587193	1.43502396654683	1.68331351924545	1.94740554845439
2.16836369858497	1.43127623415135	1.68920965896047	1.95277342942502
2.17545873845064	1.43538366746429	1.70176262568347	1.96777968910675
2.18255377831631	1.45363276240868	1.70599411900034	1.96261797899946
2.18964881818198	1.44943983658696	1.71086230286808	1.97263597140748
2.19674385804765	1.46393187691246	1.71066174278001	1.96724666292495
2.20383889791331	1.46534832781521	1.71983969784845	1.96421789910504
2.21093393777898	1.47168997379398	1.72854753188788	1.96793762762837
2.21802897764465	1.48373121565843	1.73182882268055	1.97723927867119
2.22512401751032	1.4842293238875	1.74081738778237	1.99583137938647
2.23221905737599	1.48749668910952	1.74293806905945	2.00148562535078
2.23931409724166	1.49029957459599	1.75042797649797	2.01934952390584
2.24640913710733	1.50212142389584	1.76071325310052	2.02154316443371
2.25350417697299	1.50602268660874	1.76405925805622	2.03269031264175
2.26059921683866	1.50613932314226	1.76873096371221	2.02832151627476
2.26769425670433	1.50601647534366	1.78062952384766	2.04387373783751
2.27478929657	1.52611252010142	1.78483217337666	2.04636362710041
2.28188433643567	1.54604968304459	1.78511861994521	2.04930558018195
2.28897937630134	1.53411883896006	1.80219538478792	2.06021758475161
2.296074416167	1.53539042587154	1.80750787757365	2.06642688373112
2.30316945603267	1.55925140242276	1.81000221860463	2.06142593054641
2.31026449589834	1.56680856371868	1.81121394485481	2.06492704257441
2.31735953576401	1.56882152641212	1.81786120475904	2.06516300931236
2.32445457562968	1.5693620872153	1.83020727461673	2.08721016334908
2.33154961549535	1.57522684742732	1.82561128802575	2.09141630907619
2.33864465536101	1.57292650606146	1.8441515327024	2.09785676652393
2.34573969522668	1.57344463894591	1.84480611513431	2.09906070414503
2.35283473509235	1.58873161884554	1.84812358159125	2.12408779467594
2.35992977495802	1.59730403230943	1.85472736631312	2.11290257471474
2.36702481482369	1.61441247569242	1.86443187250558	2.13316860412583
2.37411985468936	1.60603852892307	1.87542198222133	2.1407798976226
2.38121489455503	1.61782977314802	1.87629047927609	2.13478243432374
2.38830993442069	1.63050646156382	1.88253273589081	2.13878669132707
2.39540497428636	1.6378139902212	1.8810236945496	2.15528376694437
2.40250001415203	1.62835362159995	1.90074460432698	2.14032821205855
2.4095950540177	1.6463723822338	1.90348470408958	2.16215471050725
2.41669009388337	1.64678179355991	1.90983446997375	2.16374849063356
2.42378513374904	1.65581960893914	1.91633910952879	2.19506651360797
2.4308801736147	1.65019414825162	1.91841851747444	2.18041987729031
2.43797521348037	1.66757055755749	1.92614718995414	2.17772386480932
2.44507025334604	1.66543802450598	1.93396213576134	2.19102190232021
2.45216529321171	1.68876784885185	1.93608355739461	2.18687259360454
2.45926033307738	1.69016768401969	1.94476975670894	2.21535166913073
2.46635537294304	1.70313463510514	1.95513157711293	2.21713973065175
2.47345041280871	1.69585556102159	1.96061521026751	2.21722816093319
2.48054545267438	1.71370654019707	1.96578011595744	2.23058114571765
2.48764049254005	1.71853590378436	1.97000789783556	2.21495610253201
2.49473553240572	1.71188631742237	1.97633454749688	2.23749028927383
2.50183057227139	1.72810843233666	1.9793745684363	2.24004801575124
2.50892561213706	1.73245054076998	1.99470515883295	2.23261436039052
2.51602065200272	1.74808277130358	2.00490314013521	2.25335760493783
2.52311569186839	1.7468700170953	2.00762136797315	2.25911566188798
2.53021073173406	1.74847667177716	2.00830165137738	2.26951367522736
2.53730577159973	1.7532527953099	2.01527531764583	2.27049550129041
2.5444008114654	1.74849709244569	2.01478670525301	2.28131728830277
2.55149585133107	1.75298374508208	2.02470986097264	2.29032382148337
2.55859089119673	1.77872258954332	2.03101355565933	2.29466448512227
2.5656859310624	1.77131447690754	2.04234762516996	2.3044866336221
2.57278097092807	1.78869389382655	2.0475774281001	2.29083133003317
2.57987601079374	1.79206594900017	2.05379395738537	2.31327776737008
2.58697105065941	1.8071171283394	2.05975824161558	2.31205796975735
2.59406609052508	1.81157860394353	2.05897962200083	2.31730798969087
2.60116113039074	1.79921228447383	2.07377269014394	2.34138739114926
2.60825617025641	1.79623808891011	2.07183116061627	2.3253415962895
2.61535121012208	1.83768616091969	2.07911220193441	2.33835696983376
2.62244624998775	1.8182811599619	2.08234913742524	2.34638202828796
2.62954128985342	1.82748023879321	2.09859255419274	2.3446952327645
2.63663632971909	1.83417228729288	2.10835526216266	2.36724445958139
2.64373136958476	1.86806699861429	2.1047226479846	2.36378003354355
2.65082640945042	1.84034549050001	2.11881428971436	2.38012151481921
2.65792144931609	1.86055303332872	2.12495362090473	2.38096512833518
2.66501648918176	1.86603099650986	2.13015939147598	2.38683571252367
2.67211152904743	1.86311627529684	2.1312029189851	2.38808707850876
2.6792065689131	1.88576592434943	2.13980665494379	2.40214422298632
2.68630160877877	1.88192135080288	2.1465892679752	2.39350119940719
2.69339664864443	1.89097180794551	2.15157547952555	2.39753164539323
2.7004916885101	1.89724858306939	2.15254306386714	2.41072508064445
2.70758672837577	1.90339508768554	2.16150905286125	2.43202048486872
2.71468176824144	1.90922456805081	2.17405304546726	2.44014587620964
2.72177680810711	1.92702767026633	2.17514052906982	2.43826021572272
2.72887184797277	1.9320034359044	2.18585779815486	2.42908821742178
2.73596688783844	1.92299286047209	2.1900548125066	2.44118127377482
2.74306192770411	1.93928015968753	2.19527957298068	2.44635053689108
2.75015696756978	1.92562856126112	2.20057847448572	2.46074933802926
2.75725200743545	1.93437818489651	2.19696587942849	2.46478933513887
2.76434704730112	1.94648428854781	2.21549110981864	2.47381082244476
2.77144208716679	1.97322625327845	2.22109623287385	2.48584273005581
2.77853712703245	1.95949139749574	2.22704286402534	2.4833574699911
2.78563216689812	1.98376878349397	2.22995682945755	2.50802202819984
2.79272720676379	1.97484006780409	2.23897758422487	2.50332461775193
2.79982224662946	1.96940405263958	2.24378034111897	2.49859066666649
2.80691728649513	1.98292654971682	2.24791265796234	2.51060600154151
2.8140123263608	2.00466651176598	2.2617447701972	2.52734981554474
2.82110736622646	2.00897789294556	2.2648192244214	2.52044033714727
2.82820240609213	1.99968825865923	2.26720263527806	2.54071038193204
2.8352974459578	2.01870118109171	2.28062696185911	2.53404844360637
2.84239248582347	2.03220549801955	2.287454481443	2.55083999735499
2.84948752568914	2.0261854876619	2.28642319396188	2.54892639759587
2.85658256555481	2.01823875562852	2.29938979415333	2.56412571039113
2.86367760542047	2.04297565285803	2.29956032882526	2.56162616612735
2.87077264528614	2.04508416012273	2.30327598474023	2.57815356739083
2.87786768515181	2.06611490617583	2.31723049883694	2.5599475808542
2.88496272501748	2.05775941057675	2.3195841551055	2.56874546553416
2.89205776488315	2.06054359088716	2.33143780429614	2.59408138435503
2.89915280474882	2.06999966087493	2.33106014691176	2.60339581743112
2.90624784461448	2.07386264092473	2.33718280894007	2.59431073513211
2.91334288448015	2.07458094515536	2.34527791966003	2.61447738722992
2.92043792434582	2.08887179558125	2.34395953551793	2.61415278789956
2.92753296421149	2.10092437468722	2.34988374352575	2.60720587195038
2.93462800407716	2.08400723303889	2.36543071935359	2.63086023569921
2.94172304394283	2.09629290096423	2.37655085330676	2.63179656242362
2.9488180838085	2.1074647790873	2.37190589002963	2.62961855865063
2.95591312367416	2.12597549865882	2.38008587469138	2.63878858124825
2.96300816353983	2.12344326293419	2.38474337210913	2.65197051951654
2.9701032034055	2.13535364965071	2.39126727696524	2.65551044666896
2.97719824327117	2.13396069307592	2.39814532163932	2.65665096583385
2.98429328313684	2.1393435510802	2.40366891745196	2.67188296357518
2.9913883230025	2.15655301442296	2.41372284017918	2.68405284035908
2.99848336286817	2.15174024418736	2.42017917741159	2.68771112601211
3.00557840273384	2.16698716122204	2.42769336219233	2.67991928175687
3.01267344259951	2.17301774389985	2.4306131046153	2.69219670683801
3.01976848246518	2.17838529905407	2.43965122734408	2.69689873224106
3.02686352233085	2.19073123910379	2.44676735903934	2.69904036261318
3.03395856219652	2.17836005166152	2.45312279312187	2.72283059132072
3.04105360206218	2.19560614518162	2.45995272890673	2.71675471783521
3.04814864192785	2.20509470013169	2.46502843929149	2.73932170441925
3.05524368179352	2.20955567519557	2.47212701300014	2.7296157390759
3.06233872165919	2.23907324763245	2.47897174096036	2.74430245770213
3.06943376152486	2.22723042191647	2.47878069132872	2.73309362760113
3.07652880139053	2.21005014016044	2.48709863592342	2.75600095807432
3.08362384125619	2.23413935653733	2.49861734073014	2.75377019931233
3.09071888112186	2.23556076472957	2.50440118918415	2.7715485364212
3.09781392098753	2.25129458753807	2.50872149188933	2.77720799280734
3.1049089608532	2.26130640574301	2.51735139784677	2.77208768581804
3.11200400071887	2.26467376684748	2.52635470733227	2.78790328313886
3.11909904058454	2.27379659264438	2.52200555427403	2.78484019278648
3.1261940804502	2.27766307274278	2.53421184031527	2.78502976764325
3.13328912031587	2.26187894076674	2.5359000642117	2.80052731325524
3.14038416018154	2.27695621987602	2.54325868004504	2.81940844420236
3.14747920004721	2.28812389365456	2.55107766160198	2.82121969721087
3.15457423991288	2.29800918365603	2.55632095235806	2.81943080683993
3.16166927977855	2.30395440200104	2.57429058309177	2.84054641902575
3.16876431964421	2.30643154910262	2.57178462128096	2.83360365131794
3.17585935950988	2.31601489986726	2.57752940562399	2.84105245715261
3.18295439937555	2.32616350355852	2.58476162336692	2.84225352817418
3.19004943924122	2.32068728051821	2.58762023618267	2.83865390139273
3.19714447910689	2.33889991506019	2.59800167125802	2.86495051644822
3.20423951897256	2.34824154370155	2.5959651972421	2.86096217047518
3.21133455883822	2.33553597961809	2.60462758694678	2.86509300074223
3.21842959870389	2.3463211811598	2.6153845511073	2.86882193557065
3.22552463856956	2.37137217382005	2.62309543046784	2.88523083353445
3.23261967843523	2.36422372043748	2.62412066154451	2.88956189154488
3.2397147183009	2.37004186095109	2.64229319307449	2.89293544115715
3.24680975816657	2.38996013443377	2.63552181273722	2.90202358866333
3.25390479803223	2.37133274653781	2.64588489088643	2.90544787355377
3.2609998378979	2.38228038513492	2.65182224125501	2.90255285193524
3.26809487776357	2.39345374757286	2.66110191409446	2.91374002910123
3.27518991762924	2.4027891895121	2.66302365031066	2.93421494835834
3.28228495749491	2.41121202837946	2.67197041901238	2.92931476093214
3.28937999736058	2.40277539884559	2.67243555465615	2.95124458113906
3.29647503722625	2.42077645804332	2.68521371076128	2.94678026737457
3.30357007709191	2.43254499140051	2.68812061391235	2.945157234579
3.31066511695758	2.42862956469953	2.69489036819949	2.9391319906475
3.31776015682325	2.43185840416149	2.70067537464858	2.96525722574677
3.32485519668892	2.44948371338451	2.70438661313432	2.96356324721722
3.33195023655459	2.45085725193505	2.70647840697782	2.98330402655522
3.33904527642026	2.45102561983706	2.71172718476159	2.99204893958233
3.34614031628592	2.4662221416366	2.72810670452861	2.99415005650641
3.35323535615159	2.46428797039209	2.72874792695326	2.99265024551534
3.36033039601726	2.46954367934877	2.73997671994672	3.010315074606
3.36742543588293	2.49484349312236	2.74323895443723	3.01607468095232
3.3745204757486	2.47856641003073	2.75060154585443	3.01618093739684
3.38161551561427	2.5020368681129	2.75333721396239	3.03045345091925
3.38871055547993	2.49609969444186	2.76391348532929	3.01781424469483
3.3958055953456	2.51085583439389	2.7638167909172	3.03196537613641
3.40290063521127	2.5173726787766	2.77469838927047	3.03529133963287
3.40999567507694	2.51360446600595	2.78037975787998	3.04894872111198
3.41709071494261	2.51553679167421	2.78499465468555	3.06128998191976
3.42418575480828	2.52720256253939	2.79248148210387	3.06420832990479
3.43128079467394	2.51818653644498	2.79777701423003	3.05027327267584
3.43837583453961	2.53832317701836	2.80040553160853	3.0697015930277
3.44547087440528	2.54924284655972	2.81279759078598	3.07846684252943
3.45256591427095	2.55386509883611	2.81661312094944	3.08800883015828
3.45966095413662	2.55514870461819	2.82598093968146	3.08600529430246
3.46675599400229	2.57291286049002	2.82948305912812	3.0949855369819
3.47385103386795	2.57972161079406	2.83814750881308	3.11095746627162
3.48094607373362	2.57255453311199	2.8401508204798	3.12028832780513
3.48804111359929	2.58814722406502	2.84794452470116	3.1225134526095
3.49513615346496	2.58556849668827	2.852800206176	3.11305633145084
3.50223119333063	2.6150920372	2.86530541942993	3.1266673099475
3.5093262331963	2.59570369427392	2.8633485541387	3.13734522396939
3.51642127306196	2.60581272540278	2.87809749944899	3.1459988329024
3.52351631292763	2.60533765473056	2.88389183466516	3.14564484262658
3.5306113527933	2.61337748742067	2.88564506252789	3.15308603042539
3.53770639265897	2.61906985038511	2.88764557591089	3.15810023458498
3.54480143252464	2.64063862735647	2.89886218912945	3.16444163865591
3.55189647239031	2.64357908506722	2.9086119364421	3.17879952114306
3.55899151225598	2.64189883299099	2.90910377682426	3.18890387938261
3.56608655212164	2.64685247522481	2.92355160350666	3.18074813202251
3.57318159198731	2.64347381331402	2.92130662464771	3.20417880794669
3.58027663185298	2.66937258268815	2.93268772903686	3.20594560676542
3.58737167171865	2.67032724143141	2.93892757924028	3.21597302808436
3.59446671158432	2.66376791285974	2.93859562948805	3.20683282354307
3.60156175144999	2.69414974027507	2.95017128360527	3.21922043497924
3.60865679131565	2.68573889216006	2.95830997388984	3.22980937418072
3.61575183118132	2.69481005527995	2.96599921022987	3.23457832038478
3.62284687104699	2.70634589091868	2.9667715761054	3.22312001904194
3.62994191091266	2.70798391601638	2.97567749773026	3.23280739426006
3.63703695077833	2.69583149889663	2.96952912210968	3.2392627442538
3.644131990644	2.71357806271562	2.99035798404213	3.26235424850718
3.65122703050966	2.72865631841842	2.99149847964361	3.25330930899025
3.65832207037533	2.74295336846295	3.00171028021612	3.2781237779262
3.665417110241	2.72905368036622	3.00712664236189	3.27298662713266
3.67251215010667	2.7354498640715	3.00967029587164	3.27500418810754
3.67960718997234	2.7515303906349	3.01856231997882	3.29456271194461
3.68670222983801	2.75264125018861	3.02098026153425	3.28301513180737
3.69379726970367	2.75604115764785	3.02692101189925	3.29005717149954
3.70089230956934	2.7749726415296	3.04054102012882	3.30841062993624
3.70798734943501	2.7729823213651	3.03503002932635	3.30646781453238
3.71508238930068	2.7736091863127	3.05479977603363	3.32274633979891
3.72217742916635	2.80419799069923	3.05875756529523	3.32911619422272
3.72927246903202	2.80567601300043	3.06663837705369	3.33096680999357
3.73636750889768	2.79545152095764	3.06756082630103	3.3194883115499
3.74346254876335	2.80989888912731	3.0754122764005	3.32850760218422
3.75055758862902	2.80738913542694	3.07417448576242	3.35000670989899
3.75765262849469	2.81644076996321	3.08827651042153	3.3537944153793
3.76474766836036	2.82826254712348	3.08884413481316	3.34868787235363
3.77184270822603	2.83294968162354	3.09497420076606	3.36936456426505
3.7789377480917	2.84368265811496	3.10336972062574	3.37251898615802
3.78603278795736	2.85314160373284	3.11379878926262	3.3903524569001
3.79312782782303	2.8405923351222	3.11709503130368	3.38555532034421
3.8002228676887	2.86449826902679	3.12528552581018	3.4041726341286
3.80731790755437	2.85904029428038	3.13765867955963	3.40514214619195
3.81441294742004	2.87168279305169	3.13219166107578	3.39813568935821
3.8215079872857	2.86772653908117	3.13450643288617	3.42745580172882
3.82860302715137	2.8728047726655	3.14629720019972	3.41390272179617
3.83569806701704	2.88984738783367	3.15500913759086	3.42812917131169
3.84279310688271	2.87222058370519	3.15953481943038	3.41617625030991
3.84988814674838	2.90078477387675	3.16741842310839	3.43034829417455
3.85698318661405	2.9062154489565	3.1708288942102	3.45433654030127
3.86407822647972	2.90573390292033	3.17663656740916	3.4385986595173
3.87117326634538	2.91265377321426	3.18627467152798	3.45973298053604
3.87826830621105	2.92261403493389	3.19334829971087	3.47311307235573
3.88536334607672	2.92831683903432	3.20525752613467	3.46164499135806
3.89245838594239	2.93766549971646	3.20911058036825	3.47546286083711
3.89955342580806	2.93488187134101	3.22034909761426	3.48196727559462
3.90664846567373	2.95672374717125	3.21593328437632	3.48622831404443
3.91374350553939	2.97182367887825	3.22228458675342	3.49813200189794
3.92083854540506	2.97194689995318	3.22943187538916	3.49567611699524
3.92793358527073	2.968994739361	3.24612514837634	3.50040080264221
3.9350286251364	2.96740911691552	3.23944417171517	3.5194893626805
3.94212366500207	2.96541392036766	3.24727928330828	3.51787909185079
3.94921870486774	2.98074332885789	3.25826804024632	3.52727060109888
3.9563137447334	3.00187908638559	3.25741941016182	3.52819039931081
3.96340878459907	2.99407216541754	3.26565306867417	3.53668076096733
3.97050382446474	3.01273407079245	3.27719747011494	3.53228465827721
3.97759886433041	3.01110047265057	3.2813521115894	3.55029663627937
3.98469390419608	2.99758392951683	3.27745330619616	3.54492432979819
3.99178894406175	3.01907951589889	3.28907439543353	3.56418125808235
3.99888398392741	3.0255674144141	3.29441469695606	3.55951378015573
4.00597902379308	3.03525745006209	3.30148395091407	3.57719916272685
4.01307406365875	3.03156754713611	3.30944655066755	3.57570970784684
4.02016910352442	3.04357392683066	3.31524066508491	3.58224682378562
4.02726414339009	3.04562524717817	3.32281674958913	3.60305570701613
4.03435918325576	3.05366419819223	3.32337796496115	3.60779563531146
4.04145422312143	3.06451251662845	3.33771883098743	3.59178748740825
4.04854926298709	3.07599211469283	3.33773926604916	3.61088965520369
4.05564430285276	3.08824131410165	3.34809105799252	3.62243402563067
4.06273934271843	3.0817904378893	3.35452320851527	3.62236781196397
4.0698343825841	3.07793311901402	3.36076702760077	3.63813624000236
4.07692942244977	3.08204632355021	3.36325862611212	3.65231538234464
4.08402446231544	3.09372611643785	3.37498603401033	3.65106363185157
4.0911195021811	3.10724713150686	3.38095708561764	3.65734771617525
4.09821454204677	3.09819807527795	3.39210650670287	3.6542010334976
4.10530958191244	3.123204253064	3.39545837192182	3.68068949672878
4.11240462177811	3.13291426335708	3.39298097804199	3.66165698401297
4.11949966164378	3.12806119031097	3.39610406261042	3.67561571702189
4.12659470150945	3.11514767487914	3.40976497999223	3.69191825648903
4.13368974137511	3.1654320500685	3.41573517628717	3.67380615226785
4.14078478124078	3.15300061623423	3.42629163984151	3.67808171030693
4.14787982110645	3.15876230807063	3.42765806081813	3.69994665434733
4.15497486097212	3.15013447058831	3.43486079638114	3.70813640754405
4.16206990083779	3.1723332364364	3.44526873546198	3.71466474989992
4.16916494070346	3.17904601018839	3.44894433905173	3.72629212951177
4.17625998056912	3.17343485626721	3.45388264767982	3.72571398742346
4.18335502043479	3.18254347911536	3.46255474911407	3.74350218832385
4.19045006030046	3.18533047512904	3.47209833596924	3.7328781030127
4.19754510016613	3.20044219734166	3.48195185558859	3.76279171683352
4.2046401400318	3.20594689940078	3.47838522717566	3.74267536298435
4.21173517989747	3.21460567661416	3.48455773128259	3.76142743734598
4.21883021976313	3.21227484501961	3.49460817309831	3.7696480876704
4.2259252596288	3.20949399637939	3.49829620758429	3.76600395185043
4.23302029949447	3.23318740609491	3.50773830518641	3.78163156037448
4.24011533936014	3.23399040245828	3.51294775067432	3.78550241603618
4.24721037922581	3.24217882847854	3.51859214109066	3.78734865575568
4.25430541909148	3.23248141228665	3.51935019243647	3.80066552747243
4.26140045895714	3.25082960552455	3.52379885376142	3.80474689177665
4.26849549882281	3.27215093333548	3.53367732927037	3.81703382423343
4.27559053868848	3.26168000716679	3.53732225161793	3.79963331893896
4.28268557855415	3.28173307000288	3.55105469761976	3.8344522615051
4.28978061841982	3.26841923015228	3.55070646950556	3.83160070358989
4.29687565828549	3.28709210105053	3.55456107510979	3.8329879591509
4.30397069815115	3.3003914936376	3.57534819736455	3.83186970244667
4.31106573801682	3.29059800994016	3.57044206366306	3.83472215997018
4.31816077788249	3.30048475709247	3.57703629499815	3.83200981896218
4.32525581774816	3.31918498653738	3.58655151975329	3.83869978542537
4.33235085761383	3.32512328122742	3.58982955627271	3.87489922329351
4.3394458974795	3.3110428316841	3.59710551940719	3.8692728006535
4.34654093734516	3.31988943861877	3.60875386813496	3.8920372917952
4.35363597721083	3.32678036357066	3.60944789588069	3.88716725841666
4.3607310170765	3.33604250826204	3.61905645443844	3.87970740293291
4.36782605694217	3.33457649758975	3.62701738400405	3.88645106737479
4.37492109680784	3.37074804365929	3.63501074561937	3.90527067852829
4.38201613667351	3.3535031379293	3.63637432900189	3.90138985985268
4.38911117653918	3.37007731819168	3.64940566576874	3.92631397209487
4.39620621640484	3.37931148997433	3.64485094102151	3.93802668358538
4.40330125627051	3.35979188888406	3.6549441962492	3.92096376045341
4.41039629613618	3.37720036796907	3.66036432168043	3.93776021702997
4.41749133600185	3.37381964545526	3.66970409204347	3.94863445827236
4.42458637586752	3.39161006526069	3.67282658133045	3.94792476432944
4.43168141573319	3.40506864968156	3.68215931094123	3.93698455158994
4.43877645559885	3.39387838267984	3.6815945732783	3.96521592310266
4.44587149546452	3.42091732273226	3.69521610037661	3.96842040675533
4.45296653533019	3.41150012493333	3.69169918030371	3.9667477553334
4.46006157519586	3.42830967398935	3.70548399809303	3.97957230903518
4.46715661506153	3.41715588019829	3.7045384154184	3.99538164651256
4.4742516549272	3.43223381250714	3.71708355721937	3.97914152051709
4.48134669479286	3.44543463449874	3.72246819085964	4.00266927024874
4.48844173465853	3.45465045298787	3.72907322433817	4.0069445001736
4.4955367745242	3.45170934298798	3.73686149021997	4.01100173144672
4.50263181438987	3.45901201362585	3.73754795820806	4.01934496037907
4.50972685425554	3.47068914332838	3.74321970419522	4.00952157281097
4.51682189412121	3.48689799639762	3.75657449414074	4.03352884121391
4.52391693398688	3.4695212334999	3.76255275219453	4.03438509421337
4.53101197385254	3.4734260396667	3.76228061130294	4.04728550221532
4.53810701371821	3.5088324517748	3.76248353571373	4.04248434826457
4.54520205358388	3.50571000911649	3.77418914249617	4.0650780764637
4.55229709344955	3.50942523033138	3.78156842604681	4.06557413353669
4.55939213331522	3.49833644001343	3.78628289486748	4.05405841677659
4.56648717318089	3.51577814911625	3.79957750527834	4.05822784950694
4.57358221304655	3.52333924886382	3.80580399730624	4.07287472143657
4.58067725291222	3.52466976385241	3.80766571718939	4.07678611980743
4.58777229277789	3.54428759937082	3.81106907745259	4.0919697345087
4.59486733264356	3.52873425646146	3.81703969598648	4.07376034679794
4.60196237250923	3.56150285128262	3.83299904110262	4.11299655974903
4.6090574123749	3.55906843848933	3.83232782960442	4.09857817534861
4.61615245224056	3.55196603862547	3.83529665044556	4.12427154247272
4.62324749210623	3.55838816931502	3.847118620638	4.12563978780178
4.6303425319719	3.57807944683366	3.85200305892008	4.10844453769833
4.63743757183757	3.57279055005574	3.85665034434614	4.14802490247357
4.64453261170324	3.58042473298843	3.8648320680762	4.14102611533277
4.6516276515689	3.59611718829119	3.87087943186767	4.14549814899079
4.65872269143457	3.60566955619355	3.87509749678801	4.15353430521342
4.66581773130024	3.59200196635866	3.87990204614668	4.16598464132494
4.67291277116591	3.62569103563675	3.88784935014436	4.16379626772493
4.68000781103158	3.60527625745184	3.9004352891768	4.17958632728221
4.68710285089725	3.61931097033875	3.89848858882503	4.16845684443674
4.69419789076291	3.63207948558423	3.90583251224321	4.18663691760918
4.70129293062858	3.62821973224503	3.9170277881859	4.19152078474366
4.70838797049425	3.63597066114573	3.9215110696583	4.18720170126321
4.71548301035992	3.65871140149755	3.93201168112408	4.19986428229341
4.72257805022559	3.65642902975667	3.93036780583977	4.21362989073264
4.72967309009126	3.65258583442772	3.93765399370109	4.2270987889036
4.73676812995692	3.66729071992182	3.93680164888945	4.21803599713799
4.74386316982259	3.66726661677134	3.95348443437923	4.24207409319554
4.75095820968826	3.67757131313973	3.9574363765746	4.24285274807687
4.75805324955393	3.69513457032971	3.96530331462648	4.23330588866208
4.7651482894196	3.68072790469939	3.96566624234105	4.25017630202704
4.77224332928527	3.69124528513108	3.97234841888038	4.24868971095159
4.77933836915094	3.69618058292141	3.98111914745815	4.26173578150642
4.7864334090166	3.69819230829603	3.98598459572112	4.27526543997651
4.79352844888227	3.70599114677628	3.99556799224807	4.28072052436313
4.80062348874794	3.71157406783684	4.00245428109764	4.28197154746408
4.80771852861361	3.71967367627357	4.00704433555235	4.28014581950043
4.81481356847928	3.74451202240394	4.01440957186768	4.30578244735737
4.82190860834495	3.73941651194436	4.0192452470955	4.29771046998304
4.82900364821061	3.74696623718313	4.02310060105828	4.31250021659171
4.83609868807628	3.75726724347844	4.04009257441455	4.3040455711323
4.84319372794195	3.75527084938981	4.04728476301112	4.30646985020623
4.85028876780762	3.75636048324218	4.04530581463272	4.32646494098528
4.85738380767329	3.77688819650701	4.05490990867299	4.32420820708117
4.86447884753896	3.78629172760601	4.05729366842266	4.34931827200125
4.87157388740462	3.7749008817684	4.06555426743028	4.35269892606367
4.87866892727029	3.79090285651807	4.07969545568273	4.35845457201634
4.88576396713596	3.78470822580811	4.07442033099171	4.33711279076615
4.89285900700163	3.79516365762902	4.08361871111329	4.35005809458306
4.8999540468673	3.81373736743714	4.08574236831087	4.34950606456764
4.90704908673297	3.79580004231122	4.09316789171154	4.3726555857588
4.91414412659864	3.82167039379566	4.10801998611308	4.38352487844737
4.9212391664643	3.83387977684143	4.10549911971814	4.37064419703475
4.92833420632997	3.83552739560856	4.1197794573897	4.40057008162493
4.93542924619564	3.8427755334054	4.12730242742387	4.41808233677247
4.94252428606131	3.84574078830036	4.13176237882344	4.39538480436647
4.94961932592698	3.85306770957438	4.13016001152717	4.41618900723573
4.95671436579265	3.84721086170724	4.13432750388298	4.41921727694512
4.96380940565831	3.85145430851841	4.14620736275611	4.42465554744685
4.97090444552398	3.876210098096	4.14884261846914	4.43747393888112
4.97799948538965	3.85515249825719	4.16259542848561	4.45084688709984
4.98509452525532	3.86501914239758	4.1636564327952	4.45647384149142
4.99218956512099	3.88152705379707	4.17537882686794	4.45677161009746
4.99928460498666	3.89444637988463	4.17453209127487	4.45300449424919
5.00637964485232	3.8998698177377	4.1737614036362	4.45839340458371
5.01347468471799	3.92278123035869	4.19432623249257	4.48366611011819
5.02056972458366	3.90000623794321	4.19171690601176	4.46887656401646
5.02766476444933	3.90549629165682	4.19350800280328	4.48228550703467
5.034759804315	3.9178628499438	4.20980977727403	4.48806332406636
5.04185484418067	3.93026745954474	4.21663521236048	4.48450430558595
5.04894988404633	3.93931758423979	4.21967115807812	4.51021626597195
5.056044923912	3.94033179453438	4.2204857959505	4.51575505793912
5.06313996377767	3.94616877520343	4.23677656838534	4.52715736769454
5.07023500364334	3.95760503609308	4.23284982335696	4.52059262361928
5.07733004350901	3.94773140893256	4.2430400814066	4.52733447241881
5.08442508337468	3.96799365558015	4.25297004069651	4.53185166377976
5.09152012324035	3.96656158470147	4.2571725576036	4.55391228978992
5.09861516310601	3.97929754833276	4.26686138238367	4.54714414877032
5.10571020297168	3.98167180669002	4.26800475482163	4.54637771029227
5.11280524283735	3.98990831234384	4.27819421526648	4.5634777039896
5.11990028270302	3.99129697577005	4.28213603359464	4.55313821577997
5.12699532256869	3.99203363007166	4.284710107055	4.57952324511654
5.13409036243436	4.01021253958569	4.29983276724031	4.55922927744495
5.14118540230002	4.01778281983101	4.30367312272241	4.5939619829321
5.14828044216569	4.02731184300893	4.30789019362483	4.59644921608386
5.15537548203136	4.02688820398945	4.30468325286351	4.58970968849414
5.16247052189703	4.02165410065991	4.31309692490141	4.59325755662093
5.1695655617627	4.03729286159432	4.32755606481381	4.6069547926785
5.17666060162836	4.03875994908108	4.33009589873188	4.6173032552819
5.18375564149403	4.04411778707908	4.33145806616109	4.61373208748632
5.1908506813597	4.05544698963651	4.34783303704081	4.62915789605734
5.19794572122537	4.05556146151179	4.35164273452567	4.63559538425664
