"mitochan"	"lwrNorm"	"medNorm"	"uprNorm"
-1.90327037354145	-3.05054876607646	-1.96022796844487	-0.815756506100543
-1.89617175054776	-3.08130300982561	-1.92266807626026	-0.818589116412253
-1.88907312755408	-3.06938458622862	-1.91780687518707	-0.798432601585786
-1.88197450456039	-3.02370208574956	-1.91000391801971	-0.770648983047509
-1.8748758815667	-3.03612454854994	-1.91527426572123	-0.831579561205341
-1.86777725857302	-3.02559921093333	-1.8954116880293	-0.809004743423806
-1.86067863557933	-3.00407562509228	-1.88902925370618	-0.816659985559614
-1.85358001258564	-3.03507593009437	-1.88571631163541	-0.815329513967577
-1.84648138959196	-3.02354319311571	-1.87231030159937	-0.809375031277835
-1.83938276659827	-2.98125504394138	-1.8837137552789	-0.805376537091391
-1.83228414360459	-2.99601448463813	-1.86004910988743	-0.803170077090045
-1.8251855206109	-2.9742590265568	-1.85598501560002	-0.765511722197659
-1.81808689761721	-2.96135337543087	-1.84208309297236	-0.772479389490958
-1.81098827462353	-2.94026949527679	-1.83807707978204	-0.739183875399928
-1.80388965162984	-2.96010519082342	-1.83229666007891	-0.774419973889579
-1.79679102863615	-2.93970882990726	-1.82831212168496	-0.769335132643117
-1.78969240564247	-2.91877810386673	-1.81819279391633	-0.795627704512811
-1.78259378264878	-2.94921478597815	-1.81987273369713	-0.754683967686055
-1.77549515965509	-2.89505326942435	-1.81046394584843	-0.77362275354817
-1.76839653666141	-2.85766104617642	-1.80288794318238	-0.755669123864187
-1.76129791366772	-2.89512673939235	-1.78226476278121	-0.73590049433913
-1.75419929067404	-2.85824507542045	-1.78259127707935	-0.728331570668184
-1.74710066768035	-2.84453254608519	-1.77770339969538	-0.727297861589636
-1.74000204468666	-2.83358467007138	-1.76506982418224	-0.746517359442612
-1.73290342169298	-2.80378175414035	-1.76154111293818	-0.717056048512528
-1.72580479869929	-2.83725403178722	-1.75105147135079	-0.743481236088971
-1.7187061757056	-2.79635091208377	-1.73926125787191	-0.689694498883595
-1.71160755271192	-2.83754292150063	-1.7315070212479	-0.748943389165161
-1.70450892971823	-2.75250478718447	-1.72970764330934	-0.699112668918903
-1.69741030672454	-2.78823528369518	-1.72576018531317	-0.685005314235434
-1.69031168373086	-2.7625551924081	-1.71937888850559	-0.686826936917171
-1.68321306073717	-2.7653088743766	-1.71098513613948	-0.676268697017769
-1.67611443774349	-2.76768500445585	-1.71315860167479	-0.659201276645494
-1.6690158147498	-2.76167961866337	-1.69419286181873	-0.64713602142827
-1.66191719175611	-2.736632245333	-1.68794697518668	-0.683069319255691
-1.65481856876243	-2.69718241059319	-1.68650964228322	-0.681417317426103
-1.64771994576874	-2.71937081146677	-1.6818610997929	-0.671068040056198
-1.64062132277505	-2.73349417428009	-1.66713163917333	-0.635971182453319
-1.63352269978137	-2.70640081814966	-1.6677186051185	-0.675312093861248
-1.62642407678768	-2.67374041263492	-1.6545520622159	-0.6601446397705
-1.61932545379399	-2.68460460778864	-1.63779896055434	-0.672248408862762
-1.61222683080031	-2.66458100743206	-1.62871721846924	-0.660880456043879
-1.60512820780662	-2.66715455423723	-1.63200140879884	-0.660813185410369
-1.59802958481294	-2.66190681882934	-1.6217599238895	-0.656570414485741
-1.59093096181925	-2.66976184808923	-1.61586147132748	-0.62864925161531
-1.58383233882556	-2.63470007751408	-1.61070070412923	-0.641798910759501
-1.57673371583188	-2.5886818751035	-1.60185151136804	-0.628281701459284
-1.56963509283819	-2.60651167629696	-1.58870928261468	-0.63385525307429
-1.5625364698445	-2.57679867909312	-1.59444184414142	-0.625258344854872
-1.55543784685082	-2.60353748674624	-1.5821091855635	-0.621970030077074
-1.54833922385713	-2.56137137089883	-1.58904205314989	-0.609723497481226
-1.54124060086344	-2.54778455876029	-1.58116946626699	-0.608272740356578
-1.53414197786976	-2.55236667365499	-1.5505379763932	-0.573902191657822
-1.52704335487607	-2.5448878812585	-1.57606521135169	-0.599753376910892
-1.51994473188239	-2.56342402004127	-1.54295460061299	-0.578212088757623
-1.5128461088887	-2.537634511912	-1.53201910183063	-0.597300834576609
-1.50574748589501	-2.51392059165561	-1.53457446127875	-0.597011404249101
-1.49864886290133	-2.50810845268947	-1.52559311981638	-0.581199386397612
-1.49155023990764	-2.52191531517587	-1.51190658675629	-0.563551995228421
-1.48445161691395	-2.47452981602185	-1.50767540304187	-0.501636515536277
-1.47735299392027	-2.48015266012267	-1.49052408516929	-0.5761082648218
-1.47025437092658	-2.44326955221951	-1.49815363701579	-0.533271876616637
-1.46315574793289	-2.4739757354724	-1.48943611515534	-0.561140246550985
-1.45605712493921	-2.45213315440761	-1.48288625521076	-0.557246577491812
-1.44895850194552	-2.44549111437534	-1.47331542951924	-0.542535823351489
-1.44185987895184	-2.43850962379583	-1.47035514219952	-0.518027337155328
-1.43476125595815	-2.38722918403207	-1.4638321888921	-0.522271721754891
-1.42766263296446	-2.44568852128995	-1.45758367933712	-0.551141692895081
-1.42056400997078	-2.38512833423119	-1.45195077215239	-0.529208761961064
-1.41346538697709	-2.38668029860762	-1.43703184889199	-0.497928043087301
-1.4063667639834	-2.40481814104672	-1.43001138973092	-0.471523745277402
-1.39926814098972	-2.36364561633804	-1.41587251704147	-0.543226767482479
-1.39216951799603	-2.37642807124648	-1.42081476822484	-0.496376748939846
-1.38507089500234	-2.33396929870147	-1.40883292462294	-0.49611308607443
-1.37797227200866	-2.35663946193771	-1.4108191010124	-0.494375469672934
-1.37087364901497	-2.33442232661734	-1.3919225224208	-0.498610208163968
-1.36377502602129	-2.31738650540516	-1.37663761424412	-0.475930361497321
-1.3566764030276	-2.30725924244924	-1.3723856166677	-0.506465927546587
-1.34957778003391	-2.30241621096087	-1.36991029558206	-0.453937676984287
-1.34247915704023	-2.28455083602135	-1.35844346761925	-0.506982215627349
-1.33538053404654	-2.28560620567838	-1.3569325893127	-0.44287832040411
-1.32828191105285	-2.30847523238019	-1.33670262090446	-0.470777744616179
-1.32118328805917	-2.26504282767447	-1.33373400554998	-0.461536722070499
-1.31408466506548	-2.23485044900313	-1.33995496286099	-0.464607607768141
-1.30698604207179	-2.22952025482816	-1.32467404185867	-0.42872801708037
-1.29988741907811	-2.21492481911076	-1.33457260283084	-0.439281030639885
-1.29278879608442	-2.18540492268594	-1.30998963280156	-0.451668184108952
-1.28569017309073	-2.19239871247346	-1.30031964949264	-0.455113136647372
-1.27859155009705	-2.20811523534631	-1.3082657823731	-0.444440334090265
-1.27149292710336	-2.22601728337797	-1.28934300053702	-0.421850014491053
-1.26439430410968	-2.20016098453203	-1.27527298492116	-0.444284180310919
-1.25729568111599	-2.14729452589284	-1.27865722174457	-0.417701656951321
-1.2501970581223	-2.15935625856548	-1.26267567001796	-0.399423063719514
-1.24309843512862	-2.1553244356519	-1.25195586722246	-0.375771868040147
-1.23599981213493	-2.11988009804554	-1.2535981407317	-0.417071706490972
-1.22890118914124	-2.11058599125771	-1.24744794194037	-0.388597829252771
-1.22180256614756	-2.11516523263499	-1.25035586874284	-0.391906116670769
-1.21470394315387	-2.09112499531264	-1.2286466856007	-0.377884664690311
-1.20760532016019	-2.11358018559254	-1.21830323434922	-0.403036819999881
-1.2005066971665	-2.09701772992511	-1.21785862359912	-0.354233972168401
-1.19340807417281	-2.08659609894165	-1.19873401027841	-0.357754894663716
-1.18630945117913	-2.10316159721935	-1.20140695114552	-0.389512179005038
-1.17921082818544	-2.09833258492174	-1.18825279462585	-0.364833238528785
-1.17211220519175	-2.05419040931017	-1.18853700173279	-0.364965360189134
-1.16501358219807	-2.03745577573433	-1.18526211012146	-0.361716797332558
-1.15791495920438	-2.05668262944734	-1.16982722190532	-0.307881727273983
-1.15081633621069	-2.0210158170532	-1.16916603473785	-0.31297177796608
-1.14371771321701	-2.04688252939143	-1.16007725886221	-0.327110069479872
-1.13661909022332	-2.03788768401121	-1.14629153408728	-0.331286453712023
-1.12952046722963	-1.98636842944034	-1.14535600439239	-0.320619002948506
-1.12242184423595	-1.98266577650138	-1.13786544870362	-0.301912324114841
-1.11532322124226	-1.98839131933845	-1.13219721039055	-0.321353378449756
-1.10822459824858	-1.97130760054526	-1.1146203547318	-0.314600363256681
-1.10112597525489	-1.95215457335252	-1.12431369219009	-0.303222593069705
-1.0940273522612	-1.92947412589727	-1.11129524055739	-0.296274795344598
-1.08692872926752	-1.95915691210337	-1.11128317752694	-0.307818806482129
-1.07983010627383	-1.91836490817445	-1.08384477078502	-0.312056723063222
-1.07273148328014	-1.93251065014509	-1.08030177201692	-0.277638070977536
-1.06563286028646	-1.91954054156697	-1.08479757829124	-0.280434912560919
-1.05853423729277	-1.92323624736035	-1.08536804474013	-0.268054667168881
-1.05143561429909	-1.89432891073392	-1.06650799321356	-0.255933730508239
-1.0443369913054	-1.876387309256	-1.05120787419467	-0.28238332214085
-1.03723836831171	-1.87228956001703	-1.05260262191539	-0.272122987772531
-1.03013974531803	-1.82959697896632	-1.03269117673181	-0.267086376358729
-1.02304112232434	-1.84372078544357	-1.03919740809873	-0.254771350445987
-1.01594249933065	-1.82895558566594	-1.03722031587203	-0.249252402030371
-1.00884387633697	-1.81025715853664	-1.03316105856876	-0.218022945301051
-1.00174525334328	-1.79723480640334	-1.01895333370729	-0.266753083838401
-0.994646630349594	-1.80991832508723	-1.00433698359473	-0.221161227243812
-0.987548007355908	-1.81645405423768	-0.998749977300544	-0.214606790332424
-0.980449384362221	-1.80395453294174	-1.00034463160508	-0.197826952663911
-0.973350761368535	-1.77199052761562	-0.987748187563318	-0.201713016799786
-0.966252138374849	-1.79434837097323	-0.982860261585222	-0.22807569162965
-0.959153515381162	-1.78320870662179	-0.971925009221048	-0.191213714414719
-0.952054892387476	-1.76507780372993	-0.955023422976737	-0.210169517793093
-0.944956269393789	-1.7492261524175	-0.956356985989119	-0.196671076864271
-0.937857646400103	-1.74444810200025	-0.951418892217278	-0.177628142142609
-0.930759023406417	-1.7410327687806	-0.939779192700009	-0.179385303611761
-0.92366040041273	-1.72721293746191	-0.937427831041344	-0.197472686013298
-0.916561777419044	-1.73452303806174	-0.922490899117486	-0.196952805099891
-0.909463154425358	-1.69165259190501	-0.918990298893857	-0.192831590034443
-0.902364531431671	-1.69363198589127	-0.909442750255035	-0.140403994348695
-0.895265908437985	-1.70455341394918	-0.90176019205493	-0.160441021166076
-0.888167285444299	-1.68620539389825	-0.901556478438859	-0.163647254603241
-0.881068662450612	-1.65767093294614	-0.887421599381035	-0.153078830319117
-0.873970039456926	-1.65138272838135	-0.878862830268339	-0.136767464628627
-0.866871416463239	-1.67039011487931	-0.871318697013509	-0.157935454216814
-0.859772793469553	-1.63409599783652	-0.859881687433081	-0.117379314409208
-0.852674170475867	-1.63361242199999	-0.875290272657112	-0.104237604432644
-0.84557554748218	-1.63905225686601	-0.865651848930444	-0.140985313334807
-0.838476924488494	-1.62411334106958	-0.85898505087935	-0.11535942391285
-0.831378301494808	-1.57838584376825	-0.838923836170468	-0.113284374859681
-0.824279678501121	-1.58702636319418	-0.836457637579615	-0.118300866431108
-0.817181055507435	-1.57018268137153	-0.820675755934305	-0.0702702263793737
-0.810082432513749	-1.56729531206143	-0.817109983120527	-0.120080170208343
-0.802983809520062	-1.56388717521425	-0.802857525767548	-0.0938054383474984
-0.795885186526376	-1.5294778709326	-0.8014225778884	-0.0927969025955086
-0.788786563532689	-1.50773059280893	-0.800694891323704	-0.0660437219190654
-0.781687940539003	-1.54236398531504	-0.788559323798853	-0.0541849384418523
-0.774589317545317	-1.53537246135255	-0.778067051972663	-0.0657955344601794
-0.76749069455163	-1.52734065983191	-0.776153788752044	-0.0700369309060613
-0.760392071557944	-1.48800979846155	-0.755639861290019	-0.0595625879410865
-0.753293448564258	-1.50167421988148	-0.776872249008287	-0.0278251832813244
-0.746194825570571	-1.51328263207224	-0.765610219408485	-0.061941391717525
-0.739096202576885	-1.46770911336879	-0.752577632988314	-0.0348822400612813
-0.731997579583198	-1.47438399314949	-0.733583602261148	-0.0358614024486306
-0.724898956589512	-1.45247844688861	-0.732229173312355	-0.0343275243894038
-0.717800333595826	-1.40962995187419	-0.727522606394346	-0.0136228706332216
-0.710701710602139	-1.46526644363465	-0.721228554113476	0.0215213793477777
-0.703603087608453	-1.42214145798211	-0.721007137028731	-0.0186866207001645
-0.696504464614767	-1.42752047071469	-0.704629971046282	-5.10104979031418e-05
-0.68940584162108	-1.40247998107855	-0.691452072998966	0.01262274993486
-0.682307218627394	-1.41226090328079	-0.68930362384618	0.0268671134707154
-0.675208595633707	-1.39348751813859	-0.684431128383471	0.0341023020124132
-0.668109972640021	-1.38641348626992	-0.67623339926383	-0.00354868871028536
-0.661011349646335	-1.36504385175935	-0.660171804251053	0.00972443522696192
-0.653912726652648	-1.36417426602163	-0.652690392867103	0.0159137894167177
-0.646814103658962	-1.36723073435538	-0.64409639732572	0.0200420791579892
-0.639715480665276	-1.34230578399104	-0.648509417175468	0.045668373564431
-0.632616857671589	-1.3414068531422	-0.650235843044747	0.0420444073931909
-0.625518234677903	-1.30361188774809	-0.627173520176762	0.042044768938611
-0.618419611684217	-1.30328594834568	-0.623894747756756	0.0709773561080938
-0.61132098869053	-1.31721386841494	-0.629204000041734	0.060450764020011
-0.604222365696844	-1.35230573121572	-0.608718998260667	0.0507066927315279
-0.597123742703157	-1.31022789972919	-0.599938914712095	0.0632151502031511
-0.590025119709471	-1.2828452154567	-0.599911114373647	0.0638821911686838
-0.582926496715785	-1.28271812886027	-0.589866620773451	0.0969476394592633
-0.575827873722098	-1.27391368278585	-0.584829063643691	0.0752704262623154
-0.568729250728412	-1.27873542742978	-0.578196480856513	0.089024046393451
-0.561630627734726	-1.25537287372161	-0.565730347974752	0.117990480069326
-0.554532004741039	-1.26081222926613	-0.547612383312804	0.10919524963034
-0.547433381747353	-1.24502221242071	-0.557861085052947	0.112291977385836
-0.540334758753667	-1.251603396221	-0.538305647292414	0.111072867786861
-0.53323613575998	-1.23393593951562	-0.539452909867724	0.132713874486877
-0.526137512766294	-1.20873953576252	-0.527981340928365	0.11025875167823
-0.519038889772607	-1.19624046253398	-0.514130578956811	0.127628958479012
-0.511940266778921	-1.18299063619442	-0.518784594170949	0.129771375809178
-0.504841643785235	-1.18537962146115	-0.506974957827736	0.128861301765069
-0.497743020791548	-1.16438043484464	-0.496842198111589	0.153997613965712
-0.490644397797862	-1.16581405386748	-0.496073367058496	0.16313715275021
-0.483545774804176	-1.12240413153525	-0.484950836493348	0.1629761766101
-0.476447151810489	-1.12683713000259	-0.473545775501435	0.135300575083192
-0.469348528816803	-1.1329202802098	-0.472487645942992	0.162239637945732
-0.462249905823116	-1.11575937611579	-0.464847021412003	0.184608642122746
-0.45515128282943	-1.14065821065248	-0.458412404815795	0.169955448710118
-0.448052659835744	-1.12631568636936	-0.451835325901913	0.207801148801779
-0.440954036842057	-1.10499280428419	-0.446666288569849	0.184512164961887
-0.433855413848371	-1.10969538464475	-0.441365591733614	0.219218950906707
-0.426756790854685	-1.0835454510732	-0.420935242099121	0.196714658818992
-0.419658167860998	-1.08314719018829	-0.419387600367957	0.220812747167933
-0.412559544867312	-1.0294443350032	-0.417963687855914	0.235917912386471
-0.405460921873626	-1.05036851226092	-0.406374822266549	0.233893179607899
-0.398362298879939	-1.04071047633937	-0.402926566585928	0.220066435365539
-0.391263675886253	-1.07866822802963	-0.397403091135132	0.258278183626583
-0.384165052892566	-1.04495254589187	-0.384971682222744	0.243024326397285
-0.37706642989888	-1.03684850396788	-0.378761191092048	0.244645192159136
-0.369967806905194	-1.01679467417368	-0.36354591331852	0.263668466621529
-0.362869183911507	-1.02949412044197	-0.35832441185402	0.235699552344171
-0.355770560917821	-1.01182841160791	-0.361580123185324	0.278700126057315
-0.348671937924135	-1.01341685510362	-0.350668279732309	0.296962865250324
-0.341573314930448	-0.979019345713113	-0.339246527283957	0.257527325983312
-0.334474691936762	-0.968633254884836	-0.334197333310423	0.284543893476785
-0.327376068943076	-0.957280738053611	-0.334832317044809	0.301559529265421
-0.320277445949389	-0.959909376034309	-0.314431145516877	0.279878390838135
-0.313178822955703	-0.963238324199538	-0.304498722756141	0.315783691333031
-0.306080199962016	-0.958034896606857	-0.311362883490916	0.332165862069938
-0.29898157696833	-0.920777765233502	-0.299095825552936	0.317175624335314
-0.291882953974644	-0.916519155195547	-0.289465872177461	0.306416472380396
-0.284784330980957	-0.916131648585395	-0.266165340425559	0.31752185367988
-0.277685707987271	-0.899302718795364	-0.279034135014668	0.323153462516715
-0.270587084993585	-0.910576996245658	-0.270144630460111	0.364043596073102
-0.263488461999898	-0.92814932886813	-0.260684608200795	0.325283269825158
-0.256389839006212	-0.914764315987061	-0.254634292964296	0.366974049937474
-0.249291216012526	-0.879525996200674	-0.24672428156777	0.360538657209692
-0.242192593018839	-0.873348765977202	-0.231577484303421	0.376262493245623
-0.235093970025153	-0.879925709125699	-0.240117201575699	0.356984418594706
-0.227995347031466	-0.846903183098718	-0.223380889457036	0.389828744966009
-0.22089672403778	-0.84654447557798	-0.213469744182291	0.410786549613466
-0.213798101044094	-0.832058787446001	-0.206550434787828	0.401427842396498
-0.206699478050407	-0.852572058782723	-0.198997593914792	0.403093991177523
-0.199600855056721	-0.826723445277514	-0.185709495860929	0.432590890293691
-0.192502232063035	-0.806296121905202	-0.180796279276941	0.416468045257882
-0.185403609069348	-0.783390973176629	-0.180436223916425	0.425681136050949
-0.178304986075662	-0.809389926757741	-0.180459500917652	0.430393247451986
-0.171206363081976	-0.807090803216719	-0.157770366117304	0.418456129166266
-0.164107740088289	-0.806648189951628	-0.15190077601345	0.447240540628824
-0.157009117094603	-0.790838808446024	-0.152947598604884	0.454985718965272
-0.149910494100916	-0.790288523931586	-0.148237848803443	0.453817464655656
-0.14281187110723	-0.768184245862829	-0.139777523516143	0.456044205854742
-0.135713248113544	-0.744123607758107	-0.141294918220339	0.461920458711538
-0.128614625119857	-0.724936395220223	-0.124520368136582	0.498636149424229
-0.121516002126171	-0.753395339041133	-0.102935971194229	0.48166683458487
-0.114417379132485	-0.728394392394475	-0.0997990140244126	0.493382759179742
-0.107318756138798	-0.722818131218965	-0.0953890786369073	0.480482695869579
-0.100220133145112	-0.74827798973954	-0.09680261582482	0.502549260683951
-0.0931215101514256	-0.706801200814431	-0.0866407327616488	0.495321938784726
-0.0860228871577391	-0.697333326062288	-0.0782789108179146	0.525729861488297
-0.0789242641640526	-0.711833712060638	-0.0701553599234297	0.519101624330453
-0.0718256411703664	-0.686762156458271	-0.0654332922302466	0.532796163535665
-0.0647270181766799	-0.675631118990249	-0.0620748760756164	0.545577411742924
-0.0576283951829937	-0.677627720979005	-0.0484813673609596	0.543815341420386
-0.0505297721893072	-0.655862474442425	-0.0350572277463447	0.547609162459287
-0.043431149195621	-0.66023109668183	-0.0321310668603382	0.538685353161992
-0.0363325262019345	-0.637879334542543	-0.0243000753667693	0.554486524082175
-0.0292339032082483	-0.659256946977484	-0.0152066076258016	0.59294084364262
-0.0221352802145618	-0.619610026131913	-0.00607113340231871	0.591037628776256
-0.0150366572208753	-0.617236920241826	-0.00320687361833246	0.594500773065854
-0.00793803422718908	-0.601699601580941	0.00737386171055402	0.568169076891673
-0.000839411233502618	-0.615487238358821	0.00844402080984874	0.6078757767752
0.00625921176018363	-0.591854886001864	0.0188358713728921	0.616332261099755
0.0133578347538701	-0.600643475487497	0.0236984292429826	0.592459018891214
0.0204564577475563	-0.607016026843293	0.0373462758478762	0.608824549261185
0.0275550807412428	-0.567156120152119	0.0393388364698099	0.637739788415234
0.034653703734929	-0.559150681286703	0.051453201517426	0.632791529249697
0.0417523267286155	-0.556832342765622	0.0594755457372738	0.634434565949879
0.048850949722302	-0.574216455878424	0.0617859424523297	0.648936345208012
0.0559495727159882	-0.558343927212747	0.0691687183705656	0.647230327443409
0.0630481957096747	-0.561733716053533	0.0802754406037608	0.648451202110205
0.0701468187033609	-0.564169157866312	0.0889028842950924	0.661210461581627
0.0772454416970474	-0.566412933636942	0.0900645388072242	0.683263385766816
0.0843440646907336	-0.523816614386579	0.108367417573526	0.704905629704113
0.0914426876844201	-0.524758420512068	0.102597851036533	0.676861247686163
0.0985413106781063	-0.477772620122393	0.111927434058079	0.716555106286998
0.105639933671793	-0.5085688523519	0.119924651854424	0.712585186931178
0.112738556665479	-0.487956326919159	0.134703387558992	0.698197529887794
0.119837179659166	-0.4856573183707	0.130142935213622	0.706375674205975
0.126935802652852	-0.475721869372751	0.13456607735824	0.733145202566963
0.134034425646538	-0.487372205056069	0.155990122964317	0.752499377904913
0.141133048640225	-0.467876561834136	0.16193082300582	0.743475484334923
0.148231671633911	-0.453095873921562	0.157626576184402	0.744040422042307
0.155330294627597	-0.470926980913637	0.167429218752392	0.769373245009297
0.162428917621284	-0.442825911654126	0.184114445674073	0.761418816725277
0.16952754061497	-0.420742796829925	0.189018989094178	0.774751722154932
0.176626163608657	-0.459510937493219	0.193667489775649	0.795023488206003
0.183724786602343	-0.420031739635086	0.202663407966233	0.772690996436891
0.190823409596029	-0.432209621350297	0.205597308372051	0.809404999755917
0.197922032589716	-0.42682538773965	0.223097378077579	0.811451407429158
0.205020655583402	-0.413444266290569	0.22625558978077	0.793292582763517
0.212119278577088	-0.412559895438699	0.23390616476738	0.813374520727083
0.219217901570774	-0.394043179887274	0.23272005226348	0.854703320166127
0.226316524564461	-0.386376729690775	0.240910188452669	0.837537210530046
0.233415147558147	-0.37549823740109	0.257145404288376	0.847359067601515
0.240513770551834	-0.380390377016048	0.26976950475797	0.851476229986378
0.24761239354552	-0.399940220396866	0.262301626018998	0.874111366188672
0.254711016539206	-0.373592734172606	0.267919467872685	0.844111495679868
0.261809639532893	-0.377128646741791	0.291206165284959	0.882934413150765
0.268908262526579	-0.33656634592331	0.282834629392428	0.892323767245043
0.276006885520266	-0.371631721593362	0.294813285233136	0.869373509410802
0.283105508513952	-0.349793945765937	0.30196671625333	0.906731766269404
0.290204131507638	-0.342078051977346	0.29976743469121	0.910462494232146
0.297302754501325	-0.351092661463347	0.315477204377686	0.909352840414056
0.304401377495011	-0.307704273036693	0.324896501638182	0.922613893677467
0.311500000488698	-0.306501391609281	0.333473681911794	0.91640331153391
0.318598623482384	-0.329474680589535	0.335216139559381	0.931901339971834
0.32569724647607	-0.304079629805584	0.346228707796848	0.930300209328244
0.332795869469757	-0.306739054058044	0.343912497023061	0.95125932265416
0.339894492463443	-0.293037342626609	0.365543148670011	0.966571543965437
0.346993115457129	-0.290926721999072	0.373893130942939	0.959431069868538
0.354091738450816	-0.259995070278264	0.382719922483908	0.981271794076352
0.361190361444502	-0.267479354359796	0.385810141861011	0.960256957359215
0.368288984438188	-0.25382811114755	0.385561519748166	0.997068220561898
0.375387607431875	-0.262431765962457	0.395337130872238	1.02155721872333
0.382486230425561	-0.272145937810263	0.409448082616499	1.01321391487621
0.389584853419247	-0.215509548637717	0.413518793465012	1.00504707305308
0.396683476412934	-0.234319715466265	0.416692243803561	1.01650118225542
0.40378209940662	-0.228416303384953	0.428258192133972	1.03100089203767
0.410880722400306	-0.211802783384837	0.439732872556934	1.0527430267889
0.417979345393993	-0.240977464993609	0.44262951966225	1.03655208777092
0.425077968387679	-0.210200042133011	0.447594747761333	1.03181223352935
0.432176591381366	-0.193161738968822	0.452987149183246	1.03533724831181
0.439275214375052	-0.201662604712598	0.467171082314667	1.07229026698363
0.446373837368738	-0.186496807307571	0.475857284864316	1.05748599145276
0.453472460362425	-0.194593399541928	0.474315585435554	1.06298334982428
0.460571083356111	-0.161420105315483	0.49566935978183	1.1038584539626
0.467669706349798	-0.19195222296461	0.504646490213718	1.09709614440688
0.474768329343484	-0.162239054605251	0.504133697304841	1.11242174164115
0.48186695233717	-0.165509928636567	0.506330549110427	1.10786671252822
0.488965575330857	-0.164699825571752	0.515152330542726	1.12522084988201
0.496064198324543	-0.148607439453899	0.518222880761485	1.12435580365962
0.50316282131823	-0.155549984679683	0.529230240927612	1.14376818804656
0.510261444311916	-0.134972172660993	0.545544447493643	1.15148431164422
0.517360067305602	-0.141292288252678	0.557765425947082	1.15205561860387
0.524458690299288	-0.142418534393455	0.551772238140178	1.18904149461372
0.531557313292975	-0.109894727408634	0.55847069934352	1.17594993440594
0.538655936286661	-0.0758491513193281	0.571498632991328	1.19390876950174
0.545754559280347	-0.112998914933237	0.575507225016257	1.18732743712258
0.552853182274034	-0.0966309729025093	0.584725205919363	1.18634129004697
0.55995180526772	-0.0866556300862143	0.584958733336437	1.24290462752753
0.567050428261407	-0.0980159517587834	0.592569982697082	1.19909092085092
0.574149051255093	-0.103840056388531	0.614711602102641	1.21425664544274
0.581247674248779	-0.0636549191179171	0.608427385041793	1.23396877955781
0.588346297242466	-0.101931157409825	0.61779146406602	1.25155126718904
0.595444920236152	-0.071476209021042	0.621139709348404	1.24558109808669
0.602543543229838	-0.0765444622320553	0.631412696416526	1.25643237366091
0.609642166223525	-0.0626119065206123	0.631195385805817	1.25387209925033
0.616740789217211	-0.0523844864062932	0.651697275143087	1.27713693870565
0.623839412210898	-0.0391748772913606	0.657965663326482	1.28453164836269
0.630938035204584	-0.0450743031475114	0.656986692209111	1.26328431387719
0.63803665819827	-0.0436623986206767	0.671917753334023	1.29351988905653
0.645135281191957	-0.00815880674274383	0.680679162144222	1.33447647659942
0.652233904185643	-0.00665214568058444	0.689604250267279	1.32837999902565
0.65933252717933	-0.00723723700551421	0.693978244517095	1.32668215239759
0.666431150173016	-0.0115488952073736	0.704172344627371	1.3569113577639
0.673529773166702	0.0209403436266172	0.703357783026264	1.33818717554088
0.680628396160389	0.00160687293684241	0.70912594028962	1.35632029006962
0.687727019154075	-0.0077358527090952	0.720903581318368	1.37693424823831
0.694825642147761	0.00353778728579053	0.725335851175127	1.37499874508618
0.701924265141447	-0.033650478587485	0.732916517011969	1.38887655369327
0.709022888135134	0.0422156940173624	0.745872708083866	1.38727723954213
0.71612151112882	0.0277397867008048	0.754272621894835	1.38898818884621
0.723220134122507	0.0283632167085078	0.756217896557517	1.44181258107163
0.730318757116193	0.03831195447023	0.765885118652751	1.44325640473214
0.737417380109879	0.0732081300659104	0.77963000752613	1.4351398720258
0.744516003103566	0.0521271876477539	0.778352401245555	1.4726227545698
0.751614626097252	0.044359651954975	0.787748618978075	1.44824818269836
0.758713249090939	0.04336937586578	0.794297984086144	1.45062505691965
0.765811872084625	0.0385962565333376	0.814481362227566	1.48276379394063
0.772910495078311	0.0800987270319588	0.809070585894956	1.4824089348623
0.780009118071998	0.0829620345436991	0.820311465459996	1.48834107334612
0.787107741065684	0.0753262049899152	0.830894466451153	1.53049443782947
0.79420636405937	0.0848777732125536	0.838558447232847	1.51089264219464
0.801304987053057	0.0802187066432762	0.842313871521401	1.51302143667327
0.808403610046743	0.0897497526380116	0.839508171023162	1.54407529991463
0.81550223304043	0.107004334067983	0.851549924382773	1.533987791839
0.822600856034116	0.119147863253175	0.856649666164331	1.55236274853435
0.829699479027802	0.120862426282259	0.874592046197503	1.54682170506574
0.836798102021489	0.11508848148809	0.869443328894755	1.57307310559643
0.843896725015175	0.120262633878801	0.877506450499397	1.58420967062738
0.850995348008861	0.12469694842	0.89417294066982	1.58003704334825
0.858093971002547	0.141033984365352	0.897633955826246	1.5959938283082
0.865192593996234	0.133873026198339	0.898886289836382	1.61879630149355
0.87229121698992	0.11920840404032	0.900720634143329	1.60424659828643
0.879389839983607	0.166385839511308	0.918818727252445	1.59592349048157
0.886488462977293	0.161429038474017	0.928470878446693	1.59297425404823
0.893587085970979	0.192445594388521	0.939280983448946	1.64438996609538
0.900685708964666	0.187938180946065	0.943787214499167	1.62773142903438
0.907784331958352	0.190176503254823	0.960400174172994	1.64665945574397
0.914882954952039	0.178973461804946	0.951052572443698	1.66124747848174
0.921981577945725	0.153248902913238	0.965726757151004	1.66610573640892
0.929080200939411	0.188768036169044	0.97434513235418	1.70007189639067
0.936178823933098	0.207998102606807	0.971404292214795	1.67406333596597
0.943277446926784	0.168663297615577	0.986748618203379	1.6713749757846
0.95037606992047	0.219698002231349	0.994609332009539	1.69132920530826
0.957474692914157	0.192549929967245	1.00074596876659	1.69731011220015
0.964573315907843	0.205680504762179	1.01385863239869	1.72354904230144
0.97167193890153	0.243229543375269	1.00661735792174	1.73088955332983
0.978770561895216	0.215859781621227	1.01532723270043	1.74321351884942
0.985869184888902	0.228392395860904	1.03113116822813	1.72751791462467
0.992967807882589	0.222014666664801	1.03585082535739	1.77175374796181
1.00006643087628	0.269278032496164	1.04046323438329	1.7833175533481
1.00716505386996	0.263751427244922	1.04229935009532	1.78881123003083
1.01426367686365	0.247677385764027	1.05224660246827	1.79106590952706
1.02136229985733	0.268173165055228	1.05695543670155	1.80219147009373
1.02846092285102	0.264379671720096	1.07106574169695	1.802952302845
1.03555954584471	0.265749092344359	1.07260992366788	1.80762162971549
1.04265816883839	0.252516335073106	1.08264948287548	1.83468983351939
1.04975679183208	0.295169364031144	1.10444387404343	1.84292981448002
1.05685541482577	0.29881424281914	1.09164847717394	1.85207210728457
1.06395403781945	0.263487072422718	1.1041854957739	1.86042992848198
1.07105266081314	0.310295941243456	1.11467821276402	1.88543020888862
1.07815128380682	0.307760895832065	1.1208095587496	1.88051140181157
1.08524990680051	0.295678441070195	1.12821383266636	1.84860819953735
1.0923485297942	0.315609357306001	1.13957746469885	1.89145206041888
1.09944715278788	0.317825408539066	1.14114773608336	1.87853691576928
1.10654577578157	0.333386131224827	1.14373221156503	1.8839042981003
1.11364439877526	0.315285867920869	1.1676908331349	1.92472075640113
1.12074302176894	0.335843985648849	1.15934195466229	1.93585860268236
1.12784164476263	0.332742321675293	1.17019593764823	1.92883810907325
1.13494026775632	0.348672518176855	1.17785064021336	1.92630196171696
1.14203889075	0.346244641647237	1.18266615400108	1.97955937622621
1.14913751374369	0.35367496757844	1.19589016642463	1.97255771542685
1.15623613673738	0.351598028443565	1.20229016219282	1.98600685681461
1.16333475973106	0.369943414710381	1.22210558289478	1.98797632514413
1.17043338272475	0.374723207737757	1.21374547745492	1.99133079558539
1.17753200571843	0.367935806811616	1.22610085988721	2.01216782715366
1.18463062871212	0.362616360350977	1.23536301670781	2.0249716123122
1.19172925170581	0.373063286354446	1.23819173819913	2.03618888632215
1.19882787469949	0.375592752223006	1.24767689170283	2.00102035902491
1.20592649769318	0.38048666365049	1.25352014712579	2.0677703318604
1.21302512068687	0.413741927611869	1.24916923977826	2.06551312067158
1.22012374368055	0.370388673349477	1.28242084419544	2.09041913528509
1.22722236667424	0.413437829580007	1.2535391357738	2.07938319522372
1.23432098966793	0.398608718133522	1.28314494418261	2.0788553748127
1.24141961266161	0.425193245237362	1.28472040334787	2.08386206580792
1.2485182356553	0.374861372973948	1.3015436560176	2.10416591867996
1.25561685864898	0.411404317365741	1.30875919897038	2.12296659412474
1.26271548164267	0.460008401147115	1.31985066262058	2.11951212099257
1.26981410463636	0.422987331343599	1.32371628912108	2.09740997257481
1.27691272763004	0.446552457928908	1.3289352698953	2.14994689216515
1.28401135062373	0.458351523927377	1.33201722175758	2.16777045657012
1.29110997361742	0.433691859436408	1.34172660200309	2.17424585448209
1.2982085966111	0.447034848653541	1.35953994485394	2.16100559035512
1.30530721960479	0.46601574170705	1.35968155917081	2.18860561900959
1.31240584259848	0.439961095420046	1.35655235092018	2.20285232860465
1.31950446559216	0.482721559307155	1.37204985238243	2.20059789750725
1.32660308858585	0.469757743843626	1.37078133312532	2.19783986651825
1.33370171157953	0.469147971020627	1.37732113547657	2.22944858565618
1.34080033457322	0.502541059971824	1.37669845503315	2.22348839207317
1.34789895756691	0.501254181262276	1.40110122888872	2.23623299285946
1.35499758056059	0.480569075962874	1.39457623096557	2.2740493609931
1.36209620355428	0.518060726982348	1.41747792373227	2.29121232874112
1.36919482654797	0.522885449334513	1.41377643435421	2.28364488566015
1.37629344954165	0.48529914882837	1.43398936281483	2.2804281227631
1.38339207253534	0.514857975675812	1.4475490303049	2.30551305198254
1.39049069552903	0.528673329829064	1.43661549895265	2.32997091051398
1.39758931852271	0.539768963973457	1.44094150299341	2.30839151892965
1.4046879415164	0.543095139734065	1.45457482100007	2.32110397366904
1.41178656451008	0.554673698825328	1.45941968144135	2.32638908201601
1.41888518750377	0.552188647771471	1.47383956327995	2.3356756580754
1.42598381049746	0.562859419430689	1.47554682916805	2.35437442787513
1.43308243349114	0.534807407104517	1.49082885079368	2.36469533743354
1.44018105648483	0.5602107421699	1.48549711075862	2.32981552793673
1.44727967947852	0.562981635596613	1.49872301410872	2.39296645398399
1.4543783024722	0.588773399035858	1.51202961604787	2.37473038667704
1.46147692546589	0.585525731201738	1.51637273718488	2.40724206969279
1.46857554845958	0.584485354399328	1.52127903611295	2.3767237744038
1.47567417145326	0.583671817608885	1.52807573399698	2.41735205881763
1.48277279444695	0.61426553442725	1.5296182927048	2.4039593290123
1.48987141744063	0.61526787439432	1.53955492962258	2.41667426511124
1.49697004043432	0.610294722257306	1.54601147106442	2.44064299189276
1.50406866342801	0.599859409574262	1.5533350320575	2.47226714836508
1.51116728642169	0.619589817478126	1.56041378769613	2.46910845221039
1.51826590941538	0.584572359297222	1.57813945784038	2.47004045500446
1.52536453240907	0.595654022358771	1.58444582059405	2.4873402465638
1.53246315540275	0.61984981781867	1.57735783845698	2.49834678392116
1.53956177839644	0.61345740359741	1.5744533696768	2.54874869817937
1.54666040139013	0.593245958081518	1.59506924757951	2.53835157042301
1.55375902438381	0.620678494936658	1.59759577670513	2.52911168449826
1.5608576473775	0.633209931371557	1.61544189429776	2.52983057843469
1.56795627037118	0.660481783003527	1.61896383581031	2.56230522196937
1.57505489336487	0.641983005567607	1.62755611315973	2.53544077940823
1.58215351635856	0.687005377151773	1.63521230191867	2.55878825234081
1.58925213935224	0.642211741770016	1.64336370246325	2.5992709164199
1.59635076234593	0.637193922988651	1.63770555116602	2.56790368953146
1.60344938533962	0.632376153746218	1.66832974041307	2.61667639966978
1.6105480083333	0.665898379318341	1.66884161326416	2.59256598495336
1.61764663132699	0.674114876657597	1.676222260888	2.58907380106885
1.62474525432068	0.694229459168931	1.68653163932943	2.62384171812062
1.63184387731436	0.676387850374023	1.68544938301259	2.63921984228975
1.63894250030805	0.673756436664127	1.69751431539671	2.6441097914271
1.64604112330173	0.68257467258579	1.70063664510112	2.66199261356664
1.65313974629542	0.718869386754619	1.70639979551696	2.69720673769752
1.66023836928911	0.702788897952177	1.71048567882845	2.66526728438951
1.66733699228279	0.722414752912124	1.71722135371097	2.67668053659396
1.67443561527648	0.723921341655374	1.73636756059696	2.73064130198731
1.68153423827017	0.711642332908264	1.74208234178852	2.71274052620278
1.68863286126385	0.744135772042641	1.73380983052351	2.71366664643623
1.69573148425754	0.727977174595629	1.75787190274088	2.73033789283309
1.70283010725123	0.748133608595847	1.75206981730624	2.72592980696667
1.70992873024491	0.730715873713848	1.76769387668209	2.7782982415279
1.7170273532386	0.770028184502608	1.76133694388245	2.75884160267637
1.72412597623228	0.753051638162247	1.77057070660536	2.72403222345078
1.73122459922597	0.712330816720261	1.78529517041047	2.79297657411768
1.73832322221966	0.735572473807756	1.78898755412953	2.78629255140057
1.74542184521334	0.750038010479441	1.80560110145567	2.80848619903575
1.75252046820703	0.776638178942882	1.8087473790232	2.76507832001158
1.75961909120072	0.783212610690385	1.82394226838668	2.82089154810359
1.7667177141944	0.75854545777984	1.81319117239872	2.84017175420435
1.77381633718809	0.781742765624014	1.8292658740037	2.8528464574276
1.78091496018178	0.771481276616011	1.84403126417424	2.85597299628998
1.78801358317546	0.770285411563602	1.84372043502288	2.85474177843778
1.79511220616915	0.757967401128522	1.84652140917063	2.87590889513245
1.80221082916283	0.808789368092363	1.87345289299296	2.85494898593766
1.80930945215652	0.827207148626028	1.87766595014469	2.85757820006163
1.81640807515021	0.805048530050798	1.87327044852675	2.8644660454526
1.82350669814389	0.820579527853106	1.87439525588583	2.93420874609089
1.83060532113758	0.801080438206853	1.88696629968101	2.91625310381631
1.83770394413127	0.804386282930423	1.8953084305865	2.88352643958852
1.84480256712495	0.812677266684464	1.91118959093998	3.00315922444564
1.85190119011864	0.809368504036623	1.91710500918331	2.90938892202685
1.85899981311233	0.809132442204352	1.90873356961833	2.97666320350845
1.86609843610601	0.804607720671113	1.92539729702749	2.9920725545071
1.8731970590997	0.867025500883533	1.93348127217724	2.97568418929427
1.88029568209338	0.820653544394997	1.93901931434508	2.97621562819508
1.88739430508707	0.847958745581341	1.94700387644688	2.98908793623441
1.89449292808076	0.826579651964961	1.96038974390353	2.999292441523
1.90159155107444	0.859027255809398	1.96174656126086	3.02617025149738
1.90869017406813	0.859613819609052	1.95660972818008	2.98375004162492
1.91578879706182	0.8912688725776	1.98929485690367	3.04895453409706
1.9228874200555	0.868146576184651	1.97243351531507	3.06655999256395
1.92998604304919	0.857821887666451	1.99344289865736	3.07044768672753
1.93708466604288	0.887097790888069	2.00854969586949	3.09172549787938
1.94418328903656	0.907123424661226	1.99876954981447	3.10005935937925
1.95128191203025	0.85391905402825	2.00855227059708	3.07748427408932
1.95838053502393	0.888137000810875	2.01887481644392	3.10203428883399
1.96547915801762	0.912854481280512	2.02053239638558	3.12595507862962
1.97257778101131	0.933279746786289	2.04002590319488	3.11303352353897
1.97967640400499	0.912824215279154	2.04637640502556	3.12526205730444
1.98677502699868	0.926812773878685	2.05630164436108	3.13079560995546
1.99387364999237	0.950809814027773	2.05456444964295	3.11359098928445
2.00097227298605	0.90830989753733	2.05866306534976	3.17095808705477
2.00807089597974	0.933141052224785	2.07190291079983	3.15485898072781
2.01516951897343	0.93136534605855	2.08043960085911	3.21233701211764
2.02226814196711	0.923378467001407	2.09515961305341	3.17951830643472
2.0293667649608	0.939754523439248	2.09561116594748	3.19490364884221
2.03646538795448	0.95212670812114	2.09767906236961	3.22581481591543
2.04356401094817	0.964906343012387	2.11089424295326	3.21706650272454
2.05066263394186	0.936336326417124	2.11056874212402	3.22568369081414
2.05776125693554	0.950889257561414	2.12446666371005	3.26825238096868
2.06485987992923	0.935493630806179	2.1254869293009	3.23833543192895
2.07195850292292	0.947209558299745	2.13113825516008	3.23581220520862
2.0790571259166	1.00109419640425	2.14932839119589	3.28699887962109
2.08615574891029	0.968612514080628	2.15316853875832	3.26395383140294
2.09325437190398	0.951764380383012	2.15874946072905	3.27429892329594
2.10035299489766	0.968899805706387	2.17695939990516	3.30947421887788
2.10745161789135	0.986327633559562	2.16212260074976	3.33334663689618
2.11455024088503	0.982924898841221	2.17620237351689	3.32169875377888
2.12164886387872	1.01341428965078	2.20067776123003	3.313778042845
2.12874748687241	1.02765809983541	2.19574249748396	3.33294742641489
2.13584610986609	1.0191283990361	2.21269814416771	3.33194876761287
2.14294473285978	0.994270115048635	2.20537546472338	3.37561545633662
2.15004335585347	1.0330717100198	2.21708916805704	3.38517582699929
2.15714197884715	1.0015712029011	2.20852611514106	3.39576692997169
2.16424060184084	0.977571725114702	2.23225436646543	3.38072836933901
2.17133922483453	1.04286423423154	2.24056711507395	3.39329021519346
2.17843784782821	1.03206564707178	2.23567628408054	3.39889956194708
2.1855364708219	1.05286725602542	2.25042013989099	3.43298030908645
2.19263509381558	1.04172179708733	2.26062576523847	3.43156162091078
2.19973371680927	1.05690289261577	2.27975919754116	3.42888883477818
2.20683233980296	1.05184996232838	2.27612432248916	3.44632146246098
2.21393096279664	1.06404241425059	2.29863189943042	3.46154449381272
2.22102958579033	1.05989348804707	2.28111017558833	3.4484513844639
2.22812820878402	1.06161133341742	2.29600898811142	3.47811212953526
2.2352268317777	1.05712623143546	2.30167248213835	3.47874086742864
2.24232545477139	1.025230712022	2.31022295024618	3.50509656971656
2.24942407776508	1.08885990218458	2.32980720901659	3.49809486918192
2.25652270075876	1.11254269174781	2.31867425114325	3.49971263769109
2.26362132375245	1.10797983583716	2.33896130694332	3.51965729014388
2.27071994674613	1.07452343667116	2.35624722272692	3.5137290354516
2.27781856973982	1.09173139178517	2.3400865778354	3.56693869886155
2.28491719273351	1.08166729547968	2.36423167530084	3.60810614659691
2.29201581572719	1.08212368580802	2.37318444366526	3.56422609400018
2.29911443872088	1.13843576686601	2.35766540124838	3.59503706672369
2.30621306171457	1.12057185330955	2.37325214871271	3.58016518358143
2.31331168470825	1.14035012645022	2.37924732221731	3.5942184966118
2.32041030770194	1.12289285036528	2.38829899216642	3.61152039945528
2.32750893069563	1.11014219957815	2.40900000534051	3.59703386315794
2.33460755368931	1.13749348751356	2.40826779135228	3.62557056297382
2.341706176683	1.1879197757684	2.41129506684019	3.64308601463612
2.34880479967668	1.1729705579228	2.41409778405244	3.64767397839477
2.35590342267037	1.18001926973713	2.41892054031236	3.70056285139633
2.36300204566406	1.15183698589806	2.43437557782694	3.66454638611859
2.37010066865774	1.17557093193224	2.44534877487187	3.68474665207188
2.37719929165143	1.15704555129952	2.44658776166317	3.66873344685374
2.38429791464512	1.18533310374948	2.46155723110262	3.70592227040847
2.3913965376388	1.1788214477938	2.46204526290889	3.73642581997635
2.39849516063249	1.19786076309134	2.48585090228364	3.73730281618917
2.40559378362618	1.17993958314382	2.48092398115084	3.75793558158565
2.41269240661986	1.15910034580462	2.49744626214766	3.75257060335332
2.41979102961355	1.18612796739878	2.48372464839345	3.7649731931027
2.42688965260723	1.19261702597955	2.50243964333392	3.7399346535696
2.43398827560092	1.19044077995098	2.4973930260755	3.77805690131375
2.44108689859461	1.19279180629154	2.5215451177511	3.76790128856381
2.44818552158829	1.17395723139343	2.51103729501636	3.74871970925498
2.45528414458198	1.18550805314295	2.52602391756269	3.81976358659901
2.46238276757567	1.21948671303632	2.52401825479416	3.82801006642679
2.46948139056935	1.21918226284219	2.5433962110409	3.808124152493
2.47658001356304	1.21200222976488	2.54999523593589	3.83961317865077
2.48367863655673	1.23857998721792	2.55191152182439	3.87039685166755
2.49077725955041	1.25695602480169	2.56120536353014	3.87491041939194
2.4978758825441	1.25410544869279	2.58652250680259	3.89573724061881
2.50497450553778	1.22754710576373	2.576563701429	3.88728823167344
2.51207312853147	1.21988505717691	2.59414152540178	3.88865118845262
2.51917175152516	1.26721755784178	2.60941630766756	3.87930327424621
2.52627037451884	1.21518961297602	2.61384181413876	3.93600639119306
2.53336899751253	1.22844779418111	2.61104872622784	3.92296886972065
2.54046762050622	1.26950692732778	2.61998301328948	3.92943186785559
2.5475662434999	1.29868615240979	2.61963141037255	3.94447897501967
2.55466486649359	1.26388782660417	2.63299790766977	3.95321979295391
2.56176348948728	1.27856434033025	2.63221970573511	3.9351290888472
2.56886211248096	1.28951603534554	2.65512921916384	3.96240086933644
2.57596073547465	1.29815002069544	2.65046678026818	3.9880590008338
2.58305935846834	1.2793381367961	2.6765716217843	4.00587514590667
2.59015798146202	1.28906572091456	2.67233061307182	3.98822842904733
2.59725660445571	1.3337610309064	2.67195638190214	4.01682278370536
2.60435522744939	1.30468252985885	2.66711333146473	4.02125391250316
2.61145385044308	1.29821221180341	2.69319832206685	4.05030943398651
2.61855247343677	1.34754202598543	2.70510333655341	4.03197608445144
2.62565109643045	1.33010697471048	2.70805382664402	4.04620436557179
2.63274971942414	1.28065612722901	2.71606090676143	4.07210053334814
2.63984834241783	1.34123161529978	2.71878936469236	4.10103171651693
2.64694696541151	1.35937751613751	2.71325337999265	4.0931696839363
2.6540455884052	1.31484721631109	2.74206464377266	4.08634948157459
2.66114421139888	1.31331217777181	2.75078994067804	4.12122020032896
2.66824283439257	1.35192094115608	2.76876991844963	4.15231522124054
2.67534145738626	1.35179845951598	2.75917990978562	4.15093568275404
2.68244008037994	1.38029774646047	2.76077314842543	4.16477445013334
2.68953870337363	1.3508179610133	2.76191429724417	4.17009400102794
2.69663732636732	1.32430292570322	2.775834152926	4.1214652608954
2.703735949361	1.37248572807519	2.78383967693426	4.15050953327039
2.71083457235469	1.37823747847599	2.80423989383271	4.16991274984252
2.71793319534838	1.36758433364919	2.79019143891994	4.17206988707196
2.72503181834206	1.3762223672906	2.79698511993991	4.25236049300952
2.73213044133575	1.4040956328172	2.80682497225107	4.17912593925403
2.73922906432943	1.36046848194255	2.8124179777933	4.23567687539336
2.74632768732312	1.3587716916763	2.85644929723865	4.2208892205933
2.75342631031681	1.4479574158232	2.83629745266634	4.22050656191186
2.76052493331049	1.3892837395842	2.83482637442256	4.21591027120423
2.76762355630418	1.40965670099087	2.84571190923459	4.23536576858322
2.77472217929787	1.41383854399274	2.87732779643495	4.27852120893374
2.78182080229155	1.41266371546007	2.8609148790644	4.26214845833603
2.78891942528524	1.44428912145143	2.87868986594933	4.3169627859038
2.79601804827893	1.42865621762945	2.8904605246043	4.28970691287505
2.80311667127261	1.44658450409237	2.88990763307248	4.35921610144415
2.8102152942663	1.44349685000392	2.89286824724176	4.35759030465186
2.81731391725998	1.45581661761756	2.90134178977156	4.31701522587693
2.82441254025367	1.43302747644005	2.90263018810439	4.30548000244615
2.83151116324736	1.45975248944648	2.91731806593405	4.37691229584441
2.83860978624104	1.45907791159884	2.92193898191135	4.35663840043502
2.84570840923473	1.48612691169612	2.92647156277207	4.36471747375056
2.85280703222842	1.4472798921787	2.94327470957156	4.38672565611552
2.8599056552221	1.46117779199373	2.93458326912451	4.38635972420547
2.86700427821579	1.42841589334841	2.96242123213052	4.43919472368998
2.87410290120948	1.4775562701265	2.96397877516644	4.44205429846853
2.88120152420316	1.49898395918307	2.96486083826681	4.43262634811092
2.88830014719685	1.5114676354302	2.95462975214748	4.43592126019955
2.89539877019054	1.49691754189776	2.97118319035101	4.43390335327929
2.90249739318422	1.48157647838733	2.9856621243529	4.47873826623742
2.90959601617791	1.46438113422758	2.99366279527279	4.48504865255711
2.91669463917159	1.47466265543394	2.99149066899916	4.47514391554899
2.92379326216528	1.51181025473371	3.0232437444236	4.49933812938061
2.93089188515897	1.50101259751786	3.02692288211977	4.52088276417151
2.93799050815265	1.53617339291079	3.04093249935208	4.53683564372736
2.94508913114634	1.51785685300809	3.0373866530905	4.55415602891554
2.95218775414003	1.53878390377391	3.03346435050566	4.52067961941463
2.95928637713371	1.48922888446631	3.03753060184914	4.51983729053384
2.9663850001274	1.53111808725115	3.05394048166974	4.53110759799203
2.97348362312108	1.52846370124978	3.07216672677878	4.59258469471239
2.98058224611477	1.5740660929011	3.08431001785166	4.56284177879539
2.98768086910846	1.53433176722848	3.07976273766166	4.64040514899739
2.99477949210214	1.53857960975361	3.07536902692884	4.5967428476971
3.00187811509583	1.56062616092996	3.08403575271708	4.59915380481776
3.00897673808952	1.54103916868249	3.09511919059408	4.63763814592524
3.0160753610832	1.54763528417674	3.10073259850104	4.65090542924196
3.02317398407689	1.56523612318477	3.12236365519625	4.62022227850515
3.03027260707058	1.56014293847462	3.13033611556405	4.65329385163525
3.03737123006426	1.56600475178991	3.11451371123776	4.69341017288674
3.04446985305795	1.5387608543393	3.15359932296268	4.68586433759789
3.05156847605163	1.57061506151354	3.12735964177227	4.6859232232636
3.05866709904532	1.58360768480649	3.14939031656356	4.70400854280734
3.06576572203901	1.60250926693533	3.16290277421786	4.71194504174691
3.07286434503269	1.59810659811581	3.14534124484385	4.68492310606287
3.07996296802638	1.57895882410016	3.17916208468996	4.73045290374845
3.08706159102007	1.57800726302179	3.16779481988272	4.72362029745841
3.09416021401375	1.64564003712304	3.20499672952293	4.74110763943424
3.10125883700744	1.63844648580983	3.18126469502054	4.76353830714333
3.10835746000113	1.63926911357109	3.17734040114927	4.761024384071
3.11545608299481	1.61837955647857	3.18925127278325	4.77404398454507
3.1225547059885	1.64254584174584	3.2127829050727	4.73805275291298
3.12965332898219	1.64093933289004	3.21024732580434	4.79660586066179
3.13675195197587	1.66419987622968	3.23683558605886	4.80281819255893
3.14385057496956	1.64387922516223	3.22621367001097	4.77824809419443
3.15094919796324	1.64473885390943	3.25079352594792	4.8233306645112
3.15804782095693	1.653512371497	3.2473354270144	4.84657431029737
3.16514644395062	1.63787183282507	3.26487536099264	4.83592574013321
3.1722450669443	1.67915887605387	3.2833066258679	4.86819154247939
3.17934368993799	1.66887008089472	3.25657274420512	4.86255915711361
3.18644231293168	1.65868045625844	3.27220282651991	4.90356141670255
3.19354093592536	1.64428056878716	3.2794563589799	4.89571747897785
3.20063955891905	1.61760018197152	3.31007981116809	4.91559068026653
3.20773818191274	1.6681817040251	3.3123115278635	4.91277252595825
3.21483680490642	1.67657771597663	3.32290852325681	4.91036920824262
3.22193542790011	1.67005176705059	3.3161757133301	4.90473687101723
3.22903405089379	1.68556938584562	3.32330734907031	4.95639741492665
3.23613267388748	1.63674147841155	3.32765879288127	4.96000227251244
3.24323129688117	1.68167184846669	3.3438425201382	4.95573043526331
3.25032991987485	1.67767880219449	3.33874236547027	4.97171496823389
3.25742854286854	1.70488888207332	3.35799861248936	4.97002626304641
3.26452716586223	1.71987820233508	3.34418713583459	4.99568266055415
3.27162578885591	1.70578947725417	3.37920756237918	4.99551176545101
3.2787244118496	1.76538559127486	3.37112291331411	5.03081772972205
3.28582303484328	1.75148135918893	3.37191179474082	5.01889656463727
3.29292165783697	1.70754362614125	3.3801344745896	5.06566021866419
3.30002028083066	1.72788574354123	3.3828547922564	5.06199236763975
3.30711890382434	1.7481408474299	3.4112309334547	5.0434131429881
3.31421752681803	1.72751523353704	3.42789171746547	5.06122656262092
3.32131614981172	1.73467666300175	3.43424089146539	5.12096382805417
3.3284147728054	1.70013919626455	3.39808592001884	5.07817639492758
3.33551339579909	1.77697375243626	3.44193075166873	5.0905536145038
3.34261201879278	1.74671831533918	3.43130771344087	5.14416691293655
3.34971064178646	1.70309738313842	3.44415826046362	5.07899252863432
3.35680926478015	1.7666323357247	3.4507882627759	5.13410835700784
3.36390788777383	1.74917765492441	3.45209982328774	5.10279960029435
3.37100651076752	1.7594745937769	3.46510033647135	5.12786606377474
3.37810513376121	1.80509394077105	3.47467061230672	5.14654720562334
3.38520375675489	1.78518086784903	3.47634966489209	5.17648139185538
3.39230237974858	1.78161155393306	3.49511290524275	5.18301417242128
3.39940100274227	1.82467238243504	3.49246818646277	5.18618550712006
3.40649962573595	1.8069669621037	3.50335097844418	5.18937091785956
3.41359824872964	1.77896223833744	3.5040023660046	5.26688607534205
3.42069687172333	1.79765857395021	3.53650353230095	5.24041277659168
3.42779549471701	1.83204645770678	3.53609012597818	5.20732333505253
3.4348941177107	1.8103432194264	3.53805714056936	5.24021200071614
3.44199274070439	1.82366487681292	3.56077447857391	5.23496331588485
3.44909136369807	1.83252354427025	3.53564025680102	5.27663390664623
3.45618998669176	1.81532118407799	3.55643483093898	5.28832450050501
3.46328860968544	1.84230002684007	3.56270143390701	5.292316710816
3.47038723267913	1.82678860644946	3.56839661913122	5.31166644671821
3.47748585567282	1.89141787197218	3.59053463670054	5.29126946514275
3.4845844786665	1.81903983000287	3.59626222479601	5.38114227455693
3.49168310166019	1.87383810200249	3.58543722977359	5.30283574030651
3.49878172465388	1.86180217044705	3.61288158596266	5.31375417645845
3.50588034764756	1.8709020493175	3.60952556058047	5.36861388262613
3.51297897064125	1.89153237054851	3.59885721119719	5.37598873226547
3.52007759363494	1.83598936060433	3.6451748865675	5.36052582712502
3.52717621662862	1.85251143213561	3.6224871017745	5.33801534990613
3.53427483962231	1.86935581068908	3.62898351214534	5.3293918059085
3.54137346261599	1.87423762612687	3.65309780515818	5.36894023009452
3.54847208560968	1.8821078995999	3.66141159737845	5.37516653060352
3.55557070860337	1.91256681920403	3.6462677473297	5.40976267991447
3.56266933159705	1.87307389679042	3.6684374986181	5.44330397127377
3.56976795459074	1.89129378308503	3.67245799911182	5.50174397510595
3.57686657758443	1.90449659029405	3.66892626862392	5.44006366604786
3.58396520057811	1.9209374587305	3.69303563446628	5.44524463910506
3.5910638235718	1.94773743791515	3.69568537966791	5.45445406683413
3.59816244656548	1.93375536430894	3.72933532659589	5.51764631829073
3.60526106955917	1.91172747483447	3.70656741476321	5.48921683742626
3.61235969255286	1.92300450706476	3.72083345329477	5.53872092572608
3.61945831554654	1.91780216491916	3.7347145432028	5.45198966622338
3.62655693854023	1.95025259786855	3.73161073115928	5.54679685687172
3.63365556153392	1.9784764454009	3.73832142115938	5.5806462461811
3.6407541845276	1.93677296783042	3.74357411404462	5.5517328790555
3.64785280752129	1.945376711322	3.73138262911122	5.55014981831215
3.65495143051498	1.9203851358843	3.76092777525972	5.57033723143886
3.66205005350866	1.9900886972049	3.76438591262696	5.55948089114845
3.66914867650235	1.96081437662877	3.7703021974915	5.5858343677479
3.67624729949603	1.98591154891568	3.77263514358045	5.58738513240789
3.68334592248972	1.97574111622844	3.78604431053739	5.58652290175261
3.69044454548341	1.99072657416988	3.79563203771633	5.58732895539154
3.69754316847709	1.94408584006567	3.79838401566066	5.60167861219504
3.70464179147078	2.00535558777952	3.80855699755028	5.69549209387546
3.71174041446447	1.98729783067999	3.81265795614352	5.58693408001883
3.71883903745815	1.97290147712064	3.80646677123734	5.66723251019164
3.72593766045184	2.01977084903844	3.85295676665638	5.71363114850952
3.73303628344553	2.01008770882208	3.83907900323628	5.67218294863545
3.74013490643921	2.0105831357404	3.83983017498409	5.74012303584503
3.7472335294329	1.99014139544668	3.84311480664228	5.74153579172379
3.75433215242659	1.98014158565182	3.88016306514514	5.68769160575819
3.76143077542027	2.01820639049791	3.86883167663337	5.73448605721557
3.76852939841396	2.00653424700179	3.88506473429124	5.7185307657386
3.77562802140764	2.00217358769613	3.88628252449648	5.74217126883956
3.78272664440133	2.02607022647898	3.89873979094658	5.7168544922555
3.78982526739502	2.04222035367336	3.90803985892319	5.77791500504325
3.7969238903887	2.02996867830279	3.900531946679	5.81326102054363
3.80402251338239	2.00479489825502	3.9051102662905	5.80188278770815
3.81112113637608	2.05232459590054	3.91779649696009	5.83511989734403
3.81821975936976	2.03287278958818	3.92906598506223	5.80559458789753
3.82531838236345	2.03571712788009	3.93676535849573	5.8326390448107
3.83241700535714	2.02891569484714	3.94651300422985	5.82163406445842
3.83951562835082	2.06160630897744	3.92668111874662	5.83175165983329
3.84661425134451	2.05035344617822	3.9509709744509	5.8366807040287
3.85371287433819	2.06748506297826	3.94973542279903	5.90680081066132
3.86081149733188	2.1021504200022	3.97827004467153	5.87603038163423
3.86791012032557	2.13193291021083	3.96212373338666	5.87652157245814
3.87500874331925	2.08547851990407	3.98910680443421	5.8881520061279
3.88210736631294	2.07024696081909	3.99076411226837	5.8822200820193
3.88920598930663	2.09949180673605	4.01875763614843	5.88911752733307
3.89630461230031	2.05206637856251	4.01621930572946	5.90534199468564
3.903403235294	2.08941663742228	4.01520354229825	5.93108067781415
3.91050185828768	2.08559677109141	4.02729875088352	5.92538217342718
3.91760048128137	2.07653158833807	4.03140163031063	5.92076869926399
3.92469910427506	2.10113279304889	4.04983186963198	5.95113003268578
3.93179772726874	2.09868862431633	4.03733470758523	6.01617401002548
3.93889635026243	2.07829611571897	4.06661247475695	5.99202849709416
3.94599497325612	2.14121945654927	4.07381664146253	5.976431080155
3.9530935962498	2.14488733179802	4.06316402410908	5.98733284398068
3.96019221924349	2.08624415930697	4.05826133968924	6.00597799647981
3.96729084223718	2.11040399209923	4.09859470085471	6.036568429752
3.97438946523086	2.17458826920554	4.06103521451217	6.02830210152522
3.98148808822455	2.15636922130635	4.09226982680971	6.04955424671071
3.98858671121824	2.10235826838852	4.0955829551342	6.09418900329793
3.99568533421192	2.17686696686302	4.10815677772722	6.08179546092699
4.00278395720561	2.12579317777281	4.10651970873274	6.07157345873286
4.00988258019929	2.14020611693078	4.12339707302745	6.08958916110644
4.01698120319298	2.20591713364991	4.12359898885954	6.13023378498838
4.02407982618667	2.17118393878789	4.13850710786431	6.15474800542654
4.03117844918035	2.13108925958185	4.13308084458424	6.06910556497618
4.03827707217404	2.17349478544067	4.14687866582929	6.12309855888047
4.04537569516773	2.14206373141752	4.16173053456183	6.11490052382073
4.05247431816141	2.18081038106647	4.17346342487958	6.16045912036577
4.0595729411551	2.19493263328953	4.17119242654491	6.1655182199036
4.06667156414879	2.1902791144545	4.16585202237006	6.21522908364236
4.07377018714247	2.17486772818237	4.20207305619007	6.190017927417
4.08086881013616	2.19539915924901	4.18392133074574	6.2404431067192
4.08796743312984	2.20662614374358	4.20365820300428	6.24652301496782
4.09506605612353	2.22147031390717	4.21540870541272	6.21922275769456
4.10216467911722	2.21153136808522	4.21152085373996	6.20116769856595
4.1092633021109	2.21949240188423	4.2469442422971	6.27140827419307
4.11636192510459	2.1923219291749	4.2260168496213	6.25163515170187
4.12346054809828	2.16351961814145	4.2314522306265	6.27503444663748
4.13055917109196	2.22851249812799	4.24945471470116	6.34775674635898
4.13765779408565	2.22793846588031	4.23808481276127	6.30445492201397
4.14475641707934	2.22699848600488	4.2484987393055	6.32529589719173
4.15185504007302	2.22585200924312	4.26762232501919	6.29280788045082
4.15895366306671	2.24730353960925	4.27825179425194	6.3269461321502
4.16605228606039	2.24181285732216	4.275041251344	6.32574283137718
4.17315090905408	2.27730474706889	4.29184125330369	6.30295996853902
4.18024953204777	2.26671208231734	4.3025865816364	6.3418415676766
4.18734815504145	2.26713290071393	4.28091206889811	6.35687596687189
4.19444677803514	2.24845347461669	4.31819532766909	6.35054213095288
4.20154540102883	2.24761053635639	4.31437402344179	6.3509174841757
4.20864402402251	2.2591854323397	4.32064665884806	6.37686636124512
4.2157426470162	2.24532244758698	4.33344846810476	6.36836588946543
4.22284127000989	2.25154620136372	4.34162903843847	6.37465459229789
4.22993989300357	2.28477437873105	4.34830320860764	6.39488144722741
4.23703851599726	2.2792261284439	4.35932403974691	6.41344433937657
4.24413713899095	2.27111862276615	4.37638347108575	6.45560757770918
4.25123576198463	2.28950636209098	4.38125088454089	6.45275535693237
4.25833438497832	2.27252616930277	4.37334657834177	6.50176895154625
4.265433007972	2.27057574619333	4.37014862684872	6.45124305861653
4.27253163096569	2.32207442623104	4.41481354997989	6.48109775244013
4.27963025395938	2.29770859955725	4.40998798453759	6.46647408308526
4.28672887695306	2.33352953308704	4.40684933813426	6.46598543545018
4.29382749994675	2.33396862469585	4.4144290415346	6.50274316268271
4.30092612294044	2.32360836362717	4.40432120816351	6.5304254756389
4.30802474593412	2.29059941539239	4.42537749244388	6.52388401895361
4.31512336892781	2.35037311342976	4.43085151000626	6.55513540430267
4.3222219919215	2.33116609892397	4.4452021676719	6.55520406252678
4.32932061491518	2.34735936820317	4.43671319512868	6.57058926468009
4.33641923790887	2.32662627735858	4.43688608505759	6.61199261315927
4.34351786090255	2.31589654836731	4.46194440610314	6.56404894054284
4.35061648389624	2.36390947493806	4.48272115530177	6.59455310205309
4.35771510688993	2.34172997057432	4.4904982542183	6.6344957514306
4.36481372988361	2.3680648292302	4.46512464827948	6.5903223658906
4.3719123528773	2.34947607680042	4.50119223388011	6.61806567932505
4.37901097587098	2.39246580243404	4.51289772196742	6.61360305253316
4.38610959886467	2.3962025224367	4.49398908915442	6.60047934508501
4.39320822185836	2.38725358198415	4.52591693953442	6.65766138311712
4.40030684485204	2.4077409418564	4.50893796674267	6.66194940936827
4.40740546784573	2.37984679586728	4.52998183650807	6.70910748014754
4.41450409083942	2.3321971304518	4.54319523697948	6.67936026385146
4.4216027138331	2.41652600246233	4.56112081967497	6.6878222654712
4.42870133682679	2.39273360518079	4.55672691407292	6.77412753816233
4.43579995982048	2.404102609348	4.56306104797439	6.72365123858517
4.44289858281416	2.40427880701326	4.56305489966515	6.7774702726916
4.44999720580785	2.44713921495306	4.5762542870073	6.73109765116567
4.45709582880153	2.41574607368707	4.57647730158269	6.73628117132606
4.46419445179522	2.41104003014527	4.61211604569817	6.74791752846353
4.47129307478891	2.42343143424953	4.59578321389032	6.76706904669801
4.47839169778259	2.41296313261229	4.60954859106883	6.78757403572916
4.48549032077628	2.42204444830196	4.60953339147786	6.78601040702471
4.49258894376997	2.43704052326579	4.60864446020521	6.81706000196197
4.49968756676365	2.44030876160513	4.62574996816486	6.80560305673458
4.50678618975734	2.47365887661696	4.64088435927742	6.84687035618592
4.51388481275103	2.47445950160393	4.62707183337117	6.83763558838202
4.52098343574471	2.40872880267482	4.63239404223492	6.82005694003863
4.5280820587384	2.45697004876735	4.66417726397624	6.84440111504125
4.53518068173209	2.4705193666224	4.65101747237865	6.8587792181973
4.54227930472577	2.46054961792758	4.65417894892259	6.87595100407513
4.54937792771946	2.50647313867641	4.67270490520784	6.93212984991379
4.55647655071314	2.5219177040326	4.65726255102108	6.92882557958733
4.56357517370683	2.4836554179561	4.68464726382034	6.91272431373354
4.57067379670052	2.53738492665988	4.68685353057489	6.93942462218428
4.5777724196942	2.47177005929929	4.71273440812983	6.92394813750153
4.58487104268789	2.48492225932216	4.70677973387034	6.97373138118124
4.59196966568158	2.47788266674723	4.72384868960746	7.0077829196636
4.59906828867526	2.54841620427885	4.72732009998339	6.94598510669141
4.60616691166895	2.49927432220728	4.72185855246074	6.98977422761783
4.61326553466264	2.52128279620232	4.72833882028944	6.9667365512263
4.62036415765632	2.51565580066191	4.72273547651224	7.00123962181452
4.62746278065001	2.53024724597325	4.75409944808419	7.02669321171642
4.63456140364369	2.48195329342516	4.77511790336546	7.00480843388212
4.64166002663738	2.51328688445339	4.76672567269514	7.03580732174172
4.64875864963107	2.48902218494041	4.77113330635443	7.0506987208528
4.65585727262475	2.56000176099748	4.7988644487052	7.12294769757803
4.66295589561844	2.51154670896968	4.77004383410421	7.07505187904212
4.67005451861213	2.56574920373851	4.80572292601704	7.10748808209663
4.67715314160581	2.53205566671004	4.7887629446381	7.11508082652107
4.6842517645995	2.54302170208419	4.80138743633418	7.14757313117595
4.69135038759319	2.57858513843405	4.81237190840663	7.11256256584091
4.69844901058687	2.58148454366261	4.82950348053837	7.09788288749517
4.70554763358056	2.56822777699199	4.84111115672385	7.10787595344338
4.71264625657424	2.52815768239755	4.8488269871282	7.17171964330389
4.71974487956793	2.57394765766594	4.84102637804946	7.16302104097175
4.72684350256162	2.5583958652235	4.85722331376484	7.0997515238043
4.7339421255553	2.58012345591628	4.87959625110079	7.1752499516181
4.74104074854899	2.56395818566989	4.8685697086749	7.1722948273102
4.74813937154268	2.63234690017228	4.88957527483631	7.21402896089844
4.75523799453636	2.60822494607429	4.87766519622181	7.16835715594333
4.76233661753005	2.61083944752376	4.89184630417867	7.22361969861916
4.76943524052374	2.60144416501011	4.89849243867006	7.21953022040607
4.77653386351742	2.64375010911642	4.89478491255163	7.2643698336625
4.78363248651111	2.65825053318399	4.91518688130301	7.24249439891699
4.7907311095048	2.61846563621456	4.90746452299138	7.23694159471524
4.79782973249848	2.60289562388795	4.92608697587204	7.28113189943912
4.80492835549217	2.56373650566044	4.93246411492714	7.33057990123499
4.81202697848585	2.62737280029038	4.95775535628659	7.3474084640866
4.81912560147954	2.62143909251679	4.96889015637041	7.31234764275588
4.82622422447323	2.64710466749213	4.95497565862703	7.34609107504955
4.83332284746691	2.67459694072865	4.96385826153082	7.3095797000311
4.8404214704606	2.58926527059542	4.97510495026633	7.35843128853921
4.84752009345429	2.65068177235253	4.97905256036483	7.28309439816864
4.85461871644797	2.62977468747066	4.99127784192302	7.34736659637903
4.86171733944166	2.67623499691328	5.01707295720552	7.35953054874513
4.86881596243535	2.63832226491927	4.9909244951781	7.36942545107785
4.87591458542903	2.66633583734561	5.02136209784431	7.32994798136617
4.88301320842272	2.63848024980365	5.01657923520616	7.41531994325986
4.8901118314164	2.66156750979172	5.02114346217164	7.42741596114337
4.89721045441009	2.68326395398111	5.03321592570719	7.42027561708758
4.90430907740378	2.63643372888646	5.04422238831576	7.43695521939869
4.91140770039746	2.64841994007455	5.02931471189248	7.45329867228673
4.91850632339115	2.71659574148454	5.04854235784063	7.46647429081213
4.92560494638484	2.65160560215845	5.06405522484723	7.4311417987608
4.93270356937852	2.72050346811961	5.07323439882936	7.47791900426901
4.93980219237221	2.6971803835468	5.09040738972116	7.491634988173
4.9469008153659	2.70581997464971	5.06125166118542	7.52779093462203
4.95399943835958	2.71638115742202	5.10536739649657	7.5481927515794
4.96109806135327	2.74394399301536	5.10880307890157	7.50613643006234
4.96819668434695	2.71596526502878	5.09523578002013	7.51227647267017
4.97529530734064	2.75894129253592	5.10959676938457	7.52399018489793
4.98239393033433	2.73366428072793	5.1028886164759	7.51178921841703
4.98949255332801	2.70637869855006	5.12082909179515	7.53896993664706
4.9965911763217	2.74107341898796	5.12945488611365	7.55280462568628
5.00368979931539	2.76331563101742	5.13436327784686	7.54902493944278
5.01078842230907	2.75621777776912	5.16033231420438	7.61192968083478
5.01788704530276	2.70976451692685	5.16071898675146	7.63390238983727
5.02498566829644	2.73598986279003	5.17101170218904	7.67608810004918
5.03208429129013	2.71570414274227	5.15668217442182	7.63328437209889
5.03918291428382	2.72012133046595	5.18719558206018	7.64978272074587
5.0462815372775	2.74320239011222	5.21601534746064	7.63018318780173
5.05338016027119	2.74588833429661	5.20395733317991	7.61871305553705
5.06047878326488	2.80677920012686	5.1831434452082	7.66160356560773
5.06757740625856	2.74155408040832	5.21190282636139	7.66689107135697
5.07467602925225	2.80304193621397	5.2301810679183	7.65043161941857
5.08177465224593	2.79655165388667	5.21012862711414	7.69666745862138
5.08887327523962	2.77845636319933	5.22954408855692	7.70472225983652
5.09597189823331	2.81270738613514	5.23693236815702	7.74179732974777
5.10307052122699	2.81348735243303	5.25240595578065	7.72073699910733
5.11016914422068	2.79285582179103	5.24069488023712	7.69471455726516
5.11726776721437	2.80264665328404	5.26300417122091	7.75071786905618
5.12436639020805	2.78496972595	5.26828508658145	7.73984534150582
5.13146501320174	2.81451199346212	5.26152475832707	7.77188362484519
5.13856363619543	2.82245741567011	5.28010454421416	7.77678063211211
5.14566225918911	2.84056586337408	5.29401002861483	7.83458614019269
5.1527608821828	2.83501390198775	5.30144259679515	7.76061644359234
5.15985950517649	2.8285792367936	5.28758600239922	7.81312155505806
5.16695812817017	2.81980738724406	5.29869655592616	7.83303708039374
5.17405675116386	2.83783523954481	5.3147089203719	7.81453991657944
5.18115537415754	2.84828736503826	5.31713107449357	7.80774967902819
5.18825399715123	2.86006559456823	5.33364787181989	7.861475152286
