"mitochan"	"lwrNorm"	"medNorm"	"uprNorm"
-1.90327037354145	-2.07084246155568	-1.79845584822232	-1.52910789623692
-1.89675012620563	-2.0575675701727	-1.78978308461022	-1.51327974965672
-1.89022987886982	-2.06451240590366	-1.79248351566526	-1.51276034832496
-1.88370963153401	-2.05491160793488	-1.7798736116997	-1.50104108030666
-1.87718938419819	-2.04498010076616	-1.77011366385532	-1.50073998740745
-1.87066913686238	-2.02981381314616	-1.7644770426851	-1.49366816891344
-1.86414888952656	-2.03628190049948	-1.76553338243701	-1.49671318247613
-1.85762864219075	-2.01743039906507	-1.75578930067916	-1.48108494323784
-1.85110839485494	-2.01560560989578	-1.75241990998721	-1.4773391564974
-1.84458814751912	-2.03964934963648	-1.73790558015789	-1.48280081242731
-1.83806790018331	-2.00014284209622	-1.73594147206415	-1.45246055648783
-1.83154765284749	-2.00443058935511	-1.73479559439948	-1.45654492483424
-1.82502740551168	-1.9837563246478	-1.72485034259225	-1.45865844363435
-1.81850715817587	-1.98329444963785	-1.71892790435854	-1.44236914881821
-1.81198691084005	-1.98384437889492	-1.71071230697143	-1.43424866383303
-1.80546666350424	-1.98028240600374	-1.70875039415078	-1.43335544592675
-1.79894641616842	-1.98054763832658	-1.7024917208617	-1.41960242077714
-1.79242616883261	-1.96380677349531	-1.69379511187439	-1.41916558979412
-1.7859059214968	-1.96014779070569	-1.69582390542946	-1.41804275075912
-1.77938567416098	-1.95620718737673	-1.68089792162875	-1.41164233536512
-1.77286542682517	-1.94984663957632	-1.6772360482543	-1.4054205808865
-1.76634517948935	-1.94596028313764	-1.67505237220476	-1.41438786257345
-1.75982493215354	-1.93545452377541	-1.66958577017962	-1.40961688288967
-1.75330468481773	-1.91881750505622	-1.65341101750511	-1.37849628319854
-1.74678443748191	-1.92944490093556	-1.65043686284742	-1.39231278315821
-1.7402641901461	-1.91187547833962	-1.645673486698	-1.37503916156927
-1.73374394281028	-1.92073590366858	-1.64477210032319	-1.37659302178926
-1.72722369547447	-1.90741833701501	-1.63895950924205	-1.36544508676718
-1.72070344813866	-1.89765165819219	-1.62843738823018	-1.36602971998553
-1.71418320080284	-1.90110144468503	-1.62680026024871	-1.34084150820319
-1.70766295346703	-1.90364647488176	-1.62117009809613	-1.36606674437102
-1.70114270613121	-1.8906902999375	-1.60623467916706	-1.34862958746548
-1.6946224587954	-1.87950338276811	-1.60932666856752	-1.34763830044341
-1.68810221145959	-1.8741806799615	-1.59864946752278	-1.33518334717402
-1.68158196412377	-1.86438859721872	-1.59717231251326	-1.32802795718057
-1.67506171678796	-1.86331770099964	-1.59144866675576	-1.31704460627452
-1.66854146945214	-1.86217516487599	-1.58121490226773	-1.32459289651317
-1.66202122211633	-1.85714941748447	-1.57518162711773	-1.30483800229824
-1.65550097478052	-1.85243215408576	-1.57160165439066	-1.29897759969389
-1.6489807274447	-1.82991727367185	-1.56500194143545	-1.28530405925559
-1.64246048010889	-1.81239276924255	-1.55681192555898	-1.288973969978
-1.63594023277307	-1.83129502281745	-1.55815461166006	-1.29191779256043
-1.62941998543726	-1.81632258439719	-1.55010981655986	-1.287966515859
-1.62289973810145	-1.80264240773305	-1.54260849053166	-1.27472809750982
-1.61637949076563	-1.79792176689189	-1.53332781420161	-1.27759594199123
-1.60985924342982	-1.80371846075969	-1.52872738002633	-1.26149594802293
-1.603338996094	-1.80572463870539	-1.5224896235793	-1.25714274733653
-1.59681874875819	-1.78938255387604	-1.52281680537378	-1.24601925449807
-1.59029850142237	-1.77726598536008	-1.51573396083085	-1.23949124955594
-1.58377825408656	-1.77817274627802	-1.50650000089462	-1.25426233040251
-1.57725800675075	-1.77431234646911	-1.5031302733425	-1.24496084055673
-1.57073775941493	-1.77876738740793	-1.49835034780119	-1.22903535436918
-1.56421751207912	-1.75131583746953	-1.48837678144395	-1.23313132549444
-1.5576972647433	-1.74202375201851	-1.48736467289019	-1.21494446169156
-1.55117701740749	-1.75975264467877	-1.47247212347514	-1.20866461827853
-1.54465677007168	-1.74596034977767	-1.46973951238965	-1.19412662408033
-1.53813652273586	-1.7464032716546	-1.46169588343266	-1.19522230188134
-1.53161627540005	-1.72494651246849	-1.45943633994021	-1.1919915420828
-1.52509602806423	-1.71176908676389	-1.45485191089614	-1.18999818320217
-1.51857578072842	-1.72130631120684	-1.45064651383825	-1.17417656052556
-1.51205553339261	-1.71780073067779	-1.44582493600914	-1.18807011459427
-1.50553528605679	-1.6884426779082	-1.43602456192888	-1.16294506610326
-1.49901503872098	-1.70798802668964	-1.4243334251296	-1.16049436277744
-1.49249479138516	-1.68922317043758	-1.42986688342205	-1.16637253916372
-1.48597454404935	-1.67188412434757	-1.4175231226356	-1.15917685923698
-1.47945429671354	-1.67890435966203	-1.41139369816112	-1.13362191548805
-1.47293404937772	-1.66545058557328	-1.40473939167006	-1.15010497938632
-1.46641380204191	-1.65853460331691	-1.39721776749143	-1.11539784807492
-1.45989355470609	-1.65813135058928	-1.39483452202819	-1.12808536755452
-1.45337330737028	-1.65244132634297	-1.38487650994296	-1.12023196508289
-1.44685306003447	-1.6431689613234	-1.3777023943457	-1.10908344824554
-1.44033281269865	-1.63688746951154	-1.37408825409226	-1.11278913454054
-1.43381256536284	-1.64503322720828	-1.37222028344881	-1.09493487029646
-1.42729231802702	-1.64981496024194	-1.36610586923448	-1.09833922694429
-1.42077207069121	-1.63046979638437	-1.35809385906173	-1.09064811485333
-1.4142518233554	-1.60635393429674	-1.35996885168327	-1.09462675702663
-1.40773157601958	-1.62060167826945	-1.34280408266726	-1.07375469358468
-1.40121132868377	-1.6206376225571	-1.343198513225	-1.07340611621895
-1.39469108134795	-1.59705024023414	-1.33513313168719	-1.08142531328628
-1.38817083401214	-1.58379165546492	-1.3250549142294	-1.06363597592711
-1.38165058667633	-1.59043180863324	-1.32202486087798	-1.04877792654517
-1.37513033934051	-1.58477882005445	-1.31986915350382	-1.05155027244684
-1.3686100920047	-1.5702355918119	-1.31414446197906	-1.0466584411935
-1.36208984466888	-1.57110581495378	-1.30513957432076	-1.03090075052183
-1.35556959733307	-1.56805345142972	-1.29484646550082	-1.03203679508166
-1.34904934999726	-1.56407060838311	-1.2993446032953	-1.03872805731283
-1.34252910266144	-1.5680470847502	-1.28591210483512	-1.03287193510914
-1.33600885532563	-1.54704541960816	-1.28420627798695	-1.01911302054712
-1.32948860798981	-1.56869430658528	-1.28374269210536	-1.01958573270978
-1.322968360654	-1.54726952701612	-1.27880594340237	-1.00534474446554
-1.31644811331819	-1.53540049412838	-1.27035765060092	-0.990180991009795
-1.30992786598237	-1.52443604560282	-1.26084362412886	-1.0041503719096
-1.30340761864656	-1.53061412880261	-1.25843076701369	-0.989532620264528
-1.29688737131074	-1.5053677510392	-1.24767901984113	-0.964333688982799
-1.29036712397493	-1.49982186028504	-1.24378304215278	-0.977798947768177
-1.28384687663911	-1.50164918369316	-1.24095154195263	-0.972879928656997
-1.2773266293033	-1.50663883202945	-1.23731477871924	-0.964285044535803
-1.27080638196749	-1.48324977555772	-1.23104141615987	-0.974244564077169
-1.26428613463167	-1.48189998220261	-1.22001357016829	-0.961218624043182
-1.25776588729586	-1.48369466411712	-1.20912379238382	-0.951004441246039
-1.25124563996004	-1.47725425505574	-1.20524962243255	-0.949299389378183
-1.24472539262423	-1.47166088303611	-1.20277708585536	-0.93430771832713
-1.23820514528842	-1.46607544067564	-1.19313732174354	-0.918458706764683
-1.2316848979526	-1.46374877555431	-1.18670697393835	-0.94105232335864
-1.22516465061679	-1.44253960255033	-1.18269191130072	-0.923106790704159
-1.21864440328097	-1.44138843102727	-1.17828161538234	-0.909646466869514
-1.21212415594516	-1.44026689690018	-1.17607825898605	-0.906092316058172
-1.20560390860935	-1.43488851750786	-1.16485698441371	-0.907071943888726
-1.19908366127353	-1.43118950948108	-1.1621066717556	-0.889202552897213
-1.19256341393772	-1.41068165479265	-1.16044522289349	-0.888384059708508
-1.1860431666019	-1.41494780063184	-1.14915309582192	-0.890587054062981
-1.17952291926609	-1.41551046248353	-1.14210761759226	-0.881350382959509
-1.17300267193028	-1.3968258402093	-1.1398787362712	-0.86947113070746
-1.16648242459446	-1.3936905022228	-1.13385806856139	-0.877581469660843
-1.15996217725865	-1.39003352428859	-1.12730767247103	-0.85519433904057
-1.15344192992283	-1.38553188947745	-1.1157111075385	-0.857224814887457
-1.14692168258702	-1.38291861465664	-1.11705336811544	-0.842728190702822
-1.14040143525121	-1.36128518545108	-1.10442539777166	-0.837708709885894
-1.13388118791539	-1.36919738082631	-1.10100890052551	-0.82553590164878
-1.12736094057958	-1.3601298771769	-1.09381953915475	-0.832720771287999
-1.12084069324376	-1.37090775212904	-1.08827343509601	-0.827247891791879
-1.11432044590795	-1.33994968896192	-1.07982744677865	-0.823227452343367
-1.10780019857214	-1.35885079546323	-1.07895125685995	-0.811260472218773
-1.10127995123632	-1.32980997052542	-1.06578937093701	-0.802564384427086
-1.09475970390051	-1.33017816566083	-1.06893645950696	-0.810534682828954
-1.08823945656469	-1.32922105498873	-1.06196332637342	-0.800150421761583
-1.08171920922888	-1.31859876383718	-1.05492689820158	-0.792890832004795
-1.07519896189307	-1.32312262641289	-1.04749368046824	-0.787680341137087
-1.06867871455725	-1.32843017281235	-1.043454511399	-0.785777756902217
-1.06215846722144	-1.30502963536387	-1.03787309412972	-0.774307132053383
-1.05563821988562	-1.30766912984821	-1.02860198285079	-0.763841245529308
-1.04911797254981	-1.30043747148877	-1.02438245557867	-0.760915722412657
-1.042597725214	-1.30088953782288	-1.01734493722736	-0.753808264136519
-1.03607747787818	-1.26582070864448	-1.01332513321464	-0.752476359437133
-1.02955723054237	-1.28518996552833	-1.012290770266	-0.743444080725939
-1.02303698320655	-1.27504517553696	-1.00051026927987	-0.727697801619126
-1.01651673587074	-1.2499804314588	-0.994109755672892	-0.735921194510368
-1.00999648853493	-1.26409735763656	-0.985743122578004	-0.735505227526853
-1.00347624119911	-1.23970643993791	-0.981268934045542	-0.723213468941116
-0.996955993863297	-1.24720821681377	-0.983394646678337	-0.706082503490097
-0.990435746527483	-1.2325197030742	-0.968396616579812	-0.711213431116967
-0.983915499191669	-1.23525285642076	-0.966772020626078	-0.702654806701087
-0.977395251855855	-1.22589279706542	-0.961334702810636	-0.708705434535171
-0.970875004520041	-1.22073971826195	-0.955933350649274	-0.680159445361139
-0.964354757184227	-1.20597711045143	-0.951945135770286	-0.691085412115168
-0.957834509848413	-1.20963276409498	-0.939246778022778	-0.67680092216696
-0.951314262512599	-1.2026954937463	-0.937038895028745	-0.672589314667846
-0.944794015176785	-1.19792298264363	-0.929806511504597	-0.677532405556328
-0.938273767840971	-1.17736345145595	-0.928462145568516	-0.648472162994474
-0.931753520505157	-1.18944417830606	-0.917425177888081	-0.661265870992864
-0.925233273169343	-1.17735354681608	-0.914000448842931	-0.658291338757622
-0.918713025833529	-1.17441500774291	-0.910377879661042	-0.638750765332889
-0.912192778497715	-1.15902878185185	-0.897611371820015	-0.644764409654477
-0.9056725311619	-1.1542371266123	-0.891071579410463	-0.632510657479411
-0.899152283826086	-1.13901022643245	-0.890484659302823	-0.636709461988242
-0.892632036490272	-1.15215182987261	-0.87942930142076	-0.62736156537641
-0.886111789154458	-1.14175408370612	-0.884043772444742	-0.615904400162518
-0.879591541818644	-1.14501794876093	-0.875518271670924	-0.603605807324452
-0.87307129448283	-1.14068473961317	-0.863472456983941	-0.614383706091281
-0.866551047147016	-1.11906634395431	-0.865666874498433	-0.599291977177851
-0.860030799811202	-1.11278793415137	-0.85668680254492	-0.586948406053169
-0.853510552475388	-1.10833950573482	-0.847973349094858	-0.581560543110439
-0.846990305139574	-1.11857099215738	-0.842411444267153	-0.573678842876001
-0.84047005780376	-1.09971279416372	-0.837914910428115	-0.58550819038661
-0.833949810467946	-1.08545719179937	-0.83192303223333	-0.568741152647658
-0.827429563132132	-1.08298259470845	-0.819047738004237	-0.557621574519839
-0.820909315796318	-1.08728738300276	-0.82814886842197	-0.573210507685913
-0.814389068460504	-1.07566256853149	-0.816365324328916	-0.544938226338867
-0.80786882112469	-1.05623184962291	-0.808144767482894	-0.53994670158823
-0.801348573788876	-1.06014394448069	-0.800869951748461	-0.533819888146931
-0.794828326453062	-1.06516593960246	-0.796230065594361	-0.532835129155158
-0.788308079117248	-1.05602481297617	-0.791858882500154	-0.533281741932581
-0.781787831781434	-1.04124677072321	-0.781457510586409	-0.505772683239262
-0.77526758444562	-1.0459461537603	-0.774150658695633	-0.523569791967076
-0.768747337109805	-1.03971338729055	-0.773637679485273	-0.503851488778553
-0.762227089773992	-1.03228920433356	-0.77022453775978	-0.482863601271886
-0.755706842438177	-1.01156518621643	-0.756558952313436	-0.508956805062819
-0.749186595102364	-1.01022543133504	-0.755245410818127	-0.507556564314519
-0.742666347766549	-1.0180277940965	-0.746317089983868	-0.489566325230476
-0.736146100430735	-0.995207525794284	-0.74717331943139	-0.483686169481616
-0.729625853094921	-0.989901718851223	-0.740406541815006	-0.471775339949205
-0.723105605759107	-1.00454632226235	-0.735172291147822	-0.48006764995461
-0.716585358423293	-0.974713823732961	-0.724213740524653	-0.452982226138241
-0.710065111087479	-0.967273092155356	-0.719838051992303	-0.452549394883658
-0.703544863751665	-0.972408054749275	-0.713400622204421	-0.454765219764424
-0.697024616415851	-0.962524867336338	-0.702965874696734	-0.450903801386946
-0.690504369080037	-0.978569842953295	-0.705453816959742	-0.445198583005782
-0.683984121744223	-0.956460351147781	-0.691308144594909	-0.444236150768621
-0.677463874408409	-0.94493218874179	-0.690649979091031	-0.417651640790481
-0.670943627072595	-0.948387863360984	-0.688567631626816	-0.399096363676193
-0.664423379736781	-0.934876993794729	-0.684087858015551	-0.436280510161715
-0.657903132400967	-0.935894077022135	-0.667903878796922	-0.394344190499141
-0.651382885065153	-0.924450481091765	-0.662874938766594	-0.409499617521291
-0.644862637729339	-0.917797731906495	-0.665349749547287	-0.405885322812787
-0.638342390393525	-0.933254682457071	-0.655881292581584	-0.394039938634597
-0.631822143057711	-0.907083538302127	-0.649753016952554	-0.391248485327132
-0.625301895721897	-0.903219420430151	-0.648434352831639	-0.385166511784736
-0.618781648386083	-0.910419988277756	-0.635389281597346	-0.373787161005515
-0.612261401050268	-0.898715495025733	-0.628080793621772	-0.351611731221093
-0.605741153714455	-0.891755487413183	-0.626792567179687	-0.367621553467395
-0.59922090637864	-0.871586223755001	-0.622719080390475	-0.342745605184625
-0.592700659042826	-0.880462975787303	-0.610418806867219	-0.342917936680223
-0.586180411707012	-0.880502902177721	-0.605633479177996	-0.351649470741596
-0.579660164371198	-0.85726254357663	-0.596203111626357	-0.349884985737708
-0.573139917035384	-0.862652543302691	-0.596092591603667	-0.335806497720627
-0.56661966969957	-0.83478786601606	-0.58763670351548	-0.327417153550946
-0.560099422363756	-0.847794354413182	-0.58246850404082	-0.325916676383668
-0.553579175027942	-0.839893204827376	-0.57785292028787	-0.319917015786803
-0.547058927692128	-0.840461529495812	-0.568550799024428	-0.310519688932794
-0.540538680356314	-0.838663507676277	-0.568037980892478	-0.291271625284834
-0.5340184330205	-0.806483399463702	-0.557965582875986	-0.289258294809375
-0.527498185684686	-0.802275477729579	-0.544922737703939	-0.291285502325922
-0.520977938348872	-0.812169527228193	-0.547886203925307	-0.281876307271461
-0.514457691013058	-0.801160607596175	-0.544666070000775	-0.285705607092878
-0.507937443677244	-0.786906745858976	-0.529150184054026	-0.271801527827927
-0.50141719634143	-0.789935697033619	-0.528794037751046	-0.267484720229872
-0.494896949005616	-0.785693604513493	-0.520286353796387	-0.258226440526959
-0.488376701669802	-0.773278322277082	-0.525159247567491	-0.259639570496738
-0.481856454333988	-0.773059971747371	-0.515056059913197	-0.236358542594863
-0.475336206998174	-0.76339289354544	-0.504886558482789	-0.244495876032371
-0.46881595966236	-0.774036910762548	-0.506525524268428	-0.246360752047078
-0.462295712326546	-0.743487413862087	-0.492369469784923	-0.231653366509419
-0.455775464990732	-0.75829927333643	-0.484481325159302	-0.22753960276325
-0.449255217654917	-0.737769960577383	-0.479647690866344	-0.224741411891614
-0.442734970319103	-0.738296490295978	-0.477718507332481	-0.218746219357992
-0.436214722983289	-0.724805922631104	-0.47255979790217	-0.210064514894178
-0.429694475647475	-0.72637723158848	-0.461370296152454	-0.18802614719859
-0.423174228311661	-0.720916053911554	-0.456597983494705	-0.194418635811418
-0.416653980975847	-0.713875953667558	-0.456213548824883	-0.194390915170435
-0.410133733640033	-0.699465067539575	-0.454760137238249	-0.192373022009088
-0.403613486304219	-0.711560071522067	-0.439859505198924	-0.171376605020508
-0.397093238968405	-0.692880804310939	-0.436372403892457	-0.178694799847993
-0.390572991632591	-0.686033951215511	-0.428915146550411	-0.151826962905553
-0.384052744296777	-0.689279408889159	-0.422498103713557	-0.155847473130765
-0.377532496960963	-0.686561892588352	-0.421697970010572	-0.166408604076354
-0.371012249625149	-0.677590521942815	-0.413285041927242	-0.147297995221246
-0.364492002289335	-0.669576443335062	-0.405867298908143	-0.153821238115836
-0.357971754953521	-0.664801691068232	-0.39333270800124	-0.136780682987701
-0.351451507617707	-0.657540492042508	-0.387536567486591	-0.137977575589755
-0.344931260281893	-0.633020974891089	-0.388739998146439	-0.126812653078112
-0.338411012946079	-0.638849788588273	-0.382231831637471	-0.124703057445314
-0.331890765610265	-0.631483741398593	-0.38039484927607	-0.124627402419187
-0.325370518274451	-0.646710679185536	-0.366343289387581	-0.122889391597966
-0.318850270938637	-0.620475486387776	-0.368996155305696	-0.104091825899068
-0.312330023602823	-0.623438914964107	-0.358325186347544	-0.109573384385433
-0.305809776267008	-0.616183800695857	-0.353865935609093	-0.0820397938140137
-0.299289528931195	-0.610714120540137	-0.3456242915782	-0.0807271504927206
-0.29276928159538	-0.60505462796469	-0.33964299840357	-0.0796284958849499
-0.286249034259566	-0.594022852046841	-0.330306002549473	-0.0604124203935126
-0.279728786923752	-0.573775492211223	-0.323049999513107	-0.0676311679867995
-0.273208539587938	-0.571716336445908	-0.323100660176271	-0.0618321411235026
-0.266688292252124	-0.571780123128067	-0.320918999579953	-0.0569138731167774
-0.26016804491631	-0.564354677925945	-0.309891569099773	-0.0464804747904378
-0.253647797580496	-0.565596783250003	-0.302829923616615	-0.0277739504605431
-0.247127550244682	-0.54546467328366	-0.288401046068027	-0.0509340071090193
-0.240607302908868	-0.557186761254118	-0.295525475510767	-0.0305604213614479
-0.234087055573054	-0.554417104485584	-0.286695242468021	-0.0200011698568755
-0.22756680823724	-0.534843378891887	-0.285428659021544	-0.022661127399685
-0.221046560901426	-0.528891470471894	-0.278763592358838	-0.0263288133077419
-0.214526313565612	-0.521876313026082	-0.271363939635567	-0.0109213250963169
-0.208006066229798	-0.536484225134112	-0.261403155502993	0.00618920829666676
-0.201485818893984	-0.518603387766074	-0.263268987355506	-0.00361166312749411
-0.19496557155817	-0.534679536930891	-0.258768910480195	0.00876983908168363
-0.188445324222356	-0.506687238922504	-0.2437472787128	0.00513073020820107
-0.181925076886542	-0.496598466376046	-0.242499585809861	0.024500449929113
-0.175404829550728	-0.491393637486588	-0.237878066393763	0.00920174074857948
-0.168884582214914	-0.479810507206269	-0.231512349235321	0.0269896303636339
-0.1623643348791	-0.479360703320151	-0.218048580938681	0.0388391429367498
-0.155844087543286	-0.473237338269715	-0.213272107907442	0.0427203737572963
-0.149323840207471	-0.480709074724621	-0.213611272197954	0.0463814505135283
-0.142803592871658	-0.45310011349809	-0.208164185416847	0.0533892436279012
-0.136283345535843	-0.457164607871229	-0.203714348520329	0.0639319604444184
-0.12976309820003	-0.458547434730789	-0.194521740025864	0.0756175535679854
-0.123242850864215	-0.455411017715737	-0.192211452617626	0.0732738104727008
-0.116722603528401	-0.443479590181392	-0.184484374820489	0.0736941704688302
-0.110202356192587	-0.435819394269144	-0.177803994515769	0.0812284667098259
-0.103682108856773	-0.424467395424977	-0.171494645897919	0.102647339806543
-0.0971618615209593	-0.429787838305907	-0.169737027276884	0.101946095332352
-0.0906416141851452	-0.416647425314436	-0.159239633693187	0.0851158208152025
-0.084121366849331	-0.405806593074288	-0.145164357329893	0.11548598025961
-0.0776011195135171	-0.394814822940716	-0.14119512917161	0.107737512218563
-0.071080872177703	-0.399598254850672	-0.140278506661082	0.104242274835707
-0.0645606248418891	-0.382857876666172	-0.134955334743515	0.124205439164772
-0.0580403775060749	-0.399262566078833	-0.125407770496935	0.142877852173236
-0.0515201301702608	-0.387932929189499	-0.122513294037214	0.129831560063342
-0.0449998828344469	-0.368663208440166	-0.113446311471451	0.142047364327756
-0.0384796354986328	-0.377828996834367	-0.113519373787252	0.143841115127364
-0.0319593881628188	-0.362912233236412	-0.0977300559786096	0.15008619343582
-0.0254391408270047	-0.362032830809242	-0.103345058324011	0.155485717124461
-0.0189188934911908	-0.343052890492435	-0.0904593943173107	0.160468038195605
-0.0123986461553767	-0.347437289894913	-0.0865687755057148	0.163635902717173
-0.00587839881956254	-0.355005315439095	-0.0855651932260072	0.167589803989971
0.000641848516251375	-0.331291155269662	-0.0794359433306251	0.178553524513366
0.00716209585206551	-0.34317901515386	-0.0639030659509852	0.184716044796286
0.0136823431878794	-0.32538993039508	-0.0642652315004843	0.198933937265018
0.0202025905236936	-0.308071608112198	-0.0594698324618808	0.204573574863577
0.0267228378595077	-0.302554458176869	-0.0498497904155267	0.201846795461792
0.0332430851953216	-0.301044785002264	-0.0450689141927855	0.205606690454781
0.0397633325311357	-0.319302794324528	-0.039324129454637	0.21092797607519
0.0462835798669496	-0.2964195430025	-0.0368740697901508	0.213229903202499
0.0528038272027638	-0.296764933178108	-0.0254765930794226	0.219939306947963
0.0593240745385779	-0.290302195601199	-0.0202168822082134	0.23595441271907
0.0658443218743918	-0.276612403181554	-0.0174778719887664	0.227663830443189
0.072364569210206	-0.265991557177	-0.0108240468645248	0.252856832659645
0.0788848165460199	-0.261090949368249	-0.00909911550827013	0.244106577452639
0.085405063881834	-0.242807486503859	-0.00260732141176536	0.265253820493478
0.0919253112176479	-0.255961808680179	0.00255302053292182	0.258801521255058
0.098445558553462	-0.249613702757954	0.00533902199237956	0.258994429623841
0.104965805889276	-0.244254013935526	0.0191910489676879	0.278308200903979
0.11148605322509	-0.230454808781277	0.0240680362744605	0.280008982088795
0.118006300560904	-0.236565371175204	0.0325979461442548	0.285223383063113
0.124526547896718	-0.212583284247602	0.0292721656321572	0.291582164621711
0.131046795232532	-0.225219091304927	0.0305663323324956	0.299836533652724
0.137567042568346	-0.212990752095154	0.0461662272150056	0.306434471009142
0.144087289904161	-0.212548066826252	0.0512196538961344	0.307550459500883
0.150607537239974	-0.209998428428364	0.0569405828547784	0.322323884722478
0.157127784575788	-0.197258756589571	0.0667940647180966	0.312632568394181
0.163648031911602	-0.182861736466144	0.0725412567843268	0.329096350877484
0.170168279247417	-0.17377038744232	0.0789250516005968	0.33610732951099
0.176688526583231	-0.184567357641811	0.0853261469552512	0.328398409119657
0.183208773919044	-0.170729816938482	0.0908060786371907	0.354842428569409
0.189729021254859	-0.163138438519811	0.0933642449026308	0.355377770942481
0.196249268590673	-0.155689369693645	0.103355186102029	0.355255339412352
0.202769515926487	-0.146379986935618	0.105074549386463	0.367057250512747
0.209289763262301	-0.15310360974925	0.114827133077362	0.352630812357129
0.215810010598115	-0.13400776282833	0.115549044669285	0.36517292269827
0.222330257933929	-0.143521482380137	0.123787094715148	0.367688539779382
0.228850505269743	-0.141178420876201	0.131798213661955	0.388361171668905
0.235370752605557	-0.117196530823374	0.138234176946407	0.402459905021872
0.241890999941371	-0.111758760504686	0.137349866818069	0.393934752935312
0.248411247277185	-0.12059079960885	0.150475243520803	0.408060190164142
0.254931494612999	-0.110647056460761	0.150350959736995	0.411967081186192
0.261451741948813	-0.0967859934790141	0.155492369862139	0.422662345344508
0.267971989284627	-0.0944195547904641	0.164769164659999	0.437826893879596
0.274492236620441	-0.0836464000233815	0.170824090507663	0.42998532332925
0.281012483956255	-0.0960906339621075	0.179299570678314	0.437705667885925
0.287532731292069	-0.0628057365283405	0.179422671447787	0.445002992615504
0.294052978627883	-0.0719745451866224	0.182974033440031	0.449586729944888
0.300573225963698	-0.0619534355037669	0.190637555461033	0.438531438419219
0.307093473299511	-0.0641680600835138	0.197950025614915	0.462465226914528
0.313613720635325	-0.0414356063218438	0.20392966436509	0.469989244288886
0.320133967971139	-0.059211161023458	0.21309160349408	0.463822037114966
0.326654215306954	-0.0327221719560489	0.225373611219182	0.481622357097241
0.333174462642768	-0.0379590883468068	0.228924158099621	0.482411887365782
0.339694709978581	-0.0243578602005747	0.231707235368001	0.48547295591104
0.346214957314396	-0.0256757464743108	0.228490726073064	0.48305632835393
0.35273520465021	-0.0158596860113762	0.243294560592222	0.502261358831396
0.359255451986024	-0.00375073749815725	0.248826699111194	0.512131372149474
0.365775699321838	-0.00110561154621332	0.250957343305224	0.50660430816468
0.372295946657652	-0.00158609109465254	0.258564725359271	0.522709823142372
0.378816193993466	0.00810255144587314	0.26677980786239	0.525456439422387
0.38533644132928	0.0233498716598783	0.27156828183908	0.530512969948743
0.391856688665094	0.00519835002746912	0.270693420752264	0.520632832280114
0.398376936000908	0.0320989335796759	0.286033684191706	0.543409617274331
0.404897183336722	0.0315370296850545	0.284998069494991	0.552817889864356
0.411417430672536	0.0305262909143347	0.291680552364149	0.548667331073032
0.41793767800835	0.0491953212359413	0.303107119294519	0.572710833498341
0.424457925344164	0.0547451573760489	0.306955278179827	0.57186446376736
0.430978172679978	0.0451989733987897	0.311009717509504	0.574584239295874
0.437498420015792	0.048476873161237	0.318096049766244	0.59263351779144
0.444018667351606	0.0604929798356853	0.323810862132021	0.580518618532432
0.45053891468742	0.0823660141286013	0.326385648462597	0.589528650930656
0.457059162023234	0.0629530413697272	0.335623332799201	0.597506202305746
0.463579409359049	0.073713491841515	0.339872637521371	0.590939526508298
0.470099656694862	0.0854279199185934	0.352742627187019	0.605266508500777
0.476619904030676	0.0998002213347147	0.355351532220828	0.615682812429604
0.483140151366491	0.109101249703197	0.362998089940956	0.610921016216561
0.489660398702305	0.118801791239392	0.366557296065584	0.621841829168694
0.496180646038119	0.111950201980325	0.368993970503538	0.625101608022215
0.502700893373933	0.130858143537595	0.37374978727042	0.627749721443018
0.509221140709747	0.138704108842297	0.379580038418655	0.630085943934181
0.515741388045561	0.140183738241662	0.38916734962481	0.647818679833198
0.522261635381375	0.135764625819633	0.39478075936186	0.650790627367753
0.528781882717189	0.151745122414896	0.401296696840968	0.65955879667188
0.535302130053003	0.147636074648627	0.406420578037654	0.669430218895854
0.541822377388817	0.160002287752986	0.408779566117612	0.66372749334075
0.548342624724631	0.166705068137745	0.419887241202536	0.675145245746079
0.554862872060445	0.169906968627939	0.427546597577365	0.676668847221565
0.561383119396259	0.171745844495438	0.43580966644065	0.688722956406706
0.567903366732073	0.192130796060016	0.429308926962283	0.713635139932715
0.574423614067887	0.189504221671059	0.439027703711902	0.697904541761042
0.580943861403701	0.1885186263851	0.448531766267214	0.70951799082539
0.587464108739515	0.195165479063586	0.449951924717725	0.718051412645297
0.593984356075329	0.196996394536383	0.456866389995706	0.727123236684797
0.600504603411143	0.219978483567556	0.463624025838303	0.725362181899882
0.607024850746957	0.221698256904027	0.47428265108531	0.732581715610024
0.613545098082771	0.215688275001889	0.477427627929328	0.735263367986537
0.620065345418586	0.214695596658794	0.47605868126247	0.759725001238072
0.626585592754399	0.240484502603835	0.488905276660023	0.751139985809146
0.633105840090213	0.247894425985514	0.499691017616923	0.751251608673644
0.639626087426028	0.256682082925663	0.498287063061994	0.76858310398176
0.646146334761842	0.256101591476945	0.500441044967466	0.757667185937579
0.652666582097656	0.244450384107797	0.510211556884252	0.765712822514483
0.65918682943347	0.258731172815757	0.519271677651877	0.763620365807249
0.665707076769284	0.272759380976238	0.524815469329433	0.779217996753702
0.672227324105098	0.257400795672424	0.528624761980941	0.783353600377981
0.678747571440912	0.268024467071485	0.537816936628962	0.788831086679567
0.685267818776726	0.291759373039063	0.544404438475901	0.796136058957462
0.69178806611254	0.294642577017745	0.545982555958939	0.816663591972815
0.698308313448354	0.282212769177327	0.55698209262807	0.80859341966251
0.704828560784168	0.30861390485332	0.555055063905523	0.824061152393923
0.711348808119982	0.313716371428233	0.562533456110071	0.82134251822795
0.717869055455796	0.321403394110544	0.569944410626704	0.827222739132293
0.72438930279161	0.284472150434893	0.574117827521973	0.846969785351649
0.730909550127424	0.331194510790554	0.57512968943734	0.838078367665526
0.737429797463238	0.321379283176959	0.582148697047347	0.853481616178461
0.743950044799052	0.338750422915718	0.599049128483564	0.852046160399692
0.750470292134866	0.339267424813666	0.606482486433069	0.865701173570479
0.75699053947068	0.35143068637845	0.606962225744265	0.858740139255177
0.763510786806494	0.35930815735746	0.612796812121557	0.865382770853275
0.770031034142308	0.351986957906956	0.614688536900247	0.863878253945936
0.776551281478123	0.37646351740183	0.625956469434037	0.886670232986123
0.783071528813937	0.361142623338754	0.62882404116534	0.893588293778571
0.78959177614975	0.381723627643795	0.63525163523753	0.895858635046206
0.796112023485565	0.392834175085404	0.64456985950308	0.902299230799133
0.802632270821379	0.386101510109694	0.648052812043052	0.884779780737847
0.809152518157193	0.416948043024313	0.65432466084919	0.897703297148475
0.815672765493006	0.392138437185997	0.660347927924418	0.909658753742419
0.822193012828821	0.404047605021218	0.66198108455961	0.933887242520874
0.828713260164635	0.414969960804277	0.671716574955117	0.918697888337981
0.835233507500449	0.426801416132597	0.678298179264036	0.934374341849868
0.841753754836263	0.42155012946142	0.68781022157774	0.948539209150601
0.848274002172077	0.432549050563909	0.688050054748013	0.946226736377169
0.854794249507891	0.43295985285248	0.700076490661696	0.944644883392481
0.861314496843705	0.438018207425905	0.694546002364452	0.963588691699395
0.867834744179519	0.444611224238022	0.707245527323414	0.96405176129217
0.874354991515333	0.448231435136702	0.708934051181792	0.971846797694697
0.880875238851147	0.460667357309465	0.71414234255918	0.975134599005351
0.887395486186961	0.465275419178179	0.723830190945608	1.00230657684126
0.893915733522775	0.489379332104419	0.731672291039757	0.995850918892508
0.900435980858589	0.481076391843666	0.734628749344583	0.992927293276369
0.906956228194403	0.486424753123592	0.745198111028191	1.00117980956651
0.913476475530217	0.498624748241871	0.746448489312873	1.00343503715888
0.919996722866031	0.494719558416451	0.754083498018139	1.01550261860774
0.926516970201845	0.514593445482922	0.757656740771105	1.01330980603204
0.93303721753766	0.502520011298996	0.769669533555314	1.01649703785275
0.939557464873474	0.502883500523299	0.772262634866771	1.02480600319073
0.946077712209287	0.531395222752501	0.780183577042429	1.03372220606294
0.952597959545102	0.533158819263116	0.793695708788234	1.03985838706126
0.959118206880916	0.521462477548094	0.792308532939035	1.04198464518431
0.96563845421673	0.54759017553016	0.800383973180321	1.05586432686863
0.972158701552544	0.522943049940509	0.802813871850673	1.0528285870644
0.978678948888358	0.560191902319598	0.801909403134577	1.05770043828467
0.985199196224172	0.559197736116364	0.816453385208728	1.07562717134481
0.991719443559986	0.563224088464961	0.81675543894844	1.06961596740034
0.9982396908958	0.57282599966594	0.827902475104396	1.08014314263453
1.00475993823161	0.57663241458747	0.833583397487021	1.08550734169135
1.01128018556743	0.571107000123401	0.828971398686034	1.0940860845729
1.01780043290324	0.59530535803387	0.842800068439911	1.10795142750447
1.02432068023906	0.604812256928728	0.850113752212097	1.10476038854454
1.03084092757487	0.592111431041826	0.851079652648062	1.11760166321441
1.03736117491068	0.603680417164859	0.860370849528339	1.10994999787884
1.0438814222465	0.597774226981189	0.864592934065661	1.11509945134701
1.05040166958231	0.610682394033164	0.877995866205912	1.12674252984697
1.05692191691813	0.611683586724265	0.8748948247432	1.131114158001
1.06344216425394	0.614860646169664	0.887248548484542	1.15315252785641
1.06996241158975	0.633561883160874	0.892991202129117	1.15984971349913
1.07648265892557	0.62996973922055	0.890258888698777	1.15249376390243
1.08300290626138	0.650469994235588	0.897466449386759	1.17271070508043
1.0895231535972	0.648578526040594	0.897249006972247	1.15991310621164
1.09604340093301	0.653621304380433	0.911890323782673	1.16270794152499
1.10256364826882	0.65653889071872	0.915480516195422	1.16711186020852
1.10908389560464	0.646736615363548	0.927413982360162	1.19279695302872
1.11560414294045	0.69216792255307	0.933711359523636	1.18660293291343
1.12212439027627	0.676134855416197	0.931038334623282	1.20273442620737
1.12864463761208	0.675860006997362	0.938810513779549	1.19760585222386
1.13516488494789	0.678109784954615	0.947874608200244	1.22116251062349
1.14168513228371	0.695992674759911	0.952406232658307	1.21441796099553
1.14820537961952	0.714004668153227	0.957352695990754	1.2071980011172
1.15472562695534	0.706105599858742	0.9656583539961	1.23379728349809
1.16124587429115	0.7191092425674	0.9702560654875	1.22099195784371
1.16776612162696	0.72491607657598	0.973606137645864	1.22100664361037
1.17428636896278	0.730706998132528	0.983282637619536	1.24113286940913
1.18080661629859	0.7211641831681	0.989132272270174	1.24181250922824
1.18732686363441	0.750184229046119	0.999711048352375	1.24905432295371
1.19384711097022	0.739932377290378	1.00365795551582	1.25022435611543
1.20036735830604	0.748452542747334	1.00884996113006	1.26240935737743
1.20688760564185	0.757745050606858	1.01234466897431	1.27508980816017
1.21340785297766	0.759840421065022	1.01594032837637	1.25471905658985
1.21992810031348	0.760091595082874	1.01822300443132	1.26881897595462
1.22644834764929	0.784299271318212	1.02788994046835	1.27464180136075
1.23296859498511	0.787936349216942	1.03659360151759	1.29619762604002
1.23948884232092	0.791563992761614	1.04388729695986	1.28680264630232
1.24600908965673	0.791031349035141	1.05065122365546	1.30925749960218
1.25252933699255	0.786960786687657	1.05679984383477	1.308808104231
1.25904958432836	0.799476418370925	1.05092378581761	1.30968599655064
1.26556983166418	0.806548990796618	1.06689971736956	1.3240829720945
1.27209007899999	0.816608980323039	1.06368573521574	1.32449021038695
1.2786103263358	0.817197400262337	1.07419700562646	1.34409310059273
1.28513057367162	0.830572202792438	1.08699940973568	1.33538769390837
1.29165082100743	0.835018424755167	1.08875226651843	1.33788452773772
1.29817106834325	0.848315925440757	1.09900275447791	1.35537011561087
1.30469131567906	0.847963638404855	1.09636620101334	1.35613884791682
1.31121156301487	0.852436242283954	1.10455557973394	1.36111346362786
1.31773181035069	0.854469382846547	1.11076557397279	1.36869889492545
1.3242520576865	0.854599395005301	1.11763302004747	1.37289422346292
1.33077230502232	0.876259689633001	1.12214326918739	1.37384030707105
1.33729255235813	0.857267045959378	1.13086683430415	1.39788716448424
1.34381279969394	0.884512708637923	1.1373332783981	1.38887957451533
1.35033304702976	0.899629382861137	1.14370627520324	1.39210384207157
1.35685329436557	0.908565324654206	1.1513127855819	1.41482442324675
1.36337354170139	0.895896473660216	1.15289688122011	1.41916555872806
1.3698937890372	0.909317267201143	1.16278944825261	1.416703610448
1.37641403637301	0.901673520961861	1.16448607983688	1.4284069346774
1.38293428370883	0.909078598051551	1.16726827562285	1.42715238182167
1.38945453104464	0.931193020879619	1.17887843754854	1.43091824945683
1.39597477838046	0.917818566457721	1.18291472778082	1.42684606818798
1.40249502571627	0.934666388137784	1.18994247099895	1.43750452646906
1.40901527305208	0.942215446078532	1.20240372918001	1.45504903610008
1.4155355203879	0.960983297667003	1.19783715297284	1.45124127809537
1.42205576772371	0.939453084899181	1.2097361142238	1.46397827096441
1.42857601505953	0.954688489486086	1.2123683512256	1.47360347011493
1.43509626239534	0.960675614496929	1.21923318752422	1.47008380098903
1.44161650973115	0.976177776699988	1.2183296067598	1.47592561447478
1.44813675706697	0.968584966948271	1.22634118583939	1.48266970251246
1.45465700440278	0.978490447618028	1.23995488751675	1.52165309389395
1.4611772517386	0.977988671808463	1.24133953965337	1.50619631356488
1.46769749907441	0.993409103963274	1.25367380614813	1.50138156629578
1.47421774641023	1.00157799504962	1.25091004428246	1.50192085516028
1.48073799374604	0.991372416229289	1.25847322651292	1.51992455397691
1.48725824108185	1.01200938516673	1.26439827736964	1.51788613253315
1.49377848841767	1.01474005373494	1.27173503353481	1.51234614406752
1.50029873575348	1.02319052384468	1.27745802129851	1.5329069771874
1.5068189830893	1.03567473445882	1.28018760033207	1.53635176346045
1.51333923042511	1.02457633075138	1.28827848027925	1.55173418464685
1.51985947776092	1.04036940183576	1.29256100392106	1.55219532223857
1.52637972509674	1.03679076612403	1.30116858493905	1.56732185814358
1.53289997243255	1.05355197815843	1.30902075448814	1.57468095773116
1.53942021976837	1.05710370427685	1.3136777291455	1.55933515063665
1.54594046710418	1.07617249728763	1.31869771959811	1.57605956337829
1.55246071443999	1.05987218847854	1.3246090629132	1.57571826805978
1.55898096177581	1.07513065784899	1.33321732461724	1.57797908064747
1.56550120911162	1.08738092256932	1.33948240706481	1.59241230049963
1.57202145644744	1.08720289984915	1.3393697381014	1.59671976863881
1.57854170378325	1.08942759025848	1.35518289706326	1.6017502907917
1.58506195111906	1.10557101246462	1.35539124148295	1.59548368355413
1.59158219845488	1.09323190959652	1.35958265685833	1.60973483614106
1.59810244579069	1.10205331909214	1.36286134185126	1.61739817140335
1.60462269312651	1.12739570601509	1.37533480079815	1.6432071022679
1.61114294046232	1.12286152906453	1.38019854425414	1.63266781931435
1.61766318779813	1.12765030265249	1.38011718225345	1.63954818505307
1.62418343513395	1.12455888609773	1.38307458493362	1.63707617399815
1.63070368246976	1.14296984477618	1.39114151797696	1.65731149981888
1.63722392980558	1.13405528811428	1.40065488564541	1.65321426375706
1.64374417714139	1.16142274903167	1.40548641606353	1.66636231613207
1.6502644244772	1.13792777265953	1.41451418091996	1.68070684060483
1.65678467181302	1.16055852679564	1.42190882787189	1.66005592077535
1.66330491914883	1.16377936248616	1.42959159938691	1.69045826500015
1.66982516648465	1.18349356142974	1.43323571059335	1.69163989256736
1.67634541382046	1.17922559209736	1.43528765324429	1.68953324218155
1.68286566115627	1.1924021737011	1.43730665615574	1.67948122172998
1.68938590849209	1.1928556900274	1.45636685589495	1.70886319660554
1.6959061558279	1.19181800182448	1.44646482324778	1.70714147366656
1.70242640316372	1.19044397830105	1.4564201579579	1.70881664057779
1.70894665049953	1.20063847572754	1.46203127097022	1.70806036130123
1.71546689783534	1.20735481531161	1.47465474844532	1.73861829824305
1.72198714517116	1.21934408156989	1.47840553586588	1.72135678528733
1.72850739250697	1.23255432265108	1.47773969379214	1.74144166046655
1.73502763984279	1.24164550353778	1.491212444267	1.74239531688251
1.7415478871786	1.23762366618551	1.49607272864237	1.74870198607502
1.74806813451441	1.23148408545203	1.50211829952281	1.75729401487208
1.75458838185023	1.25291428096232	1.51283565749176	1.76375617738756
1.76110862918604	1.25841944972657	1.51647323153126	1.76203387016456
1.76762887652186	1.2637754618057	1.51545322563295	1.78683990333082
1.77414912385767	1.26314473773602	1.51635169878681	1.7824562116924
1.78066937119348	1.27051732459711	1.52811745478727	1.78871835503223
1.7871896185293	1.27052679912732	1.53921349175304	1.79918498375768
1.79370986586511	1.28657472210609	1.54069001257591	1.7952747912421
1.80023011320093	1.30373280955424	1.55043971811844	1.80313177346891
1.80675036053674	1.28016232002123	1.55791565785985	1.81045280557653
1.81327060787256	1.29724210112516	1.56702550167859	1.81526356478753
1.81979085520837	1.30562127409476	1.56613065727064	1.82162814134103
1.82631110254418	1.31000321328773	1.56812992796718	1.83339727269698
1.83283134988	1.3190123629974	1.58417049306215	1.83662561864293
1.83935159721581	1.34569367742409	1.58347330046934	1.83451892683784
1.84587184455163	1.33772493528671	1.58871712772588	1.85005017550638
1.85239209188744	1.32842083693375	1.59196413326969	1.85144346335694
1.85891233922325	1.34365439078879	1.60212109838036	1.85250073788117
1.86543258655907	1.3499609200106	1.60704794988621	1.86010339284706
1.87195283389488	1.3435277171448	1.60801384122156	1.86116923573242
1.8784730812307	1.34625250371018	1.61677349817395	1.87542713622686
1.88499332856651	1.3641589087644	1.62171691612842	1.8861357820727
1.89151357590232	1.38385085988064	1.63587032638478	1.88801608884224
1.89803382323814	1.37308937707914	1.6309550886914	1.88596595001731
1.90455407057395	1.38158492227935	1.63676791397407	1.90221073129494
1.91107431790977	1.403413877875	1.65188549209083	1.92347927516751
1.91759456524558	1.40807934733391	1.65520543516802	1.90990594028333
1.92411481258139	1.40826257338183	1.65979228138809	1.91750587005445
1.93063505991721	1.40516965277267	1.66424737768965	1.9206889678967
1.93715530725302	1.41658499154994	1.66525818095372	1.92803833903626
1.94367555458884	1.41912427127084	1.67431081115547	1.9256277373104
1.95019580192465	1.42605788473314	1.6835582099824	1.93345081032798
1.95671604926046	1.42977567745478	1.69314603622524	1.94311442847434
1.96323629659628	1.43537171883849	1.69301687917048	1.9387279828536
1.96975654393209	1.43608269696059	1.69991727585977	1.94152108617513
1.97627679126791	1.45832355699807	1.70305319648555	1.95762525686174
1.98279703860372	1.45637108740484	1.71172530729604	1.97255066284371
1.98931728593953	1.46616017808937	1.72232942910981	1.96599824837121
1.99583753327535	1.4529260831183	1.72041858372345	1.98688744946575
2.00235778061116	1.46794581835753	1.73049385735227	1.98624160363493
2.00887802794698	1.46423627459233	1.7384832853468	1.99301986553157
2.01539827528279	1.49439584017849	1.74461195065208	2.00067208037016
2.0219185226186	1.49488672200809	1.74215263831189	2.00982630562017
2.02843876995442	1.50627383582956	1.76065935632623	2.00157867535761
2.03495901729023	1.51463307209213	1.7612689628334	2.01562582005015
2.04147926462605	1.51863636451896	1.77143499724578	2.01963401471727
2.04799951196186	1.52582711653626	1.77323883831137	2.02229128509139
2.05451975929767	1.53388951790566	1.77811124201557	2.03806950369588
2.06104000663349	1.51973973585303	1.78173685209364	2.04773776297181
2.0675602539693	1.52351598533971	1.7908659780666	2.04083045007827
2.07408050130512	1.54098896091994	1.79667285933841	2.05379481115651
2.08060074864093	1.54819928351447	1.79511058164256	2.07524147486332
2.08712099597674	1.54453917623899	1.80756458232425	2.06198365645102
2.09364124331256	1.54724736916664	1.80994354379283	2.05829601658406
2.10016149064837	1.55754936393111	1.82551674846286	2.08529446409494
2.10668173798419	1.58085054533117	1.82332119034775	2.07526482205362
2.11320198532	1.57993910813296	1.83191126986858	2.09035063136562
2.11972223265582	1.59219220011635	1.83275881825522	2.08755206976179
2.12624247999163	1.58481912182516	1.84286883129143	2.09708809329183
2.13276272732744	1.58028708439053	1.84635973288059	2.12309101261954
2.13928297466326	1.6075057077524	1.85988897802526	2.09976010257469
2.14580322199907	1.60213227318644	1.86005159201207	2.12441994408884
2.15232346933489	1.61253197776525	1.86848262561371	2.12573000245233
2.1588437166707	1.6236829826983	1.86617732428979	2.12446173954268
2.16536396400651	1.62064446338049	1.87408618719877	2.13787496441089
2.17188421134233	1.62839129413598	1.8803366041648	2.13434402905269
2.17840445867814	1.63125453986823	1.89177126916359	2.14279854612636
2.18492470601396	1.63631533208058	1.8966011702482	2.15525163427892
2.19144495334977	1.64562901141189	1.90257119065269	2.16540753075737
2.19796520068558	1.64769188770807	1.90216546910069	2.16788743672255
2.2044854480214	1.65477335291452	1.90859925086335	2.17937560612526
2.21100569535721	1.64832375153756	1.91837781695174	2.18014823768885
2.21752594269303	1.66401023379868	1.92311231569592	2.18050880065884
2.22404619002884	1.66882560768044	1.92492821518068	2.19257928296901
2.23056643736465	1.68108516156104	1.93719420226452	2.1802265761471
2.23708668470047	1.68195240597474	1.94201996692792	2.19338939145464
2.24360693203628	1.68827484340748	1.94462278153052	2.20102613994184
2.2501271793721	1.68366462894755	1.95777513439508	2.21659909340178
2.25664742670791	1.70565458728914	1.96186014401929	2.22361799958246
2.26316767404372	1.71572711074016	1.96480003394763	2.22836475499288
2.26968792137954	1.71869420822379	1.97419342493736	2.22594106669289
2.27620816871535	1.73140931157003	1.98242084811816	2.24261481749494
2.28272841605117	1.71283522759633	1.97378703060085	2.25545323341816
2.28924866338698	1.72715074538086	1.98704700733062	2.24169290344516
2.29576891072279	1.73949283962294	1.98976935259197	2.24763530682169
2.30228915805861	1.74431789756386	2.0043999698771	2.25743017062278
2.30880940539442	1.73897332287456	2.00912994327956	2.26892849593475
2.31532965273024	1.75621255345396	2.01734824226628	2.27355842846046
2.32184990006605	1.76453254141936	2.018036315523	2.28791270912362
2.32837014740186	1.77010650725889	2.02689649193495	2.2847650447771
2.33489039473768	1.7681160713642	2.03391773918934	2.2784400125987
2.34141064207349	1.77606228316258	2.03962579341026	2.27933388085482
2.34793088940931	1.79143063104428	2.04655844103401	2.31644224581548
2.35445113674512	1.78884304693409	2.0542968665091	2.30859803859387
2.36097138408093	1.80824467182535	2.0545726261978	2.31874814974673
2.36749163141675	1.79132205102096	2.0600977157165	2.32344185375269
2.37401187875256	1.79312383398737	2.07152085998393	2.31038924448301
2.38053212608838	1.8176463425003	2.07018619035737	2.33404789614026
2.38705237342419	1.81982903314338	2.07071024921562	2.33177932903502
2.39357262076	1.81730633909778	2.08202453262099	2.33379050792485
2.40009286809582	1.84442162163693	2.08959744089726	2.33616211354083
2.40661311543163	1.84315954516528	2.10233094769068	2.3546221091269
2.41313336276745	1.83584237107343	2.09851788311589	2.34504445100782
2.41965361010326	1.84631573839186	2.10990430985673	2.36791198965171
2.42617385743908	1.86279217216819	2.11506838652652	2.35984612607896
2.43269410477489	1.8725011770624	2.12115088512563	2.38403547009002
2.4392143521107	1.86365673079115	2.12756946796134	2.40641048821578
2.44573459944652	1.87767117763479	2.13184940101049	2.3930993783422
2.45225484678233	1.89175707577728	2.1366911020765	2.40150439384129
2.45877509411814	1.88273408729986	2.14342376090157	2.39871557021644
2.46529534145396	1.88690258579795	2.14867202079011	2.42180635225563
2.47181558878977	1.89565880511498	2.15296756512737	2.41397873058973
2.47833583612559	1.90045177743162	2.16051235680182	2.41901813162492
2.4848560834614	1.912094988429	2.17123866978409	2.43564877423685
2.49137633079722	1.90399083339968	2.17400087380852	2.41981852407043
2.49789657813303	1.92033909640761	2.17442671148368	2.44208261454362
2.50441682546884	1.93064953813955	2.18528944812498	2.44139101907015
2.51093707280466	1.92966366988056	2.1951388172531	2.4486737339514
2.51745732014047	1.939629331425	2.19136405043771	2.44200854257331
2.52397756747629	1.94850232065581	2.21077746506909	2.45977886577897
2.5304978148121	1.94270174804939	2.21199672611549	2.46643009367197
2.53701806214791	1.96139948087313	2.21742386666309	2.46931102427296
2.54353830948373	1.95545891786683	2.2153657469182	2.46852950713722
2.55005855681954	1.9801377663379	2.22315949281001	2.48732291077427
2.55657880415536	1.97689437576599	2.22799208642509	2.50378173893512
2.56309905149117	1.96552839672029	2.23412076537228	2.48657156954636
2.56961929882698	1.96581494663764	2.23966446436898	2.50613206007867
2.5761395461628	2.00902650544324	2.24732101524508	2.51367654142859
2.58265979349861	1.99626909507032	2.25157825366994	2.51345258166774
2.58918004083443	1.99647385651061	2.26323561294584	2.51874966403077
2.59570028817024	2.01283736750843	2.26929177882047	2.525404665483
2.60222053550605	2.01799978536238	2.26801709799755	2.52677492679055
2.60874078284187	2.01398106611047	2.28044110016046	2.53761843786189
2.61526103017768	2.0242507464486	2.28283773520734	2.54420129225495
2.6217812775135	2.03068860641651	2.28877884083274	2.55761887860205
2.62830152484931	2.02161575859891	2.29262762850186	2.56107891218703
2.63482177218512	2.04013832590447	2.30248163452406	2.56048161902463
2.64134201952094	2.04714690943681	2.30148570638306	2.57336188282915
2.64786226685675	2.05073537554334	2.31649190048789	2.56723339376587
2.65438251419257	2.05264200702883	2.31986759208092	2.57826625102421
2.66090276152838	2.06937318473763	2.32927513082277	2.58935704449942
2.66742300886419	2.06478111503237	2.33220597001904	2.60116088482178
2.67394325620001	2.07875633432692	2.34097810425867	2.60263240755947
2.68046350353582	2.08666525391735	2.34254773938878	2.6253638537467
2.68698375087164	2.08617805526969	2.3498954202953	2.61722903918553
2.69350399820745	2.09857008949152	2.35929003520568	2.60959362864652
2.70002424554327	2.09728349240478	2.35708958393433	2.62383412443312
2.70654449287908	2.10153542085676	2.36589316399144	2.63341613185914
2.71306474021489	2.10638761723208	2.37044550098782	2.63094922473419
2.71958498755071	2.10833247556227	2.37914328188394	2.64230659498333
2.72610523488652	2.13072722788426	2.38451490867311	2.64440338309157
2.73262548222234	2.13603948972317	2.39288244938439	2.64588213201412
2.73914572955815	2.13894421025426	2.39763007841264	2.64479021425408
2.74566597689396	2.14395601616796	2.39679474682552	2.64782119477939
2.75218622422978	2.14400575988756	2.41152218183669	2.6726699277071
2.75870647156559	2.15667875552829	2.4148370522506	2.68526315251436
2.76522671890141	2.16477788483055	2.41913727552512	2.6704990866979
2.77174696623722	2.162130813971	2.42609348728755	2.6993155922093
2.77826721357303	2.181007328461	2.42811874283141	2.69258010078259
2.78478746090885	2.18252503205697	2.4397403450944	2.70412959893379
2.79130770824466	2.16531722689124	2.43926621443148	2.70610735551085
2.79782795558048	2.17574976359499	2.45115138891612	2.70965153377785
2.80434820291629	2.21232237549748	2.45757357611334	2.71854448826189
2.8108684502521	2.20199077642181	2.45852069591953	2.70589382750416
2.81738869758792	2.20586383233077	2.46831746808507	2.72144745966597
2.82390894492373	2.19931635987806	2.47424801950453	2.72714272057304
2.83042919225955	2.21676312132103	2.47413615378239	2.75704140618611
2.83694943959536	2.21520470292496	2.48448872963841	2.74419775993191
2.84346968693117	2.22594517274611	2.49358917809758	2.75264559755163
2.84998993426699	2.25057743729862	2.49055300510423	2.76151526299803
2.8565101816028	2.24170020891187	2.5021492086015	2.76490348111559
2.86303042893862	2.25771512526963	2.50770864499448	2.77719950018657
2.86955067627443	2.250391717609	2.51335252493006	2.77298010747557
2.87607092361024	2.24490507844986	2.51869100331166	2.78114397216763
2.88259117094606	2.26743989194924	2.52249693886814	2.78734493771889
2.88911141828187	2.2619451953629	2.53110268344691	2.80365254597556
2.89563166561769	2.28010579982296	2.53666546878407	2.79483147859756
2.9021519129535	2.27667224687839	2.54398499306422	2.80453370031405
2.90867216028931	2.3002579447327	2.54709049001653	2.80996852697183
2.91519240762513	2.29655631678875	2.5539426515772	2.81244814119935
2.92171265496094	2.30626570452075	2.55620058500373	2.81871287359676
2.92823290229676	2.32030044304029	2.57129363408672	2.83749022592017
2.93475314963257	2.31047486594711	2.56764082595595	2.82603549149862
2.94127339696838	2.31424012094824	2.57612187679079	2.83598541883486
2.9477936443042	2.30792473360854	2.58574459889464	2.8504457873589
2.95431389164001	2.31072186875812	2.58490655906378	2.85791674983372
2.96083413897583	2.35310654486502	2.59630167104664	2.84420905734355
2.96735438631164	2.33347914048084	2.59604002470636	2.84069568377505
2.97387463364745	2.33944043801401	2.60699180526059	2.87067194743832
2.98039488098327	2.34004402211084	2.6117535814902	2.87893865608665
2.98691512831908	2.36068564439064	2.62631412095472	2.890692699014
2.9934353756549	2.36973409103623	2.6257517151979	2.88512259707181
2.99995562299071	2.35754872889028	2.62995888298896	2.91475959140272
3.00647587032653	2.38845598360705	2.64059782104491	2.89784074095531
3.01299611766234	2.3875401022127	2.64504587396362	2.91075406395656
3.01951636499815	2.38309842105361	2.64689238559353	2.90349693466532
3.02603661233397	2.39405197000808	2.65661117037856	2.92994409597829
3.03255685966978	2.39401206305656	2.6592297440608	2.93260240943326
3.0390771070056	2.41428467839862	2.66486300641254	2.93122284913636
3.04559735434141	2.41607456051839	2.6717582992039	2.9368838533618
3.05211760167722	2.42527357512705	2.68402974303573	2.94246916190054
3.05863784901304	2.42079594677685	2.68676234814711	2.94501889319132
3.06515809634885	2.43047121604884	2.68560443995593	2.92457152576338
3.07167834368467	2.42952393108874	2.69895969600254	2.95038996465449
3.07819859102048	2.4404883605996	2.70519139159331	2.96271560434159
3.08471883835629	2.44045342457645	2.70396579953485	2.9760611328406
3.09123908569211	2.44896079357092	2.71327225211082	2.97271989703214
3.09775933302792	2.45331096800683	2.71856622472238	2.98532621197477
3.10427958036374	2.4621927076604	2.72359274117429	2.9962207053148
3.11079982769955	2.48119762667911	2.73361492063281	2.98945403531562
3.11732007503536	2.47130342267708	2.74356704594614	3.0058563687804
3.12384032237118	2.45988990601194	2.73517942177503	2.996544879336
3.13036056970699	2.50093855535323	2.74700406988897	3.00511626588741
3.13688081704281	2.48830215982377	2.75566793039842	3.02676845783956
3.14340106437862	2.5048138850721	2.75530110303823	3.02788801410284
3.14992131171443	2.49152933720713	2.76988287758141	3.02100149694221
3.15644155905025	2.48658739945469	2.77416657470634	3.02721986997652
3.16296180638606	2.53564948061024	2.77565025776764	3.04407996423149
3.16948205372188	2.52407105291826	2.7833237976865	3.03645755542585
3.17600230105769	2.52427419021509	2.79653570139715	3.0531872333299
3.1825225483935	2.545011989403	2.79722680903997	3.06156286280159
3.18904279572932	2.55235244229156	2.80335692583016	3.07687627283582
3.19556304306513	2.55143021998997	2.80890918204541	3.07645656590853
3.20208329040095	2.5592486499217	2.8192784727681	3.09703322311607
3.20860353773676	2.54998373152084	2.81424827805397	3.07461325628551
3.21512378507257	2.57119482327099	2.82525029557953	3.0928060715465
3.22164403240839	2.58045598075546	2.827635440309	3.08794900809834
3.2281642797442	2.57022549888106	2.83728652395888	3.10688998871083
3.23468452708002	2.58414511262534	2.84953583499218	3.10261283584237
3.24120477441583	2.58506035197228	2.85412062334397	3.11320564371993
3.24772502175164	2.59946838338969	2.85568939238956	3.11976337936102
3.25424526908746	2.60367333997469	2.86545511031547	3.12385624588687
3.26076551642327	2.61735017966751	2.86882547100031	3.1271939245404
3.26728576375909	2.59851844557619	2.87047864565658	3.12567749706203
3.2738060110949	2.61608344634085	2.87378565722098	3.14663441105085
3.28032625843071	2.63084351387411	2.88467170863915	3.16101741117405
3.28684650576653	2.63409527478914	2.89439092102499	3.15247091944253
3.29336675310234	2.64193718727391	2.89954422287372	3.16276879436708
3.29988700043816	2.64123630912044	2.90609228883316	3.1582375247192
3.30640724777397	2.63212285698961	2.90538191216771	3.17679422200101
3.31292749510978	2.64883800953174	2.91457616615485	3.17411454325519
3.3194477424456	2.66345977201832	2.92713998789843	3.19686867558044
3.32596798978141	2.65961975886233	2.91846946414842	3.17232843834563
3.33248823711723	2.67403985079781	2.93612464425184	3.18379605329942
3.33900848445304	2.66378640986752	2.9345794319629	3.19589768238758
3.34552873178885	2.67191577978884	2.94564362787128	3.21214383432865
3.35204897912467	2.69486996679808	2.95276460700806	3.20755836897268
3.35856922646048	2.69253424393307	2.959673897964	3.22819375966825
3.3650894737963	2.69607908641895	2.96344308224136	3.22500282226519
3.37160972113211	2.71472006318248	2.96933482102346	3.23665134091006
3.37812996846793	2.70725237947576	2.9766500474079	3.2407387135861
3.38465021580374	2.71521276608277	2.97206652878948	3.2454163637025
3.39117046313955	2.72959390574177	2.98757118354582	3.25289539779136
3.39769071047537	2.72356383114634	2.98542649105615	3.2365714983824
3.40421095781118	2.74065513728914	2.99822793890415	3.2695036520707
3.410731205147	2.74134159684337	3.00447310216863	3.27892673273313
3.41725145248281	2.73568215998309	3.0041590290873	3.26554496135632
3.42377169981862	2.74126299262676	3.01617823133247	3.27938179020914
3.43029194715444	2.74833372682036	3.02158422108635	3.28417405409453
3.43681219449025	2.77393072994771	3.02268413824366	3.29045393054023
3.44333244182607	2.76000028510983	3.03332467009649	3.3004373190747
3.44985268916188	2.75388832575562	3.03878976457209	3.30729770642981
3.45637293649769	2.78120008769853	3.04488125624735	3.30772532016209
3.46289318383351	2.7894890075737	3.0499577894777	3.3179984083205
3.46941343116932	2.79836694835593	3.05629720744345	3.3130427093533
3.47593367850514	2.79572053515901	3.06324845583201	3.33052280268092
3.48245392584095	2.80221346280087	3.06467645924415	3.3289255954019
3.48897417317676	2.807108948652	3.06914658914335	3.34115550106154
3.49549442051258	2.81586812771431	3.07338317676307	3.34318224291862
3.50201466784839	2.809118975916	3.07788152161854	3.35827695538722
3.50853491518421	2.83092908040399	3.09249998163259	3.36114801634637
3.51505516252002	2.83709432960333	3.09202637649834	3.36738248692362
3.52157540985583	2.83701432873283	3.10362645329037	3.36002999777821
3.52809565719165	2.83987420458981	3.11097219229121	3.36770190381699
3.53461590452746	2.84020821607208	3.11318019781144	3.39254293510568
3.54113615186328	2.846094036384	3.12020370167115	3.37596096162652
3.54765639919909	2.86138986976381	3.12599586293689	3.39617691928505
3.5541766465349	2.85486872301377	3.13778006582922	3.40352432244181
3.56069689387072	2.87222688094627	3.14389272967716	3.40302286800692
3.56721714120653	2.88868924215076	3.13858395223242	3.40385318073022
3.57373738854235	2.89143155364166	3.15043941415012	3.41952373833276
3.58025763587816	2.89232576138312	3.16041922849231	3.42196529378143
3.58677788321397	2.89563748307216	3.15785229418054	3.43791901186305
3.59329813054979	2.90008224085182	3.1604979665905	3.43483746399671
3.5998183778856	2.90688317378726	3.16958591773655	3.42339378261034
3.60633862522142	2.90498767298158	3.1811572765691	3.44567647763178
3.61285887255723	2.93422574944376	3.19245104972787	3.44157802216794
3.61937911989304	2.92722834717986	3.19243861798818	3.44382302212796
3.62589936722886	2.93975312094064	3.19970047563646	3.47329997268287
3.63241961456467	2.94668493134351	3.20455324700354	3.47739714548208
3.63893986190049	2.94235306790656	3.20891124996039	3.47011230999882
3.6454601092363	2.95717147121685	3.21440152957951	3.4777655733035
3.65198035657212	2.9558867557076	3.22151985885649	3.47925990446551
3.65850060390793	2.97031511966611	3.23264171168259	3.48579327888083
3.66502085124374	2.97221274156287	3.22680971096006	3.49840728239321
3.67154109857956	2.9810673647794	3.23732411680043	3.49787952174256
3.67806134591537	2.9732178842202	3.23810058505328	3.50412180791183
3.68458159325119	2.98122184339298	3.25021654484602	3.51284767150923
3.691101840587	3.00436225566948	3.25290987494485	3.51989419254527
3.69762208792281	2.98068915011018	3.26005270309987	3.51236653652038
3.70414233525863	3.00769591638632	3.26808943077298	3.52887302844407
3.71066258259444	2.99105191940903	3.26937809604236	3.53947463518337
3.71718282993026	2.99572291015743	3.27842812546955	3.5408513808983
3.72370307726607	3.01802441052385	3.28347617540103	3.55637766344351
3.73022332460188	3.02245896264995	3.28455207986427	3.55139042544217
3.7367435719377	3.03297552374059	3.30853392875894	3.55052265217956
3.74326381927351	3.03924710134594	3.29979344131411	3.58169875001966
3.74978406660933	3.04102184772977	3.31115512831147	3.58598031795018
3.75630431394514	3.05242832072996	3.31480542312451	3.56879186857664
3.76282456128095	3.05029042237009	3.31734330958954	3.59180024725229
3.76934480861677	3.06176556062845	3.31997016161949	3.58564009485023
3.77586505595258	3.07469389148393	3.330784160285	3.59445904818091
3.7823853032884	3.08089726847903	3.34123274196801	3.61298569174321
3.78890555062421	3.07775349775439	3.34572427243784	3.61856551450907
3.79542579796002	3.08885192741815	3.34732095965299	3.60612266675917
3.80194604529584	3.09729199843063	3.35044010078015	3.61793401691548
3.80846629263165	3.09421523205401	3.3642820375198	3.61722991675494
3.81498653996747	3.10591642119225	3.36798350138473	3.63184882552404
3.82150678730328	3.12033895401972	3.37433809105847	3.64240582923716
3.82802703463909	3.09563527239059	3.3794059214918	3.64526659063634
3.83454728197491	3.11719487563154	3.38257507287667	3.6482569900407
3.84106752931072	3.13077341527439	3.39090374606371	3.65341734567503
3.84758777664654	3.11197908084581	3.38774842913096	3.65432080248332
3.85410802398235	3.13550412983751	3.40263074114664	3.66792089130467
3.86062827131816	3.14075388508147	3.41026314975848	3.67118935641383
3.86714851865398	3.14128575351078	3.41303056422827	3.69137436986798
3.87366876598979	3.15575798275755	3.42199871444105	3.68036905605316
3.88018901332561	3.15263291562041	3.42947033186759	3.69522719372327
3.88670926066142	3.17892011968071	3.44243790175818	3.71004863565798
3.89322950799723	3.16762765383971	3.43393164105708	3.68489931209181
3.89974975533305	3.16975967285344	3.44173257864743	3.71195673620767
3.90627000266886	3.19648106690381	3.45559189436161	3.71727247166205
3.91279025000468	3.18178574330462	3.45760248742147	3.71641290162414
3.91931049734049	3.17911341668407	3.46158583825232	3.73115798336585
3.9258307446763	3.20162699525094	3.46541858810833	3.72337621013394
3.93235099201212	3.20102111498332	3.47573824867332	3.73730059385705
3.93887123934793	3.22132114427331	3.4770423214629	3.73826734937686
3.94539148668375	3.22503722713676	3.48373074595308	3.74715430837958
3.95191173401956	3.2275097391991	3.48822982423963	3.75161195715418
3.95843198135538	3.22521528659328	3.49521613056228	3.7627449917425
3.96495222869119	3.23697197196396	3.49969536963796	3.76227137545768
3.971472476027	3.25482770211417	3.50997383180237	3.80337542953834
3.97799272336282	3.26601921668682	3.52092487637814	3.79715142384498
3.98451297069863	3.25222967474863	3.52211787733193	3.77593348408969
3.99103321803444	3.2615669929136	3.52312702861409	3.80049097785612
3.99755346537026	3.2624611952376	3.53640753097751	3.80365325077507
4.00407371270607	3.27076097078785	3.53572873177765	3.81740023114462
4.01059396004189	3.27311207251968	3.5492971676838	3.81101669268808
4.0171142073777	3.28130005843042	3.55035196591423	3.8239294172886
4.02363445471352	3.28525312000349	3.55466379435489	3.82678614450208
4.03015470204933	3.29413004891456	3.56356425813052	3.82758749181902
4.03667494938514	3.31137927192897	3.56581447324315	3.83298937578112
4.04319519672096	3.2930873865501	3.57793122597288	3.84195252138694
4.04971544405677	3.32122917409274	3.58575747280405	3.8513782662229
4.05623569139258	3.32245447045644	3.57859073458115	3.85042817074861
4.0627559387284	3.32517072132153	3.58251599056983	3.85150342529218
4.06927618606421	3.33162490708211	3.59487051115033	3.87366525670012
4.07579643340003	3.34571356075847	3.60759388531885	3.87176602582355
4.08231668073584	3.34529052850679	3.60885537977374	3.89102567057838
4.08883692807166	3.3335721417691	3.6123173234351	3.89009165656611
4.09535717540747	3.35570847098848	3.62770865757292	3.88705052280985
4.10187742274328	3.36770657990415	3.63277058221453	3.90377841068825
4.1083976700791	3.3563445502025	3.63418125814556	3.89681455460747
4.11491791741491	3.38049350474694	3.6343377691229	3.89665574633747
4.12143816475073	3.36992009216013	3.64326813991381	3.90980352058789
4.12795841208654	3.36902234901591	3.64609336156816	3.92008430726317
4.13447865942235	3.38197746004106	3.65345204806058	3.90731849534776
4.14099890675817	3.39260146283083	3.66807639977215	3.93143273382532
4.14751915409398	3.40169603685555	3.66779274103324	3.93529714329312
4.1540394014298	3.40673602712482	3.6720952046937	3.93979371799855
4.16055964876561	3.41523447702159	3.68966315021383	3.97362644945237
4.16707989610143	3.4105477818603	3.68739003368692	3.95662223425185
4.17360014343724	3.43764576895158	3.68783792488833	3.9584140307373
4.18012039077305	3.4292737326138	3.69638125805703	3.96172541949735
4.18664063810887	3.43951228449428	3.70449407769428	3.96835079743465
4.19316088544468	3.44679302957746	3.70824059513118	3.98761650054121
4.19968113278049	3.46229877090987	3.71498213084244	3.97536629160133
4.20620138011631	3.45812074562009	3.72162968126715	3.9897255895767
4.21272162745212	3.45459808568327	3.72253341064292	3.99707420491262
4.21924187478794	3.45985556923013	3.7427465379697	4.00835491021305
4.22576212212375	3.47326506960052	3.73527772148902	3.99748887974602
4.23228236945956	3.48652480769685	3.73699309985485	4.01021987050647
4.23880261679538	3.4844249385149	3.74900653318659	4.03266844843943
4.24532286413119	3.47416633453224	3.75415995533452	4.02600783907999
4.25184311146701	3.48010249822773	3.76362488624246	4.04111536148556
4.25836335880282	3.50242954549251	3.7674025605789	4.02317655377483
4.26488360613864	3.50706683183824	3.77689660440794	4.05327962682048
4.27140385347445	3.51595464054622	3.77721944261369	4.04744969392468
4.27792410081026	3.50538867412736	3.78517509957189	4.04940688346891
4.28444434814608	3.51807388857518	3.78499425581041	4.06283429014787
4.29096459548189	3.51808910934968	3.79625336568011	4.07367881611644
4.2974848428177	3.53068617440534	3.79767812700898	4.06867195710345
4.30400509015352	3.53225896298553	3.81172313706236	4.08396675528128
4.31052533748933	3.54250554700707	3.81072895950931	4.07692114575863
4.31704558482515	3.53452624025901	3.82028747607787	4.08881768735322
4.32356583216096	3.54668119080257	3.82400773915416	4.09970214579814
4.33008607949678	3.55848286655874	3.83258945901581	4.10794558237573
4.33660632683259	3.57434133731778	3.83983984656477	4.10686699911187
4.3431265741684	3.58442931740143	3.84498365611753	4.10053557118789
4.34964682150422	3.57006302924629	3.84441679510302	4.11751757749973
4.35616706884003	3.59310109255065	3.85401833019196	4.13625303225167
4.36268731617585	3.59442889446781	3.86450531546107	4.1380133910663
4.36920756351166	3.58981787705801	3.86837053498521	4.13195296784877
4.37572781084747	3.61381439531255	3.87244177657933	4.15541848633325
4.38224805818329	3.6139385568575	3.87601322049286	4.15565295597925
4.3887683055191	3.61946072044913	3.88346057780694	4.16219052566784
4.39528855285492	3.62000064684836	3.89511261158632	4.17090841972584
4.40180880019073	3.64305913764058	3.90022950266181	4.17896662509904
4.40832904752654	3.61160417078861	3.90969007433967	4.1740521207454
4.41484929486236	3.63143542932679	3.9071066353212	4.17620097675197
4.42136954219817	3.64996019301785	3.91520039820463	4.19482690961423
4.42788978953399	3.65809194551301	3.92421230308814	4.21159508568339
4.4344100368698	3.65657048002949	3.92774219587822	4.21354539873434
4.44093028420561	3.65679997795581	3.93394568900671	4.21595120251921
4.44745053154143	3.681112735526	3.93932052696553	4.19992074859939
4.45397077887724	3.6785192639486	3.94437097084106	4.21021425779979
4.46049102621306	3.68371855131768	3.95532057965069	4.21402562294195
4.46701127354887	3.69442832418558	3.95079017775031	4.23266164410199
4.47353152088468	3.68682182154532	3.96192077969869	4.23696590426334
4.4800517682205	3.69936755126076	3.96553257972773	4.23315018156954
4.48657201555631	3.69637604576002	3.97836442486032	4.26252156300152
4.49309226289213	3.7062980082996	3.97459030755933	4.24925162769633
4.49961251022794	3.70898915735386	3.98104035665886	4.26092355201699
4.50613275756375	3.72672902244551	3.99818169970035	4.26173397208222
4.51265300489957	3.7217774881982	3.99853866096999	4.26535188908972
4.51917325223538	3.73908421545249	4.0064577477792	4.26844085805844
4.5256934995712	3.7350612751261	4.0130310831103	4.28416418898553
4.53221374690701	3.72156134110066	4.01107455962993	4.28818086895629
4.53873399424283	3.73742748149889	4.02100789894438	4.29820334825907
4.54525424157864	3.75309944725915	4.02832559232863	4.29910363505589
4.55177448891445	3.76581534717668	4.03583819438981	4.31042935519341
4.55829473625027	3.76926560397969	4.03831131033723	4.31497329157193
4.56481498358608	3.7852684997965	4.04402258483098	4.3233174242632
4.57133523092189	3.78427930822627	4.05160189194428	4.30903945039923
4.57785547825771	3.78452925454574	4.0529401111595	4.32779236050809
4.58437572559352	3.79946281138949	4.06462308541175	4.33338770013005
4.59089597292934	3.79028693114481	4.067240290569	4.34530304459416
4.59741622026515	3.80322776807109	4.07236119867348	4.35548565479745
4.60393646760097	3.81254128156759	4.08253651867319	4.35419145173615
4.61045671493678	3.81384473169868	4.09440840111082	4.34778825412231
