"mitochan"	"lwrNorm"	"medNorm"	"uprNorm"
-1.90327037354145	-3.02668847945418	-2.75061321731635	-2.46936693145207
-1.89700418466435	-3.026639298452	-2.74120231449707	-2.45673475237814
-1.89073799578724	-3.01995149883414	-2.73725563865568	-2.4685472462186
-1.88447180691014	-2.99394991832991	-2.72138304405192	-2.45523730467989
-1.87820561803303	-2.99593062684735	-2.72195802527685	-2.43938320016956
-1.87193942915593	-2.98658718939799	-2.7060315810842	-2.4327934419103
-1.86567324027883	-2.98476045765523	-2.69548469922604	-2.4136701601568
-1.85940705140172	-2.96154104755298	-2.69428262220581	-2.42749838956979
-1.85314086252462	-2.95523767121967	-2.67988757503996	-2.41134562294751
-1.84687467364751	-2.94327018466821	-2.67117934997102	-2.40544294104667
-1.84060848477041	-2.95142100315924	-2.6700636732964	-2.38937735061931
-1.83434229589331	-2.93357989101125	-2.64901485948622	-2.38126383514532
-1.8280761070162	-2.92622003728106	-2.6523457035861	-2.37753482460105
-1.8218099181391	-2.91285750294614	-2.64001179402666	-2.38191726895654
-1.81554372926199	-2.91231110689782	-2.63193687400086	-2.34532661565548
-1.80927754038489	-2.89707259820883	-2.62857408021612	-2.3606026003017
-1.80301135150779	-2.88568775946686	-2.62024856747741	-2.34511638022008
-1.79674516263068	-2.88942553222864	-2.61734556267375	-2.33383328812189
-1.79047897375358	-2.87538097236487	-2.60197063123599	-2.32809200483576
-1.78421278487647	-2.86286300259074	-2.5942473924663	-2.30281725278954
-1.77794659599937	-2.87594890670669	-2.58748476154409	-2.29477497568778
-1.77168040712227	-2.85938054874453	-2.57467034285227	-2.30334580292811
-1.76541421824516	-2.84702680009346	-2.5676267914393	-2.28478072827336
-1.75914802936806	-2.84919452016159	-2.55994245718906	-2.28968494046135
-1.75288184049095	-2.8298316037609	-2.5565043973827	-2.26840250626786
-1.74661565161385	-2.81707870086704	-2.54335940379711	-2.28217445138394
-1.74034946273675	-2.81663722654733	-2.53840338286075	-2.26228406043635
-1.73408327385964	-2.80176508058475	-2.52646527045698	-2.25726179101581
-1.72781708498254	-2.78859965444884	-2.51945722873646	-2.24212844653135
-1.72155089610544	-2.77705026781863	-2.51535789814034	-2.24369461483801
-1.71528470722833	-2.77191392826704	-2.50378989595806	-2.22512117995351
-1.70901851835123	-2.76686850093476	-2.49651786353305	-2.23863789386816
-1.70275232947412	-2.75858912663108	-2.48720304317145	-2.22363301430036
-1.69648614059702	-2.75312712449004	-2.47727845680615	-2.20426490529563
-1.69021995171992	-2.74430535146405	-2.47173514979195	-2.19485677176497
-1.68395376284281	-2.73581515921555	-2.45872119896374	-2.20032227456347
-1.67768757396571	-2.72391182635194	-2.45326949168761	-2.18012269283668
-1.6714213850886	-2.71186421504376	-2.44747201294221	-2.17135646638996
-1.6651551962115	-2.70144939187719	-2.43413987338244	-2.16648444235993
-1.6588890073344	-2.69175995600419	-2.42417853108587	-2.15130847519041
-1.65262281845729	-2.69851562083576	-2.42694709197892	-2.16045852280605
-1.64635662958019	-2.68578719937237	-2.41066342635879	-2.14211280340194
-1.64009044070308	-2.69581151211023	-2.40541808396631	-2.1244511123202
-1.63382425182598	-2.6695696267742	-2.40259893999932	-2.12228389149005
-1.62755806294888	-2.66385939986799	-2.38320502368207	-2.11558530303665
-1.62129187407177	-2.64747029794085	-2.38408571411548	-2.11175999283443
-1.61502568519467	-2.63246245610126	-2.36439699423402	-2.10195210699249
-1.60875949631756	-2.64108174492292	-2.36013380531111	-2.0964006711988
-1.60249330744046	-2.62993577092109	-2.35126095577519	-2.07613475542535
-1.59622711856336	-2.62338282485402	-2.34552657392163	-2.06704940060193
-1.58996092968625	-2.59984430815489	-2.33426879491551	-2.04290551416149
-1.58369474080915	-2.60442247618839	-2.33084621239364	-2.04874168049903
-1.57742855193204	-2.58299577968898	-2.32778594340598	-2.03887719231826
-1.57116236305494	-2.58632170837739	-2.31035636125055	-2.04532783146898
-1.56489617417784	-2.59316354830832	-2.30531270170276	-2.03314176080407
-1.55862998530073	-2.56622849527219	-2.28804805050379	-2.02923940986749
-1.55236379642363	-2.5656273431431	-2.28749889282549	-2.0144753270943
-1.54609760754653	-2.55321326300953	-2.28679404672914	-2.01126670820639
-1.53983141866942	-2.5490601657571	-2.27567254581456	-1.98762261627009
-1.53356522979232	-2.54509740623571	-2.27036077512595	-1.99646268665147
-1.52729904091521	-2.5280377376127	-2.25297619147804	-1.99712231020607
-1.52103285203811	-2.51175202685643	-2.24968485259176	-1.98761631288115
-1.51476666316101	-2.50790529692271	-2.24239196659794	-1.96533874194149
-1.5085004742839	-2.50414153228635	-2.2297089140146	-1.97873633434046
-1.5022342854068	-2.49985827753713	-2.22067757944313	-1.95133719721491
-1.49596809652969	-2.48445410471011	-2.21602907712027	-1.94192153686356
-1.48970190765259	-2.48704723020707	-2.2066745097862	-1.95066760383272
-1.48343571877549	-2.46528177497339	-2.19538070239923	-1.93676581805744
-1.47716952989838	-2.46788523430853	-2.18626048264844	-1.92156912151318
-1.47090334102128	-2.45570051609804	-2.18489193435513	-1.91252458083658
-1.46463715214417	-2.44376299009332	-2.17279739945627	-1.8950306925632
-1.45837096326707	-2.43628268452179	-2.16793427142213	-1.8861884550068
-1.45210477438997	-2.42290298103054	-2.15601003467812	-1.88811029869115
-1.44583858551286	-2.42549153459569	-2.15088505867995	-1.89069308344384
-1.43957239663576	-2.41063203464636	-2.13887402075659	-1.86613628394359
-1.43330620775865	-2.40057911034289	-2.13307400702907	-1.85095305172789
-1.42704001888155	-2.40139035140374	-2.12832974515037	-1.86531947539204
-1.42077383000445	-2.38818101388811	-2.11156452166394	-1.84653117282494
-1.41450764112734	-2.39232689000106	-2.10981512135387	-1.82344989049141
-1.40824145225024	-2.37081935991072	-2.09722704260233	-1.83912110272058
-1.40197526337314	-2.36440506929625	-2.08955226689719	-1.82329761786347
-1.39570907449603	-2.35185218986517	-2.07754477331449	-1.79660693239139
-1.38944288561893	-2.34705243083107	-2.07963214994235	-1.80713851832919
-1.38317669674182	-2.33157095487373	-2.06614945926885	-1.80137693692553
-1.37691050786472	-2.32106467285076	-2.05304637958145	-1.78437940283563
-1.37064431898762	-2.32105754975492	-2.04614794786458	-1.78516534135309
-1.36437813011051	-2.32281422872814	-2.05093818324552	-1.77455760669393
-1.35811194123341	-2.3195867758066	-2.02788658371311	-1.76193178947703
-1.3518457523563	-2.29541721817578	-2.02248783543968	-1.74889709771836
-1.3455795634792	-2.28577713094658	-2.01731207674565	-1.73243381381365
-1.3393133746021	-2.27653156855038	-2.00207283448036	-1.7324186811805
-1.33304718572499	-2.26669672588293	-2.00118314690396	-1.73092159758366
-1.32678099684789	-2.26656783306279	-1.98993634848209	-1.71780533501209
-1.32051480797078	-2.24137115664423	-1.97946170459548	-1.73425159450001
-1.31424861909368	-2.2542585597889	-1.9714927482574	-1.70913290841717
-1.30798243021658	-2.23051373178915	-1.96803591185808	-1.68734042869032
-1.30171624133947	-2.23309352292089	-1.96589213867875	-1.70682488049817
-1.29545005246237	-2.21629072219238	-1.95866570788432	-1.68194698646842
-1.28918386358526	-2.22151200725432	-1.94570297294565	-1.66660907257638
-1.28291767470816	-2.23060136524897	-1.93657592106625	-1.66630983807932
-1.27665148583106	-2.19990979195192	-1.9277013629956	-1.65480135542182
-1.27038529695395	-2.19414883913723	-1.92219051169025	-1.65089930298089
-1.26411910807685	-2.18684009360277	-1.90497717299242	-1.64141044884027
-1.25785291919974	-2.17689646409262	-1.90034739080797	-1.63045167389094
-1.25158673032264	-2.1605890430601	-1.89462133085109	-1.62303155886537
-1.24532054144554	-2.14697241073425	-1.88203267794526	-1.61338041175814
-1.23905435256843	-2.15111808724252	-1.87939615904329	-1.60815941938963
-1.23278816369133	-2.13490122948235	-1.86151108193105	-1.60004711704811
-1.22652197481423	-2.13136149267272	-1.85567937628547	-1.58084925771973
-1.22025578593712	-2.13239834281277	-1.85160026502634	-1.59351615799442
-1.21398959706002	-2.10598155909725	-1.84029025322717	-1.57804141442402
-1.20772340818291	-2.10263221089937	-1.83250881818328	-1.56580186741459
-1.20145721930581	-2.08742582576449	-1.83786524785717	-1.56793195103284
-1.19519103042871	-2.08570859543657	-1.81945923735768	-1.55203240133467
-1.1889248415516	-2.0713572763583	-1.8152237541224	-1.54646236653203
-1.1826586526745	-2.07153090446882	-1.80291207665293	-1.54709953567934
-1.17639246379739	-2.05688255432684	-1.79545341225135	-1.53725913420057
-1.17012627492029	-2.05305055851377	-1.79064978856348	-1.52540230562961
-1.16386008604319	-2.04308737786583	-1.77842453967899	-1.51999911514377
-1.15759389716608	-2.04760750824128	-1.77745808857406	-1.50271590980909
-1.15132770828898	-2.03849168865957	-1.75878810902732	-1.49415888513166
-1.14506151941187	-2.00373908954401	-1.74717689161209	-1.47753352610516
-1.13879533053477	-2.01192725453988	-1.74492872390751	-1.48326426735707
-1.13252914165767	-2.00630388403829	-1.74134681522558	-1.47905599358136
-1.12626295278056	-2.00196159841606	-1.7279056559156	-1.4518878247577
-1.11999676390346	-1.98520399616144	-1.71585264599654	-1.44288015729739
-1.11373057502635	-1.98219552443093	-1.70477288824244	-1.45156723890416
-1.10746438614925	-1.97034439923482	-1.70712811215814	-1.42151617260962
-1.10119819727215	-1.96036127384342	-1.69657796635464	-1.42768837446552
-1.09493200839504	-1.96741857338161	-1.69684237020468	-1.42181130815853
-1.08866581951794	-1.93485207738187	-1.67086225044078	-1.41310498408217
-1.08239963064083	-1.9331839874784	-1.6720377085218	-1.40208128719379
-1.07613344176373	-1.93700494253437	-1.66925663753503	-1.38249045795956
-1.06986725288663	-1.91917909134762	-1.65883282389986	-1.37208652494962
-1.06360106400952	-1.90536165760262	-1.65158056768813	-1.38127919692537
-1.05733487513242	-1.91083285834995	-1.63987844660841	-1.36088357250916
-1.05106868625532	-1.88715489765354	-1.63286980612354	-1.37582737528344
-1.04480249737821	-1.90170218371567	-1.6243274590687	-1.35637795399041
-1.03853630850111	-1.88206932201366	-1.61547866824229	-1.35075841967505
-1.032270119624	-1.87698030065309	-1.6060546711505	-1.33615238407859
-1.0260039307469	-1.87094206470471	-1.59908737294085	-1.32134688309764
-1.0197377418698	-1.85495633360613	-1.58582884558744	-1.31883110783813
-1.01347155299269	-1.85315858022897	-1.58571078358014	-1.30885812479532
-1.00720536411559	-1.85784922044062	-1.57246194287583	-1.31018966420405
-1.00093917523848	-1.83734888760196	-1.57153494503119	-1.30222471599213
-0.99467298636138	-1.81981573681448	-1.5564334369539	-1.28686654344233
-0.988406797484276	-1.80755645631306	-1.55356030945629	-1.29313434342071
-0.982140608607172	-1.80417396443936	-1.54045709815029	-1.26896753351927
-0.975874419730068	-1.79384465079061	-1.53254793401957	-1.25954705627449
-0.969608230852964	-1.79483530349232	-1.52348733051191	-1.25650600235771
-0.96334204197586	-1.78422962733089	-1.51885928068278	-1.24299702641557
-0.957075853098757	-1.77059744995321	-1.50968290322265	-1.25946025400766
-0.950809664221653	-1.76095964937493	-1.50436097044016	-1.22967513786852
-0.944543475344549	-1.76209965296952	-1.49049537672159	-1.21787731713403
-0.938277286467445	-1.76318787126351	-1.48612402380243	-1.20606799497225
-0.932011097590341	-1.74940212080745	-1.47602682435503	-1.22238831147301
-0.925744908713237	-1.73563310028806	-1.46231753752116	-1.20055431862126
-0.919478719836133	-1.72976522185912	-1.46122843100484	-1.19216696623269
-0.913212530959029	-1.7333119295287	-1.45021004112758	-1.19455051269899
-0.906946342081925	-1.71553187929806	-1.44404780675316	-1.16972574567912
-0.900680153204821	-1.7031659598688	-1.43067256045239	-1.16774837965306
-0.894413964327717	-1.6915217547536	-1.4298502001479	-1.15589774266043
-0.888147775450613	-1.67150663977902	-1.41529718493882	-1.13833372362742
-0.88188158657351	-1.67447924654724	-1.41105967983063	-1.13286458182502
-0.875615397696405	-1.66524506735297	-1.40040318230941	-1.12893994918662
-0.869349208819302	-1.6601567873885	-1.39334419991708	-1.12668255926685
-0.863083019942198	-1.65168053947102	-1.38167977740344	-1.12050142465271
-0.856816831065094	-1.64847941577093	-1.37873786029221	-1.10906156059939
-0.85055064218799	-1.64402924881668	-1.36503953222276	-1.08704036936894
-0.844284453310886	-1.63816588843259	-1.35675258691762	-1.09679265324157
-0.838018264433782	-1.62282749715329	-1.35123590443108	-1.09955087438643
-0.831752075556678	-1.60944741771355	-1.34995212450592	-1.07076732621624
-0.825485886679574	-1.59905360919997	-1.33477659156021	-1.07060854174035
-0.81921969780247	-1.58073241693602	-1.32829961087508	-1.07366766384148
-0.812953508925366	-1.58312175479868	-1.32131613067468	-1.06003270230283
-0.806687320048262	-1.58208852559024	-1.30942279019083	-1.03966031609407
-0.800421131171158	-1.56876559253839	-1.30692243238451	-1.03757020609916
-0.794154942294055	-1.56755753028037	-1.29232133948901	-1.0336140128959
-0.78788875341695	-1.54303805961234	-1.28550215806746	-1.01149977015106
-0.781622564539847	-1.54372340992914	-1.28173494001782	-1.02549490859547
-0.775356375662743	-1.53967398995758	-1.2686685826428	-1.01244366616942
-0.769090186785639	-1.52515631172881	-1.25741979142425	-0.982098806515958
-0.762823997908535	-1.50618199586609	-1.25683574915351	-0.999448889549194
-0.756557809031431	-1.50111968308798	-1.23843185215999	-0.980372902632438
-0.750291620154327	-1.50778718272726	-1.2344785789819	-0.976188177333231
-0.744025431277223	-1.50231263666234	-1.22719852364806	-0.967966752040097
-0.737759242400119	-1.50011329650914	-1.22167858694247	-0.95219024614025
-0.731493053523015	-1.48992764072464	-1.21697074539165	-0.953269170657585
-0.725226864645911	-1.47958222780552	-1.20807298267793	-0.942777331284772
-0.718960675768807	-1.45342694814367	-1.19721790650082	-0.922681736409315
-0.712694486891704	-1.45894558906076	-1.1926706460924	-0.925542541767533
-0.7064282980146	-1.43302339997268	-1.17927895841179	-0.912611369864926
-0.700162109137496	-1.43611016053965	-1.17181227152108	-0.907703083759762
-0.693895920260392	-1.43334983784591	-1.15941670093134	-0.89673447851355
-0.687629731383288	-1.41842544986438	-1.1559733407911	-0.888790471158965
-0.681363542506184	-1.41407669754393	-1.14161672537071	-0.883575745230203
-0.67509735362908	-1.39504552014605	-1.1417930775429	-0.877009076180857
-0.668831164751976	-1.39236014167046	-1.13067320234314	-0.867756383702464
-0.662564975874872	-1.38926153635464	-1.12041773620691	-0.866075870333175
-0.656298786997768	-1.38930310806225	-1.1124170156595	-0.856972663440571
-0.650032598120664	-1.36547921679221	-1.10444316198904	-0.829265378223555
-0.64376640924356	-1.35894453956855	-1.0982349536437	-0.829266883577683
-0.637500220366456	-1.35012676451856	-1.09376449035253	-0.814310592735901
-0.631234031489353	-1.35415952446761	-1.08382100122433	-0.83014862172644
-0.624967842612249	-1.33992814197476	-1.07149206640379	-0.794003260948488
-0.618701653735145	-1.32030511837786	-1.07038907123127	-0.803726968202364
-0.612435464858041	-1.33378049115534	-1.05586568809854	-0.800754745059249
-0.606169275980937	-1.30664668359324	-1.04847054282218	-0.801167463350252
-0.599903087103833	-1.31400734740698	-1.04031643050058	-0.765501672055798
-0.593636898226729	-1.29079075946712	-1.03396636997406	-0.7747079111727
-0.587370709349625	-1.28330061139757	-1.02750851551922	-0.769762133045615
-0.581104520472521	-1.27941367229577	-1.01527450794932	-0.760223730756566
-0.574838331595417	-1.26933583618173	-1.00783468564285	-0.742907337953135
-0.568572142718313	-1.27881559508194	-0.996296079017317	-0.73686144300606
-0.562305953841209	-1.26688850292312	-0.992575591168279	-0.724359613699985
-0.556039764964105	-1.24608516362296	-0.990103039339884	-0.733007690615694
-0.549773576087002	-1.24481321863922	-0.9711395464391	-0.721447076519769
-0.543507387209898	-1.22525893039701	-0.96578615467188	-0.700316462725962
-0.537241198332794	-1.20854349242088	-0.951097666607018	-0.688208298052974
-0.53097500945569	-1.20450790891538	-0.947616037948263	-0.675289381528172
-0.524708820578586	-1.19628831209943	-0.943073733359497	-0.677764101274427
-0.518442631701482	-1.20044444887551	-0.933010538592029	-0.659923286935706
-0.512176442824378	-1.19131893446591	-0.925112893546698	-0.662919431140678
-0.505910253947274	-1.18801873588592	-0.917818235330051	-0.654727316283154
-0.49964406507017	-1.16157696419345	-0.905601659523133	-0.648561829013933
-0.493377876193066	-1.15295015917624	-0.893930543268734	-0.637596836002641
-0.487111687315962	-1.16275797197903	-0.887634269333543	-0.635942517060724
-0.480845498438858	-1.14789087102855	-0.880711861113656	-0.621197849029806
-0.474579309561754	-1.14034094478578	-0.88036517334146	-0.62328519508867
-0.46831312068465	-1.12546919492598	-0.876881628100588	-0.610364717444101
-0.462046931807547	-1.12287839148245	-0.85624147300687	-0.586553371273112
-0.455780742930443	-1.10935973652206	-0.850192693039899	-0.602519273474784
-0.449514554053339	-1.10974831690292	-0.847204536410796	-0.580248591764251
-0.443248365176235	-1.09875269567225	-0.831113755221234	-0.567293758725111
-0.436982176299131	-1.09270892903835	-0.831204219553626	-0.576484240412655
-0.430715987422027	-1.07978743447713	-0.816850649962453	-0.541933500232382
-0.424449798544923	-1.07105069005514	-0.808815831609635	-0.537062603019304
-0.418183609667819	-1.06029406420518	-0.795873035776922	-0.540549415700777
-0.411917420790715	-1.04820918121303	-0.789115162694576	-0.526376069793664
-0.405651231913611	-1.0437715314705	-0.782727373661441	-0.535756206218178
-0.399385043036507	-1.0360706664572	-0.783070676769798	-0.520481195713293
-0.393118854159404	-1.02431181725239	-0.765468050148487	-0.504032619488329
-0.386852665282299	-1.02559837390631	-0.756325016840801	-0.496644347099154
-0.380586476405196	-1.00773620622424	-0.755952588671755	-0.491634093192695
-0.374320287528092	-0.995969454287818	-0.742303396108864	-0.464866422428271
-0.368054098650988	-1.00420228537975	-0.739394228555903	-0.475956828031238
-0.361787909773884	-0.994817282092039	-0.727835328055404	-0.476748149721257
-0.35552172089678	-0.967717218664664	-0.724185317403758	-0.450071012223381
-0.349255532019676	-0.96312672524385	-0.7109715171905	-0.446001849683349
-0.342989343142572	-0.955210171293525	-0.704705069786633	-0.4346060004883
-0.336723154265468	-0.958666680542288	-0.696029985421279	-0.438588628187214
-0.330456965388364	-0.940551901887094	-0.687157519314809	-0.443442674140753
-0.32419077651126	-0.931586198763239	-0.669758693859779	-0.413744813117369
-0.317924587634156	-0.921444391770747	-0.675274432845536	-0.423720211176458
-0.311658398757052	-0.916858860214581	-0.666913717523907	-0.403197345036009
-0.305392209879948	-0.923040479226843	-0.649407267017747	-0.393681728604003
-0.299126021002845	-0.897887472321519	-0.648914956558314	-0.386073768769641
-0.292859832125741	-0.900499870819242	-0.635924554431715	-0.372309269662841
-0.286593643248637	-0.893610385345746	-0.631011523370193	-0.360251728187211
-0.280327454371533	-0.875039670403198	-0.623286866737407	-0.356566031273102
-0.274061265494429	-0.877025887656006	-0.616161341561717	-0.357724496575227
-0.267795076617325	-0.871175287098049	-0.601994201998223	-0.341272523526862
-0.261528887740221	-0.8501160443895	-0.596665172299963	-0.349533780892138
-0.255262698863117	-0.846244525313261	-0.581963294694568	-0.334766642100319
-0.248996509986013	-0.842254580335227	-0.580038164154582	-0.314862903482691
-0.242730321108909	-0.832822907429073	-0.572401416120512	-0.314196310385822
-0.236464132231805	-0.817547596476646	-0.564820938080928	-0.305878354226617
-0.230197943354701	-0.814119654365664	-0.554655337473764	-0.283796850916491
-0.223931754477598	-0.810570271035517	-0.544652982848555	-0.291918647781123
-0.217665565600494	-0.789949411217083	-0.540960712748585	-0.280235261559189
-0.21139937672339	-0.792097702498087	-0.527466382715521	-0.263832791513436
-0.205133187846286	-0.795617857241506	-0.523756996443551	-0.270616894595816
-0.198866998969182	-0.793106885836322	-0.516603389613491	-0.255121719690957
-0.192600810092078	-0.745811068859419	-0.512597729283499	-0.256216754570238
-0.186334621214974	-0.75722406368616	-0.501464807452182	-0.238656481481765
-0.18006843233787	-0.745590697074699	-0.493424426959896	-0.22662385049899
-0.173802243460766	-0.747706575834965	-0.480183710635445	-0.225243002183073
-0.167536054583662	-0.745651687727616	-0.477631914857721	-0.216254266355954
-0.161269865706558	-0.719651120912515	-0.466213316074232	-0.179180581830243
-0.155003676829454	-0.720314206053823	-0.454716129907337	-0.208992955711715
-0.14873748795235	-0.711480455630043	-0.448487543039089	-0.19634452674707
-0.142471299075247	-0.712924267450074	-0.442547732818011	-0.196650553503905
-0.136205110198143	-0.6901877909805	-0.433467310193174	-0.176638642841912
-0.129938921321039	-0.681906276447503	-0.428551073740827	-0.163209265758899
-0.123672732443935	-0.679337134348413	-0.409897720907078	-0.140728805573936
-0.117406543566831	-0.674154096152473	-0.405554427146618	-0.142340064806495
-0.111140354689727	-0.656042560497979	-0.397505666794779	-0.124619528155507
-0.104874165812623	-0.656634395633915	-0.392651813050089	-0.119363925624289
-0.098607976935519	-0.665401070246981	-0.385356972002695	-0.119370764421667
-0.0923417880584152	-0.630482983554281	-0.370354595069097	-0.131106428741381
-0.0860755991813111	-0.627466544090603	-0.366922430976133	-0.102633434584472
-0.0798094103042073	-0.627612901663462	-0.349485563387403	-0.093895978755176
-0.0735432214271032	-0.607230453322813	-0.347749816883548	-0.0868011750356399
-0.0672770325499994	-0.599163305654948	-0.339983753818294	-0.0768229302226962
-0.0610108436728956	-0.601701515002851	-0.3324759833533	-0.0640612168060754
-0.0547446547957915	-0.58586434987415	-0.338748624889354	-0.0676156498795037
-0.0484784659186877	-0.575376156620387	-0.312638442050521	-0.0633677686301186
-0.0422122770415838	-0.573065474318935	-0.308856679108064	-0.064944110686367
-0.0359460881644798	-0.565221943685007	-0.309377847804178	-0.037457159294162
-0.0296798992873759	-0.562972974091385	-0.292885054302794	-0.0502559023502366
-0.0234137104102721	-0.5509711493615	-0.289661105621806	-0.0167675001622469
-0.017147521533168	-0.548105608731801	-0.276759276969658	-0.0173728494379664
-0.0108813326560642	-0.535418613506929	-0.269012060751464	-0.0164771041946087
-0.00461514377896011	-0.509147793932901	-0.255046606497522	0.0109858480955533
0.00165104509814373	-0.510660098231211	-0.253001645008889	0.0089081837464773
0.00791723397524757	-0.516406327281145	-0.24198195166654	0.0228219042303913
0.0141834228523516	-0.492203803599512	-0.237521809971211	0.028713163334229
0.0204496117294555	-0.481653050790716	-0.226177123842372	0.0336852325942542
0.0267158006065595	-0.481585208817746	-0.217507207391033	0.0388265499187141
0.0329819894836634	-0.479917463137653	-0.215234527639783	0.0341093139159469
0.0392481783607672	-0.454261048568596	-0.207490990390467	0.0690890079955285
0.0455143672378713	-0.442912080730746	-0.185232265270215	0.0728046069065204
0.0517805561149751	-0.448581259996964	-0.185232238158786	0.073206037095649
0.058046744992079	-0.449524097088821	-0.175985183325902	0.0828230334692595
0.064312933869183	-0.440547324108953	-0.16652312014339	0.0951478292374849
0.0705791227462869	-0.419208100103601	-0.160305650490547	0.0938931661472635
0.0768453116233907	-0.400735993980909	-0.153889841603966	0.117857874832721
0.0831115005004948	-0.404747157464333	-0.143095004750978	0.117122244238126
0.0893776893775986	-0.393776325125825	-0.140690489796552	0.123872271215307
0.0956438782547027	-0.382679359618545	-0.128103435417202	0.123485253627796
0.101910067131807	-0.37682256052483	-0.11727872858471	0.139091463770736
0.10817625600891	-0.366701071328863	-0.110524359620336	0.142077032548487
0.114442444886014	-0.369024282671654	-0.0956149934981539	0.141257631890036
0.120708633763118	-0.359909458320103	-0.0997282513721057	0.143874806739268
0.126974822640222	-0.343941295692458	-0.0864636313608984	0.180683605879893
0.133241011517326	-0.341886745487516	-0.0765432237911421	0.182488091412508
0.13950720039443	-0.337229789629467	-0.0733160043755734	0.176827172983993
0.145773389271534	-0.324897967938969	-0.0676972091964623	0.201234225641142
0.152039578148638	-0.308421829919433	-0.0482668138123323	0.205955905116565
0.158305767025742	-0.302704131530351	-0.0478128375386652	0.203749009523875
0.164571955902846	-0.28687291792668	-0.0399443275825653	0.211650161046717
0.17083814477995	-0.30188077194684	-0.0327697269971598	0.234999978779934
0.177104333657053	-0.290718927800092	-0.0267280204092145	0.240646991387673
0.183370522534157	-0.273612150119578	-0.015870155672401	0.23919153421634
0.189636711411262	-0.277825262944661	0.00198126619199585	0.263117727071967
0.195902900288365	-0.264488269911337	-0.00620979488164574	0.261404856401769
0.202169089165469	-0.249601998653983	0.0129940680836622	0.264894593129552
0.208435278042573	-0.250276476332365	0.0199224207217484	0.285756170158673
0.214701466919677	-0.242943567484612	0.0196679305179062	0.293832375037055
0.220967655796781	-0.226423413115652	0.0370377223718011	0.300168050655216
0.227233844673885	-0.20532534007688	0.0505959628929356	0.305308807184236
0.233500033550989	-0.207394335314844	0.0546088690927887	0.315393569046127
0.239766222428093	-0.206449331503058	0.0546859522825395	0.321044150591906
0.246032411305197	-0.187958483015939	0.0718578240951087	0.32688845200338
0.2522986001823	-0.179768031293452	0.080698569502571	0.334270265226284
0.258564789059405	-0.159378565173648	0.0872187954150494	0.351899705687648
0.264830977936509	-0.16846449430812	0.0923831485551102	0.352569657193766
0.271097166813612	-0.167551100292497	0.0996209984090428	0.356023282999122
0.277363355690716	-0.14833146483271	0.116553367208597	0.38056796856962
0.28362954456782	-0.142333073550885	0.119913630642222	0.366192484770812
0.289895733444924	-0.132742900636839	0.132016925947797	0.38129997123393
0.296161922322028	-0.131858442207279	0.127230900257563	0.390892148555763
0.302428111199132	-0.106786095611086	0.13862419095657	0.396888873285158
0.308694300076236	-0.12239812858698	0.153938537757103	0.414544739943231
0.31496048895334	-0.103769902844884	0.156302351873391	0.423417828161055
0.321226677830444	-0.0934090555987889	0.170137842460794	0.422428425449645
0.327492866707548	-0.0892258040616956	0.170487014519604	0.435025139117722
0.333759055584652	-0.0773453404260623	0.180137583524056	0.451260130745931
0.340025244461756	-0.0659486271737458	0.188007226520537	0.452044810510256
0.346291433338859	-0.050867441799673	0.203396336262125	0.459801246269256
0.352557622215964	-0.0448611323387709	0.208320124893413	0.465334800116669
0.358823811093067	-0.0396682973071622	0.221564634047557	0.465808750280038
0.365089999970171	-0.0471091575335866	0.226502371484651	0.478917601773747
0.371356188847275	-0.0242711394427999	0.235395364362657	0.499884970763959
0.377622377724379	-0.00497107322076712	0.243644322744637	0.51404931555406
0.383888566601483	-0.0278546206977561	0.2469455649668	0.503212579937526
0.390154755478587	0.000159490791255188	0.255441086191464	0.524424397338817
0.396420944355691	0.00420585810608578	0.271360197210651	0.518906525038622
0.402687133232795	0.016959587862134	0.27738646242933	0.52577817131634
0.408953322109899	0.027335092806999	0.293037392910751	0.533288766346218
0.415219510987002	0.0250913249164421	0.290023958907478	0.54946185541997
0.421485699864107	0.042258103871505	0.304510070037614	0.569470981595851
0.427751888741211	0.0405068939839545	0.305425746347107	0.57115978164478
0.434018077618314	0.0674933459357673	0.318224873931291	0.566325629670008
0.440284266495418	0.0590303464182454	0.327295290010894	0.581292195792133
0.446550455372522	0.0725704610519303	0.332672923904711	0.592176562218386
0.452816644249626	0.0698568253033732	0.340868107921361	0.585996186139732
0.45908283312673	0.0923112700526412	0.351948027420743	0.600603228079994
0.465349022003834	0.0957345955964929	0.354932105189742	0.600992745519423
0.471615210880938	0.111681743969993	0.363606573889896	0.610030849758576
0.477881399758042	0.123437378212369	0.373578384176693	0.645922082781247
0.484147588635146	0.111680229977717	0.374975837755737	0.631282415125006
0.49041377751225	0.137508533458006	0.390603368146555	0.639640760825934
0.496679966389354	0.133259136353364	0.391799299657127	0.647209031236391
0.502946155266458	0.141622762625381	0.406125225273838	0.672441815260396
0.509212344143561	0.14168661530896	0.410314518671322	0.669543642783058
0.515478533020665	0.154857869108305	0.420477912948608	0.678875472798134
0.52174472189777	0.177785223341232	0.432808330601516	0.687717567338696
0.528010910774873	0.167313647230704	0.439354609892584	0.68600299921469
0.534277099651977	0.186150672479253	0.440925420087126	0.705062886893408
0.540543288529081	0.196437601772614	0.450753854740664	0.716360407492116
0.546809477406185	0.197437287764596	0.462279873949799	0.712977112105383
0.553075666283289	0.211829269871196	0.467720115528405	0.737629193410624
0.559341855160393	0.214368204562322	0.478900018287829	0.740113411939783
0.565608044037497	0.231046221376036	0.487432344670581	0.756773717157389
0.571874232914601	0.236933137426854	0.492164634267083	0.741055426947505
0.578140421791705	0.252484737094286	0.504166755211301	0.758461953257713
0.584406610668808	0.259706397843614	0.507610985348621	0.76467430392292
0.590672799545913	0.255033084455261	0.521267458966269	0.760291879178479
0.596938988423017	0.274719153443505	0.528773572343819	0.789920173493987
0.60320517730012	0.28781594018318	0.533525705241118	0.789836848984502
0.609471366177224	0.286770518612036	0.548240222689646	0.803627832407933
0.615737555054328	0.270087401037519	0.550206867942837	0.792309327769256
0.622003743931432	0.306273124159517	0.560655177007314	0.818434460651073
0.628269932808536	0.315130348246372	0.570186866235396	0.823229847943609
0.63453612168564	0.314612912250705	0.576371060699722	0.823083072181632
0.640802310562744	0.335117018406673	0.586834252552746	0.828468258995035
0.647068499439848	0.336479564983622	0.593467123363562	0.865754089535292
0.653334688316952	0.350444616225524	0.602834263692622	0.859360710834681
0.659600877194056	0.348972984452805	0.614568345671089	0.863264547634096
0.66586706607116	0.353100909667543	0.615846321647691	0.875550004916157
0.672133254948263	0.367571196076061	0.630945010776432	0.887041849411575
0.678399443825367	0.381204930943258	0.637422152861909	0.90583948597349
0.684665632702471	0.385313748688412	0.642665169733633	0.893516106368454
0.690931821579575	0.399896530155439	0.647883202713419	0.899501441809634
0.697198010456679	0.399681778612769	0.659857719856489	0.925877385332674
0.703464199333783	0.403989778884838	0.67236817930309	0.921082802771947
0.709730388210887	0.419680545713996	0.68153328208254	0.928435834896952
0.715996577087991	0.420436983994276	0.680404449628223	0.9425382906611
0.722262765965095	0.438461448832462	0.693788184856816	0.953534685150111
0.728528954842199	0.450628616015941	0.70086938868068	0.959524917125663
0.734795143719303	0.474723671421611	0.710529685364184	0.9629513681401
0.741061332596407	0.451700889992309	0.711272091034663	0.968238699550885
0.74732752147351	0.459729258431095	0.72246432047983	0.986688140323465
0.753593710350615	0.488267437344615	0.734721622016641	0.984798025376138
0.759859899227719	0.483940189045084	0.742705815262153	1.00403196346866
0.766126088104822	0.480898439478264	0.746131128875572	1.01310021156726
0.772392276981926	0.504185172827736	0.760826710592269	1.02557231331552
0.77865846585903	0.509490011694754	0.761827452808537	1.02678013884219
0.784924654736134	0.516789844806415	0.771226633902264	1.02910574428127
0.791190843613238	0.527723456477864	0.781879883576834	1.03367635316641
0.797457032490342	0.540936357499423	0.789543766683121	1.05995755970979
0.803723221367446	0.539576139902557	0.801223057553577	1.060941876542
0.80998941024455	0.543033295168136	0.802331711499336	1.04958464310536
0.816255599121654	0.554770698815222	0.812404527894845	1.06463365299709
0.822521787998758	0.561128694460533	0.818789308238773	1.09329701408285
0.828787976875862	0.575067998177367	0.829772842459844	1.07452159841327
0.835054165752966	0.586563896993307	0.838148924856101	1.10121424261924
0.841320354630069	0.591952206832587	0.844973035321787	1.11143764007461
0.847586543507173	0.605313924301305	0.85523807302286	1.10476772294273
0.853852732384277	0.60110766196628	0.863115004407857	1.10969740025859
0.860118921261381	0.623354564303222	0.87535390880344	1.14289992577041
0.866385110138485	0.621218121686524	0.880223749734247	1.14738711868332
0.872651299015589	0.624223750412347	0.889148706709281	1.16407452279545
0.878917487892693	0.624435487090005	0.896929364813229	1.15185211921996
0.885183676769797	0.651186311422769	0.90600594995488	1.15397660938252
0.891449865646901	0.649837374842473	0.915341089823378	1.17335819050992
0.897716054524005	0.672146756119906	0.918126275949458	1.16404668628438
0.903982243401109	0.67587375315216	0.927458133275476	1.17359096788759
0.910248432278213	0.679252344956486	0.938290438930524	1.19934795848349
0.916514621155316	0.68582513639354	0.948033408000773	1.21498669394475
0.922780810032421	0.696947304240441	0.959469402745371	1.213635085288
0.929046998909524	0.70003078535486	0.963229905280641	1.22447023405593
0.935313187786628	0.724787746373452	0.972521932251086	1.23139575300761
0.941579376663732	0.711300657948204	0.979970042500184	1.24657980789055
0.947845565540836	0.727498366653046	0.982288510189819	1.24106558111848
0.95411175441794	0.733069977787119	0.996969022822238	1.25430207253191
0.960377943295044	0.738381475147837	0.998512962978634	1.2724036363961
0.966644132172148	0.75584614761636	1.01469350482308	1.27657600423674
0.972910321049252	0.766061551174537	1.01985546753312	1.27665294545999
0.979176509926356	0.777106722076456	1.03149573226096	1.28855581757625
0.98544269880346	0.789216287962818	1.03836431525869	1.28734322632594
0.991708887680564	0.777966165858012	1.03802534485809	1.3016154065062
0.997975076557668	0.789780778373086	1.05855431265271	1.30401850019538
1.00424126543477	0.802970936276979	1.064803903312	1.31931030374586
1.01050745431188	0.798897379214412	1.06354501294976	1.31399806751264
1.01677364318898	0.819374333720781	1.07660920773751	1.35288949508366
1.02303983206608	0.829772807965864	1.08322512663952	1.3519677763051
1.02930602094319	0.835861017800512	1.09711949466047	1.34807308613983
1.03557220982029	0.839609384285834	1.10026414418582	1.36079413757238
1.04183839869739	0.852771187132609	1.11028348230304	1.37192684820369
1.0481045875745	0.8481935808883	1.12534194475802	1.38374044756021
1.0543707764516	0.864617492304923	1.13326227253868	1.39849309367057
1.06063696532871	0.858848675396675	1.13566180140191	1.39631638692055
1.06690315420581	0.896384070276334	1.14496744566224	1.40451602849089
1.07316934308291	0.884603704464664	1.15246863407045	1.41442385166141
1.07943553196002	0.891256966875237	1.1592935718231	1.40730144945283
1.08570172083712	0.922679969004551	1.17007572765765	1.43373277717443
1.09196790971423	0.926476406130563	1.18949874892406	1.43700311817931
1.09823409859133	0.936042689446305	1.18871386279779	1.4532930390822
1.10450028746843	0.939957922065493	1.18883230365798	1.43558405221815
1.11076647634554	0.938080234883265	1.19990843599389	1.44832627024289
1.11703266522264	0.953274851197058	1.21539306968135	1.47340078195729
1.12329885409975	0.94840106887829	1.2233942883669	1.47367600891907
1.12956504297685	0.973421602070458	1.22557165663415	1.48270018256575
1.13583123185395	0.969224862739874	1.23597666705841	1.48221463089481
1.14209742073106	0.989440385762366	1.24768382860563	1.50625102024566
1.14836360960816	0.9860148683744	1.25231555723988	1.51191029028188
1.15462979848527	1.01703889431758	1.26612887427524	1.52390528809499
1.16089598736237	1.00427429923241	1.26620146696176	1.52201697827578
1.16716217623947	1.01149549069896	1.27525030847008	1.53287857345953
1.17342836511658	1.02492543090962	1.27465777672654	1.52056692833585
1.17969455399368	1.04525336303846	1.28833099544049	1.55217217369027
1.18596074287079	1.0311092953172	1.30446174750854	1.56658452167669
1.19222693174789	1.05967813318046	1.30969213003114	1.5704670871146
1.19849312062499	1.07622235489518	1.31895580351369	1.58382594960674
1.2047593095021	1.06182372615846	1.31920822647376	1.59017975606674
1.2110254983792	1.07733529740635	1.34045212825132	1.59430972946806
1.2172916872563	1.08914993793123	1.34131010457144	1.59274874562131
1.22355787613341	1.08908475100431	1.34914359644814	1.61081653759919
1.22982406501051	1.10285856514354	1.35217394702568	1.61700460647863
1.23609025388762	1.11028096404455	1.36450357180977	1.6292404363808
1.24235644276472	1.12692332158223	1.37359817141844	1.62995186600631
1.24862263164182	1.13375449801956	1.39049028603308	1.63876232544297
1.25488882051893	1.13496132176902	1.39299045165002	1.64768562948519
1.26115500939603	1.14246264894959	1.40414000997788	1.65763168877253
1.26742119827314	1.13688340380267	1.40389158367017	1.67576627315046
1.27368738715024	1.15205802012948	1.4150974117704	1.65810959954929
1.27995357602734	1.1629257024115	1.42353848076729	1.67891852293552
1.28621976490445	1.16539481320256	1.42842309369809	1.69381833652136
1.29248595378155	1.19144161785175	1.43959214721241	1.70404459178343
1.29875214265866	1.20195996797718	1.44929370084844	1.71273258593821
1.30501833153576	1.20152906112357	1.45579040623364	1.72300515041521
1.31128452041286	1.20421411862263	1.46197638377011	1.72153357298848
1.31755070928997	1.21471858592046	1.47312273235251	1.72720586418025
1.32381689816707	1.23299333894948	1.47924386102771	1.73610680607571
1.33008308704418	1.22547377905683	1.48726066343826	1.76109334461118
1.33634927592128	1.24116016132231	1.49175096527196	1.76010203149162
1.34261546479838	1.25503131821208	1.50753435597726	1.76828523450576
1.34888165367549	1.25916028912678	1.51746598521816	1.77195639894609
1.35514784255259	1.26406000194393	1.52968518190673	1.78873742895149
1.3614140314297	1.27587158526683	1.52505570002266	1.78620613584628
1.3676802203068	1.27091598137402	1.53542229147895	1.79105462224761
1.3739464091839	1.29519459143812	1.55358807802944	1.80703075536122
1.38021259806101	1.28193298471102	1.55617432251487	1.80893758071679
1.38647878693811	1.31603362610613	1.56613292880649	1.80680086528187
1.39274497581521	1.31451681121483	1.57527846664907	1.85161823838195
1.39901116469232	1.31750252211557	1.5826974180088	1.83359037657103
1.40527735356942	1.33114733734045	1.59085067452842	1.84104186433474
1.41154354244653	1.33562356656961	1.59665666854392	1.8380663626466
1.41780973132363	1.34286470471114	1.60229076821032	1.85470630673837
1.42407592020073	1.36581888714201	1.61281284462049	1.87733991099489
1.43034210907784	1.36237218396845	1.62032439652081	1.87427658052864
1.43660829795494	1.37922082242197	1.63494534469764	1.88825334615128
1.44287448683205	1.3759659351215	1.64147972681629	1.89323306350682
1.44914067570915	1.38165350838298	1.65293552337598	1.90073429373758
1.45540686458625	1.38300873141817	1.65390308335133	1.91766440932539
1.46167305346336	1.41020864153944	1.66064255317297	1.92431894676737
1.46793924234046	1.41125271933816	1.66631603817049	1.91113658939971
1.47420543121757	1.43355645356029	1.68059779421983	1.9481431708203
1.48047162009467	1.41941375826358	1.68330181735167	1.93035417367424
1.48673780897177	1.44512785741434	1.69302177721864	1.95930299555568
1.49300399784888	1.43522952552525	1.70737283478714	1.96498273106881
1.49927018672598	1.44333279573601	1.70973453359621	1.96095059971453
1.50553637560309	1.46840815457361	1.71592311348046	1.97382658635584
1.51180256448019	1.4791202749847	1.72767438925091	1.98084469299562
1.51806875335729	1.47717435109063	1.7318170665329	1.99039695597574
1.5243349422344	1.48340563082474	1.7471079279301	1.99868745601509
1.5306011311115	1.48524284435687	1.75177810104641	2.00981616966104
1.5368673199886	1.50168915327028	1.7648968696077	2.02364355824746
1.54313350886571	1.52599799651828	1.77636357316111	2.04349389164811
1.54939969774281	1.52146129651633	1.77564359964014	2.03346526031809
1.55566588661992	1.51798507235502	1.78024166268216	2.04906010657488
1.56193207549702	1.53510487550448	1.79338687651357	2.05126237403335
1.56819826437412	1.5432386492712	1.80575019247961	2.06459445918372
1.57446445325123	1.54797933445049	1.8128466026454	2.04951948255864
1.58073064212833	1.56967123648922	1.82170663635172	2.07921897156973
1.58699683100544	1.54971039960439	1.82407560692243	2.08024806009746
1.59326301988254	1.57232820292063	1.82846691657851	2.09351057639007
1.59952920875964	1.58441367061541	1.84237849374737	2.10149395953184
1.60579539763675	1.58648340655281	1.8567267456739	2.11120259952853
1.61206158651385	1.60930357943052	1.86086217504157	2.11323872630633
1.61832777539096	1.60434001305646	1.86383631885911	2.1284818303303
1.62459396426806	1.62369409985544	1.87466149871628	2.13377036194478
1.63086015314516	1.61573243252183	1.88406877186735	2.13034791376562
1.63712634202227	1.648317432576	1.89350669158538	2.15867759192465
1.64339253089937	1.62922011010021	1.89737670554004	2.15677622394604
1.64965871977648	1.66906949512872	1.90035458123663	2.16124369584038
1.65592490865358	1.6635606619558	1.90957351262942	2.16638086913247
1.66219109753068	1.66105378463428	1.9221422338744	2.19035646062247
1.66845728640779	1.67434594730057	1.93420295167118	2.19790381676458
1.67472347528489	1.6884631551558	1.94672946248791	2.19923633271164
1.680989664162	1.702785791819	1.95152679956656	2.21886836381732
1.6872558530391	1.68596146553127	1.96341414250844	2.20954027777458
1.6935220419162	1.70490076951402	1.97039288938465	2.2150622670158
1.69978823079331	1.71830454908945	1.97136769013373	2.22846964018715
1.70605441967041	1.72660566018747	1.97924453106502	2.23493420797041
1.71232060854751	1.7289299044889	1.98957981149436	2.24632706990564
1.71858679742462	1.73649232166373	1.99460322490556	2.24864198396992
1.72485298630172	1.74758571353284	2.00039344553282	2.27082621193478
1.73111917517883	1.75473893508427	2.01382361869411	2.27890866760806
1.73738536405593	1.76539115613631	2.0228497843639	2.27279420883968
1.74365155293303	1.76234422035097	2.02576298720054	2.2835804867013
1.74991774181014	1.77632960385343	2.04037879806305	2.30093082779323
1.75618393068724	1.78741009994166	2.05094449062148	2.29476867972733
1.76245011956435	1.80434611207415	2.05757643981786	2.30918052581169
1.76871630844145	1.81558964867489	2.06782445668035	2.31488666061991
1.77498249731855	1.81017912314051	2.06820455861926	2.32493258073955
1.78124868619566	1.82371604405273	2.08801611064877	2.34365276469903
1.78751487507276	1.8298035798494	2.08134111598047	2.35732477679174
1.79378106394987	1.8420131086026	2.09972707886625	2.35617989136341
1.80004725282697	1.84372430984936	2.10091837555915	2.36096250706896
1.80631344170407	1.85450679450976	2.10827989620747	2.36713048330826
1.81257963058118	1.85642754163159	2.12493325774034	2.38674847682281
1.81884581945828	1.8727161386561	2.13243014437811	2.38123685624176
1.82511200833539	1.88800023129567	2.13197451410615	2.4033514193597
1.83137819721249	1.87433157720374	2.13984127457851	2.39410638643228
1.83764438608959	1.89038003736317	2.1518654614504	2.41894743546005
1.8439105749667	1.90360638275085	2.16677463310959	2.41520889527937
1.8501767638438	1.91020028752804	2.17502805684357	2.43413134235636
1.8564429527209	1.91501263269137	2.17992597834949	2.44429148227253
1.86270914159801	1.93957214732763	2.18853923535563	2.43339574081475
1.86897533047511	1.93723735258161	2.19738943976252	2.46402772148456
1.87524151935222	1.94964649684182	2.20786495153827	2.46240259308633
1.88150770822932	1.94745958480146	2.21189760105152	2.46946001551608
1.88777389710642	1.96231782274248	2.22150021359405	2.47599689593036
1.89404008598353	1.98253997778594	2.22851996432028	2.48875418774012
1.90030627486063	1.99545956114052	2.23270781605182	2.47928114052471
1.90657246373774	1.98765815130168	2.24312788490447	2.49575217519007
1.91283865261484	1.99509532274678	2.24859407651209	2.49826292919418
1.91910484149194	1.99712900417548	2.25591795188629	2.52323631423411
1.92537103036905	2.00187416246068	2.26594107720936	2.54105782996242
1.93163721924615	2.02388828387814	2.28264417008702	2.53522127821283
1.93790340812326	2.02512987979338	2.28585933632635	2.55078156047717
1.94416959700036	2.03709015623631	2.29105669672259	2.55485949547292
1.95043578587746	2.05056527182932	2.29544382843698	2.57478758419492
1.95670197475457	2.06497410108439	2.31742389969757	2.5722929188516
1.96296816363167	2.06053123755667	2.32299356525532	2.57321168414277
1.96923435250878	2.07488420788976	2.3299124092218	2.57654555651245
1.97550054138588	2.07530670431015	2.3370515871226	2.59545520825622
1.98176673026298	2.08545234036059	2.34207078344138	2.61494451783228
1.98803291914009	2.09072215472277	2.35404478301881	2.60555155400579
1.99429910801719	2.08606012701853	2.35726009365312	2.60821192433243
2.0005652968943	2.11718330743437	2.37099582144396	2.62829295309826
2.0068314857714	2.11037939991352	2.37945379008589	2.63061820273563
2.0130976746485	2.13100767201055	2.392079408111	2.63839337292456
2.01936386352561	2.14463794894592	2.39523116835815	2.6361267510984
2.02563005240271	2.14722236936489	2.39984381134804	2.66086857891802
2.03189624127981	2.1543641635211	2.41048829301965	2.66853041484315
2.03816243015692	2.16096668727747	2.41835410996118	2.68425334184906
2.04442861903402	2.17665449502116	2.43304377577695	2.69411699491574
2.05069480791113	2.17300041995344	2.43792832858593	2.6978371296377
2.05696099678823	2.17753819093484	2.44120433763631	2.71283419028383
2.06322718566533	2.19250591300513	2.44403735403375	2.698173047373
2.06949337454244	2.1902782207875	2.45837934604875	2.71829987060133
2.07575956341954	2.20175608488853	2.47359018970258	2.72704358954787
2.08202575229665	2.21999740853116	2.46874654538364	2.74123271647582
2.08829194117375	2.22189979527429	2.48019289723608	2.74555846913642
2.09455813005085	2.23167685019691	2.49159713855914	2.74862524404166
2.10082431892796	2.2411432909731	2.50046823049259	2.75988079593536
2.10709050780506	2.25518540787899	2.50403416921804	2.77778176543956
2.11335669668217	2.26096341751765	2.51837418462813	2.76939338708088
2.11962288555927	2.27616419664546	2.52569447341908	2.78148635609898
2.12588907443637	2.27864806742741	2.53386623081709	2.79185425527337
2.13215526331348	2.29048729108321	2.53967415449773	2.79684240915315
2.13842145219058	2.28307422183508	2.54625143828184	2.80184689561739
2.14468764106769	2.312047854024	2.55694449687363	2.82690460571541
2.15095382994479	2.30471720059354	2.56572658167136	2.81214543158848
2.15722001882189	2.30703993089241	2.5650474842443	2.84105228198392
2.163486207699	2.3234948641363	2.58136235541597	2.84401691036217
2.1697523965761	2.33460083462563	2.58885151406955	2.86441447963039
2.17601858545321	2.3404546188608	2.59962190846791	2.85984141157779
2.18228477433031	2.35695906610312	2.60646016022482	2.87039857348849
2.18855096320741	2.35820523046382	2.61419365323054	2.88256692701924
2.19481715208452	2.36813725416817	2.62598432801459	2.87834308223194
2.20108334096162	2.37687193550746	2.63305830929464	2.8877766182462
2.20734952983873	2.3938006614096	2.64200645819322	2.92231064143654
2.21361571871583	2.39413755663345	2.64497739478668	2.90356224024426
2.21988190759293	2.39700763542824	2.66303515048753	2.90167809048981
2.22614809647004	2.40435108251003	2.66644245922829	2.927404194996
2.23241428534714	2.40161926659078	2.6739188168482	2.92425675768826
2.23868047422424	2.42503172740655	2.67660815168809	2.94315504662372
2.24494666310135	2.43764006661187	2.68551315969527	2.94979549571188
2.25121285197845	2.42716423808077	2.69190227955344	2.96458546519267
2.25747904085556	2.44699437096646	2.70034180417944	2.95845181416296
2.26374522973266	2.45051787579663	2.71626593617313	2.96856956720964
2.27001141860976	2.47189548358245	2.72307513512209	2.97539565552783
2.27627760748687	2.4782338906231	2.72552947353707	2.98871689049404
2.28254379636397	2.48003679328905	2.73914166596884	2.99998620501341
2.28880998524108	2.48298691107474	2.74685284678539	3.0108552856879
2.29507617411818	2.51605449798565	2.76098426171652	3.03051354157276
2.30134236299528	2.51043302436389	2.76600384364191	3.02925801321988
2.30760855187239	2.50877875219556	2.76471156205933	3.03213280792831
2.31387474074949	2.52065895501613	2.78888385077136	3.03828992660723
2.3201409296266	2.53379913663893	2.78856608126588	3.05094240044861
2.3264071185037	2.544403333491	2.79332539754711	3.0640405548808
2.3326733073808	2.53974472871559	2.80616962011021	3.06197718658275
2.33893949625791	2.54720038218886	2.81860543994937	3.07600934851322
2.34520568513501	2.55530000736852	2.82337683428006	3.09670872277359
2.35147187401211	2.57324360491749	2.81814592197537	3.09333458346287
2.35773806288922	2.56647950384724	2.84030077065791	3.09853844678004
2.36400425176632	2.59393436043573	2.84311289721799	3.11185314522288
2.37027044064343	2.58419029874106	2.85620831439811	3.10633628890725
2.37653662952053	2.59810761187257	2.86073957341476	3.12845891456736
2.38280281839763	2.61313543108804	2.87049817577396	3.12663281524723
2.38906900727474	2.61900717742071	2.87232776293765	3.14467194792495
2.39533519615184	2.63167084273656	2.89034694507198	3.15013560878772
2.40160138502895	2.63955045945244	2.89635364628219	3.16258523108618
2.40786757390605	2.63605372564662	2.89460670919231	3.16123069067494
2.41413376278315	2.64606456826495	2.90816537019114	3.18000084744466
2.42039995166026	2.65890507128984	2.92495137184961	3.18189243068814
2.42666614053736	2.6721039629738	2.92833604712491	3.17857720208895
2.43293232941447	2.67658215531036	2.9385671947444	3.20545302558551
2.43919851829157	2.68623741570622	2.94462969543612	3.19224974410338
2.44546470716867	2.68301348829065	2.94675158091295	3.20148983004975
2.45173089604578	2.69472362024043	2.95408376719078	3.20896628390669
2.45799708492288	2.69654255107176	2.96756845802038	3.22263661657994
2.46426327379999	2.70624969016054	2.9812218049088	3.22561220504953
2.47052946267709	2.72811587196746	2.98562115925004	3.25324192427126
2.47679565155419	2.72181806126333	2.98998500915913	3.25394512922914
2.4830618404313	2.73445723668098	2.99455840180201	3.25674032979678
2.4893280293084	2.74249939065133	3.00455248603678	3.26616210608745
2.49559421818551	2.75711495400135	3.01927527253201	3.29345485433826
2.50186040706261	2.77396810824826	3.02680949239251	3.28355845089813
2.50812659593971	2.78230191596925	3.03186800270798	3.28807189540534
2.51439278481682	2.77722582207839	3.04223109720249	3.29820537016786
2.52065897369392	2.79068360790707	3.04838022117368	3.31753193903277
2.52692516257102	2.78962014332617	3.05758800923618	3.31759686923689
2.53319135144813	2.79974355333555	3.05963098812735	3.32395485740612
2.53945754032523	2.82085198450706	3.0789451835283	3.33610992856863
2.54572372920234	2.83483143207179	3.08313321352946	3.34320699284014
2.55198991807944	2.83794294600344	3.08483129391094	3.34443041604344
2.55825610695654	2.83015088385605	3.10020463416367	3.35769861844771
2.56452229583365	2.84573969311186	3.11023129588733	3.36577410334107
2.57078848471075	2.86861771245023	3.11217498452206	3.37084115582295
2.57705467358786	2.87224873548211	3.12723290435624	3.37999306828868
2.58332086246496	2.85723933931217	3.12914418146074	3.38327127126047
2.58958705134206	2.86944495253852	3.1371891690854	3.3983541835032
2.59585324021917	2.88578947158542	3.15158590258739	3.41718230586701
2.60211942909627	2.88467058639614	3.15859876092174	3.42893685618019
2.60838561797338	2.89894614775508	3.15960685594755	3.43034262140434
2.61465180685048	2.91646313816801	3.17274622312184	3.41896803453061
2.62091799572758	2.92440460488918	3.18097594724023	3.44897304038869
2.62718418460469	2.91183316353236	3.19157683095137	3.47129102714165
2.63345037348179	2.93211398035218	3.19883541326183	3.45563346923576
2.6397165623589	2.93802298135519	3.19841449314351	3.46855265699623
2.645982751236	2.94791622983051	3.21316568597881	3.4731292447
2.6522489401131	2.96551503908037	3.22686178100429	3.48618417862545
2.65851512899021	2.9687217331502	3.22710848983315	3.49060155793283
2.66478131786731	2.9735446923672	3.23322059616534	3.50941999072865
2.67104750674441	2.98858824699158	3.24647307458433	3.51112081043946
2.67731369562152	2.98570921809313	3.25046066629407	3.51551950067062
2.68357988449862	3.00830120271985	3.26523460113244	3.51018626942953
2.68984607337573	3.01271349276283	3.26625371244189	3.54106423273003
2.69611226225283	3.02123388335633	3.27628887683687	3.54263257321434
2.70237845112993	3.02178430878876	3.28993428585131	3.54002031380377
2.70864464000704	3.02132491307433	3.29493673003574	3.55010386120818
2.71491082888414	3.04799983166483	3.31312697815272	3.5663484105759
2.72117701776125	3.04810911493404	3.3131808852976	3.56749469415067
2.72744320663835	3.05547521982239	3.32640765067891	3.58135861318615
2.73370939551545	3.0732610217219	3.32883280331059	3.60243616559652
2.73997558439256	3.06587847759939	3.33697000065402	3.60862496546956
2.74624177326966	3.08882967648692	3.35051161059193	3.60382927305431
2.75250796214677	3.09670038479506	3.35317217497656	3.61525798434267
2.75877415102387	3.0979423997077	3.36531654132337	3.63520995021154
2.76504033990097	3.10146567881468	3.36792461335456	3.61423456057809
2.77130652877808	3.12534884863756	3.38083964658003	3.64675899199105
2.77757271765518	3.13072470791152	3.38607656472826	3.65051096462362
2.78383890653229	3.14007830569534	3.39269721471782	3.65534595813896
2.79010509540939	3.13630520131928	3.40494148520087	3.66005468535617
2.79637128428649	3.14173495048607	3.41062941283413	3.67542619253231
2.8026374731636	3.1514857304083	3.42255581526029	3.66480660842827
2.8089036620407	3.16479271869048	3.42885626917129	3.68992970428844
2.8151698509178	3.17857694462471	3.44289842829608	3.69805949571449
2.82143603979491	3.18099990652627	3.45125427467944	3.69879893692604
2.82770222867201	3.19058841227004	3.45014172533883	3.72468603229781
2.83396841754912	3.20277168626185	3.46107738567015	3.71924903404228
2.84023460642622	3.21034275985668	3.46834897322418	3.73906702567374
2.84650079530332	3.20800492240225	3.47178783234234	3.73751444392882
2.85276698418043	3.21941672064031	3.49156654154439	3.76154759001197
2.85903317305753	3.22098324563044	3.49503890774837	3.75011979907067
2.86529936193464	3.23995597021117	3.50617928718234	3.75755019529914
2.87156555081174	3.25144101050117	3.50720042912874	3.7710019829792
2.87783173968884	3.24654990626229	3.52118437398779	3.77062064636357
2.88409792856595	3.28055671806495	3.53194747423899	3.79292734337782
2.89036411744305	3.26128189459991	3.53944077136048	3.80173744725447
2.89663030632016	3.27815254669314	3.53847197888305	3.80952399910336
2.90289649519726	3.29671697929703	3.55104034881478	3.80597308918509
2.90916268407436	3.28665181604734	3.55759054722561	3.83011051997027
2.91542887295147	3.29729868909941	3.56548612875141	3.82942387700732
2.92169506182857	3.31618999239182	3.57637223372752	3.83634749545262
2.92796125070568	3.3252714239247	3.58381088386661	3.84939553033893
2.93422743958278	3.3290644749156	3.5896166882711	3.854626534958
2.94049362845988	3.33716580937777	3.60546339704426	3.86026381109337
2.94675981733699	3.33852555177574	3.60793898308836	3.87773005372187
2.95302600621409	3.35794933082667	3.61899395214736	3.88717747000978
2.9592921950912	3.34126437396599	3.62061579278784	3.88941183130839
2.9655583839683	3.36247226456612	3.62733138398904	3.87564074097094
2.9718245728454	3.38716543995196	3.64795834641896	3.90546670069135
2.97809076172251	3.39774014838681	3.64778176855943	3.91143355372865
2.98435695059961	3.39525241344255	3.65886701782604	3.91242012179253
2.99062313947672	3.40779314169971	3.66624126266811	3.92383286915474
2.99688932835382	3.42853446948233	3.67839416670635	3.93415310344274
3.00315551723092	3.42930177372172	3.68755168315059	3.94365460662391
3.00942170610803	3.43676376270722	3.6887133707105	3.95822151984278
3.01568789498513	3.44841923636223	3.70720157817139	3.96690433676611
3.02195408386223	3.43357799556209	3.71006286985674	3.97192847957683
3.02822027273934	3.46080682786473	3.71631451562861	3.97431122339591
3.03448646161644	3.46661199380251	3.72671387616164	3.97767537574385
3.04075265049355	3.47938849614602	3.73242567162236	4.0054561092793
3.04701883937065	3.47031070211863	3.74166313432319	4.00525360925847
3.05328502824775	3.48690240626163	3.74835613927881	4.02614847186083
3.05955121712486	3.4918579837944	3.75530413296576	4.0262350676482
3.06581740600196	3.49831885362687	3.76263879464931	4.02062624843826
3.07208359487907	3.50435344159153	3.77170297230273	4.02952169702824
3.07834978375617	3.50699593063426	3.78133950462299	4.05530785723723
3.08461597263327	3.50631219905703	3.78576333922719	4.03262927244747
3.09088216151038	3.54606901131318	3.79689978897539	4.06347721547546
3.09714835038748	3.52096884025755	3.80659777823321	4.07908951521684
3.10341453926459	3.55335426370411	3.81085366317176	4.06831622964329
3.10968072814169	3.5478554112043	3.82263038045477	4.09730357460514
3.11594691701879	3.5835506999889	3.8324354965574	4.09780405230037
3.1222131058959	3.58613465719476	3.84520263810577	4.08655857335392
3.128479294773	3.5777521657744	3.84064245433512	4.1015615098402
3.1347454836501	3.58994995449198	3.85304508743765	4.11334144720478
3.14101167252721	3.59843108828634	3.86319531467278	4.1216787292453
3.14727786140431	3.60350428302453	3.86963623969589	4.14616730151694
3.15354405028142	3.6155006011306	3.87853870378484	4.14492199364901
3.15981023915852	3.60376620247297	3.89336020027608	4.15817306581447
3.16607642803562	3.63326118377867	3.89400322335317	4.16964198537566
3.17234261691273	3.62808772952061	3.90423989504284	4.16799793424594
3.17860880578983	3.64787725476871	3.90885024454521	4.17846303832059
3.18487499466694	3.64969188443383	3.92510597759075	4.1970825166262
3.19114118354404	3.67379549317395	3.92382901331328	4.18813911803143
3.19740737242114	3.6777081458466	3.93678845825919	4.20703370944018
3.20367356129825	3.67202558567718	3.94217538621022	4.21936745637562
3.20993975017535	3.69093264828842	3.94969492658955	4.22534040167133
3.21620593905246	3.67183686511816	3.95636825775864	4.23034327688627
3.22247212792956	3.71184089131423	3.97610578632734	4.23345122068956
3.22873831680666	3.7203678078156	3.97655395000366	4.24414495116388
3.23500450568377	3.70818668640231	3.98309363981606	4.25296263269188
3.24127069456087	3.72670319307207	4.00065432758091	4.26567460070084
3.24753688343798	3.72726336933678	4.00518623272726	4.25421570015018
3.25380307231508	3.73057110411589	4.01257743512469	4.29027548237131
3.26006926119218	3.75697352084172	4.03006874625442	4.29104092922779
3.26633545006929	3.76886415692795	4.02619192840487	4.30191980991366
3.27260163894639	3.76344654539493	4.0356636954528	4.30262904851663
3.2788678278235	3.78014445051646	4.04707929618096	4.31806351621844
3.2851340167006	3.79105273188188	4.05436602471536	4.32236570860288
3.2914002055777	3.80002308028176	4.05350814428263	4.32869884739863
3.29766639445481	3.79539322547629	4.06905965236926	4.31991729998409
3.30393258333191	3.8084220650143	4.08436734932413	4.3539394666505
3.31019877220902	3.81504018919112	4.08884860451766	4.34231504954418
3.31646496108612	3.83766023687708	4.0896901168429	4.36000632137646
3.32273114996322	3.82625601282008	4.10434499767617	4.35789689826652
3.32899733884033	3.83911714394951	4.10605758101246	4.38905104541394
3.33526352771743	3.82948517887638	4.11825730878651	4.39836088229919
3.34152971659453	3.86185862216536	4.12216215440845	4.39044040094663
3.34779590547164	3.86379111841983	4.1377875969396	4.40381431137897
3.35406209434874	3.86699037336936	4.14033726314938	4.41102399871158
3.36032828322585	3.89280187950251	4.14608861654494	4.40860293910374
3.36659447210295	3.88577696853138	4.15086995946906	4.42699491428921
3.37286066098005	3.87866515102041	4.16593368750532	4.42658702875823
3.37912684985716	3.90917022188042	4.17685692856027	4.43380245000228
3.38539303873426	3.90999022518298	4.18236829477494	4.44357185421969
3.39165922761137	3.93863366812877	4.19302469766198	4.4496740690367
3.39792541648847	3.93943849971754	4.19977110907252	4.47061997207495
3.40419160536557	3.94968990750461	4.20512017714959	4.47393678438234
3.41045779424268	3.9392949549372	4.21341542027238	4.47710168603399
3.41672398311978	3.94982717008669	4.21934604235873	4.50092160366979
3.42299017199689	3.97436913531882	4.23446075604558	4.50791291996881
3.42925636087399	3.98223148313038	4.24101871352974	4.49652932688556
3.43552254975109	3.97732113430897	4.24880643300003	4.52074994868244
3.4417887386282	3.99018942188682	4.25533219305277	4.54375009160009
3.4480549275053	4.00055531183821	4.27030613126779	4.52614642094442
3.45432111638241	4.00858095264869	4.27077785282863	4.53861307609765
3.46058730525951	4.00987261816117	4.27575370467402	4.54666728308514
3.46685349413661	4.01195407748258	4.28725573792434	4.56772259073225
3.47311968301372	4.02687548196042	4.29583209206457	4.57067302413085
3.47938587189082	4.0348585697125	4.30987676023907	4.5919751416316
3.48565206076793	4.04769131955773	4.31564260334747	4.58025052681241
3.49191824964503	4.04985079864691	4.32254637388918	4.58309325412816
3.49818443852213	4.05875192654047	4.32919644781381	4.59366027832905
3.50445062739924	4.06611324042465	4.34132968158397	4.59196577639714
3.51071681627634	4.07244486387154	4.3491738274851	4.60109889352689
3.51698300515344	4.07219640802811	4.34604385352725	4.60599351519338
3.52324919403055	4.08673938505318	4.36085306660304	4.64543292233195
3.52951538290765	4.10401216952805	4.37615252312458	4.63630209929014
3.53578157178476	4.11303000573219	4.38603276928992	4.64896718827951
3.54204776066186	4.10706354171018	4.38929459466561	4.66604289069751
3.54831394953896	4.12155344306769	4.40246150960137	4.6702569116882
3.55458013841607	4.12793071318161	4.41557392315258	4.67919317565116
3.56084632729317	4.15745871135999	4.42134952555547	4.67011112903469
3.56711251617028	4.14262929541035	4.42184193695622	4.68897956891182
3.57337870504738	4.15912243180429	4.43302274661609	4.70772794742983
3.57964489392448	4.1880339688963	4.44183747809779	4.7220976981378
3.58591108280159	4.17412386252249	4.44636307804562	4.7198991428504
3.59217727167869	4.16613397844568	4.45335955630776	4.72170896985057
3.5984434605558	4.19538604835232	4.46243633923135	4.73108000568133
3.6047096494329	4.20108283122707	4.46850060022541	4.74401658370149
3.61097583831	4.20116282814679	4.4786342828553	4.76385701505951
3.61724202718711	4.21250397602821	4.4830875183888	4.77514174017965
3.62350821606421	4.23004292179055	4.49716564261165	4.77187930032249
3.62977440494131	4.23030381071205	4.50417705303528	4.77854811360294
3.63604059381842	4.23219509169194	4.51550787012416	4.78699689244756
3.64230678269552	4.25527607521992	4.51803157132063	4.79299574409055
3.64857297157263	4.25317743057015	4.52779210000859	4.78985620438281
3.65483916044973	4.2760919842151	4.53539976559946	4.81835005268417
3.66110534932683	4.26986074234094	4.54285274149936	4.82205066654388
3.66737153820394	4.27835949751603	4.55861403437684	4.79837277633897
3.67363772708104	4.28923703496714	4.56742816070171	4.855484576308
3.67990391595815	4.29038418199334	4.57098049161318	4.84692211550079
3.68617010483525	4.30800073890402	4.5821640977993	4.84659796294141
3.69243629371235	4.30553594415589	4.58727326560158	4.85405226344913
3.69870248258946	4.32366543894166	4.59267120615218	4.85363572529227
3.70496867146656	4.34905766964994	4.60351163539764	4.87717637894775
3.71123486034367	4.3291964733667	4.61161318355476	4.88777125164189
3.71750104922077	4.35366901845126	4.61984532185528	4.88615287963575
3.72376723809787	4.34574840408495	4.63109610404179	4.89147791669194
3.73003342697498	4.36240107725423	4.63934462237224	4.90014435727275
3.73629961585208	4.38257818042224	4.64516814986769	4.92806378272516
3.74256580472919	4.38255894502775	4.64905429227846	4.92164392404114
3.74883199360629	4.38669320903374	4.65394558769553	4.92435716524815
3.75509818248339	4.3869208369966	4.67464256326188	4.93600735794751
3.7613643713605	4.4061816178682	4.67594360355684	4.94269583680663
3.7676305602376	4.41803643361717	4.69214234700578	4.96621080813048
3.77389674911471	4.42932344234077	4.6977954019046	4.96175534659226
3.78016293799181	4.43522056821956	4.69798143485352	4.9612949560726
3.78642912686891	4.44394652899113	4.70900589853365	4.98562677642504
3.79269531574602	4.44581899076401	4.72358199875777	4.99277641483393
3.79896150462312	4.46146246496008	4.72401465398377	4.99527416215284
3.80522769350023	4.45494641204406	4.7252063689724	4.99489592235572
3.81149388237733	4.46866057178619	4.74602166205033	5.00962584388965
3.81776007125443	4.48007967718496	4.74895701495465	5.01364369787191
3.82402626013154	4.4961298341674	4.75360065115427	5.02348163977433
3.83029244900864	4.48061881890914	4.76569539132248	5.05282041484137
3.83655863788574	4.51610952810974	4.77644964677223	5.04550375098289
3.84282482676285	4.5155248269749	4.79025978101245	5.0596540759219
3.84909101563995	4.5212373581932	4.78783650203879	5.06272678854724
3.85535720451706	4.53781640536728	4.79656161322282	5.07127568110077
3.86162339339416	4.53101787058909	4.80821839516392	5.0800638524515
3.86788958227126	4.54585668255194	4.8239342936555	5.07687321677754
3.87415577114837	4.56100588420662	4.82801493142277	5.10799778693642
3.88042196002547	4.56667098313728	4.83845163073685	5.09839477275962
3.88668814890258	4.56188659421629	4.84683066188109	5.10811640545643
3.89295433777968	4.58378767900676	4.8504151425237	5.1101304549366
3.89922052665678	4.59312460061329	4.85669937350627	5.12567172294037
3.90548671553389	4.59172832857015	4.8639281286459	5.14842259541088
3.91175290441099	4.59544314444953	4.87512454185615	5.14242863270116
3.9180190932881	4.60149217323995	4.8826905173112	5.16601643397079
3.9242852821652	4.62425635055184	4.89308566831547	5.17332771916946
3.9305514710423	4.62216637816844	4.89007749519228	5.17431263028593
3.93681765991941	4.63083417160416	4.90219046094473	5.174247253299
3.94308384879651	4.65140444320401	4.91403549686131	5.19549739460973
3.94935003767362	4.64843622250583	4.92716580231676	5.19905529683195
3.95561622655072	4.65602941529847	4.93518500261473	5.19259588214448
3.96188241542782	4.67276568365751	4.93762329339484	5.21356007040437
3.96814860430493	4.68067426200147	4.94672930963673	5.22417835975893
3.97441479318203	4.67850867564994	4.95048887681917	5.22748013546281
3.98068098205914	4.68044293296525	4.95707210489826	5.23712958453496
3.98694717093624	4.7019101604447	4.97487651621521	5.25177419816101
3.99321335981334	4.70861629917846	4.9767882859744	5.23310680236578
3.99947954869045	4.72349804762239	4.99253241421454	5.27471100124687
4.00574573756755	4.72470500615656	4.99216009547716	5.27258236760624
4.01201192644465	4.7369246937022	5.00898230040675	5.26331343839996
4.01827811532176	4.74505299796005	5.01849657237384	5.29983376778936
4.02454430419886	4.74716203133022	5.0261417872567	5.2883196009538
4.03081049307597	4.74571277453846	5.02933939276332	5.30872875603272
4.03707668195307	4.7577126365213	5.0433997255916	5.31566751023832
4.04334287083017	4.78715421126185	5.0437052390137	5.31290156473119
4.04960905970728	4.78856124735179	5.05917466856138	5.31559475185635
4.05587524858438	4.7879448519652	5.06640903934348	5.32342605049481
4.06214143746149	4.81744827548246	5.07347579365716	5.33397630617211
4.06840762633859	4.8015666014362	5.07873686397311	5.35040322738127
4.07467381521569	4.81673414985501	5.08860138546298	5.35822457109775
4.0809400040928	4.82810123301546	5.10216482028089	5.37720017023832
4.0872061929699	4.82794195769449	5.09954383834063	5.38601397532335
4.09347238184701	4.8454094258292	5.11914829468653	5.38800001217758
4.09973857072411	4.85290236469605	5.11720332044533	5.38534617570231
4.10600475960121	4.86573103232288	5.13035715673673	5.41327928050003
4.11227094847832	4.83913530718997	5.13492620340465	5.41196132577302
4.11853713735542	4.86017549431451	5.14528150545104	5.42252741895871
4.12480332623253	4.89193827859206	5.15292572518558	5.42257639477878
4.13106951510963	4.88127945885057	5.15620964740758	5.43938336653455
4.13733570398673	4.88031688876143	5.16620682280704	5.44799685320213
4.14360189286384	4.90068377295891	5.17200300969103	5.45015989907266
4.14986808174094	4.92392552007851	5.18867038754331	5.45752518790296
4.15613427061805	4.91374786196901	5.18880034017663	5.46440832774742
4.16240045949515	4.93818513836877	5.20516601950987	5.48099327142941
4.16866664837225	4.92227624504347	5.201342928674	5.4690503826224
4.17493283724936	4.93659971675	5.21992402244094	5.49543436477851
4.18119902612646	4.94808423067855	5.22963070189301	5.5022310442241
4.18746521500356	4.97035005515314	5.24075583850822	5.51598116492826
4.19373140388067	4.96790675804241	5.2402820054665	5.51356880264099
4.19999759275777	4.9822735893129	5.24960077801612	5.53485573733743
4.20626378163488	4.98569843489744	5.26276538007622	5.53711034611321
4.21252997051198	4.99192549557277	5.27180767440785	5.5377040126667
4.21879615938908	4.99872506469226	5.27670929138148	5.56206812451342
4.22506234826619	5.02099237874848	5.28393508813455	5.56188910150483
4.23132853714329	5.02384503036891	5.29475956207233	5.56311711722997
4.2375947260204	5.02740417418914	5.29595505668917	5.58001413262382
4.2438609148975	5.03576603360229	5.31107725251084	5.58163713884342
4.2501271037746	5.04981358181663	5.32287983296408	5.5958440228291
4.25639329265171	5.04919212000339	5.32929717841193	5.59510233003917
4.26265948152881	5.05770478145662	5.33312584843908	5.60597080684209
4.26892567040592	5.0767391593109	5.33863549566755	5.60828057103953
4.27519185928302	5.08135763856131	5.35032348508252	5.62097319890601
4.28145804816012	5.09234929538851	5.35944118944519	5.6388746038738
4.28772423703723	5.08805991506631	5.36879918932697	5.64420219867441
4.29399042591433	5.09958300466151	5.37178508077018	5.62690152841992
4.30025661479143	5.11105576238151	5.38174457777578	5.65804274299561
4.30652280366854	5.11206601040184	5.39215516798813	5.66959184455031
4.31278899254564	5.11476614904888	5.40098813529283	5.67873574975388
4.31905518142275	5.13751956075156	5.40922250689891	5.68065552354094
4.32532137029985	5.14248862102804	5.41189611302224	5.68711791897526
4.33158755917695	5.14973072535173	5.42716233185034	5.68433314271337
4.33785374805406	5.15604073371262	5.42691316479549	5.69950232444662
4.34411993693116	5.16010746271116	5.44107772577865	5.72885410746184
4.35038612580827	5.17317948272178	5.45405169768996	5.72395130544712
4.35665231468537	5.18427070528056	5.45708799981555	5.74642970624247
