"mitochan"	"lwrNorm"	"medNorm"	"uprNorm"
-1.90327037354145	-2.71270918538677	-2.42335079541589	-2.13410070489931
-1.89720037392932	-2.70798188115727	-2.42430847989824	-2.11222199517467
-1.89113037431719	-2.69895522619613	-2.41677723545021	-2.13294479282817
-1.88506037470506	-2.68711713637032	-2.39816867284069	-2.11089974041932
-1.87899037509293	-2.69965849943737	-2.39162407591508	-2.10835172846503
-1.87292037548081	-2.67497849482003	-2.39921965557693	-2.08678056810567
-1.86685037586868	-2.67375638314321	-2.37883140966794	-2.09243062256944
-1.86078037625655	-2.67302937183144	-2.37722496805413	-2.0889044836795
-1.85471037664442	-2.65809153318178	-2.36520134894789	-2.08703090718354
-1.84864037703229	-2.65473370205616	-2.36137763395709	-2.0670708253798
-1.84257037742016	-2.65773230621537	-2.35996859959516	-2.07385435756379
-1.83650037780804	-2.63230247262302	-2.34258277569818	-2.05424856821321
-1.83043037819591	-2.62252157711551	-2.35018574126304	-2.04425160727381
-1.82436037858378	-2.60873242473564	-2.32953290103231	-2.03613230155285
-1.81829037897165	-2.60414800944822	-2.32457735089094	-2.03194246538106
-1.81222037935952	-2.61606200134258	-2.32123396993491	-2.02243317450133
-1.80615037974739	-2.6086845162129	-2.31210170233571	-2.0112941750318
-1.80008038013526	-2.60671080777793	-2.30304670726525	-2.01870073312377
-1.79401038052314	-2.57301386228743	-2.28871772290513	-1.99387024916354
-1.78794038091101	-2.57750588977541	-2.28478685280753	-1.98892103683287
-1.78187038129888	-2.569148154816	-2.28341955284387	-2.00704681550103
-1.77580038168675	-2.55085503332009	-2.2730676836138	-1.98199333446961
-1.76973038207462	-2.54811580528072	-2.25717439380998	-1.97573087940077
-1.76366038246249	-2.54099805308538	-2.25603678006416	-1.96197147761006
-1.75759038285036	-2.52850105916282	-2.24856346371114	-1.96962768310659
-1.75152038323824	-2.52747213499904	-2.24911937870599	-1.96968662048336
-1.74545038362611	-2.52187034833121	-2.23490156559467	-1.94581360373836
-1.73938038401398	-2.52003499212716	-2.22737339130276	-1.93194121543061
-1.73331038440185	-2.50298708932577	-2.2239877523832	-1.92340602298942
-1.72724038478972	-2.50927542452265	-2.21393458208434	-1.92766235134014
-1.72117038517759	-2.49945183976354	-2.20821899587654	-1.91549282737932
-1.71510038556547	-2.50051109331202	-2.19749561985919	-1.90943084774232
-1.70903038595334	-2.47440644007551	-2.18932270835292	-1.89870356958616
-1.70296038634121	-2.48076133908777	-2.17791247190725	-1.90057729474073
-1.69689038672908	-2.45182900201769	-2.17672231950915	-1.89644220117306
-1.69082038711695	-2.44671225304717	-2.16846046685055	-1.88369839182361
-1.68475038750482	-2.43586668001058	-2.16798108204163	-1.87591226622658
-1.67868038789269	-2.44563655771461	-2.15901552229245	-1.87265204200523
-1.67261038828057	-2.44752824424085	-2.14983344067954	-1.86930719569654
-1.66654038866844	-2.42710736726597	-2.13781590614021	-1.83539304187293
-1.66047038905631	-2.41712941103349	-2.13114318232471	-1.83063602548288
-1.65440038944418	-2.42933503094294	-2.13098943798729	-1.83373925777804
-1.64833038983205	-2.40072039045101	-2.11490695989858	-1.8271226712937
-1.64226039021992	-2.39654856737047	-2.10432583847493	-1.81478876980206
-1.63619039060779	-2.38177914894485	-2.10526826764722	-1.79819874525
-1.63012039099567	-2.39226209943195	-2.09099154060673	-1.81393161973779
-1.62405039138354	-2.36914169723325	-2.08017944367177	-1.80335162017237
-1.61798039177141	-2.38119143686049	-2.08553326052743	-1.80193503548742
-1.61191039215928	-2.34939312572537	-2.06535122477929	-1.78909689656045
-1.60584039254715	-2.36141949009719	-2.07021881531317	-1.78089892683566
-1.59977039293502	-2.36896250635806	-2.05948486016019	-1.76580897590414
-1.5937003933229	-2.34979670094763	-2.05351277258779	-1.76885642375254
-1.58763039371077	-2.32956386252725	-2.05200567899686	-1.76573898073069
-1.58156039409864	-2.32436957077644	-2.03636848666217	-1.74441289299244
-1.57549039448651	-2.32935933419562	-2.03176502947601	-1.73163762759636
-1.56942039487438	-2.31085383333363	-2.02173498036831	-1.73710614181535
-1.56335039526225	-2.32484871715514	-2.00995792406169	-1.72261311689666
-1.55728039565012	-2.30350794329516	-2.00953542583053	-1.71501380199746
-1.551210396038	-2.29042009057851	-2.00104337488163	-1.71705931782981
-1.54514039642587	-2.28500626063461	-1.99206140614464	-1.70882325939594
-1.53907039681374	-2.26431198581029	-1.98423322382594	-1.69152750587212
-1.53300039720161	-2.27777214168617	-1.97821409403952	-1.69661606360569
-1.52693039758948	-2.24171758928225	-1.97233248130038	-1.67922625841959
-1.52086039797735	-2.25085432859123	-1.96441676940714	-1.68903908536229
-1.51479039836522	-2.23800055054313	-1.96488171052837	-1.6628089148352
-1.5087203987531	-2.2382164951783	-1.94992631680367	-1.67820149205904
-1.50265039914097	-2.22429146007937	-1.94472623657666	-1.65544467527788
-1.49658039952884	-2.22875229976186	-1.93762227253359	-1.64381387824688
-1.49051039991671	-2.19678386072799	-1.92525270961877	-1.64358706194249
-1.48444040030458	-2.20092820262735	-1.91699971981559	-1.63144097978522
-1.47837040069245	-2.20026974660774	-1.91610799645716	-1.61970366063734
-1.47230040108032	-2.18882020958326	-1.90708768127977	-1.61449172880246
-1.4662304014682	-2.18520521044879	-1.90364047287607	-1.62125015928787
-1.46016040185607	-2.18839873153104	-1.88803823998364	-1.61915168677146
-1.45409040224394	-2.1829275972491	-1.88475991139489	-1.59092036215595
-1.44802040263181	-2.1641823769968	-1.88004215767132	-1.59427374194707
-1.44195040301968	-2.14853196248266	-1.86607902105701	-1.57546450652431
-1.43588040340755	-2.15059599225205	-1.86454329296844	-1.57111425720549
-1.42981040379543	-2.1451896520607	-1.84973767187676	-1.55294642339735
-1.4237404041833	-2.13704618852891	-1.84922252464846	-1.54732351235691
-1.41767040457117	-2.13027876823647	-1.84514978705386	-1.55222391092173
-1.41160040495904	-2.12198484565938	-1.83141320168148	-1.53770482159474
-1.40553040534691	-2.10998987269925	-1.82782286203759	-1.54817709826971
-1.39946040573478	-2.10612131067375	-1.81866066691366	-1.5282001725152
-1.39339040612265	-2.11918057033368	-1.81767569221318	-1.52391244391089
-1.38732040651053	-2.07171692501099	-1.79397060729629	-1.52131984280942
-1.3812504068984	-2.09110719396573	-1.79186351973335	-1.49445214641419
-1.37518040728627	-2.09277912777855	-1.79485929963818	-1.50622687396955
-1.36911040767414	-2.07737634206131	-1.77961908377961	-1.48482727490052
-1.36304040806201	-2.07104289776034	-1.77395709487458	-1.47253337131918
-1.35697040844988	-2.06636782160773	-1.7624513803935	-1.4668974887469
-1.35090040883775	-2.0374428066854	-1.75719381635545	-1.4866858800079
-1.34483040922563	-2.03387907509175	-1.75805397803429	-1.45923258534707
-1.3387604096135	-2.0397013140443	-1.75153703498667	-1.4671283755334
-1.33269041000137	-2.02658759302004	-1.73816391821244	-1.44348888648336
-1.32662041038924	-2.01914370695357	-1.73404999254472	-1.44306311448402
-1.32055041077711	-1.9986247973369	-1.71890644510371	-1.42511889957863
-1.31448041116498	-2.00695964801173	-1.71822807527241	-1.42565236483469
-1.30841041155286	-1.99543545467304	-1.70558211427879	-1.41165987411252
-1.30234041194073	-1.99206739757616	-1.69897290409608	-1.40316517247446
-1.2962704123286	-1.97684116131978	-1.6888100138567	-1.40623817028768
-1.29020041271647	-1.98173587906529	-1.69236653154174	-1.38855700966716
-1.28413041310434	-1.96446552841283	-1.67442923193462	-1.38185932241584
-1.27806041349221	-1.96782141522326	-1.66917752188053	-1.37366822171228
-1.27199041388008	-1.93256660621515	-1.66443847712021	-1.37762012330852
-1.26592041426796	-1.93404807109557	-1.65384985212763	-1.38275456256136
-1.25985041465583	-1.93293863172774	-1.63843009665508	-1.35842383420124
-1.2537804150437	-1.9299492165936	-1.63925615858534	-1.35551019470816
-1.24771041543157	-1.92045003137963	-1.63514373762251	-1.34174041611778
-1.24164041581944	-1.92628383555088	-1.6299379294255	-1.35101139582348
-1.23557041620731	-1.90944378221273	-1.61759981790521	-1.34189709171305
-1.22950041659518	-1.89115616984569	-1.61340349526529	-1.33443968693504
-1.22343041698306	-1.88113128971572	-1.60592352683057	-1.32613868564095
-1.21736041737093	-1.87069745940361	-1.59724141939714	-1.30594838019778
-1.2112904177588	-1.87614124978799	-1.58837462283011	-1.31067884121201
-1.20522041814667	-1.86989387039896	-1.58850779580429	-1.28585023874991
-1.19915041853454	-1.85935220758946	-1.57899627319158	-1.30668042449559
-1.19308041892241	-1.85057899977166	-1.56763996422522	-1.28593769828338
-1.18701041931029	-1.84590442248468	-1.56205003220658	-1.279169047958
-1.18094041969816	-1.84083828111242	-1.55671640929073	-1.25812409653175
-1.17487042008603	-1.82144527891268	-1.54737505884358	-1.26471943015472
-1.1688004204739	-1.82836299052415	-1.53701834163986	-1.25653505242835
-1.16273042086177	-1.82660615778288	-1.53151271932984	-1.25111584421329
-1.15666042124964	-1.79186053162912	-1.51901896474306	-1.2336806733037
-1.15059042163751	-1.79779418497222	-1.51792301544706	-1.23577470919749
-1.14452042202539	-1.79197963982953	-1.50998036524325	-1.22840727180315
-1.13845042241326	-1.7917550688977	-1.50092784118925	-1.22793357726037
-1.13238042280113	-1.77272736234663	-1.49849978252811	-1.19705896673235
-1.126310423189	-1.7634572415893	-1.48508130443197	-1.20431367780264
-1.12024042357687	-1.75880185804476	-1.4850488086006	-1.20156658299833
-1.11417042396474	-1.77469089153171	-1.47476328760615	-1.17198896000849
-1.10810042435261	-1.76122257619465	-1.46081603776986	-1.17992171168983
-1.10203042474049	-1.74696483007422	-1.46240618510033	-1.17978681330269
-1.09596042512836	-1.73430114595597	-1.45288908077749	-1.1700130731353
-1.08989042551623	-1.73115942718441	-1.44808887080943	-1.15603615898567
-1.0838204259041	-1.7231717435149	-1.44015443433315	-1.16082625356581
-1.07775042629197	-1.71214235437242	-1.41502713722186	-1.13923067666911
-1.07168042667984	-1.71675998337214	-1.4294577414813	-1.13345014723357
-1.06561042706771	-1.70553919158482	-1.4114890508558	-1.13931260206458
-1.05954042745559	-1.69215394519123	-1.40675285341094	-1.13168939438371
-1.05347042784346	-1.67811583094332	-1.40144466744322	-1.1097933454811
-1.04740042823133	-1.65714111518738	-1.393472248035	-1.12176484942549
-1.0413304286192	-1.67013142187788	-1.38452213344674	-1.10565463487047
-1.03526042900707	-1.66518144913747	-1.3816532598945	-1.08801029445408
-1.02919042939494	-1.66927847366957	-1.376932548827	-1.08252988253284
-1.02312042978282	-1.65726115239944	-1.36495489666175	-1.08698524176371
-1.01705043017069	-1.63179835174033	-1.35204919125699	-1.06639241725534
-1.01098043055856	-1.62977065120129	-1.35377052189206	-1.0778541981333
-1.00491043094643	-1.62896646284182	-1.34086908899145	-1.06059866650057
-0.998840431334301	-1.62936057841218	-1.33822843186436	-1.03833224302849
-0.992770431722173	-1.60855836416376	-1.32819608278308	-1.02777412417261
-0.986700432110044	-1.60186148743229	-1.31483933007036	-1.03772423371497
-0.980630432497916	-1.5981799958565	-1.31664058721305	-1.02656925631457
-0.974560432885787	-1.58036991152569	-1.30601532229563	-1.01177389089876
-0.968490433273659	-1.5737050354413	-1.29939901304321	-1.02974901149394
-0.96242043366153	-1.57702293772329	-1.28665809105975	-1.00551506444495
-0.956350434049402	-1.57122307832697	-1.28748288574452	-1.00064154768331
-0.950280434437273	-1.55984835153035	-1.27549112409441	-1.00595887507403
-0.944210434825145	-1.56653031484121	-1.26558053228007	-0.983324179574619
-0.938140435213016	-1.5595487611934	-1.25556471924689	-0.96357862386305
-0.932070435600888	-1.52908855827191	-1.25593011797697	-0.974995254992907
-0.926000435988759	-1.53503161961629	-1.24234280059189	-0.967292069808108
-0.919930436376631	-1.52044093801238	-1.23918748321103	-0.966900839021812
-0.913860436764502	-1.52069287954962	-1.24095447442978	-0.95671514844742
-0.907790437152374	-1.50999277791347	-1.22432842010034	-0.941795077347342
-0.901720437540245	-1.50448171244281	-1.22329601582642	-0.942319133199013
-0.895650437928117	-1.49242612871587	-1.21189311571213	-0.931472905258456
-0.889580438315988	-1.48388404406945	-1.20274586513727	-0.910686296089763
-0.88351043870386	-1.48317535244608	-1.19597763646188	-0.909138936818447
-0.877440439091731	-1.47313642746004	-1.18689380910742	-0.89864551822847
-0.871370439479603	-1.46183720069878	-1.18998016011265	-0.916218260772713
-0.865300439867474	-1.45352939988582	-1.1750924889115	-0.893741409759848
-0.859230440255346	-1.44375498529947	-1.16233784265988	-0.883992407088199
-0.853160440643217	-1.45588224825454	-1.15611651869456	-0.882780097404879
-0.847090441031089	-1.43446665212286	-1.15203730230615	-0.868397552042122
-0.84102044141896	-1.4124518147428	-1.14667527083153	-0.851251796255237
-0.834950441806832	-1.41400315817458	-1.13633548679536	-0.842164567579315
-0.828880442194703	-1.41567106935541	-1.13005712945439	-0.841500599712227
-0.822810442582575	-1.42613711611498	-1.12180046063752	-0.839585973613405
-0.816740442970446	-1.40135722302764	-1.11305835822189	-0.822703697161833
-0.810670443358318	-1.39165819512037	-1.1149933478497	-0.829730847498377
-0.804600443746189	-1.38022357929064	-1.09372401901575	-0.800214281756323
-0.798530444134061	-1.37254129400813	-1.09466133115292	-0.8165464640724
-0.792460444521932	-1.37210571862879	-1.08220845981051	-0.804868962973538
-0.786390444909804	-1.35227349974537	-1.07456615435984	-0.792410212825526
-0.780320445297675	-1.35209938300653	-1.06956208677617	-0.782013718526463
-0.774250445685547	-1.35274744607925	-1.0639548049397	-0.784470657528206
-0.768180446073418	-1.33731371552667	-1.05088292130654	-0.772363587162365
-0.76211044646129	-1.319914613129	-1.04424056213873	-0.762384665967296
-0.756040446849161	-1.32464571657573	-1.04103717642898	-0.755100049809615
-0.749970447237033	-1.32929704835496	-1.04162433033985	-0.767817297283679
-0.743900447624904	-1.32176687646378	-1.0297879544556	-0.734974315701807
-0.737830448012776	-1.30284546877765	-1.01756483463625	-0.726988488479301
-0.731760448400647	-1.29726849542898	-1.01564085651755	-0.72397293745388
-0.725690448788519	-1.29207816010707	-1.0035526292734	-0.722304665628192
-0.71962044917639	-1.28172623916383	-1.00007435748368	-0.697922718355127
-0.713550449564262	-1.27219937628111	-0.991725597313485	-0.703699031562235
-0.707480449952133	-1.27333327906245	-0.988129973236901	-0.69479975722902
-0.701410450340004	-1.25782445745024	-0.969194112560605	-0.688973462435318
-0.695340450727876	-1.2482114996847	-0.968463824295628	-0.703963357173101
-0.689270451115747	-1.23103190125028	-0.960098861384849	-0.681617102007405
-0.683200451503619	-1.24075530826983	-0.951638848961913	-0.669300400655563
-0.67713045189149	-1.23112671615529	-0.950475326635386	-0.66236604694466
-0.671060452279362	-1.21785975606288	-0.94263902045032	-0.657809892624604
-0.664990452667233	-1.21717960578871	-0.926879369811903	-0.659485641984054
-0.658920453055105	-1.21147046484046	-0.924501335237817	-0.628531208018857
-0.652850453442976	-1.201429982622	-0.919298898090684	-0.63200263459783
-0.646780453830848	-1.19753991180028	-0.907735686239535	-0.613018481639156
-0.640710454218719	-1.21094390125694	-0.898987892348304	-0.615841245683556
-0.634640454606591	-1.18455238945245	-0.895308042436697	-0.616568962130995
-0.628570454994462	-1.16966317321766	-0.883395116776168	-0.605974142364992
-0.622500455382334	-1.15220077610467	-0.877755582363068	-0.622415734672897
-0.616430455770205	-1.15249283597065	-0.866773570991634	-0.597169683696587
-0.610360456158077	-1.14300375253106	-0.867085601108407	-0.579658113776911
-0.604290456545948	-1.13872919016555	-0.855779569408304	-0.576023980976405
-0.59822045693382	-1.13288043400444	-0.848315565695379	-0.565560327691514
-0.592150457321691	-1.12542543745862	-0.844982412571629	-0.564645095024247
-0.586080457709563	-1.13257339676596	-0.839133281155723	-0.554346173543261
-0.580010458097434	-1.1111010485543	-0.835627401507521	-0.544487307859008
-0.573940458485306	-1.09898329978049	-0.828761235624407	-0.530964674219628
-0.567870458873177	-1.11263863526643	-0.818063788472535	-0.540572579314658
-0.561800459261049	-1.08491157030737	-0.81232571076878	-0.529070887591864
-0.55573045964892	-1.09623245517225	-0.807786058332184	-0.523606316394544
-0.549660460036792	-1.07126636808704	-0.792787673975999	-0.491793862005307
-0.543590460424663	-1.07286026904075	-0.783624801775235	-0.486092416772055
-0.537520460812535	-1.06050899162987	-0.779711001824477	-0.488346543854955
-0.531450461200406	-1.05627544759221	-0.769051598801294	-0.491996674985077
-0.525380461588278	-1.04051658233273	-0.757826079171049	-0.482275409403763
-0.519310461976149	-1.03290987716871	-0.754344691783693	-0.47103452046129
-0.513240462364021	-1.03398859054652	-0.747382951074199	-0.46598814119452
-0.507170462751892	-1.0202396212852	-0.738791509676215	-0.455036509195011
-0.501100463139764	-0.996726997197078	-0.741164054695992	-0.458668645547974
-0.495030463527635	-1.00174447623566	-0.732483981728019	-0.456462925176056
-0.488960463915507	-1.00942176910827	-0.718500069011975	-0.439238981710572
-0.482890464303378	-0.988013661344472	-0.713209240566877	-0.437588209888769
-0.47682046469125	-0.987197300414273	-0.709739706114533	-0.430157450280369
-0.470750465079121	-0.980574596223571	-0.690614080801514	-0.410824986349033
-0.464680465466993	-0.97532749176224	-0.686345504545345	-0.406870566628876
-0.458610465854864	-0.966556920670115	-0.685367073697733	-0.391116004951322
-0.452540466242736	-0.96414933881808	-0.677386026867364	-0.390676178437107
-0.446470466630607	-0.944752404048826	-0.669606863271907	-0.396185388771136
-0.440400467018479	-0.943710355981632	-0.654394848715067	-0.373365691232853
-0.43433046740635	-0.94134420019264	-0.653074828320823	-0.380528934166226
-0.428260467794222	-0.927824016216613	-0.647152977038221	-0.357952568252758
-0.422190468182093	-0.929264424570226	-0.635276577915976	-0.3563663400068
-0.416120468569965	-0.910013381941756	-0.630966923001714	-0.344163070104479
-0.410050468957836	-0.893020421576232	-0.62422381501594	-0.358764966048764
-0.403980469345708	-0.889931186950571	-0.615898468951782	-0.338225453703445
-0.397910469733579	-0.907300524875765	-0.612492599352934	-0.332203620386256
-0.391840470121451	-0.871746323934961	-0.604066483935021	-0.320551678826094
-0.385770470509322	-0.872062175938143	-0.596381384744517	-0.323327626880315
-0.379700470897194	-0.86173667639192	-0.585193968776923	-0.302009931318368
-0.373630471285065	-0.853107947283944	-0.583986298777222	-0.295702201970981
-0.367560471672937	-0.870586431463212	-0.575886498691145	-0.297890656367237
-0.361490472060808	-0.850836305225667	-0.567721836359882	-0.294217180684902
-0.35542047244868	-0.840241999613953	-0.555665259581161	-0.285133685835327
-0.349350472836551	-0.836605783664197	-0.546303348453334	-0.258722074656388
-0.343280473224423	-0.816080366581302	-0.540363975400765	-0.255992944864584
-0.337210473612294	-0.805415081908369	-0.542844629873892	-0.265521185451397
-0.331140474000166	-0.826291653377798	-0.52999491647895	-0.239352567831554
-0.325070474388037	-0.790314000125527	-0.525866218534962	-0.241855835064087
-0.319000474775909	-0.794534364812846	-0.510096666693694	-0.245716983406409
-0.31293047516378	-0.788758497449078	-0.513638593428988	-0.227371213794304
-0.306860475551652	-0.773170013431462	-0.49746353827031	-0.217788999468445
-0.300790475939523	-0.780983318628852	-0.495694631033097	-0.211903320564396
-0.294720476327395	-0.767941400396934	-0.490924126967447	-0.221740622984558
-0.288650476715266	-0.753744061464942	-0.476603912760945	-0.19932773991602
-0.282580477103137	-0.772375236791098	-0.474584908525241	-0.198864820929259
-0.276510477491009	-0.74804906876926	-0.461609141030956	-0.186959017863895
-0.27044047787888	-0.738647027950836	-0.452466192818421	-0.170879920695443
-0.264370478266752	-0.730063727665206	-0.449548263238198	-0.178339576573268
-0.258300478654623	-0.704096668043621	-0.440864776444616	-0.156602041289722
-0.252230479042495	-0.7095958756178	-0.436893219222147	-0.156710164160574
-0.246160479430366	-0.709841056939449	-0.430439359545848	-0.153390449415591
-0.240090479818238	-0.702364782146679	-0.419250213323601	-0.142174151191073
-0.234020480206109	-0.686405072278298	-0.419804702602909	-0.136183119262308
-0.227950480593981	-0.698818504930282	-0.405069979264085	-0.131769740591859
-0.221880480981852	-0.67330569582288	-0.401230187534419	-0.111761198459448
-0.215810481369724	-0.670901690221397	-0.390351584916381	-0.110252044078748
-0.209740481757595	-0.656717647551669	-0.385343055660378	-0.103867920295942
-0.203670482145467	-0.658867417190893	-0.380925834837056	-0.109864489780775
-0.197600482533338	-0.656183880089459	-0.367204036021581	-0.0851734336575382
-0.19153048292121	-0.635575135674762	-0.360443852245344	-0.0855928100238886
-0.185460483309081	-0.635856237633396	-0.357717994956148	-0.0671467302228307
-0.179390483696953	-0.610034059559664	-0.338728211300724	-0.0678535552838803
-0.173320484084824	-0.622909585922037	-0.337742688091798	-0.0474942984107993
-0.167250484472696	-0.614193553346148	-0.329844923923143	-0.0648945756494192
-0.161180484860567	-0.598124340192127	-0.320772774564451	-0.0467449121151373
-0.155110485248439	-0.606059156938194	-0.316232506038383	-0.02867002396309
-0.14904048563631	-0.580596886496157	-0.313675871880458	-0.0340372278686822
-0.142970486024182	-0.587095841529393	-0.305238706741224	-0.0277680888160676
-0.136900486412053	-0.579773203878554	-0.290642905188983	-0.0114694013301588
-0.130830486799925	-0.56728384407865	-0.292777932214634	-0.00609086556568688
-0.124760487187796	-0.562127152674852	-0.28070920959921	-0.00225965987109942
-0.118690487575668	-0.548054900117261	-0.269084846159947	0.00582263699450476
-0.112620487963539	-0.553771471945874	-0.267545739377929	0.0071078992473687
-0.106550488351411	-0.534174116097289	-0.254805998035387	0.0318141817553355
-0.100480488739282	-0.535640887156083	-0.257817863046502	0.0281897168206403
-0.0944104891271538	-0.531854597959619	-0.246748066687406	0.0413701197092259
-0.0883404895150253	-0.50105749447507	-0.229021138328087	0.0408368317639009
-0.0822704899028968	-0.517184053410403	-0.229622833778653	0.0482571410309897
-0.0762004902907683	-0.495872116854463	-0.217640858111848	0.061712323764509
-0.0701304906786397	-0.48376671792637	-0.221354716731039	0.0618454192424735
-0.0640604910665112	-0.494215831546412	-0.208909992832945	0.0554386948106317
-0.0579904914543827	-0.469551107486225	-0.199499829948375	0.0558939646989907
-0.0519204918422542	-0.475970237177778	-0.190401252362634	0.07288785721885
-0.0458504922301257	-0.477332159116157	-0.18411647223579	0.0872768257031362
-0.0397804926179972	-0.466190889812132	-0.180904866079654	0.0804465978741818
-0.0337104930058687	-0.467102263653477	-0.173279769617226	0.098362203182595
-0.0276404933937402	-0.42782072238773	-0.167034902062351	0.121864006269209
-0.0215704937816117	-0.432077349645234	-0.161358271181097	0.121497470001096
-0.0155004941694832	-0.427414536933417	-0.145563345055888	0.116990962698905
-0.00943049455735467	-0.431328840544239	-0.14354619577685	0.130733827015519
-0.00336049494522617	-0.405495920832746	-0.13297753815597	0.129041326485316
0.00270950466690234	-0.418462474438646	-0.126432300640112	0.153981962613428
0.00877950427903085	-0.406883666496648	-0.11698760128977	0.163115228530163
0.0148495038911594	-0.387147429584443	-0.108429366420328	0.161115774758813
0.0209195035032879	-0.402899870102435	-0.114101594376357	0.150070134163469
0.0269895031154164	-0.38064397148734	-0.0943127596129102	0.178766963362548
0.0330595027275449	-0.364515163196784	-0.095479117517281	0.192013252042852
0.0391295023396734	-0.357638676957555	-0.0830863487703865	0.191658794310305
0.0451995019518019	-0.35318109085654	-0.0800058059851696	0.195095113787472
0.0512695015639304	-0.339238515290176	-0.0660822721702627	0.198226536989516
0.0573395011760589	-0.34762713207265	-0.0589262458410029	0.222977077814945
0.0634095007881874	-0.341660664851368	-0.0523753895017985	0.242676523616349
0.0694795004003159	-0.345127560167696	-0.0444868841333613	0.225482047045447
0.0755495000124444	-0.31579886011931	-0.0486819268227012	0.232785395668571
0.0816194996245729	-0.308520180882756	-0.0277268298690906	0.252402740855926
0.0876894992367014	-0.304324597503427	-0.0289229896286862	0.259445937470967
0.09375949884883	-0.295340900764954	-0.0167983688983734	0.242242839631718
0.0998294984609585	-0.274296409116254	-0.00820052957086253	0.260233623167879
0.105899498073087	-0.295204066946529	-0.00351109707461924	0.273640453391962
0.111969497685215	-0.278259264331927	-0.00170238463646289	0.282863243611141
0.118039497297344	-0.275415341290259	0.00969915088254219	0.28181445152762
0.124109496909472	-0.258405693733132	0.0158630909070922	0.289863602757604
0.130179496521601	-0.262644095015517	0.0245697157397591	0.307868498392346
0.13624949613373	-0.245564360586435	0.0335070322854418	0.301300877254764
0.142319495745858	-0.224725403856056	0.04348389552338	0.321725658704194
0.148389495357987	-0.23067772612537	0.0436486562200575	0.324427221224407
0.154459494970115	-0.206744927143738	0.0592262182790084	0.322505344433962
0.160529494582244	-0.216642404114755	0.0618033624101739	0.330289458124013
0.166599494194372	-0.217606209060748	0.071166724211531	0.335711771538024
0.172669493806501	-0.205081139327603	0.0781124301057908	0.35109984270957
0.178739493418629	-0.194758723011233	0.0786931701716026	0.360679747410455
0.184809493030758	-0.200172944489273	0.0898493771605632	0.360114620707975
0.190879492642886	-0.179505519315006	0.100396887534893	0.372126926678407
0.196949492255015	-0.169235897093521	0.104528572939246	0.389734961494831
0.203019491867143	-0.150543696617943	0.114199495216394	0.393619829020287
0.209089491479272	-0.163717749975491	0.124788976512522	0.395064348722049
0.2151594910914	-0.130720292550286	0.132603920773318	0.392237709718186
0.221229490703529	-0.135932162175553	0.127189248708812	0.401519961965347
0.227299490315657	-0.140380288021675	0.140997673596668	0.424525768199733
0.233369489927786	-0.116023478973026	0.152456976575969	0.432112002937324
0.239439489539914	-0.120045100023318	0.160399574092463	0.438526744549765
0.245509489152043	-0.103700632946775	0.166100359537209	0.437358569377352
0.251579488764171	-0.114595750407178	0.169119792133474	0.439782907241742
0.2576494883763	-0.0886246790231664	0.176387591837753	0.469350189466529
0.263719487988428	-0.0909476939748664	0.189469273724397	0.468627438693333
0.269789487600557	-0.0976289082353188	0.193966447423611	0.468851544001414
0.275859487212685	-0.0562843743631058	0.210332306400588	0.472869777605054
0.281929486824814	-0.0738333679424253	0.204248676497743	0.488411733510994
0.287999486436942	-0.0756848872439266	0.207381626364015	0.502535656381644
0.294069486049071	-0.0761873613831952	0.217597982789037	0.505136328712462
0.300139485661199	-0.0450081679751968	0.231206227755045	0.52046268412246
0.306209485273328	-0.0483879356536969	0.238606702868523	0.52058531060783
0.312279484885456	-0.0288454574736501	0.247681289866521	0.522022173773427
0.318349484497585	-0.0268741968970734	0.254221687097243	0.523767697255977
0.324419484109713	-0.0206638517717488	0.265149417926572	0.536082393056687
0.330489483721842	-0.000453737208016136	0.264933705708485	0.547060590586104
0.33655948333397	0.00245306102025053	0.273322203427937	0.567287039328133
0.342629482946099	0.00167897886107904	0.277242622485413	0.557449696831167
0.348699482558227	0.00502596279460961	0.279101458256032	0.563765573915158
0.354769482170356	0.00170845845862997	0.29502315267569	0.578087484873844
0.360839481782484	0.0415988078279522	0.305686801559161	0.586521007356894
0.366909481394613	0.0274710566891954	0.310488609142744	0.588161161520633
0.372979481006741	0.0437441474623523	0.321267477366092	0.599887772862905
0.37904948061887	0.0477883912562229	0.324587679295428	0.601774616034161
0.385119480230998	0.0473267299366211	0.333347815665206	0.619809966673033
0.391189479843127	0.0606830113737103	0.336167687382519	0.61347720607479
0.397259479455256	0.0563384591253348	0.342042429974465	0.627294174089476
0.403329479067384	0.0595025606481639	0.351839406993827	0.6210952882784
0.409399478679512	0.0811661284583687	0.36160454745281	0.650589922150707
0.415469478291641	0.0920825205863481	0.368988830544376	0.644041202791599
0.42153947790377	0.108947898698478	0.377818735744385	0.657899538338306
0.427609477515898	0.111195392789759	0.386058841395369	0.66217565073458
0.433679477128026	0.138211154616692	0.393985950144357	0.656902096489955
0.439749476740155	0.120577539361826	0.402280744045381	0.679683765390277
0.445819476352284	0.122909768564961	0.408917309683816	0.682060928561605
0.451889475964412	0.145151980311191	0.411047262089879	0.704751391943718
0.45795947557654	0.152036707839898	0.41727440765347	0.695144573463551
0.464029475188669	0.154948130652927	0.430519889566133	0.705123513017817
0.470099474800798	0.164463604919995	0.43657860048489	0.702886518790733
0.476169474412926	0.169121305976175	0.447370247377625	0.719329781559212
0.482239474025054	0.167313848409629	0.451581329961003	0.733128003569698
0.488309473637183	0.179941562900041	0.455244376541193	0.715475146758719
0.494379473249312	0.18724712399466	0.462989398195233	0.736027699653848
0.50044947286144	0.192706033074143	0.471174235160297	0.754601811381364
0.506519472473568	0.210797069160522	0.484533627450155	0.759293199278164
0.512589472085697	0.220127446970312	0.484787424807597	0.759634970782098
0.518659471697826	0.233714642728991	0.501882648875857	0.798220034905678
0.524729471309954	0.224851465941128	0.503421130771679	0.780178758510391
0.530799470922082	0.23005966234717	0.509992068761263	0.802491154592774
0.536869470534211	0.248390961971933	0.527177957359057	0.786854464512369
0.54293947014634	0.242129893317014	0.519966041276919	0.791508092111023
0.549009469758468	0.24843911659811	0.533465387566582	0.812688499056973
0.555079469370596	0.257240107326755	0.540197765038994	0.81451749413129
0.561149468982725	0.267673969745257	0.54877430203919	0.80235811806641
0.567219468594854	0.260382756920185	0.546164012669853	0.82612559679779
0.573289468206982	0.28030824021833	0.558788589154837	0.84594579650021
0.57935946781911	0.289719134303872	0.569031785259796	0.848467003223427
0.585429467431239	0.295783718811419	0.577004992461805	0.845536956078526
0.591499467043368	0.313086225293243	0.582839571049445	0.85791250813846
0.597569466655496	0.305294800465956	0.590222776096134	0.86817419236968
0.603639466267624	0.308795035733791	0.596201351388312	0.873656192355197
0.609709465879753	0.314584219734618	0.604205215634759	0.876429574288033
0.615779465491882	0.330757113856445	0.611785665148092	0.897878932302943
0.62184946510401	0.339523016881405	0.615550068109361	0.905027765819264
0.627919464716138	0.360977519601972	0.622476440568253	0.902162519322808
0.633989464328267	0.367251757721281	0.632304656378746	0.918429267369402
0.640059463940396	0.348613881318155	0.63736345703294	0.907545851637534
0.646129463552524	0.370189429115511	0.648772751444271	0.921654577909256
0.652199463164652	0.373947261728379	0.655030000968686	0.956023011908579
0.658269462776781	0.36577583851864	0.669691845781007	0.946889747039895
0.66433946238891	0.40941543584572	0.669810544423828	0.956791029091349
0.670409462001038	0.394521835541466	0.67889913279672	0.941064008742929
0.676479461613166	0.410321705038895	0.689060406325282	0.972387864998041
0.682549461225295	0.417920141923315	0.686955467505347	0.970134136646711
0.688619460837424	0.420005555332107	0.699968677425437	0.963245879548247
0.694689460449552	0.424945006738374	0.698482243920493	0.972921235295392
0.70075946006168	0.434947169193352	0.721742870845619	0.998092367797377
0.706829459673809	0.44298609939567	0.724193426382992	1.00821775715516
0.712899459285938	0.449076667333392	0.723773818224658	1.00862718519065
0.718969458898066	0.449725827345971	0.738312908850288	1.00568224765288
0.725039458510194	0.458336978741914	0.732835500164558	1.0147711355887
0.731109458122323	0.487722009832796	0.748950391403348	1.03288919034928
0.737179457734452	0.481984837136309	0.75942845951693	1.0404163462151
0.74324945734658	0.4804097796939	0.761983245367855	1.03490781694721
0.749319456958708	0.494770164082102	0.773264810836149	1.04625823420791
0.755389456570837	0.502162668430838	0.777535648824208	1.05475913967269
0.761459456182966	0.516242400282452	0.795593948346058	1.07102376718828
0.767529455795094	0.519651610823499	0.798764906550689	1.06986997022069
0.773599455407223	0.51593432421892	0.805264238974216	1.09604580003915
0.779669455019351	0.542008946162268	0.807059886443184	1.09529439496916
0.78573945463148	0.54368601883184	0.818164115946701	1.08652917384167
0.791809454243608	0.54624254676537	0.826282040885589	1.10444811027586
0.797879453855737	0.555547103114242	0.834419411701756	1.11316906786592
0.803949453467865	0.566989662645041	0.836334044680363	1.11772274960055
0.810019453079994	0.566175459939697	0.838121974904802	1.1305358767508
0.816089452692122	0.57358643081342	0.85072178519632	1.12804171269607
0.822159452304251	0.564810231683598	0.863500189375768	1.14249595045235
0.828229451916379	0.604265141961558	0.872795158517862	1.14483098061121
0.834299451528508	0.595920642942027	0.869198622677686	1.14504919446071
0.840369451140636	0.607887517456377	0.879625759027019	1.15566902696166
0.846439450752765	0.599859614171605	0.886633995519149	1.1741578905314
0.852509450364893	0.623361418072589	0.895173351331366	1.17256710511493
0.858579449977022	0.63599825381793	0.909556071092154	1.17743586979056
0.86464944958915	0.643458279072301	0.916295991738602	1.18000334171149
0.870719449201279	0.64438796341734	0.922060648329087	1.19014260723496
0.876789448813407	0.653374156937531	0.930350110547905	1.19371445302368
0.882859448425536	0.670867148697577	0.932250528242855	1.20468688784125
0.888929448037664	0.674293515466864	0.936234129645581	1.20506560824713
0.894999447649793	0.676359706561869	0.945213224941935	1.21735033427111
0.901069447261921	0.680955758630279	0.958192785145781	1.2260079642848
0.90713944687405	0.698577179993545	0.959830433657072	1.24172513059793
0.913209446486178	0.685240882249513	0.974523365554154	1.24243823194804
0.919279446098307	0.698061385285306	0.981981828233544	1.2611814410733
0.925349445710435	0.719632227234773	0.988225082970487	1.26464201116343
0.931419445322564	0.692191452297031	0.99674990961309	1.26401642856153
0.937489444934692	0.719705951473082	0.995028385912348	1.26657189572747
0.943559444546821	0.730282450766885	1.00923435489435	1.27931635830934
0.94962944415895	0.739594770406046	1.01009867009848	1.29442441738564
0.955699443771078	0.738836511236865	1.01500623559428	1.29336883675397
0.961769443383206	0.756585280108482	1.02218311369251	1.30555854447818
0.967839442995335	0.755816436471085	1.0417704402373	1.31766545450154
0.973909442607463	0.750599163597798	1.03956247829163	1.31099195489944
0.979979442219592	0.760094835732395	1.05009534777783	1.33922507007007
0.98604944183172	0.784000646540296	1.06061834165777	1.33982836454834
0.992119441443849	0.796724828648194	1.06879390050022	1.31727500262492
0.998189441055978	0.78398276120203	1.07619628284187	1.35481359166518
1.00425944066811	0.814328906472244	1.08671499077236	1.35773941726732
1.01032944028023	0.803140931787971	1.09024179711603	1.36743283418617
1.01639943989236	0.814384673562869	1.09423333823957	1.37345632315852
1.02246943950449	0.815602664915555	1.10278707328031	1.38904494810307
1.02853943911662	0.831135392461457	1.10663556458587	1.38984126294046
1.03460943872875	0.84224057623532	1.11789009537264	1.40052893286131
1.04067943834088	0.842989021787445	1.12217409207891	1.39112786247983
1.04674943795301	0.859258704270311	1.12993321170122	1.40923398016402
1.05281943756513	0.865416612602991	1.13870685843152	1.41331506123962
1.05888943717726	0.862652089479401	1.14927482554188	1.42310770007585
1.06495943678939	0.881682275691189	1.15724126442929	1.41848116475868
1.07102943640152	0.887099905432197	1.16172603548363	1.42118398957983
1.07709943601365	0.887613352750996	1.16845213729657	1.4498017472937
1.08316943562578	0.899449004877876	1.17285339021857	1.44921350194856
1.0892394352379	0.891490608448504	1.17997593256541	1.45598928807654
1.09530943485003	0.891038400831038	1.19598658224468	1.45905335985128
1.10137943446216	0.910366001343342	1.19299613160277	1.46516971010088
1.10744943407429	0.919977162621627	1.20869969613383	1.48614905595234
1.11351943368642	0.933713169040852	1.21253543467934	1.48297552393042
1.11958943329855	0.963211181753101	1.21639639607775	1.481668166414
1.12565943291068	0.937911971976136	1.22682272413634	1.48721786245302
1.1317294325228	0.971170244389636	1.2379417190001	1.51493181962549
1.13779943213493	0.961536629435484	1.24409220214666	1.51713552096976
1.14386943174706	0.958777416066085	1.23766033981862	1.52264161215383
1.14993943135919	0.988836409065956	1.25982766342594	1.52391141105499
1.15600943097132	0.981405173175879	1.26591567499969	1.5393435314022
1.16207943058345	0.995939477743213	1.27541421406866	1.54336316565456
1.16814943019558	0.997815044858281	1.2787354351457	1.55036456441692
1.1742194298077	1.01739527243029	1.28492721390988	1.55592499245393
1.18028942941983	1.02640693356653	1.28818460211733	1.55723940123853
1.18635942903196	1.02596299691436	1.30032113244321	1.59018865217968
1.19242942864409	1.02362355106671	1.30320723814773	1.57584885484537
1.19849942825622	1.03538419706819	1.30927388077379	1.59629513098402
1.20456942786835	1.0437720715816	1.31638508069202	1.58183169690365
1.21063942748048	1.0538245481953	1.32233474202482	1.61220043707975
1.2167094270926	1.05426834085568	1.33400544523195	1.61126046857546
1.22277942670473	1.05605714724307	1.34214108833881	1.6210129355991
1.22884942631686	1.06743456814795	1.34506467382012	1.62783616024488
1.23491942592899	1.06850591891714	1.35519041113862	1.6247144271811
1.24098942554112	1.10247954865408	1.36674686748501	1.65141360613178
1.24705942515325	1.08575371870702	1.37187071350824	1.6458823282518
1.25312942476537	1.10990424009842	1.38224615643112	1.64240438268421
1.2591994243775	1.11015409686208	1.38983697286877	1.64723881645687
1.26526942398963	1.11491227981946	1.39083149288898	1.66183605144964
1.27133942360176	1.11836034955923	1.40303482766597	1.68711585806603
1.27740942321389	1.15522716795418	1.41398526816004	1.67755965903632
1.28347942282602	1.12325694166886	1.41471082996272	1.69189339250846
1.28954942243815	1.14589151538992	1.42250179371608	1.69825012456609
1.29561942205027	1.15831576746207	1.43257931610144	1.70582164989728
1.3016894216624	1.17705260998791	1.43981221209513	1.7109083982384
1.30775942127453	1.18039312880751	1.44553775687313	1.71651507968969
1.31382942088666	1.18102548192239	1.45059967632896	1.72636784523182
1.31989942049879	1.1708469971361	1.4585301642527	1.73559761120111
1.32596942011092	1.19720255090711	1.47076971875949	1.75492163515391
1.33203941972305	1.19001354084573	1.47518803058494	1.7642848945868
1.33810941933517	1.2132425528183	1.48335618036663	1.74147254706461
1.3441794189473	1.20565686531501	1.49803379681479	1.76688546221042
1.35024941855943	1.21884604159397	1.49786026778612	1.76927094867536
1.35631941817156	1.23306098881478	1.50111628506037	1.79484494473466
1.36238941778369	1.23587798463276	1.51789829578313	1.7949639081388
1.36845941739582	1.22950925965152	1.52123617098585	1.79976636231751
1.37452941700794	1.25095818690337	1.52233269821987	1.79736033178002
1.38059941662007	1.24215265396058	1.53758497916046	1.80870651326115
1.3866694162322	1.26693526562357	1.54039524357133	1.83075367704104
1.39273941584433	1.26029670908648	1.54457445653983	1.82257971899743
1.39880941545646	1.27413109817319	1.55841321832286	1.82874479869118
1.40487941506859	1.27685280830308	1.5656587996393	1.84272870666648
1.41094941468072	1.30103547589342	1.57658816953817	1.84174137039007
1.41701941429284	1.30780154138691	1.58133948405574	1.86038523388145
1.42308941390497	1.29688721176028	1.58775682086672	1.83622989832237
1.4291594135171	1.3098884863864	1.59490087020181	1.87412435245301
1.43522941312923	1.31330475223363	1.60054556635634	1.88384928799587
1.44129941274136	1.33710199255861	1.60395869577719	1.88708778983842
1.44736941235349	1.34637576541994	1.61237762403502	1.8943009094064
1.45343941196562	1.35429703718674	1.62171150110177	1.89563565945004
1.45950941157774	1.34051716013518	1.63117624606775	1.90604291141145
1.46557941118987	1.36362592574281	1.63518006669829	1.92095167505874
1.471649410802	1.36884076716678	1.64118598315912	1.92359307029423
1.47771941041413	1.36154555871805	1.64855242062315	1.92194115746445
1.48378941002626	1.39801807655155	1.65790305238029	1.93652993609009
1.48985940963839	1.37886409300365	1.65974324027166	1.9418721682144
1.49592940925052	1.40320688018885	1.6760275852924	1.93487096627252
1.50199940886264	1.40986505065145	1.68536915176679	1.95677301794532
1.50806940847477	1.41779256264223	1.68576349033735	1.95279223262721
1.5141394080869	1.41765874877059	1.68780942303316	1.97616648194245
1.52020940769903	1.41752279090119	1.69855990364603	1.96901958640488
1.52627940731116	1.41317711846099	1.70713224970888	1.99228178867704
1.53234940692329	1.42684159273357	1.71634263675285	1.99160204326184
1.53841940653541	1.43492342566498	1.71891274730695	1.99074679085176
1.54448940614754	1.45114010081377	1.73597170583323	2.01366326648148
1.55055940575967	1.45111049839468	1.73529367953996	2.01924029489126
1.5566294053718	1.46462953133118	1.74861937633818	2.02388133251729
1.56269940498393	1.47122495491898	1.74884960058645	2.03153895737713
1.56876940459606	1.4847822912615	1.75626440803944	2.02170134039
1.57483940420819	1.48662392705385	1.76758191026011	2.04903524637973
1.58090940382031	1.50770455516967	1.77855755649935	2.05020984126029
1.58697940343244	1.50016671323802	1.77802066150397	2.05749040452073
1.59304940304457	1.50735060887279	1.78163063577738	2.06118855157987
1.5991194026567	1.52041366973021	1.80302966256099	2.07062923277007
1.60518940226883	1.53371656001134	1.80216520055818	2.08366793133095
1.61125940188096	1.53889448257433	1.81152518450496	2.09116973960749
1.61732940149309	1.53978409993697	1.81606184744901	2.08805068439783
1.62339940110521	1.54023860509114	1.82952559857205	2.10828093463718
1.62946940071734	1.55646582295999	1.83515283731029	2.12581009388334
1.63553940032947	1.57406542090202	1.83906874221833	2.1119461501516
1.6416093999416	1.56917972461295	1.84958727225853	2.12623198516532
1.64767939955373	1.58270457777693	1.85424357773938	2.1369450607859
1.65374939916586	1.5878157968705	1.85877065247894	2.14825079871296
1.65981939877799	1.59621708962336	1.87586513805359	2.14158552623618
1.66588939839011	1.59680307729872	1.87505871714333	2.16434400720448
1.67195939800224	1.61562343241266	1.88779029151382	2.16989388939604
1.67802939761437	1.61219522557219	1.89260058073863	2.15632094348937
1.6840993972265	1.62426462856585	1.89280161285461	2.19033729287082
1.69016939683863	1.63466334064055	1.91012934734067	2.17446032111788
1.69623939645076	1.64292297912842	1.91314718533206	2.19572450445139
1.70230939606288	1.6353267167153	1.92138960822128	2.1890327030542
1.70837939567501	1.6403753405648	1.93109592417614	2.2124434406044
1.71444939528714	1.6542884808529	1.93120239867946	2.2205613405882
1.72051939489927	1.66919140123623	1.94468909743691	2.2190332993209
1.7265893945114	1.68005696654601	1.95082121860658	2.22961274992229
1.73265939412353	1.68216573947892	1.95898166300192	2.24146889880892
1.73872939373566	1.68593262587977	1.96427893533765	2.23993325774682
1.74479939334778	1.70423650232443	1.9667461538214	2.25789072859401
1.75086939295991	1.6954880782711	1.9707899198111	2.24622031841554
1.75693939257204	1.71575561717027	1.99004032205461	2.26871451697798
1.76300939218417	1.72071087289744	1.99776360838387	2.27491463206051
1.7690793917963	1.72770807478001	2.00609683080853	2.27924079229531
1.77514939140843	1.72771065756878	2.01471607013535	2.29281423379924
1.78121939102056	1.74035158522801	2.01589320207097	2.30206586887361
1.78728939063268	1.77006550939752	2.02303018871182	2.30155574874197
1.79335939024481	1.75212826175186	2.03446184998051	2.31929060584647
1.79942938985694	1.7642854459551	2.040150394681	2.30500335983462
1.80549938946907	1.75846507905388	2.0430817378598	2.32512828246127
1.8115693890812	1.770777290756	2.04953398304083	2.32984470848352
1.81763938869333	1.77541384148981	2.06477970428252	2.33222130625085
1.82370938830545	1.7844615873931	2.06654780447885	2.33866245906999
1.82977938791758	1.79609284001226	2.07855450140009	2.3569864513288
1.83584938752971	1.80320823340189	2.08202651120078	2.35791181365587
1.84191938714184	1.82211675838103	2.09307972916384	2.35859790744036
1.84798938675397	1.82659692600359	2.09600516394033	2.3639301060096
1.8540593863661	1.81868049989625	2.09893081951419	2.36705260663533
1.86012938597823	1.83097716640217	2.10345962538069	2.38746733901842
1.86619938559035	1.84303505356669	2.12178484797155	2.39912924151979
1.87226938520248	1.83676572688558	2.12112062833904	2.40671645839572
1.87833938481461	1.85803640459746	2.13150737054267	2.40379097957437
1.88440938442674	1.86422014281983	2.13722225266868	2.41768711931821
1.89047938403887	1.87719425637266	2.14371317648572	2.42966253304356
1.896549383651	1.88261999324297	2.1552483427303	2.43767182302227
1.90261938326313	1.89239605693686	2.16107876300286	2.44209800214839
1.90868938287525	1.90334452890708	2.16572069476184	2.44668230056068
1.91475938248738	1.89273715366845	2.17247944746321	2.44841600704551
1.92082938209951	1.89974690401832	2.18511893686423	2.46901295765902
1.92689938171164	1.92150381840617	2.18809881422891	2.45440423354395
1.93296938132377	1.92407011303702	2.19548270648944	2.48612470076481
1.9390393809359	1.91776581188908	2.19794915974445	2.47877611374779
1.94510938054802	1.95631777407611	2.21744901279423	2.48917575542621
1.95117938016015	1.93925466803484	2.22146208446164	2.49500970398483
1.95724937977228	1.95136791847486	2.22589385284868	2.5011732900785
1.96331937938441	1.95380266103129	2.2306359080653	2.53269970735783
1.96938937899654	1.96526281398696	2.24555692529326	2.50361437138264
1.97545937860867	1.97599038207493	2.26131856868554	2.54197380689845
1.9815293782208	1.97926650105876	2.25971874940973	2.54065981094752
1.98759937783292	2.00501517651908	2.27027050830065	2.54572359332004
1.99366937744505	1.99033307151729	2.27250429442747	2.55374819440758
1.99973937705718	2.00013803148256	2.28025552366703	2.55949720058741
2.00580937666931	2.00629269617272	2.28680675985981	2.57705736428365
2.01187937628144	2.01879157742924	2.28528768170542	2.57069889393585
2.01794937589357	2.01941918286968	2.29845599679161	2.58636634495352
2.0240193755057	2.02776713539506	2.31056023381813	2.57557236473754
2.03008937511782	2.04725877679608	2.32561546676454	2.59442120606432
2.03615937472995	2.04190080968571	2.32476474274375	2.59567108202162
2.04222937434208	2.05277105175052	2.3337519762301	2.61178153893166
2.04829937395421	2.07567819191141	2.33379366060667	2.6233237465521
2.05436937356634	2.06311508199414	2.34315931976192	2.62561254359358
2.06043937317847	2.0527890072481	2.347716215568	2.62316997649695
2.06650937279059	2.08582228640064	2.36519630361561	2.63861712361294
2.07257937240272	2.09956561670975	2.36360437483548	2.64377855270227
2.07864937201485	2.1137448993353	2.37253704578299	2.6387532616799
2.08471937162698	2.098360917069	2.38015032000713	2.65068856824598
2.09078937123911	2.11594049185433	2.38809282508732	2.6672779167358
2.09685937085124	2.11754768193056	2.39662485239895	2.68521989970744
2.10292937046337	2.13800162116389	2.40621639803488	2.69632108808447
2.10899937007549	2.11825955539564	2.40914821252825	2.69109558188718
2.11506936968762	2.14017205347406	2.41672315083949	2.68621470497595
2.12113936929975	2.1596453626986	2.42690719747229	2.71438483377484
2.12720936891188	2.16729647485374	2.43975396041411	2.70833260136722
2.13327936852401	2.15995022919235	2.44805162259135	2.71833146476553
2.13934936813614	2.15562168300051	2.44327527754193	2.71962982063058
2.14541936774827	2.17920341988632	2.45895616862953	2.73466991049995
2.15148936736039	2.17689894035932	2.46971067200746	2.73022500495678
2.15755936697252	2.20359666997102	2.47862282925608	2.75317756112075
2.16362936658465	2.20460090265964	2.47760748337115	2.74893380192175
2.16969936619678	2.20347775354254	2.48736419297383	2.77065875201829
2.17576936580891	2.2080761854017	2.49589404035862	2.76445822043532
2.18183936542104	2.20769122313017	2.49677855051605	2.78078038605321
2.18790936503316	2.23825709358027	2.50641992350537	2.79149674453778
2.19397936464529	2.23803256718254	2.51735186640222	2.80369954989859
2.20004936425742	2.23348765214107	2.52786452238205	2.79170788732579
2.20611936386955	2.23625117787776	2.53280640803745	2.81553799587701
2.21218936348168	2.25059449638175	2.53288345518885	2.79016172617911
2.21825936309381	2.27748296535345	2.54681083875807	2.83698357718252
2.22432936270594	2.2573058929181	2.54918882514036	2.82577121022847
2.23039936231806	2.291310485347	2.56600654775045	2.84477857395828
2.23646936193019	2.27644554692986	2.56197063924906	2.83157182352214
2.24253936154232	2.28764678655945	2.56777256621733	2.85487047450885
2.24860936115445	2.29627971282633	2.57946248301036	2.84968252214389
2.25467936076658	2.31172406037887	2.58146154291027	2.84916110600257
2.26074936037871	2.3167991415446	2.58967076172198	2.88561313838562
2.26681935999084	2.32235818816911	2.60655495762037	2.8752443412606
2.27288935960296	2.3206938023085	2.6153698497811	2.89509342254258
2.27895935921509	2.33262350163754	2.61848058761504	2.89043725572854
2.28502935882722	2.35526956150701	2.61968316647595	2.90691615222486
2.29109935843935	2.35690146141456	2.63324084322802	2.92144604932578
2.29716935805148	2.35677461658995	2.63827937104106	2.90359523946034
2.30323935766361	2.3707717998053	2.64994411858643	2.92595039070879
2.30930935727574	2.36502659343343	2.64849910128365	2.92419385551873
2.31537935688786	2.37597530164058	2.66280241411082	2.92765151048232
2.32144935649999	2.37934423218451	2.67231626749013	2.9657724544144
2.32751935611212	2.3931825943414	2.6781449502115	2.95746857041606
2.33358935572425	2.40300497891479	2.68099082011429	2.9590991660997
2.33965935533638	2.40476070198208	2.69771885872474	2.97004603533411
2.34572935494851	2.40719831715375	2.6966645115005	2.98178076375035
2.35179935456063	2.43034774098699	2.70765017485686	2.97622978649319
2.35786935417276	2.42820360521796	2.70879728711518	2.98796584117659
2.36393935378489	2.43413814419879	2.71826795196881	2.99451150946945
2.37000935339702	2.4497838501143	2.71848116762764	2.97718451599089
2.37607935300915	2.4550229939444	2.74179183224506	3.01954261574498
2.38214935262128	2.4616841199752	2.73828649150453	3.00497902072975
2.38821935223341	2.47398368929498	2.74497500089104	3.02451964958752
2.39428935184553	2.47034115248791	2.75803660638835	3.03156028071263
2.40035935145766	2.46531816592268	2.76668960468958	3.048224479981
2.40642935106979	2.49133825965664	2.77799470527216	3.06403237540428
2.41249935068192	2.50592390391627	2.7740831205433	3.05602464216499
2.41856935029405	2.49648504494088	2.78066883706001	3.05428481926145
2.42463934990618	2.51557621145686	2.79467001540199	3.06568456701008
2.4307093495183	2.52269811363526	2.79699973707541	3.07151495657497
2.43677934913043	2.52951960769813	2.80292241547696	3.08658247148054
2.44284934874256	2.53916118048186	2.81610099548625	3.09219183786124
2.44891934835469	2.55153880430203	2.81833286588418	3.10362437501485
2.45498934796682	2.54187226962631	2.83064011213565	3.11478404856174
2.46105934757895	2.5524314878666	2.83221729916607	3.09841230480663
2.46712934719108	2.57273545631146	2.83793855397092	3.13349317351824
2.4731993468032	2.57900353896538	2.84974361487193	3.12873016083586
2.47926934641533	2.59616142080181	2.86265169393112	3.1446282687826
2.48533934602746	2.57990557569546	2.86145448101713	3.15433513154438
2.49140934563959	2.58550809348864	2.86657878403835	3.13383085763039
2.49747934525172	2.60768218961288	2.88536160738586	3.15738597786474
2.50354934486385	2.60211978645687	2.88339021029465	3.15730184900418
2.50961934447598	2.62478232561344	2.90202543404	3.18521434642649
2.5156893440881	2.59520148949258	2.90006789236943	3.17195286277721
2.52175934370023	2.61455180903669	2.90326207511046	3.20249783030853
2.52782934331236	2.61983510994257	2.91528888613849	3.17388932003019
2.53389934292449	2.6413970798421	2.92357834988388	3.20088031235679
2.53996934253662	2.63863190553902	2.93215640649438	3.21760618558183
2.54603934214875	2.64249820816736	2.92994188457844	3.216040020729
2.55210934176088	2.65724403662463	2.93547190764782	3.24490744948518
2.558179341373	2.67322083422916	2.9538510767212	3.23719804890613
2.56424934098513	2.69806931905604	2.96489645858303	3.24911071146478
2.57031934059726	2.69021048865111	2.96296669234045	3.23181985173406
2.57638934020939	2.70390331917289	2.97071528166679	3.25007132222132
2.58245933982152	2.69458637785429	2.98527458479596	3.26126332155304
2.58852933943365	2.70326485335758	2.99085255842113	3.26599020744645
2.59459933904577	2.73463334346347	2.99678344147696	3.27013486574709
2.6006693386579	2.72144517637194	3.0028010367424	3.28093546575288
2.60673933827003	2.72618167030849	3.00756925150626	3.28422438839196
2.61280933788216	2.71429042295025	3.01131728670182	3.30156790123741
2.61887933749429	2.73987310056244	3.01910450496087	3.3090594471859
2.62494933710642	2.76741003588271	3.03225855282978	3.30518098296475
2.63101933671855	2.7583623044096	3.03955013796191	3.31569480469705
2.63708933633067	2.76140178977776	3.0501895769569	3.32529727565993
2.6431593359428	2.78217229402736	3.05690418268424	3.34880548299497
2.64922933555493	2.77531123851462	3.0679483801865	3.32528097335436
2.65529933516706	2.80492957667398	3.07449902710019	3.34384609399314
2.66136933477919	2.79187025693984	3.0814403827186	3.36465876339186
2.66743933439132	2.78922748774864	3.08709024012973	3.35277041169759
2.67350933400345	2.81162545230804	3.0930898721626	3.37366010955097
2.67957933361557	2.82298651961562	3.09846632587469	3.37874372696747
2.6856493332277	2.83417687760441	3.11126709026289	3.39065712315942
2.69171933283983	2.84986945692828	3.11118999426398	3.40147295328064
2.69778933245196	2.84875978627942	3.12041563597008	3.3960765757394
2.70385933206409	2.86412781185709	3.1263402304678	3.40715555065969
2.70992933167622	2.8409313364643	3.13445087230538	3.43249339603866
2.71599933128834	2.87453799237473	3.14388645444997	3.42201127189091
2.72206933090047	2.86697114848521	3.14653597187441	3.44764256753866
2.7281393305126	2.87687732788273	3.16011948231446	3.45908106197362
2.73420933012473	2.8741699909594	3.15763522927652	3.44733701075121
2.74027932973686	2.89206329777994	3.16656755359681	3.44648501310866
2.74634932934899	2.89126218775506	3.17232114100619	3.45662975666197
2.75241932896112	2.91238839042856	3.18223159492966	3.46265567030212
2.75848932857324	2.90573470686578	3.19652791426693	3.47122877586115
2.76455932818537	2.91123393728229	3.19969064415633	3.48408880008509
2.7706293277975	2.92049057936098	3.20441449993154	3.48897700887219
2.77669932740963	2.92386498419941	3.21586700075304	3.50262723321422
2.78276932702176	2.94022752466546	3.22296391097421	3.51147059150762
2.78883932663389	2.94265114640349	3.22904464633193	3.52314472630541
2.79490932624602	2.96575308693218	3.23460966374116	3.52957438710978
2.80097932585814	2.96350903296142	3.23653783676815	3.53367084867765
2.80704932547027	2.96214836374927	3.25543140191757	3.53286674952438
2.8131193250824	2.97225379640906	3.25462704858191	3.54654573534017
2.81918932469453	2.9896322798441	3.27106293100594	3.55513461758361
2.82525932430666	2.98933763285572	3.27640082096328	3.54932652325312
2.83132932391879	3.01468364424408	3.27855311232141	3.55997569850184
2.83739932353091	3.00917758617888	3.2934707636782	3.57014253055919
2.84346932314304	3.01031567129964	3.29393188017126	3.57847204210255
2.84953932275517	3.02728205635414	3.30456278956064	3.59936962463737
2.8556093223673	3.01912641007674	3.30712041758874	3.5844868221173
2.86167932197943	3.03710269579583	3.32266640909609	3.60927054259475
2.86774932159156	3.03343725817233	3.3205595040885	3.62537978626268
2.87381932120369	3.06857916178782	3.33318132956049	3.62070085936024
2.87988932081581	3.04920285132866	3.34254755118568	3.62552864735876
2.88595932042794	3.06796523323935	3.34606497761803	3.63021253187865
2.89202932004007	3.06413851418661	3.35694866639728	3.63740656856921
2.8980993196522	3.08710882822696	3.36156627929493	3.64217553430112
2.90416931926433	3.08567434982762	3.37495831208732	3.65997174364478
2.91023931887646	3.08064328145111	3.37487264330103	3.64772534817523
2.91630931848859	3.10966917238622	3.3901538385843	3.66701658394687
2.92237931810071	3.10901076757952	3.38898154315394	3.671969962316
2.92844931771284	3.12391127925167	3.40061488234584	3.68338190508537
2.93451931732497	3.11465311945004	3.39985637977018	3.69040951827065
2.9405893169371	3.12706585473484	3.41034251129094	3.70188034932687
2.94665931654923	3.12949323871063	3.41983278762446	3.70129670669704
2.95272931616136	3.15883429514716	3.43267322530904	3.71620290195942
2.95879931577349	3.14336360539016	3.43837384593705	3.73475313647166
2.96486931538561	3.15731215915984	3.43807342608386	3.7206129457758
2.97093931499774	3.1738131502724	3.45197577015216	3.73042033134183
2.97700931460987	3.16899195854496	3.45654339148889	3.73153257929865
2.983079314222	3.20421074232743	3.47172978579793	3.75850994630799
2.98914931383413	3.18966527734087	3.46898610113614	3.75667628687835
2.99521931344626	3.19445664216499	3.47954319145162	3.75307051488252
3.00128931305838	3.20800155661736	3.4893577619022	3.7770426391675
3.00735931267051	3.21423497186519	3.49837283498074	3.78408984978191
3.01342931228264	3.22017361412882	3.50337734182655	3.7896767764089
3.01949931189477	3.22234817618444	3.50551301213548	3.78728754266124
3.0255693115069	3.23509985867397	3.5137854912853	3.79524275706143
3.03163931111903	3.24529372228368	3.52138641310149	3.82548222267878
3.03770931073116	3.25246540251843	3.53616270920562	3.81160151313739
3.04377931034328	3.25975503198535	3.53532201147676	3.82393120639823
3.04984930995541	3.26946537210256	3.55143768959903	3.83805792821299
3.05591930956754	3.26600243810628	3.54935152329723	3.82401152885389
3.06198930917967	3.27871017586338	3.56040019532307	3.84187630117114
3.0680593087918	3.2912120441952	3.56975206450257	3.85749485385815
3.07412930840393	3.28370481676545	3.5745342485086	3.87453574944223
3.08019930801606	3.30364347573761	3.58271050557737	3.88057068259374
3.08626930762818	3.32455288941057	3.58970329916367	3.87878073522229
3.09233930724031	3.31016793792838	3.59520457140709	3.88106282047916
3.09840930685244	3.30826113656225	3.60150047041234	3.87372561072102
3.10447930646457	3.32985207900151	3.61056506420189	3.88690352296019
3.1105493060767	3.32458512236569	3.61682041290622	3.90225741760621
3.11661930568883	3.34248229598866	3.62145778756133	3.91296145251657
3.12268930530096	3.34809130963887	3.62858415488648	3.91325856208247
3.12875930491308	3.35598566049995	3.64063892863545	3.92738983809954
3.13482930452521	3.36604248068701	3.65018174481131	3.9200465056764
3.14089930413734	3.36027506542901	3.65271161008671	3.92572165514917
3.14696930374947	3.37876554703991	3.66263711883471	3.94173492088946
3.1530393033616	3.38550164286075	3.66625892726162	3.94973132936365
3.15910930297373	3.40042679595063	3.68278920004352	3.97829897917871
3.16517930258585	3.39892327096918	3.68759524669886	3.9654911633801
3.17124930219798	3.41388672136774	3.6900145082559	3.97006793213372
3.17731930181011	3.42060137131761	3.70387582058121	3.98015592491158
3.18338930142224	3.42026562915188	3.70623347102005	3.99477521865766
3.18945930103437	3.42930560803259	3.71220574175641	3.99012604316213
3.1955293006465	3.44123055593451	3.71699212662668	3.99168401562866
3.20159930025863	3.4371274288569	3.73050718378547	4.01971095578269
3.20766929987075	3.46935893303294	3.7380273205636	4.01076534106931
3.21373929948288	3.45685785826503	3.74300068721074	4.01956652607098
3.21980929909501	3.46387990418453	3.74487407728648	4.02075680554474
3.22587929870714	3.47697115522354	3.75009512381548	4.03673964284592
3.23194929831927	3.49163679241781	3.76470667801238	4.04868102275347
3.2380192979314	3.49430867538815	3.77215936313553	4.07465095322834
3.24408929754353	3.49219532336894	3.77170882425988	4.06474852068827
3.25015929715565	3.49858493974298	3.79002926377635	4.06701562188681
3.25622929676778	3.5163789999493	3.80397670750448	4.09655098509138
3.26229929637991	3.52647291668454	3.79655656749022	4.08116692147266
3.26836929599204	3.52779640759542	3.81267241405555	4.09388505523867
3.27443929560417	3.53723324863392	3.8085824597481	4.10138161364929
3.2805092952163	3.53823074052701	3.82061339827404	4.09891102918341
3.28657929482842	3.54668469465476	3.82825940033463	4.12259012582383
3.29264929444055	3.54761075691595	3.83730751251408	4.11750767064172
3.29871929405268	3.55967990704032	3.84574171418459	4.12661783670527
3.30478929366481	3.55335415606149	3.85116456923396	4.133181026318
3.31085929327694	3.58181538122331	3.85561111477908	4.14317752037549
3.31692929288907	3.57483638283936	3.86118281548414	4.14820939629563
3.3229992925012	3.57874541963828	3.87402748540058	4.16668807579786
3.32906929211332	3.58910386967922	3.88147618751113	4.1644161625429
3.33513929172545	3.60419380687913	3.88663001085737	4.17027917909082
3.34120929133758	3.61304889745778	3.89735083884623	4.17152362020947
3.34727929094971	3.61603978238384	3.90603853001714	4.20009590751522
3.35334929056184	3.63625275975167	3.9046190851485	4.17618014114881
3.35941929017397	3.64407396362159	3.91644688010565	4.20032238154219
3.3654892897861	3.63005708874225	3.93044394291966	4.2218377331933
3.37155928939822	3.6456433967761	3.93072167258125	4.2316418619015
3.37762928901035	3.6542904276777	3.94422782852656	4.22573813534302
3.38369928862248	3.6613884468952	3.95186001355619	4.23641473442435
3.38976928823461	3.6862142925652	3.95697966348763	4.25363946561687
3.39583928784674	3.67564413358511	3.96683995499745	4.23716053846301
3.40190928745887	3.67850336392164	3.96653208078098	4.2647917642243
3.407979287071	3.68745317524433	3.97667348224822	4.25308874213546
3.41404928668312	3.68938615855934	3.98787911738067	4.26422949360808
3.42011928629525	3.71027826476613	3.99130594944603	4.28246515285084
3.42618928590738	3.70164737377063	4.00205963640996	4.27090821343222
3.43225928551951	3.70217326215993	4.00717000595438	4.2928177825785
3.43832928513164	3.7338929843917	4.01453948059461	4.32109692365701
3.44439928474377	3.72792866044837	4.01746219218591	4.30739304717356
3.45046928435589	3.73509380816604	4.03345069498939	4.31069445140006
3.45653928396802	3.74483324110881	4.03792664640983	4.32195379948233
3.46260928358015	3.75859086382403	4.0372126276611	4.33554355389106
3.46867928319228	3.76525757216597	4.05264422335649	4.3366416982559
3.47474928280441	3.76277553072358	4.05229096434983	4.35032197007552
3.48081928241654	3.76310083688048	4.05902397015671	4.34862768771564
3.48688928202867	3.77714514378239	4.0678195378453	4.36085545011954
3.49295928164079	3.79362883159558	4.07808442150909	4.37081138720666
3.49902928125292	3.81117209567215	4.0830345736272	4.37961875784659
3.50509928086505	3.80861328909137	4.0972302721432	4.37418342970967
3.51116928047718	3.81373275940267	4.10565371914355	4.38355946143267
3.51723928008931	3.81142758823528	4.10045843566168	4.38987061486938
3.52330927970144	3.81742645195871	4.11871861219981	4.40861773020286
3.52937927931357	3.82975562483047	4.1223079060146	4.43151016633787
3.53544927892569	3.85161573262138	4.13010620347507	4.4190422481324
3.54151927853782	3.84527272096286	4.13748506432527	4.42041209888234
3.54758927814995	3.86053543941804	4.14815323655624	4.43519692365155
3.55365927776208	3.87654334030468	4.14694197903864	4.44853638055949
3.55972927737421	3.86463893375617	4.16244647689404	4.44769759307747
3.56579927698634	3.86840995345547	4.17075643404392	4.4710900715446
3.57186927659846	3.89984314687013	4.17228466117493	4.46255383489364
3.57793927621059	3.88590709162294	4.17849894130569	4.46635151855463
3.58400927582272	3.89937544370978	4.19369239137252	4.47060804483657
3.59007927543485	3.90879159113443	4.18935244091942	4.48558586533946
3.59614927504698	3.91349230259836	4.19720261906581	4.476795576091
3.60221927465911	3.9261225689511	4.20453101822638	4.50866216665746
3.60828927427124	3.92757227341734	4.2224625509012	4.50959451211434
3.61435927388336	3.92672543411229	4.22567884055739	4.51450137333407
3.62042927349549	3.95235812466108	4.2380230639586	4.53347010632228
3.62649927310762	3.94260443678254	4.24078351097352	4.52743493166803
3.63256927271975	3.96399781057683	4.2462364019269	4.52992069500812
3.63863927233188	3.96603316943354	4.25952367297722	4.55097299525012
3.64470927194401	3.97574718357348	4.26396596007069	4.55439404257384
3.65077927155614	3.99209315134569	4.26713219265853	4.55754347117229
3.65684927116826	3.99371623445279	4.27400403478117	4.55060145207805
3.66291927078039	4.00430687158563	4.28416669231838	4.56163377006555
3.66898927039252	3.99450743590329	4.29071474783733	4.5817787124891
3.67505927000465	4.02472746099398	4.30637275524829	4.57111884564538
3.68112926961678	4.0063345837262	4.30061561692955	4.59110688687537
3.68719926922891	4.01074966397152	4.3191536549478	4.60532752791036
3.69326926884103	4.02803885027275	4.31782948974676	4.61131985331689
3.69933926845316	4.02792486293593	4.32625750338876	4.62576081885848
3.70540926806529	4.03461873697398	4.32660653072636	4.61250570766944
3.71147926767742	4.05964684224878	4.34149144689282	4.6304838737666
3.71754926728955	4.04507420673692	4.35144311844464	4.63016140712705
3.72361926690168	4.06287755503933	4.35332561013219	4.6481401197699
3.72968926651381	4.06202522774333	4.36523875217367	4.65535067985152
3.73575926612593	4.07913187884275	4.36772652328201	4.65284103246756
3.74182926573806	4.07793442331584	4.37877044382555	4.65716872119122
3.74789926535019	4.08381237009399	4.38869668295674	4.68695326591792
3.75396926496232	4.0847519562724	4.40060792401966	4.67519701565763
3.76003926457445	4.11715545656447	4.40030589086279	4.69888338695338
3.76610926418658	4.12752262130124	4.41603128137478	4.71459407690319
3.77217926379871	4.13566942652762	4.41299083460605	4.70776914333441
3.77824926341083	4.13531537690232	4.4236951977027	4.70882508163371
3.78431926302296	4.14338667420672	4.43238096861784	4.71967295786594
3.79038926263509	4.15017294010263	4.43879968341783	4.72966920866707
3.79645926224722	4.15761095104436	4.44463858746292	4.73947877837773
3.80252926185935	4.14167735645994	4.45511698174961	4.73990044623225
3.80859926147148	4.16959626573318	4.45925516254235	4.7532245504247
3.8146692610836	4.18282640170865	4.46740830964556	4.75263871654422
3.82073926069573	4.18532515337749	4.46960457908716	4.7588353678151
3.82680926030786	4.18841365121428	4.48606950935501	4.77070540930743
3.83287925991999	4.21047484299291	4.49014013172277	4.77936834761612
3.83894925953212	4.19517722528379	4.49054033206666	4.78025984888968
3.84501925914425	4.2197241495814	4.50108736336904	4.80491524344504
3.85108925875638	4.21083269861561	4.51325106074945	4.78123972724
3.8571592583685	4.21526004744298	4.52124262530528	4.79245613115631
3.86322925798063	4.23339310020749	4.52947872882487	4.81538864548033
3.86929925759276	4.24821266595967	4.53745744545661	4.84059682296639
3.87536925720489	4.25353502473001	4.54333559269008	4.83447057592624
3.88143925681702	4.24508891385483	4.55030076994744	4.83099738615446
3.88750925642915	4.26491228649624	4.55003446686404	4.85037241647734
3.89357925604128	4.2758513802691	4.56300704035534	4.84738699994075
3.8996492556534	4.29153201832544	4.57355164028077	4.87122619786948
3.90571925526553	4.28106065207853	4.57544116540998	4.87045309017108
3.91178925487766	4.29114580065966	4.57708955703212	4.88053329431268
3.91785925448979	4.30854436973004	4.59615521975227	4.88268472257247
3.92392925410192	4.31144288867652	4.59782687297497	4.8905582901535
3.92999925371405	4.32447335919528	4.60503585976553	4.8928878844276
3.93606925332617	4.29806832505014	4.61457607926903	4.91372308199736
3.9421392529383	4.34148788299044	4.62426940571667	4.9189125258251
3.94820925255043	4.34302883704806	4.63051754837219	4.92932966265265
3.95427925216256	4.35069426906375	4.6352382197759	4.92404591418729
3.96034925177469	4.3577601601426	4.63930647578954	4.92523270605082
3.96641925138682	4.3620438392462	4.6432780540177	4.93647399454183
3.97248925099895	4.37690024839867	4.65796754937818	4.94916179321927
3.97855925061107	4.37689668169962	4.66793691991702	4.96296354556106
3.9846292502232	4.38298971831052	4.67355946071228	4.98128680403432
3.99069924983533	4.40832073802312	4.67509954459095	4.9696585914684
3.99676924944746	4.39737500226349	4.68417791947532	4.96804834088607
4.00283924905959	4.40020700661259	4.6948693130131	4.98694177494573
4.00890924867172	4.40370596324132	4.70043104506875	4.99458811324986
4.01497924828385	4.43534286597055	4.70875186070282	5.00237476844335
4.02104924789597	4.41790674498252	4.71994572068184	5.00492698658462
4.0271192475081	4.43777174554423	4.72862484054378	5.01263318232665
4.03318924712023	4.44946392534283	4.72658202596479	5.03672363605211
4.03925924673236	4.45105813731144	4.7346590902177	5.04820729834174
4.04532924634449	4.46083218132815	4.75029361448252	5.05296066917383
4.05139924595662	4.45317737548793	4.74899266766126	5.0592341526076
4.05746924556875	4.46956640848599	4.77051688391949	5.06891861310197
4.06353924518087	4.47455083802057	4.76640678655671	5.0445833088295
4.069609244793	4.48917016211585	4.77497030980952	5.05452522655657
4.07567924440513	4.48525291572221	4.78163836843732	5.07437578280519
4.08174924401726	4.49283420934346	4.78797255863455	5.1039614952374
4.08781924362939	4.50382273004202	4.79528387698941	5.09096911124145
4.09388924324152	4.4976352713933	4.80408267447858	5.08554925851896
4.09995924285364	4.51127126974576	4.8083601910709	5.10111135977368
4.10602924246577	4.51260972671998	4.8212964612549	5.11855536270117
4.1120992420779	4.53105140421806	4.82316216358194	5.12604696185133
4.11816924169003	4.54463440802474	4.8353268152133	5.14010521814438
4.12423924130216	4.54808663052511	4.83915070028365	5.15034321310985
4.13030924091429	4.55324848379102	4.84950555277089	5.13840779895869
4.13637924052642	4.56501915742844	4.85600715269561	5.14764115936851
4.14244924013854	4.59306900791833	4.86009402954471	5.17092001943245
4.14851923975067	4.57388895214518	4.87031568043542	5.17317329637027
4.1545892393628	4.58416659816776	4.87503705374978	5.17012319909177
4.16065923897493	4.58232939572001	4.88684459711836	5.17710791577839
