"mitochan"	"lwrNorm"	"medNorm"	"uprNorm"
-1.90327037354145	-3.25133859740959	-2.12444365677315	-1.00258170992108
-1.89642966235248	-3.23721382302796	-2.12648596757845	-0.986254964065055
-1.8895889511635	-3.24459201880486	-2.123100125379	-0.971755804087204
-1.88274823997453	-3.22609878827419	-2.12505445898654	-0.975291377909194
-1.87590752878556	-3.20676245551359	-2.09955009426506	-0.972034025451248
-1.86906681759659	-3.21065828296135	-2.1011492102123	-0.988627041307167
-1.86222610640761	-3.19214272308646	-2.09530017041014	-0.967084901417249
-1.85538539521864	-3.19768038909578	-2.08993902222878	-0.974371296826641
-1.84854468402967	-3.18388336851934	-2.07401236927794	-0.939113912356585
-1.8417039728407	-3.18391423762891	-2.05280400833699	-0.944310854753188
-1.83486326165172	-3.1735879156853	-2.0517820478731	-0.933753427947904
-1.82802255046275	-3.16395161096067	-2.05441602992339	-0.982539315321578
-1.82118183927378	-3.1142973105446	-2.04612760848652	-0.94114708643892
-1.8143411280848	-3.11442278659127	-2.03956003265579	-0.936104010694604
-1.80750041689583	-3.11424700391874	-2.0214148414991	-0.929472105175687
-1.80065970570686	-3.09055093819068	-2.00998938179457	-0.958578392085728
-1.79381899451789	-3.09759799453256	-2.00164599599323	-0.93554467990538
-1.78697828332891	-3.08960996511134	-2.00345950417634	-0.920448856213239
-1.78013757213994	-3.07460203988378	-2.00544984349503	-0.908329145924843
-1.77329686095097	-3.06388538062761	-2.0025615347711	-0.891901160047555
-1.766456149762	-3.04574747121603	-1.97354844270723	-0.910110484465175
-1.75961543857302	-3.03170173658832	-1.97626149899921	-0.905958213067759
-1.75277472738405	-3.00292844397156	-1.97890544275556	-0.850385578983958
-1.74593401619508	-3.01975615962663	-1.95698431848643	-0.898836942426063
-1.73909330500611	-2.99965339191708	-1.95359338480237	-0.878020668992285
-1.73225259381713	-3.00591279002574	-1.94054551331169	-0.85286708749067
-1.72541188262816	-3.00378407233911	-1.93735880278688	-0.861036154407237
-1.71857117143919	-2.98311135705279	-1.94253529136186	-0.89020739081253
-1.71173046025022	-2.95743070218248	-1.92393881346405	-0.819217975354898
-1.70488974906124	-2.98417009497074	-1.90771846711114	-0.878326436042645
-1.69804903787227	-2.91839395394435	-1.91468920998627	-0.89126578643331
-1.6912083266833	-2.92745737458183	-1.89171836286297	-0.878803972212905
-1.68436761549432	-2.92710100141185	-1.88956409703666	-0.846389744959656
-1.67752690430535	-2.9345210742529	-1.88038688943314	-0.820027588830429
-1.67068619311638	-2.89969299358973	-1.88240140150692	-0.86824532166812
-1.66384548192741	-2.87438828513407	-1.86427035016656	-0.830777017045151
-1.65700477073843	-2.90163968900763	-1.86845542197882	-0.841851639968206
-1.65016405954946	-2.84192205658044	-1.8571283481623	-0.792612393355189
-1.64332334836049	-2.85284819790781	-1.84274955443235	-0.829734892544458
-1.63648263717152	-2.86422056297871	-1.83554598572262	-0.816767884931154
-1.62964192598254	-2.86295892828262	-1.82116355169072	-0.81440125183392
-1.62280121479357	-2.81920081466703	-1.817661414077	-0.774246803484865
-1.6159605036046	-2.83816315096612	-1.8085251877058	-0.783974398224704
-1.60911979241563	-2.80515451788731	-1.80566034433662	-0.813561645476931
-1.60227908122665	-2.79773020886383	-1.79986074271945	-0.815536935413608
-1.59543837003768	-2.76830482346269	-1.78798560909617	-0.806738959651586
-1.58859765884871	-2.77322450462807	-1.76702379898077	-0.755009949659647
-1.58175694765974	-2.76951165389974	-1.77434030991352	-0.77227812017919
-1.57491623647076	-2.790464570893	-1.76238483558503	-0.7894558779457
-1.56807552528179	-2.71894793131363	-1.7667935566535	-0.750580068601978
-1.56123481409282	-2.78268240870135	-1.74272771542312	-0.732889517161326
-1.55439410290384	-2.72768509519001	-1.74409079648287	-0.745034555028918
-1.54755339171487	-2.74031917044431	-1.74471989009485	-0.759561060935795
-1.5407126805259	-2.70614505646092	-1.73303213457088	-0.725743391687267
-1.53387196933693	-2.69716480523688	-1.71420449559906	-0.737592987157978
-1.52703125814795	-2.65760375125216	-1.70798417312074	-0.700766273376335
-1.52019054695898	-2.69403577936132	-1.69613835283034	-0.719007414837976
-1.51334983577001	-2.65236167129336	-1.69072682217292	-0.751614654138022
-1.50650912458104	-2.66410527654189	-1.69377745113392	-0.735119579716237
-1.49966841339206	-2.66504113381073	-1.67538178430489	-0.715529320839297
-1.49282770220309	-2.64839036219915	-1.68052103162086	-0.681386040531885
-1.48598699101412	-2.62747105879972	-1.67282448843001	-0.676768494305125
-1.47914627982515	-2.61583391104456	-1.65286956021697	-0.709240109755408
-1.47230556863617	-2.599715955171	-1.65855720584409	-0.7225306710309
-1.4654648574472	-2.6005166506006	-1.63824993986068	-0.670266756476283
-1.45862414625823	-2.6002581939208	-1.6303209918357	-0.672385114005498
-1.45178343506926	-2.54697514961511	-1.61555821387143	-0.682732929634203
-1.44494272388028	-2.53640426536833	-1.61131412807698	-0.651942530482022
-1.43810201269131	-2.57207289586432	-1.61445617230067	-0.665323533183873
-1.43126130150234	-2.52654861642766	-1.60705718284639	-0.6545667393366
-1.42442059031336	-2.51109408580771	-1.59538299288534	-0.661621145490153
-1.41757987912439	-2.51944165526557	-1.5895119989808	-0.639728941786142
-1.41073916793542	-2.52689024186104	-1.57636906211662	-0.662859697731804
-1.40389845674645	-2.49971564675849	-1.56878072798101	-0.644556944902901
-1.39705774555747	-2.47550840863178	-1.56866808660653	-0.624346169691661
-1.3902170343685	-2.50373066786201	-1.55268818544811	-0.639960485425505
-1.38337632317953	-2.46203799850862	-1.55875129533795	-0.619050837472675
-1.37653561199056	-2.46743277781397	-1.53726391022483	-0.630538961176076
-1.36969490080158	-2.46741017479079	-1.54218336631841	-0.618084316570714
-1.36285418961261	-2.46350049746842	-1.53718561712964	-0.624645917371301
-1.35601347842364	-2.4419519121811	-1.51723790124321	-0.596876030886532
-1.34917276723467	-2.43388321686078	-1.50874327051615	-0.597741721560334
-1.34233205604569	-2.41652105153008	-1.50014669639139	-0.596075352338295
-1.33549134485672	-2.36044140922151	-1.49035273606797	-0.580227417838489
-1.32865063366775	-2.37503629813046	-1.49698274206838	-0.555969235247549
-1.32180992247878	-2.40507146839396	-1.47936869634014	-0.578775949227629
-1.3149692112898	-2.36064495568651	-1.48214959452558	-0.541672920543602
-1.30812850010083	-2.34920465875975	-1.46446951314252	-0.572592003032236
-1.30128778891186	-2.33423065143285	-1.46433158274606	-0.567472817831642
-1.29444707772288	-2.33018037283385	-1.44530163306368	-0.552903928987732
-1.28760636653391	-2.31329808057942	-1.449633926656	-0.529634840737209
-1.28076565534494	-2.30253689235842	-1.43948852013025	-0.513382582428192
-1.27392494415597	-2.31813905909354	-1.42841163207215	-0.523185275614513
-1.26708423296699	-2.30011973444303	-1.42010180832196	-0.532019672367138
-1.26024352177802	-2.30131698971409	-1.39759750088558	-0.528017016859663
-1.25340281058905	-2.27846161361251	-1.40889161100633	-0.517912386928828
-1.24656209940008	-2.24632629235919	-1.39752443353076	-0.512607600616928
-1.2397213882111	-2.26661263047898	-1.39051182446076	-0.523086185345916
-1.23288067702213	-2.24335104435412	-1.38059959625246	-0.504279449323751
-1.22603996583316	-2.21148948199205	-1.36910091828949	-0.487547034967251
-1.21919925464419	-2.23390872955848	-1.37024969309993	-0.480206067677986
-1.21235854345521	-2.23968861864665	-1.35061498753936	-0.493402276402291
-1.20551783226624	-2.21877034085926	-1.34661558636464	-0.521698475583861
-1.19867712107727	-2.2033810139822	-1.34060037350323	-0.501640600606145
-1.1918364098883	-2.19094073290359	-1.34733273980978	-0.48412740298689
-1.18499569869932	-2.1958940816842	-1.32122035595537	-0.469894942452948
-1.17815498751035	-2.1732120941972	-1.31835288323963	-0.462316995810368
-1.17131427632138	-2.1468566888447	-1.30589900109818	-0.458740140398135
-1.1644735651324	-2.143926679911	-1.30355106904735	-0.461131051550792
-1.15763285394343	-2.11280954480605	-1.29222314831264	-0.474070326290247
-1.15079214275446	-2.15622633979423	-1.28388139403649	-0.457284430554006
-1.14395143156549	-2.11806782994043	-1.281687484429	-0.422644602825911
-1.13711072037651	-2.08318880006491	-1.2782138228378	-0.446326273337162
-1.13027000918754	-2.08372948975892	-1.26485123899374	-0.409810631613414
-1.12342929799857	-2.08685092716857	-1.24882568551594	-0.42399195917802
-1.1165885868096	-2.09074078514997	-1.24633680892901	-0.413795100504648
-1.10974787562062	-2.05681306768725	-1.2414540377905	-0.390161914279235
-1.10290716443165	-2.06266300316165	-1.23297894973746	-0.417526385241468
-1.09606645324268	-2.05825558107724	-1.21662559392277	-0.413355452427048
-1.08922574205371	-2.03824406379073	-1.23101120336554	-0.407002707763921
-1.08238503086473	-2.00137167172731	-1.22017183415656	-0.361249143774117
-1.07554431967576	-2.01847849141679	-1.18886690183831	-0.395649699910236
-1.06870360848679	-2.01846300626877	-1.18226930090757	-0.377833905113626
-1.06186289729782	-1.99202653985319	-1.19264749633807	-0.354136073102867
-1.05502218610884	-1.98258929070966	-1.17807211677908	-0.34872270902395
-1.04818147491987	-1.95765582619182	-1.15631418435584	-0.347180192150891
-1.0413407637309	-1.96616721932399	-1.16664359649073	-0.334426254368911
-1.03450005254192	-1.94461144361888	-1.16075710578099	-0.3395931455446
-1.02765934135295	-1.96946125615114	-1.1644777488878	-0.378922806079818
-1.02081863016398	-1.93725533282882	-1.14293122973697	-0.354384738856401
-1.01397791897501	-1.91651290492776	-1.13524981576383	-0.300463191782723
-1.00713720778603	-1.91487598927078	-1.12631990121629	-0.341942680844746
-1.00029649659706	-1.92658855933726	-1.12129345469961	-0.334151370689174
-0.993455785408089	-1.89320582850122	-1.11317156134258	-0.283897432571201
-0.986615074219116	-1.86469323752514	-1.11154739055774	-0.307879801583006
-0.979774363030144	-1.90351220428603	-1.08902313255867	-0.30156795581459
-0.972933651841171	-1.86057371391345	-1.0887103902408	-0.318418516128452
-0.966092940652198	-1.82635127399054	-1.07472884591142	-0.293513288636241
-0.959252229463226	-1.83376874735514	-1.07972069599729	-0.287107401848248
-0.952411518274253	-1.85502730163692	-1.05668270841215	-0.26022418444266
-0.94557080708528	-1.8258532282037	-1.05613552624305	-0.254169216677053
-0.938730095896308	-1.80467464466728	-1.04771032956839	-0.253836275706535
-0.931889384707335	-1.77366566786942	-1.02736679304499	-0.247443539764078
-0.925048673518363	-1.81674102327469	-1.03739040080166	-0.255261272570674
-0.91820796232939	-1.78895845223452	-1.01794224229116	-0.252319843978931
-0.911367251140417	-1.75952270599983	-1.01044537472615	-0.250622708179783
-0.904526539951445	-1.75398835639224	-1.00902074403322	-0.219424692576151
-0.897685828762472	-1.78429938939856	-0.996577644215004	-0.228032684703666
-0.890845117573499	-1.72669415317678	-1.00146658482988	-0.241463901852313
-0.884004406384527	-1.7496738841653	-0.984084252762944	-0.204389939626912
-0.877163695195554	-1.72704316516228	-0.97700426502402	-0.233078503861202
-0.870322984006581	-1.72199016203055	-0.967931885335586	-0.205394098759076
-0.863482272817609	-1.70414632016361	-0.958941584380432	-0.214108902229351
-0.856641561628636	-1.7214410900706	-0.951088566444503	-0.192979800878305
-0.849800850439663	-1.69043723647701	-0.951968264583461	-0.193493084406588
-0.842960139250691	-1.68020421632701	-0.934290102077114	-0.199573711429636
-0.836119428061718	-1.68130536713806	-0.923672208542652	-0.208886905890758
-0.829278716872746	-1.66701420300673	-0.917981219756369	-0.188946141060242
-0.822438005683773	-1.67144063161943	-0.911458836361881	-0.140886671820292
-0.8155972944948	-1.64441807575282	-0.908694999865014	-0.155350921587408
-0.808756583305828	-1.63482532796235	-0.896815523744601	-0.170111794473411
-0.801915872116855	-1.61367099189442	-0.89383436619722	-0.157519276845611
-0.795075160927883	-1.63922379506348	-0.88898525161842	-0.129743529719601
-0.78823444973891	-1.6242949887766	-0.867043943447242	-0.147319967439005
-0.781393738549937	-1.61391207639765	-0.877013061328475	-0.166749465287295
-0.774553027360965	-1.58562776834083	-0.843202187287763	-0.108220707271495
-0.767712316171992	-1.57151791624692	-0.858174602516463	-0.115230950188556
-0.760871604983019	-1.58554524235951	-0.849607668263284	-0.125442231638039
-0.754030893794047	-1.57329426548656	-0.83557517334184	-0.120188772100578
-0.747190182605074	-1.56253003441465	-0.834440421563	-0.106577027736743
-0.740349471416101	-1.52991384691399	-0.822363139466539	-0.102663484493553
-0.733508760227129	-1.53423351614118	-0.816836053084074	-0.110091852097388
-0.726668049038156	-1.52524919462958	-0.806683273547407	-0.0852949081939492
-0.719827337849184	-1.50477251196418	-0.804233656561231	-0.0903940068169331
-0.712986626660211	-1.4959894091672	-0.791287476542544	-0.0889926648045965
-0.706145915471238	-1.5104800652484	-0.790339127836541	-0.102486603046976
-0.699305204282266	-1.47823417909277	-0.775206472784417	-0.0689427128865909
-0.692464493093293	-1.45733939374739	-0.761737030359246	-0.0632013115724099
-0.68562378190432	-1.45903312251944	-0.765494222139657	-0.0225898467014732
-0.678783070715348	-1.4489491983988	-0.75255074895806	-0.0350358590463016
-0.671942359526375	-1.44842464810725	-0.746218260331941	-0.0295128351783586
-0.665101648337403	-1.42117463863651	-0.738610458911393	-0.0313104555572364
-0.65826093714843	-1.40023437917543	-0.729741270848548	-0.0265643717198992
-0.651420225959457	-1.42275897682696	-0.727577978452864	-0.0187179026402119
-0.644579514770485	-1.42369421889471	-0.720218059331466	0.00364912577356785
-0.637738803581512	-1.40195903521675	-0.697973158590107	-0.00663091841775603
-0.630898092392539	-1.3823274320044	-0.697030940879253	-0.0234327831530389
-0.624057381203567	-1.38007044378897	-0.683843260395971	0.0123975620535989
-0.617216670014594	-1.39167217185715	-0.680919176032882	-0.0153708613146018
-0.610375958825621	-1.3722741332881	-0.68659738289518	0.0219004748782806
-0.603535247636649	-1.36300202649981	-0.670318762186638	0.0264330499307677
-0.596694536447676	-1.35090634191169	-0.660135173469287	0.0219414523021262
-0.589853825258704	-1.33461220701776	-0.656927190776974	0.00547083590628681
-0.583013114069731	-1.32193236212375	-0.651917057932198	0.044890874648111
-0.576172402880758	-1.31092345446392	-0.641298697104275	0.0450418159272368
-0.569331691691786	-1.31153598276685	-0.641375849199538	0.053662349660248
-0.562490980502813	-1.30191332447616	-0.626198354915383	0.0667518510480251
-0.55565026931384	-1.2833406441363	-0.619967860954574	0.0682740276354291
-0.548809558124868	-1.30862201979773	-0.606091309559171	0.0862818779943226
-0.541968846935895	-1.28667852745019	-0.601703662466596	0.0741837856067387
-0.535128135746922	-1.2924308523299	-0.592239939636574	0.0801176475059353
-0.52828742455795	-1.25896176103593	-0.591650847091341	0.113381645440314
-0.521446713368977	-1.24285080062233	-0.579971745063035	0.100176687602647
-0.514606002180005	-1.24458018677442	-0.571299532654269	0.0923199181378041
-0.507765290991032	-1.23998734936556	-0.56965417035807	0.0998428753118618
-0.500924579802059	-1.22095374575046	-0.553987435186263	0.116560908995843
-0.494083868613087	-1.22320922199724	-0.551744905321776	0.144677327849754
-0.487243157424114	-1.1920010685711	-0.54547314287047	0.156402056936833
-0.480402446235142	-1.16478872864377	-0.53427959508691	0.142889281705369
-0.473561735046169	-1.18000014073662	-0.530149108270094	0.122354368621921
-0.466721023857196	-1.17836831612023	-0.522609341913314	0.152881370139727
-0.459880312668224	-1.15434752324767	-0.507204892072306	0.165350256175047
-0.453039601479251	-1.18834660714261	-0.501198439667	0.151009163099293
-0.446198890290278	-1.15280583609973	-0.486197208546474	0.167104626080161
-0.439358179101306	-1.12955735433929	-0.490852785612865	0.157293029892154
-0.432517467912333	-1.12797950065955	-0.476482656917419	0.172853090525612
-0.42567675672336	-1.12030759250897	-0.484668737922002	0.184682098852657
-0.418836045534388	-1.12572666402634	-0.46977422086053	0.18142411008042
-0.411995334345415	-1.09651802459922	-0.461239278488976	0.198898416327531
-0.405154623156442	-1.07296983394864	-0.447632784744909	0.243515409808154
-0.39831391196747	-1.07080876027967	-0.434772694855541	0.232746273128051
-0.391473200778497	-1.0615953355693	-0.436780659068734	0.229705186066141
-0.384632489589525	-1.0557428493678	-0.425836670791548	0.234889754005085
-0.377791778400552	-1.05368045258336	-0.424222639278808	0.226589653458444
-0.370951067211579	-1.04509308680741	-0.412094159627551	0.243330947434421
-0.364110356022607	-1.04398173086742	-0.400645113129894	0.259911612223247
-0.357269644833634	-1.01683905696669	-0.384219202501454	0.277288644986388
-0.350428933644662	-1.02049804814016	-0.389020650342314	0.256351549189154
-0.343588222455689	-1.03834885768883	-0.386145582324564	0.266358079116895
-0.336747511266716	-1.00095666172795	-0.383539728805269	0.281474166798837
-0.329906800077744	-0.987486456513747	-0.363286727834061	0.286182031667143
-0.323066088888771	-0.993738182766874	-0.355904267548562	0.295682714847575
-0.316225377699798	-0.97629604459851	-0.345894119602438	0.296809712936558
-0.309384666510826	-0.962639110188709	-0.346052393859029	0.30592015149031
-0.302543955321853	-0.977459746253266	-0.336675754837961	0.310736936493698
-0.29570324413288	-0.954944576882101	-0.327868823827232	0.31191088990356
-0.288862532943908	-0.9734969255671	-0.309852686896424	0.33573734879723
-0.282021821754935	-0.964365468925438	-0.30301392929373	0.32567750919972
-0.275181110565963	-0.912221295212051	-0.306865654097424	0.330551200597285
-0.26834039937699	-0.917320871421517	-0.297172771523745	0.359667793115571
-0.261499688188017	-0.907921912224756	-0.296412364322472	0.388892983746448
-0.254658976999045	-0.866857140260404	-0.27106009318669	0.374380061339695
-0.247818265810072	-0.89992142874402	-0.267152540434365	0.358681934883484
-0.240977554621099	-0.885281192096427	-0.264389116303582	0.366011774213031
-0.234136843432127	-0.874956111834054	-0.253070688577971	0.369879213059534
-0.227296132243154	-0.873198211074277	-0.243993386696965	0.381900042924159
-0.220455421054181	-0.878558052763128	-0.245608709936973	0.413838409388206
-0.213614709865209	-0.857272297748286	-0.239158162007371	0.415875642250615
-0.206773998676236	-0.833983095022634	-0.222873631392378	0.410742453071135
-0.199933287487263	-0.828958307498024	-0.223286631053338	0.403950402784124
-0.193092576298291	-0.812801102813961	-0.219307154658951	0.41655534757652
-0.186251865109318	-0.812050517884197	-0.20960717132693	0.443021575879723
-0.179411153920346	-0.816066336927551	-0.192702773789822	0.45097102437121
-0.172570442731373	-0.800296189949273	-0.18435800165487	0.446317872149935
-0.1657297315424	-0.759472430490111	-0.176844952987731	0.442405055472978
-0.158889020353428	-0.766812915898753	-0.170968539724749	0.46395767528989
-0.152048309164455	-0.788230853698493	-0.168097124107802	0.460818354786735
-0.145207597975483	-0.768723460348756	-0.163058065236087	0.493429107367175
-0.13836688678651	-0.765372470887833	-0.149226063158434	0.480196591417632
-0.131526175597537	-0.739067583467632	-0.14599958283528	0.489220654168752
-0.124685464408565	-0.739218069008791	-0.136648367168793	0.497027719616376
-0.117844753219592	-0.746814479703102	-0.127475089078976	0.50743895872886
-0.111004042030619	-0.719957888851992	-0.118348226933351	0.509790767794076
-0.104163330841647	-0.727804731856354	-0.109946968038494	0.506951346588173
-0.097322619652674	-0.729565274786583	-0.106200149784986	0.52677438196414
-0.0904819084637014	-0.69789173478913	-0.10442891487205	0.55717936451557
-0.0836411972747289	-0.703898894522269	-0.0800447108681865	0.519866756002473
-0.0768004860857561	-0.695119756310604	-0.0789832312012198	0.555880371696701
-0.0699597748967835	-0.674972115534175	-0.0672996273581127	0.568214023471483
-0.063119063707811	-0.675048052912077	-0.0590027221926565	0.547734219098934
-0.0562783525188382	-0.665512154037521	-0.0596697924230731	0.609845325368944
-0.0494376413298656	-0.649017822704279	-0.0562976082592831	0.570476678969544
-0.042596930140893	-0.630685411471777	-0.0385584928081423	0.565947561504003
-0.0357562189519203	-0.635017295673741	-0.0274450138139597	0.615596905114491
-0.0289155077629477	-0.640477932301119	-0.0257859892238318	0.619692228469755
-0.0220747965739752	-0.621927504264046	-0.0167957736297862	0.602502741842018
-0.0152340853850024	-0.630718846110576	-0.0134553331236266	0.608133843278953
-0.00839337419602981	-0.614530685629268	-1.09923678902003e-05	0.632639387178745
-0.00155266300705725	-0.583974767486628	0.00905270022887766	0.636211936022542
0.00528804818191553	-0.609673609203941	0.00952063141562295	0.638663406750193
0.0121287593708881	-0.576780961110816	0.00618634920890119	0.64426045079413
0.0189694705598606	-0.58248564738716	0.0356606447199517	0.669315998395638
0.0258101817488334	-0.561647033278544	0.0446010739758532	0.681405733229917
0.032650892937806	-0.556082794747559	0.0428754275419097	0.666922831972406
0.0394916041267785	-0.566243912059776	0.0556222987562829	0.69932712986634
0.0463323153157513	-0.545582686965935	0.0576115635356649	0.693141771147426
0.0531730265047239	-0.512163696664204	0.070513281938058	0.718702264776134
0.0600137376936964	-0.537830726007483	0.0818752203675544	0.711224916291256
0.066854448882669	-0.510616059021849	0.0811077393769083	0.712260592881877
0.0736951600716418	-0.496411453026624	0.083540914945719	0.728812051396823
0.0805358712606143	-0.48964437789831	0.0870281510352113	0.711791053519501
0.0873765824495869	-0.487466494467466	0.101798011990158	0.737568373162052
0.0942172936385597	-0.503141593790164	0.111196656943343	0.761975176122617
0.101058004827532	-0.494481611698894	0.118650504590514	0.757976489016658
0.107898716016505	-0.453044405046682	0.128941231038882	0.747377387981135
0.114739427205477	-0.463544084295228	0.139660198589449	0.770856183115545
0.12158013839445	-0.449872806114806	0.143376534163054	0.745353834899092
0.128420849583423	-0.451166635043588	0.158658528876954	0.763086652831329
0.135261560772395	-0.431338208774535	0.159267674247878	0.814964243249859
0.142102271961368	-0.44443029436767	0.166337999097231	0.812913869614972
0.148942983150341	-0.411065079230123	0.170149282256198	0.824537693946857
0.155783694339313	-0.40510986200452	0.182579390432401	0.80289469910307
0.162624405528286	-0.398121477300318	0.189740330511346	0.837287635515651
0.169465116717259	-0.404818630032706	0.200622741803148	0.833886916257356
0.176305827906231	-0.421395159452629	0.207884939620046	0.809799010434564
0.183146539095204	-0.410911082893669	0.216679082763242	0.861697314353264
0.189987250284176	-0.389998886949989	0.222297319649909	0.843299976090689
0.196827961473149	-0.379533678096795	0.234958640860049	0.856011402571965
0.203668672662122	-0.393255338673533	0.237240672120025	0.883912748205321
0.210509383851095	-0.35356819540982	0.255727765848718	0.871027767763425
0.217350095040067	-0.380625030697091	0.254370148755946	0.893336005981901
0.22419080622904	-0.348225168294107	0.253795909876562	0.898343220074359
0.231031517418012	-0.337042099653371	0.27259724596947	0.885293262629935
0.237872228606985	-0.333999416376789	0.276485149331934	0.915247861985687
0.244712939795958	-0.318376021670961	0.284599565189405	0.91780420610722
0.25155365098493	-0.289036902900512	0.292706448232963	0.91648321830404
0.258394362173903	-0.33703110906195	0.303657966184925	0.944692226925083
0.265235073362875	-0.297298014638001	0.305883857826672	0.929672974380815
0.272075784551848	-0.298489691865611	0.32334128005805	0.946604201529289
0.278916495740821	-0.289460277293654	0.323252051266558	0.966642424544636
0.285757206929793	-0.269204712204002	0.33431896634482	0.989957037939331
0.292597918118766	-0.258236978043644	0.329645162725658	0.981239036232394
0.299438629307739	-0.258436538408814	0.341678018317941	0.983190392796336
0.306279340496711	-0.276165931857713	0.349862966088489	1.00472790971569
0.313120051685684	-0.275263681927057	0.370211598189251	1.00725731594757
0.319960762874656	-0.245953297134554	0.375103542008413	1.03805853539536
0.326801474063629	-0.255394663966722	0.37382709819372	1.01664859088537
0.333642185252602	-0.245921400238996	0.376825054586924	0.996472721273606
0.340482896441574	-0.217642703920175	0.395067533416769	1.06399521262462
0.347323607630547	-0.221413052016277	0.385844871037069	1.04376542000208
0.35416431881952	-0.21374093397049	0.399845870218429	1.05556772176531
0.361005030008492	-0.199767883626914	0.41143814186129	1.0757475572713
0.367845741197465	-0.211102114485774	0.415562694233837	1.0778520094766
0.374686452386438	-0.179087627802367	0.429518986423632	1.06696157144632
0.38152716357541	-0.189240984627296	0.44101204133613	1.08779274278344
0.388367874764383	-0.179793027018723	0.449892214575996	1.10396682675115
0.395208585953355	-0.19552203387465	0.443895748980101	1.10206913523543
0.402049297142328	-0.154225642257535	0.463886306100253	1.11754336558193
0.4088900083313	-0.172242542432314	0.467267034090962	1.10825415946096
0.415730719520274	-0.141168329860274	0.472883249078732	1.10568055299064
0.422571430709246	-0.12849628017803	0.4881426297046	1.13232611892517
0.429412141898219	-0.114823232666262	0.494447447290367	1.13722067148008
0.436252853087191	-0.137995313642407	0.503059862541639	1.15752114807262
0.443093564276164	-0.143324171629057	0.499596897170357	1.15895626339133
0.449934275465136	-0.130862929540893	0.50339104921432	1.15724809098937
0.456774986654109	-0.0971898088755488	0.516994181239682	1.1985581833783
0.463615697843082	-0.0691922927891371	0.542330877580798	1.20302992877771
0.470456409032054	-0.112127900154513	0.53860893855348	1.18310863539708
0.477297120221027	-0.110747941778806	0.537596770234271	1.22862385855622
0.48413783141	-0.0762057977892884	0.557625164847544	1.19811638778777
0.490978542598972	-0.0958455569161816	0.554918239618485	1.23541650240017
0.497819253787945	-0.0733354541448902	0.560228601628069	1.25091185653605
0.504659964976918	-0.0431240651737479	0.567827939173978	1.24788962163869
0.51150067616589	-0.0619652562736115	0.588527792055786	1.27034967005835
0.518341387354863	-0.0551429635073512	0.594905337970268	1.26277394903931
0.525182098543835	-0.0515249316038834	0.601173605330393	1.27434211247638
0.532022809732808	-0.00562284627552472	0.61226016130501	1.27706925252867
0.538863520921781	-0.0502378534736009	0.621888128369632	1.2923579802288
0.545704232110753	-0.0347999770449049	0.627638138939426	1.2852969250328
0.552544943299726	0.00606207774356426	0.631682211453947	1.31169903614237
0.559385654488699	0.011956804623289	0.638838848458308	1.32469618326929
0.566226365677671	0.0132984155454941	0.651335310164271	1.31593872961693
0.573067076866644	0.00627612487194374	0.648781361392484	1.32333977581697
0.579907788055617	0.0260281183332826	0.660956441198621	1.35533795731412
0.586748499244589	-0.0117221855464498	0.665072633839435	1.36672614217717
0.593589210433562	0.0488717665390979	0.672624797266119	1.33769404194503
0.600429921622534	0.0407673744537108	0.686980289558207	1.36438131158459
0.607270632811507	0.0335350592711612	0.692514600015256	1.3595972705466
0.61411134400048	0.0692837688304756	0.707577507195443	1.38076126414064
0.620952055189453	0.0642969943102002	0.695783927459438	1.41940445022182
0.627792766378425	0.0663553983067979	0.722934669652788	1.42954417372306
0.634633477567398	0.0525757921719228	0.731678677263892	1.40778512764831
0.64147418875637	0.0449623228636535	0.725925402877777	1.42451180184555
0.648314899945343	0.0563251764205034	0.73797228467	1.45121738518009
0.655155611134315	0.0811154983171309	0.744842514412293	1.47099422993309
0.661996322323288	0.0868367377157194	0.750384404219331	1.46280254881775
0.668837033512261	0.115877647864968	0.768613301215173	1.46601297918865
0.675677744701233	0.0958475067320352	0.773029035078265	1.45678925927923
0.682518455890206	0.102271305722065	0.782304445545209	1.51673813500285
0.689359167079179	0.14369564581057	0.787704227683353	1.50028193307876
0.696199878268151	0.13470268852718	0.796563599355949	1.49057417071678
0.703040589457124	0.115460645315368	0.794041290444442	1.49302538127509
0.709881300646097	0.11048211673652	0.811413145203314	1.51871545782856
0.716722011835069	0.153093814872513	0.818635470893122	1.5332300659869
0.723562723024042	0.145312671991898	0.831854828772283	1.54793428197496
0.730403434213014	0.165735579594539	0.831052800197682	1.55349206191944
0.737244145401987	0.132760828512478	0.84905112911792	1.56702607945999
0.74408485659096	0.146750889249348	0.84349989509914	1.56829685588322
0.750925567779932	0.157332522373659	0.856856621860915	1.57053147967578
0.757766278968905	0.148989357205412	0.86095962430943	1.59428135088063
0.764606990157878	0.178010478353395	0.866360487495914	1.57971659826349
0.77144770134685	0.160665591888895	0.885621814088638	1.62524037661748
0.778288412535823	0.196926476039061	0.882923288396964	1.6290898341931
0.785129123724795	0.186977364204879	0.896798406432654	1.64022642328063
0.791969834913768	0.220143643437783	0.903228863946552	1.62992802489139
0.798810546102741	0.216305334974417	0.901552102408013	1.64421752622268
0.805651257291713	0.225331680870088	0.917403737802799	1.64846258878666
0.812491968480686	0.20076224424001	0.925363365091536	1.64959479679361
0.819332679669659	0.202227973704248	0.932533801875186	1.66836838812063
0.826173390858631	0.219453341558068	0.941342053354205	1.66677380422533
0.833014102047604	0.224440454068858	0.944662842197481	1.71514201043551
0.839854813236577	0.265043111934614	0.95437142747286	1.69252716177001
0.846695524425549	0.284460934160218	0.963802423435339	1.70006102948231
0.853536235614522	0.263804416170924	0.963122308079964	1.71631916625651
0.860376946803494	0.245784679036765	0.984738922856139	1.78645092187754
0.867217657992467	0.25560752572107	0.994051497642227	1.71175713901035
0.87405836918144	0.250478314048674	0.994491914137432	1.77988719167889
0.880899080370412	0.253324101405646	1.00412428686289	1.74936494405406
0.887739791559385	0.292215732429291	1.01631752757337	1.75324635046104
0.894580502748358	0.28497023219429	1.0194466019988	1.77740590853295
0.90142121393733	0.310492995894406	1.01798153104315	1.81380202498914
0.908261925126303	0.322482929356173	1.03571454639201	1.80468654162224
0.915102636315276	0.314075169535678	1.04339711593954	1.79100230126114
0.921943347504248	0.325266121549091	1.03732092909173	1.78910641838484
0.928784058693221	0.293097264796546	1.04970420257345	1.85590123654514
0.935624769882193	0.341722629452967	1.0656140187876	1.8254694878966
0.942465481071166	0.358081691498029	1.07946349358218	1.86165973786162
0.949306192260138	0.35751030928332	1.084818159976	1.84245642393961
0.956146903449111	0.316765085591478	1.08989995660629	1.86663900491877
0.962987614638084	0.339319483958816	1.10589386584072	1.90052235025915
0.969828325827057	0.350281019080736	1.09674266468093	1.89131507626206
0.976669037016029	0.364789662836794	1.10396722563219	1.87570402193186
0.983509748205002	0.364277877312297	1.11713546795907	1.88687341900242
0.990350459393974	0.381211706813455	1.11887722252825	1.91081442560631
0.997191170582947	0.348397987408966	1.13821780355622	1.91513370833827
1.00403188177192	0.365637047781905	1.14193504620681	1.95910687489075
1.01087259296089	0.381752875192571	1.15996296010524	1.93913394415641
1.01771330414986	0.400808134734019	1.16150898372035	1.94259895367764
1.02455401533884	0.410596709964613	1.16146754159994	1.95562192270778
1.03139472652781	0.407766852194657	1.17332461229415	1.99853738483808
1.03823543771678	0.419790934245464	1.18380298945373	1.99327636521899
1.04507614890576	0.439204805989876	1.18960294504708	2.00127337529418
1.05191686009473	0.406681118439053	1.19841034132013	2.02642600683098
1.0587575712837	0.404986046362511	1.20353092383121	2.02608411447161
1.06559828247267	0.417943759335773	1.19920887709338	2.00543934144216
1.07243899366165	0.442010985783061	1.22872469501212	2.00115215805273
1.07927970485062	0.405494686776955	1.2138509927775	2.07329784754934
1.08612041603959	0.452175971390517	1.2262460960077	2.07503391861692
1.09296112722856	0.446735109851016	1.23635199474126	2.06763316302302
1.09980183841754	0.444876385648893	1.24214208580165	2.071301444597
1.10664254960651	0.465111551239318	1.26089756917475	2.06967588451911
1.11348326079548	0.457363982252913	1.27093994638407	2.10235071799958
1.12032397198445	0.439562734656561	1.26549727363546	2.11008643022901
1.12716468317343	0.439529998200086	1.2816834258721	2.10946135541219
1.1340053943624	0.466048542259364	1.28609204819931	2.14672655266746
1.14084610555137	0.497723005776449	1.2935791478406	2.13467454954478
1.14768681674034	0.475753240759463	1.30213051924483	2.13526950231083
1.15452752792932	0.471569778489752	1.30294788226847	2.17141390271165
1.16136823911829	0.508533411149043	1.31748741062073	2.14814614379226
1.16820895030726	0.520333142650392	1.32713205033671	2.18303601505496
1.17504966149624	0.520029459634242	1.32363981933656	2.17113734114262
1.18189037268521	0.542272050325429	1.34265173255642	2.19701965287248
1.18873108387418	0.529683350148248	1.34526300788848	2.20835854480837
1.19557179506315	0.512166508316216	1.35365837493617	2.21322565131235
1.20241250625213	0.535146214615546	1.36202206544979	2.25460992028032
1.2092532174411	0.539838988942834	1.35422210688125	2.23837286448894
1.21609392863007	0.543348072630771	1.38521814088843	2.24753542869113
1.22293463981904	0.560312613944837	1.39764267704468	2.27811128394584
1.22977535100802	0.560702768873067	1.38797817259853	2.26345162927495
1.23661606219699	0.569374423354418	1.41570603056597	2.28673604234308
1.24345677338596	0.567244068215923	1.40630861203024	2.26790147881743
1.25029748457493	0.541670757561711	1.4260770642797	2.31605347296151
1.25713819576391	0.616370924793395	1.43652034533181	2.33321764896449
1.26397890695288	0.601606327912305	1.43569957849162	2.307672109428
1.27081961814185	0.598574581659108	1.42567990838363	2.31827574683181
1.27766032933082	0.579328546573186	1.44522648702896	2.34477649693922
1.2845010405198	0.614184736324221	1.4630028138443	2.34952799320666
1.29134175170877	0.641803774781887	1.45517728148137	2.36472004753216
1.29818246289774	0.613712773609124	1.47426365205767	2.34045171595761
1.30502317408672	0.629332236146344	1.4921442533075	2.37208942994799
1.31186388527569	0.652377082258981	1.48435814484417	2.39405702069978
1.31870459646466	0.632629140487792	1.48978958675624	2.43854867925201
1.32554530765363	0.64373611458998	1.49511653957053	2.42939931868454
1.33238601884261	0.638724989816879	1.51245084029841	2.4506475927489
1.33922673003158	0.604374893804771	1.51931052666055	2.44512883467409
1.34606744122055	0.623560918189676	1.53407083432619	2.4118181803061
1.35290815240952	0.672166035305577	1.52921904965294	2.43082021786049
1.3597488635985	0.659293495405393	1.54027097023605	2.44804311596107
1.36658957478747	0.646673845162642	1.53132642968729	2.47512061609957
1.37343028597644	0.671106783122636	1.55893213847097	2.50110298086381
1.38027099716541	0.661823977608203	1.56636278307288	2.47443745464853
1.38711170835439	0.670121882560517	1.57269656763453	2.5142297417715
1.39395241954336	0.680023759948062	1.57950330001913	2.49870376268993
1.40079313073233	0.72047572768722	1.58928992635296	2.49438776477199
1.4076338419213	0.705294691780868	1.60088700995684	2.56110420559544
1.41447455311028	0.688028148934389	1.59997793127781	2.53600986969627
1.42131526429925	0.698769907943633	1.61124125217844	2.52922733572608
1.42815597548822	0.690761863177447	1.6119692160816	2.57237064892249
1.4349966866772	0.726821794519762	1.63909109562449	2.59328743429906
1.44183739786617	0.718206279243085	1.63322947222461	2.58667884893876
1.44867810905514	0.732874255629353	1.64158887695164	2.57822637046102
1.45551882024411	0.748687038115108	1.63643583739251	2.57474367602529
1.46235953143309	0.723942932579811	1.66361490503665	2.60199653286028
1.46920024262206	0.733294376816336	1.65686205961846	2.63369464151154
1.47604095381103	0.781289215941826	1.67071699211933	2.625834964179
1.482881665	0.739001773164024	1.66806509353192	2.64898734231086
1.48972237618898	0.726556781849482	1.6897090075073	2.61924688165227
1.49656308737795	0.734226685680661	1.69843682353402	2.66500328640757
1.50340379856692	0.758611398180714	1.70713174184486	2.67881447887217
1.51024450975589	0.772367992726466	1.70301911173671	2.71065031834511
1.51708522094487	0.763393801335083	1.72306879936883	2.69276307949705
1.52392593213384	0.763238253320243	1.73019514684954	2.7204335167246
1.53076664332281	0.777605450842994	1.72035255686116	2.73797021077497
1.53760735451179	0.821156147090668	1.72822019937103	2.71981375597319
1.54444806570076	0.814203015462745	1.74482242348048	2.74634294576722
1.55128877688973	0.815793934129702	1.7515606918131	2.71865166977574
1.5581294880787	0.774352895036696	1.76932866585479	2.74224094465387
1.56497019926768	0.809125910139985	1.77122487722862	2.76636497202995
1.57181091045665	0.837074764001998	1.77769199322765	2.76026879901559
1.57865162164562	0.794341113450114	1.78871635625916	2.81013438609662
1.58549233283459	0.837716296332705	1.80089304696671	2.79744020121444
1.59233304402357	0.832808999125926	1.80957711388949	2.80050746619261
1.59917375521254	0.818904003406335	1.81724409649349	2.81492111424422
1.60601446640151	0.830476500333782	1.8068423447041	2.8294801504336
1.61285517759048	0.854744797063204	1.82174822692007	2.8058823890049
1.61969588877946	0.83123253036048	1.83143578283938	2.86010046397992
1.62653659996843	0.838358655124917	1.84063205439465	2.86781670459488
1.6333773111574	0.864019863302286	1.84842925496054	2.89040769888516
1.64021802234637	0.856809543294779	1.85891198612723	2.89014045362215
1.64705873353535	0.844709734119778	1.88478259577057	2.88755504291929
1.65389944472432	0.846645355435393	1.87341234012971	2.90680606433697
1.66074015591329	0.880513016316329	1.88223104483744	2.90836769592076
1.66758086710227	0.891874128607376	1.89196069842837	2.92010975784037
1.67442157829124	0.881624985405765	1.89988659990479	2.95291000940835
1.68126228948021	0.886361921656384	1.89604414684802	2.93231602680117
1.68810300066918	0.844994919146494	1.91657538363881	2.93963440567206
1.69494371185816	0.894005231556978	1.91437331593413	2.9429550740942
1.70178442304713	0.916889890790992	1.92617518911298	2.94125318793848
1.7086251342361	0.916831835970713	1.93982598075113	2.98902164663545
1.71546584542507	0.89792962325899	1.94507006308688	3.00613565986072
1.72230655661405	0.960631181930714	1.96026310179492	3.03613655826089
1.72914726780302	0.918336218319258	1.95783106184493	3.02306713660727
1.73598797899199	0.928241874674719	1.96898887647969	3.04886385398063
1.74282869018096	0.965985249889302	1.96327042253161	3.02245049613153
1.74966940136994	0.962441682694969	1.98607425283193	3.01523465624196
1.75651011255891	0.929751047803168	1.99502120479642	3.06745620957846
1.76335082374788	0.976267867493828	1.98161793242568	3.06843910328564
1.77019153493685	0.956103647957325	2.00424828769445	3.08310689704368
1.77703224612583	0.971143936833088	1.998869198388	3.04599898130611
1.7838729573148	0.942705540141396	2.02053960916388	3.09396521384235
1.79071366850377	0.999977062094653	2.03306658752821	3.09328228681476
1.79755437969275	0.983576381341369	2.03163866405578	3.10154471038607
1.80439509088172	0.967574252661182	2.03757852870121	3.10152111025892
1.81123580207069	0.994467855331506	2.05201376035121	3.12307058348101
1.81807651325966	0.993904984050297	2.04931658750287	3.13637851418041
1.82491722444864	0.99666604216512	2.06935159136114	3.15983048390861
1.83175793563761	0.988196093764177	2.06784221721615	3.20304116330405
1.83859864682658	0.989341673986703	2.065997693108	3.15749678460193
1.84543935801555	1.00703454506152	2.09291077066011	3.1969836198194
1.85228006920453	1.03181269736852	2.09305315602247	3.18699019261416
1.8591207803935	1.01608744193033	2.09781214009129	3.18511765289115
1.86596149158247	1.02705395016433	2.12481408491602	3.20434192494479
1.87280220277144	0.994272859853481	2.12899611941007	3.23731710930387
1.87964291396042	1.03683307999669	2.12872304041553	3.22564318387283
1.88648362514939	0.997329694464645	2.12718531440905	3.25133626819969
1.89332433633836	1.04155272289717	2.13400438392456	3.2663692112729
1.90016504752733	1.01302460699286	2.14431253318819	3.29391323338327
1.90700575871631	1.06391330329881	2.1482869820784	3.30314080739905
1.91384646990528	1.05007247659085	2.17992554887507	3.2840384611619
1.92068718109425	1.04524979109087	2.17035524520455	3.32518869594183
1.92752789228323	1.07582987088927	2.18797535948752	3.33311727973214
1.9343686034722	1.04708959303021	2.18167163241072	3.34664345203515
1.94120931466117	1.05523597328587	2.19872077159156	3.32168498857734
1.94805002585014	1.0783015282422	2.19897076974045	3.3570983724906
1.95489073703912	1.09588363068291	2.21539758511997	3.35744882822347
1.96173144822809	1.09758839377713	2.21815343953869	3.37604882201172
1.96857215941706	1.0905030238677	2.23030305838167	3.36289953019472
1.97541287060603	1.06302282471784	2.23224490394959	3.36983118543699
1.98225358179501	1.10430337063551	2.23209881092119	3.42411763695425
1.98909429298398	1.07432147459045	2.24961531922899	3.43357232074653
1.99593500417295	1.06391852247797	2.25537719061383	3.45685670344157
2.00277571536192	1.14407032638401	2.27237983931297	3.42770291318003
2.0096164265509	1.10490470840923	2.26452106198565	3.41069032065232
2.01645713773987	1.12195743311127	2.2753435088949	3.4418504098306
2.02329784892884	1.14429602508435	2.28900112152596	3.43459680360376
2.03013856011781	1.13640534962866	2.2962084345985	3.47545368006823
2.03697927130679	1.13115996022832	2.30874159570215	3.50745042514751
2.04381998249576	1.14083520230818	2.31583712306086	3.51465356220235
2.05066069368473	1.14435050055881	2.30400555275351	3.51021009230083
2.0575014048737	1.17326882886904	2.31919808509394	3.52599956297907
2.06434211606268	1.13476557271526	2.33224879766633	3.538852883696
2.07118282725165	1.17809731197308	2.35785910023765	3.53127536430377
2.07802353844062	1.14858231603765	2.35190593902983	3.5523738271588
2.0848642496296	1.19250277154128	2.36484875677264	3.57626683469582
2.09170496081857	1.1860745150345	2.36329154048646	3.53347920040586
2.09854567200754	1.18676204489377	2.37684847195301	3.58953514332912
2.10538638319651	1.19794145286918	2.36265874643343	3.60439218036743
2.11222709438549	1.16225807484972	2.38315924601943	3.59764617574238
2.11906780557446	1.20220432264072	2.39512781174134	3.67066519546047
2.12590851676343	1.20486054777968	2.39433032587723	3.6187373538204
2.1327492279524	1.1745574306309	2.40038628683149	3.61039092593544
2.13958993914138	1.21550311284547	2.40197247838376	3.63008605282903
2.14643065033035	1.21508044481442	2.42470929745533	3.67380184163289
2.15327136151932	1.21853106898785	2.4244683117502	3.67960643498973
2.16011207270829	1.22096224643165	2.45035900353661	3.66712162656767
2.16695278389727	1.2436349688085	2.45369854330004	3.67548297754333
2.17379349508624	1.24763484245877	2.45308979000702	3.73186454097886
2.18063420627521	1.21999503506128	2.46054006448845	3.7070927438929
2.18747491746418	1.24987415567715	2.47912842611155	3.70896404591168
2.19431562865316	1.27112923393581	2.49465736690081	3.70381265284367
2.20115633984213	1.26230525957245	2.4789689963766	3.76211334019329
2.2079970510311	1.27215781251101	2.49778949422626	3.73744688416665
2.21483776222008	1.25746824531283	2.50180482517665	3.78895939485774
2.22167847340905	1.27056725166742	2.50212096876366	3.77039504528258
2.22851918459802	1.29461840279544	2.52139459606288	3.81498372423223
2.23535989578699	1.30074109485247	2.52499422727436	3.81685485779932
2.24220060697597	1.28955735453509	2.52001597547353	3.79466273062686
2.24904131816494	1.26395525103409	2.54591668678384	3.83090029901633
2.25588202935391	1.3231812002736	2.54368572907442	3.80610619473988
2.26272274054288	1.2910547474702	2.54786498977994	3.8561958732762
2.26956345173186	1.31231867385637	2.56225488471731	3.85952887347188
2.27640416292083	1.31424713490712	2.58735133390071	3.89516176415712
2.2832448741098	1.27932871989764	2.60033014038321	3.84049068182198
2.29008558529877	1.30859831531126	2.57394377790183	3.86671383966792
2.29692629648775	1.35324557367863	2.59708047397455	3.94124839539262
2.30376700767672	1.33263394284605	2.6046739416241	3.92065266789473
2.31060771886569	1.35144442652637	2.60032384446151	3.89309411312085
2.31744843005466	1.32637381301727	2.61462257934106	3.9305250569242
2.32428914124364	1.30207419832702	2.63623423156737	3.90996236584414
2.33112985243261	1.32471849025974	2.62882477454821	3.94248008066633
2.33797056362158	1.3669799220345	2.64424304488726	3.92823424838039
2.34481127481056	1.33533144805868	2.65248955993689	4.00376954778857
2.35165198599953	1.37683797987642	2.65228836643819	3.96300562883421
2.3584926971885	1.35292326113773	2.67588239713775	3.99109278227302
2.36533340837747	1.35879417222314	2.6722126841489	4.02819122217653
2.37217411956645	1.34263625224379	2.67848894885944	3.96548187215725
2.37901483075542	1.36750958434693	2.68666198814294	4.03407121203772
2.38585554194439	1.38975922626744	2.69318281038796	4.00467126322909
2.39269625313336	1.3784799540802	2.71587245886145	4.06528726005133
2.39953696432234	1.37566166522071	2.71189991231008	4.07875605887633
2.40637767551131	1.38081287862578	2.72859719062683	4.08881701183627
2.41321838670028	1.37415948319947	2.72196358672899	4.07595368963285
2.42005909788925	1.42465145827252	2.73273973781732	4.10230588218516
2.42689980907823	1.40134124778005	2.75309648308286	4.12994793128458
2.4337405202672	1.44196045655245	2.7507806064678	4.09982907594571
2.44058123145617	1.4360229513903	2.75873122760879	4.12376264453898
2.44742194264514	1.44027050758387	2.76532759700819	4.11830386743579
2.45426265383412	1.44603860437588	2.76736758593929	4.14748387186689
2.46110336502309	1.45201315870132	2.77851539696158	4.13306981895786
2.46794407621206	1.46129266896693	2.77492819711379	4.18006112609368
2.47478478740104	1.42770457365746	2.80131759529087	4.16539695786417
2.48162549859001	1.47063815811552	2.81300094272678	4.15274719060859
2.48846620977898	1.48044530826623	2.8050589422335	4.19530278107138
2.49530692096795	1.43166319331794	2.81629484267725	4.20603535930508
2.50214763215693	1.45582518139549	2.82869218804348	4.20517319779302
2.5089883433459	1.47932860788015	2.83119914495316	4.20962391968064
2.51582905453487	1.46323336857831	2.82622357442915	4.24957248366363
2.52266976572384	1.46368397956201	2.85264361937936	4.23486233706811
2.52951047691282	1.45162619563273	2.86568440933908	4.24541721213035
2.53635118810179	1.49513473425591	2.86799350029466	4.27919766634028
2.54319189929076	1.47630391428281	2.86076860005895	4.27508155509624
2.55003261047973	1.52045855800856	2.8776990068689	4.27852699692581
2.55687332166871	1.46636847477746	2.8907112805276	4.30252595764575
2.56371403285768	1.48467961081413	2.89230712582167	4.33238965260435
2.57055474404665	1.51510988849547	2.90357697858268	4.30188249039295
2.57739545523562	1.52116372928877	2.90280682819328	4.34712138408815
2.5842361664246	1.53108575690489	2.92123591586988	4.36382343513841
2.59107687761357	1.51902158985869	2.91201252219845	4.37665138329854
2.59791758880254	1.50425480368403	2.94179371389391	4.34769999803204
2.60475829999152	1.52024133112553	2.94427886337857	4.32627713175813
2.61159901118049	1.5009092136037	2.94131476434668	4.31264273670429
2.61843972236946	1.52072802507048	2.96845832718279	4.37089790096569
2.62528043355843	1.48995396232076	2.96950361028845	4.39205969092723
2.63212114474741	1.5447200085952	2.96709330169109	4.45737619867751
2.63896185593638	1.55086678074804	2.95808756033312	4.39858201123365
2.64580256712535	1.57853432394889	2.98521347653468	4.42270378231988
2.65264327831432	1.53775711915449	2.98684451103934	4.43569129018141
2.6594839895033	1.55573884102006	3.01049382868762	4.44508768576058
2.66632470069227	1.55324690108919	2.99782143085927	4.46979808906888
2.67316541188124	1.57663683292516	3.02260896021505	4.45227975571115
2.68000612307021	1.58581191981762	3.02911758831964	4.50380106406761
2.68684683425919	1.57341847441244	3.0407021733941	4.50577952425143
2.69368754544816	1.56339673204879	3.03892005012432	4.49443949427412
2.70052825663713	1.60005788389433	3.05744293492517	4.56119207089598
2.7073689678261	1.59706520954154	3.05280884565312	4.53682373653969
2.71420967901508	1.60769116981827	3.06818505245011	4.55255667999385
2.72105039020405	1.63321552956418	3.06215179197955	4.57377527292687
2.72789110139302	1.63105356972522	3.0814710915544	4.53140879291591
2.734731812582	1.61053252707298	3.08850912933157	4.58774258379674
2.74157252377097	1.63982527356418	3.08221650075104	4.56589010660939
2.74841323495994	1.62946960149962	3.10766169003821	4.63095139415201
2.75525394614891	1.65851843759256	3.11741303191211	4.60054516903275
2.76209465733789	1.59578054782906	3.09742101389854	4.63310892064743
2.76893536852686	1.62825739129585	3.12324160854885	4.63414595447752
2.77577607971583	1.64630388272056	3.1417144332504	4.62487671294841
2.7826167909048	1.64358271501968	3.14432811367048	4.66290454719251
2.78945750209378	1.65487071144939	3.14189219850928	4.68651308481524
2.79629821328275	1.65764748541904	3.16978155478385	4.67818376510224
2.80313892447172	1.67657323158525	3.16304766930345	4.66064821993653
2.80997963566069	1.64508361904729	3.18329387112889	4.7208680840905
2.81682034684967	1.64916418188538	3.18104509829982	4.70070073240946
2.82366105803864	1.67155565224553	3.19184167103238	4.74400381335395
2.83050176922761	1.68654046325334	3.18927886415848	4.72734544691449
2.83734248041658	1.64545229959196	3.20344314581718	4.77447959622566
2.84418319160556	1.69812966542198	3.19827571143068	4.73504164243224
2.85102390279453	1.71125379273644	3.21783816377024	4.77132939536423
2.8578646139835	1.71947014576677	3.22225319122662	4.75511070967861
2.86470532517248	1.70239765200324	3.23063217588022	4.79874091666146
2.87154603636145	1.71723467274514	3.24021305898678	4.79802267392527
2.87838674755042	1.72053024849918	3.23271420644283	4.76934827342479
2.88522745873939	1.73376591501072	3.2581816424342	4.80382545067303
2.89206816992837	1.75503910462407	3.26865028481717	4.80481824206068
2.89890888111734	1.7343708840985	3.25206563015028	4.84613853201701
2.90574959230631	1.68951650786229	3.29050139007014	4.88087314087929
2.91259030349528	1.71659548611023	3.29981541724694	4.868820503808
2.91943101468426	1.73273627698557	3.29604805215241	4.87517599638928
2.92627172587323	1.72637708121381	3.28796741359546	4.87574387533004
2.9331124370622	1.68880828151098	3.30928049727567	4.87633172482653
2.93995314825117	1.76993827095517	3.31281794054366	4.90547491035043
2.94679385944015	1.74483144178808	3.31977872765661	4.88855369315891
2.95363457062912	1.76551372216605	3.32636013549718	4.93817552942577
2.96047528181809	1.73611150742242	3.33774261121729	4.93486871251928
2.96731599300706	1.7382772269643	3.35355642094335	4.94708481553352
2.97415670419604	1.79205512903293	3.35687706915145	4.94665896757613
2.98099741538501	1.80251760402004	3.36528884238791	4.97716334863188
2.98783812657398	1.78858051730164	3.36929626237827	4.98019346163849
2.99467883776296	1.76454778539094	3.37392050367647	4.96970175143671
3.00151954895193	1.79123557660989	3.38432445989141	4.96446764868987
3.0083602601409	1.82559729081349	3.39943154740109	5.03412536586392
3.01520097132987	1.75388200860959	3.42307652634956	5.03718267392668
3.02204168251885	1.82055177523574	3.40732303582873	5.03156580002651
3.02888239370782	1.7838205110083	3.42845931223876	5.04176742798933
3.03572310489679	1.77856389612522	3.42256928099864	5.07126412027194
3.04256381608576	1.79283954399013	3.44141018508367	5.08330103770582
3.04940452727474	1.82738661702814	3.44145097519993	5.08065141295775
3.05624523846371	1.82776087234185	3.45455484891219	5.04681084365298
3.06308594965268	1.83414272116245	3.45655198076158	5.11070798526557
3.06992666084165	1.8349692216561	3.46272952484407	5.09968531054369
3.07676737203063	1.85605099943744	3.4640608730491	5.1240004434564
3.0836080832196	1.82733075469347	3.48438269282573	5.15323634221054
3.09044879440857	1.85188485497738	3.4837729008159	5.12873235007035
3.09728950559754	1.87606478136556	3.49612560846155	5.14486850050883
3.10413021678652	1.83237117854703	3.51046788833169	5.1569469425886
3.11097092797549	1.87364280175585	3.52005024338834	5.18478663822565
3.11781163916446	1.84147945852836	3.53058678818348	5.1704931441861
3.12465235035344	1.87627161416791	3.52665492347882	5.17510851667161
3.13149306154241	1.92643727137718	3.53328434702483	5.19367825412902
3.13833377273138	1.8946912542277	3.53770223523373	5.21678948762647
3.14517448392035	1.87255428362283	3.55717921496462	5.19264253445514
3.15201519510933	1.89351530864655	3.56999198303659	5.24812594573849
3.1588559062983	1.90558130043238	3.56078583643788	5.24557077888679
3.16569661748727	1.88419623914778	3.58699291278828	5.248883681742
3.17253732867624	1.90817390746934	3.58140456766341	5.25097734375637
3.17937803986522	1.91411178958738	3.59437738168338	5.23703405645275
3.18621875105419	1.89682869295603	3.58516541305789	5.30736325517387
3.19305946224316	1.91301425016888	3.60216629812917	5.33741005273615
3.19990017343213	1.93930581041688	3.61207973582624	5.32692865186277
3.20674088462111	1.93370463607822	3.61831088321799	5.32185473033885
3.21358159581008	1.93393959328698	3.6410128719473	5.30916404867414
3.22042230699905	1.92117112973492	3.64438690188791	5.36202558963886
3.22726301818803	1.90464206370794	3.64643524915393	5.38668775007165
3.234103729377	1.92442852815013	3.64661273490333	5.3621696805107
3.24094444056597	1.97668839584298	3.65571480911681	5.33574694043458
3.24778515175494	1.94267023490677	3.66617009445244	5.33853922195117
3.25462586294392	1.91502736769227	3.6788619635867	5.3984055095237
3.26146657413289	1.97414591236843	3.69610133958757	5.42619051954015
3.26830728532186	1.98192406905658	3.69903578953098	5.43253599519492
3.27514799651083	1.98671841594555	3.69255887003507	5.42179476798573
3.28198870769981	2.00343954857502	3.69946872324322	5.43578894627078
3.28882941888878	2.01617649390614	3.71573372090965	5.47313549156161
3.29567013007775	1.96234284522352	3.7261359901401	5.45192912599718
3.30251084126672	2.00957888616716	3.73287555575552	5.45152781455347
3.3093515524557	1.99284969518619	3.73291812877897	5.47433168792091
3.31619226364467	2.00097001875123	3.75741602724815	5.47433055309279
3.32303297483364	1.96323992060356	3.74266762314348	5.49863529452203
3.32987368602261	2.01770612394	3.74765381268651	5.5228674182319
3.33671439721159	2.00952754900731	3.77067489617408	5.54040536833046
3.34355510840056	2.03263753034886	3.77521669426765	5.51491629176779
3.35039581958953	1.99398652303677	3.79815123807925	5.53081877611055
3.35723653077851	2.01306186915199	3.78085651461153	5.55816560509483
3.36407724196748	2.04232420985344	3.80321501895575	5.59608368763109
3.37091795315645	2.03882380714982	3.81129998370925	5.63661153539649
3.37775866434542	2.05157942292605	3.81077250990433	5.56848818434097
3.3845993755344	2.05138025519899	3.82525924500531	5.56555787213627
3.39144008672337	2.06720952775552	3.82650594030888	5.59027211180914
3.39828079791234	2.02838511494816	3.84367768209698	5.6045018418099
3.40512150910131	2.07795812115554	3.85397818166207	5.65931009289456
3.41196222029029	2.07782527308609	3.84067780658426	5.63499396114363
3.41880293147926	2.07919097682972	3.85049657731018	5.67109706611242
3.42564364266823	2.05413257577675	3.8642628556173	5.62622942005463
3.4324843538572	2.10515552732908	3.87231823521348	5.69941237261672
3.43932506504618	2.0947741339541	3.89664312730434	5.66578979192615
3.44616577623515	2.06139348459027	3.8935740369829	5.68825783815061
3.45300648742412	2.06550200023507	3.90637760658187	5.67632243790355
3.45984719861309	2.08174005481784	3.91680082885784	5.73779696221202
3.46668790980207	2.0783532962242	3.88222598598473	5.72054026198676
3.47352862099104	2.13251940317163	3.91988947625578	5.73531083477954
3.48036933218001	2.1645267868761	3.92932305343188	5.71933906867182
3.48721004336899	2.138787632865	3.94319392095546	5.7662585045296
3.49405075455796	2.1250695298833	3.94310060984794	5.76386275924586
3.50089146574693	2.09217628159886	3.94504470808793	5.79594709701787
3.5077321769359	2.10191480893027	3.97623427484746	5.78804751263561
3.51457288812488	2.09259873917738	3.94709256508443	5.80631020359801
3.52141359931385	2.13803277599852	3.98543839415547	5.8340283760664
3.52825431050282	2.1636032514992	3.98180784741717	5.8187004843833
3.53509502169179	2.14752159143609	3.9760657532936	5.83774435561851
3.54193573288077	2.12166483164654	3.99345485005686	5.85021370099092
3.54877644406974	2.11998026357241	3.98939947542919	5.84063297324752
3.55561715525871	2.16082472213147	4.01471424084473	5.8719224656004
3.56245786644768	2.14593880457983	4.03201823985829	5.89061947743052
3.56929857763666	2.16507307497302	4.02125419079978	5.9000843802231
3.57613928882563	2.15248438645506	4.04482578892643	5.90537038631188
3.5829800000146	2.15752349685947	4.05207794614383	5.91946987643696
3.58982071120357	2.11124319157229	4.05010454844349	5.92470878721526
3.59666142239255	2.16094237334539	4.08290196667882	5.87566352337366
3.60350213358152	2.13332756231716	4.07093213749601	5.95730177714807
3.61034284477049	2.2285707486986	4.08415916450633	6.01854965663265
3.61718355595947	2.21172215535522	4.09159340883805	5.955013474991
3.62402426714844	2.18063604212857	4.08878939949608	5.92932042907619
3.63086497833741	2.22202835088837	4.09878087662278	5.94968073093655
3.63770568952638	2.22768605697988	4.09597193220745	6.02559392444232
3.64454640071536	2.19058969962255	4.11252363140504	6.04099568989152
3.65138711190433	2.24835278872057	4.1220042624375	5.98109098378711
3.6582278230933	2.20151859184021	4.12858811146263	6.01590988223896
3.66506853428227	2.24995422454112	4.14006526400781	6.06688540198413
3.67190924547125	2.21888845582398	4.14863142312081	6.03715000283797
3.67874995666022	2.24600033048257	4.15957637444974	6.08044419094126
3.68559066784919	2.27916601329894	4.15239171511324	6.08756393950479
3.69243137903816	2.24466002582838	4.17032567140338	6.12479694758053
3.69927209022714	2.215442177798	4.18857628801392	6.10368691260967
3.70611280141611	2.26708284146045	4.19159892256186	6.09095234905564
3.71295351260508	2.26487105647273	4.206864351773	6.10716481493575
3.71979422379405	2.25431911201746	4.20624340126322	6.11521708441713
3.72663493498303	2.2177918244967	4.20750438204825	6.11102528638796
3.733475646172	2.23359518850543	4.21145115766654	6.1875562451482
3.74031635736097	2.28269441364527	4.23510037058451	6.13976023193611
3.74715706854995	2.27660345728569	4.22742195360751	6.18220973518877
3.75399777973892	2.29176195813619	4.2523927965054	6.189011053637
3.76083849092789	2.30911276387112	4.25279900947228	6.23310055757591
3.76767920211686	2.29656107415069	4.24497392516208	6.20347627427387
3.77451991330584	2.27200286598525	4.25935445269564	6.20597780091748
3.78136062449481	2.29517354250917	4.26120986083228	6.24443563526565
3.78820133568378	2.3200912644453	4.29061876822543	6.24140590737009
3.79504204687275	2.30658490123126	4.26775400532805	6.24850416901386
3.80188275806173	2.30274855630649	4.29106323626667	6.20485045346018
3.8087234692507	2.28056108734941	4.3070930035187	6.30756768478977
3.81556418043967	2.33297371018039	4.292729231325	6.30602031119794
3.82240489162864	2.34411647583458	4.30194964667652	6.30818472804124
3.82924560281762	2.33864986759749	4.33099603491947	6.30329796087327
3.83608631400659	2.32424136191643	4.33889250411035	6.29765758370847
3.84292702519556	2.33148975649847	4.34369357311429	6.30096713532716
3.84976773638453	2.3580606373984	4.34063037191781	6.29465608755528
3.85660844757351	2.34471471732398	4.36459917545138	6.32615526999725
3.86344915876248	2.33720150927292	4.35996035156223	6.37068717117655
3.87028986995145	2.3767393890304	4.3684657861199	6.34223879072652
3.87713058114043	2.35804899411313	4.37729908433964	6.35294990525854
3.8839712923294	2.32913262847531	4.39319167643865	6.34682355837024
3.89081200351837	2.37397608106338	4.39492272634732	6.39593531379194
3.89765271470734	2.39730140154113	4.38622085385434	6.38145274388169
3.90449342589632	2.32578581631548	4.39869015678274	6.40914292988118
3.91133413708529	2.36046275281156	4.394612418126	6.45264950252614
3.91817484827426	2.39833296767506	4.42345364992313	6.4549198172821
3.92501555946323	2.38055659858542	4.43781262530008	6.46299303337961
3.93185627065221	2.35129048056529	4.42479467964256	6.43417625727183
3.93869698184118	2.37026037364296	4.43858164109692	6.44941520832127
3.94553769303015	2.43907621696483	4.44912908237306	6.47270970553715
3.95237840421912	2.45425823605923	4.44548256754512	6.48157339791878
3.9592191154081	2.34782309768002	4.47769791193523	6.51603768669049
3.96605982659707	2.42994459310822	4.47123192006827	6.53332334462403
3.97290053778604	2.40979392088401	4.47422104493633	6.50938651683061
3.97974124897502	2.45702904980211	4.50192432042366	6.54068418565197
3.98658196016399	2.45298728335036	4.51606327511858	6.59773078598188
3.99342267135296	2.45658933972015	4.51611688395908	6.52222719305377
4.00026338254193	2.44305789120806	4.51454101528321	6.59501357686052
4.00710409373091	2.37020194791782	4.52405684183168	6.65627727282476
4.01394480491988	2.46345343640346	4.51549206808647	6.61082415187632
4.02078551610885	2.43141040088536	4.52658659402858	6.60647558871949
4.02762622729782	2.42821687909732	4.52760833397721	6.59938238388647
4.0344669384868	2.4192971199177	4.56526875039449	6.65197486787817
4.04130764967577	2.47597964972735	4.58338465679912	6.69917587633764
4.04814836086474	2.45831777823287	4.56103329658395	6.67417964190012
4.05498907205371	2.48391064122058	4.5904200696186	6.65885554557038
4.06182978324269	2.48840668252061	4.57527377921258	6.64341420397782
4.06867049443166	2.49478938439018	4.60247361187168	6.67303446762398
4.07551120562063	2.47162598111848	4.59919196996488	6.70908948321562
4.0823519168096	2.46248314607871	4.59356821392176	6.7337223691873
4.08919262799858	2.49387351569222	4.60866463696284	6.7215759438366
4.09603333918755	2.54407630560267	4.62283635416266	6.76096469499843
4.10287405037652	2.52377154353443	4.62210880362665	6.73848928401632
4.1097147615655	2.52767631313524	4.63431730661932	6.72010596568355
4.11655547275447	2.48084693263633	4.64832809957499	6.76675699605852
4.12339618394344	2.49660510882299	4.65069279924615	6.76096678969295
4.13023689513241	2.55834167484695	4.67796043247025	6.76242309581639
4.13707760632139	2.53624156741726	4.66860423894037	6.74364314711713
4.14391831751036	2.55660715981344	4.68196097217082	6.81725341106356
4.15075902869933	2.50386474164614	4.67740522761072	6.77444564577257
4.1575997398883	2.4966980681524	4.69096483078348	6.8699778478333
4.16444045107728	2.52094598517399	4.68791274803218	6.82719076621381
4.17128116226625	2.59480226266122	4.71138062850726	6.90006095965712
4.17812187345522	2.51846101754431	4.7222964965171	6.86343746743963
4.18496258464419	2.5913139217778	4.72683408886443	6.89782318407234
4.19180329583317	2.58190413976823	4.71613389808348	6.84291669302107
4.19864400702214	2.57160321277696	4.73976650382177	6.91469190301766
4.20548471821111	2.57525925544266	4.75789176779803	6.93269603792966
4.21232542940008	2.6143756272554	4.75344185589349	6.92386691734453
4.21916614058906	2.60031058014622	4.77422291397933	6.9014000379994
4.22600685177803	2.55168906734836	4.78310204497702	6.90324636603853
4.232847562967	2.59697174190616	4.76552216100155	6.92471816678452
4.23968827415598	2.58050624746498	4.79101644418864	6.91512484766347
4.24652898534495	2.57336491381969	4.79632442898622	6.92270798107099
4.25336969653392	2.63597068153603	4.79832299096662	6.96046197589491
4.26021040772289	2.56613186632521	4.83179888061881	7.02174650855225
4.26705111891187	2.64653157730736	4.81149449523252	7.03666589899765
4.27389183010084	2.61456965628548	4.81481041401355	6.98590184338482
4.28073254128981	2.62592762284103	4.84557940378275	7.0277272164163
4.28757325247878	2.61369867579686	4.83587410113924	7.06188403450923
4.29441396366776	2.64717142280066	4.84825424616608	7.05892353744266
4.30125467485673	2.63575355202715	4.84217098327245	7.02310379008337
4.3080953860457	2.6405100530829	4.86156450410192	7.06249796036606
4.31493609723467	2.61799375361186	4.85420773232426	7.03701505603535
4.32177680842365	2.68077755264821	4.87219044149138	7.04911665709377
4.32861751961262	2.63245738317798	4.90400805275069	7.10443558634242
4.33545823080159	2.63784104387301	4.88567584440046	7.12029396553966
4.34229894199056	2.64888711971644	4.90678978538201	7.13176269042162
4.34913965317954	2.69678505111796	4.91645251865324	7.17112083547471
4.35598036436851	2.66022557526119	4.91622005597307	7.1695968803848
4.36282107555748	2.66867856451389	4.9266102534974	7.18477146741952
4.36966178674646	2.73461501815616	4.92529285245148	7.15654311238381
4.37650249793543	2.66564174787857	4.94373105612436	7.14580828441199
4.3833432091244	2.71209138825396	4.93092963477639	7.20545491902353
4.39018392031337	2.68497484275449	4.97070067113138	7.19739464460733
4.39702463150235	2.68541651637085	4.96449580551849	7.22686618487222
4.40386534269132	2.73280524544128	4.95143011815329	7.2487741586747
4.41070605388029	2.72994994754518	4.98305866646433	7.20950308093214
4.41754676506926	2.70223169057598	4.99560224392674	7.2451998801615
4.42438747625824	2.69737835500877	5.00086766290355	7.20776482887614
4.43122818744721	2.71268080244798	4.9989887054991	7.25670429905945
4.43806889863618	2.69056788037711	5.01482261336492	7.27957297696067
4.44490960982515	2.72263614953915	5.02265044156633	7.27009616301795
4.45175032101413	2.71520290975173	5.02253176504083	7.29378435578557
4.4585910322031	2.69607252257586	5.03656167734668	7.31720048479723
4.46543174339207	2.75198033449766	5.02514987772025	7.34827643819231
4.47227245458104	2.79286523467344	5.06236426909865	7.352665963555
4.47911316577002	2.7394489025309	5.05956319117301	7.3528063883658
4.48595387695899	2.79919651850263	5.06135506950704	7.3388825046249
4.49279458814796	2.73177047308203	5.05684745235065	7.38956961733993
4.49963529933694	2.79656829580092	5.05923724893594	7.32386703546465
4.50647601052591	2.81214577244368	5.08954438933021	7.38457360973614
4.51331672171488	2.75047942816467	5.10804473339005	7.40942817357171
4.52015743290385	2.82320784763268	5.11198921510588	7.40545272993871
4.52699814409283	2.76409581046459	5.10907555656205	7.42074435157666
4.5338388552818	2.77521336705629	5.11442502580044	7.42847823422209
4.54067956647077	2.74883712259286	5.12446603313621	7.46406976888478
4.54752027765974	2.79094880380367	5.14070515986998	7.45999393139102
4.55436098884872	2.84278445196264	5.15607417730987	7.44077533043446
4.56120170003769	2.82287785238668	5.15387048841278	7.46518815585051
4.56804241122666	2.8034039195002	5.16114306335148	7.48016500989396
4.57488312241563	2.78962505230429	5.17166090846348	7.50492753062173
4.58172383360461	2.82723022321483	5.15646708135317	7.53086083215169
4.58856454479358	2.81795585946065	5.18058700487199	7.48033298826693
4.59540525598255	2.8604759617611	5.1956796859428	7.45972976455628
4.60224596717153	2.83991425246258	5.18813132982401	7.52941718647019
4.6090866783605	2.80414774901661	5.22235117861676	7.56549255163503
4.61592738954947	2.83798628109402	5.20075786019811	7.59168453884449
4.62276810073844	2.87737216978735	5.23073943873952	7.54059056620443
4.62960881192742	2.87136774543748	5.20266824687078	7.60965585152567
4.63644952311639	2.8257240710178	5.2436857210186	7.61535610621877
4.64329023430536	2.91328279947541	5.22707926041682	7.65704038663856
4.65013094549433	2.86323489312244	5.2625791093966	7.62085658187206
4.65697165668331	2.84497145124223	5.24841728123274	7.58298835501854
4.66381236787228	2.87299766839029	5.27386488332021	7.62216518100076
4.67065307906125	2.85972545318176	5.2684366145163	7.64945034643674
4.67749379025022	2.86701155676904	5.30887160897809	7.64071952000463
4.6843345014392	2.8360340488225	5.27460788679403	7.64041063394142
4.69117521262817	2.9364419529806	5.28253084126861	7.69840540381578
4.69801592381714	2.8861888804778	5.29913475010643	7.68018522922145
4.70485663500611	2.93378276597062	5.30276354537469	7.70771580232325
4.71169734619509	2.88478672452224	5.32950978912333	7.75498612104984
4.71853805738406	2.90875632915424	5.32500320882184	7.69119811277756
4.72537876857303	2.86451610689066	5.32705257603915	7.74985338541332
4.732219479762	2.90994929095672	5.3459168748503	7.75422037234848
4.73906019095098	2.88584805204309	5.35015578097972	7.79117926285418
4.74590090213995	2.95354398351316	5.35122292812313	7.76283121248449
4.75274161332892	2.93161381791304	5.38272691139576	7.80681842434806
4.7595823245179	2.95169760993058	5.39600010330731	7.78902689029436
4.76642303570687	2.92212617060352	5.37730883324994	7.79198368722916
4.77326374689584	2.91108249567008	5.37428493552036	7.77988411485074
4.78010445808481	2.93844532646544	5.41162611571231	7.83794434872781
4.78694516927379	2.98531644628954	5.38590023186677	7.84794307781229
4.79378588046276	2.92452656265401	5.42080716477165	7.88113766767811
4.80062659165173	2.92689444373653	5.41791454521826	7.8079702854154
4.8074673028407	2.94975957539975	5.42331176265741	7.85211606992634
4.81430801402968	2.94228422415262	5.43453076148084	7.87834853663088
4.82114872521865	2.96285976759585	5.43994736774908	7.87646238120482
4.82798943640762	2.99120979954097	5.45046800837754	7.89462223862903
4.83483014759659	3.00123588045256	5.45099112786222	7.87909145159365
4.84167085878557	2.96369448803698	5.46991118586504	7.92902877226285
4.84851156997454	2.98953341781368	5.47674558504224	7.95346800932693
4.85535228116351	2.95532731013881	5.48216562059726	7.96579286519139
4.86219299235248	3.01322467462817	5.47811544395057	8.00828639607651
4.86903370354146	3.0589786748955	5.49666751546314	7.99376616308047
4.87587441473043	2.97164056803387	5.50813946172095	7.97962904803504
4.8827151259194	3.02896501352566	5.50497856492088	8.02054564999459
4.88955583710838	3.01804537418149	5.529713672618	7.9619392637717
4.89639654829735	2.99002385362022	5.53701691897394	8.00984953174721
4.90323725948632	2.95356526969306	5.53942070224969	8.03900899239963
4.91007797067529	3.03194168457324	5.55758456607987	8.04642729040249
4.91691868186427	3.04946824526322	5.55031637716951	8.04284887135127
4.92375939305324	2.97325038608013	5.54758636085488	8.08669327753689
4.93060010424221	3.01406640886308	5.55206812180685	8.07807558044971
