"mitochan"	"lwrNorm"	"medNorm"	"uprNorm"
-1.90327037354145	-3.42450382490252	-2.30630090824367	-1.1963244562535
-1.89700418466435	-3.45110623088056	-2.3111743843181	-1.17312226589357
-1.89073799578724	-3.41758442901358	-2.3071674936069	-1.19130888955505
-1.88447180691014	-3.42825363652193	-2.29585066025721	-1.14240433644736
-1.87820561803303	-3.40617267688788	-2.2845657929719	-1.12489307369801
-1.87193942915593	-3.42597886922368	-2.29700431381172	-1.16892959057086
-1.86567324027883	-3.37402305023053	-2.28644686673859	-1.1542649486612
-1.85940705140172	-3.40955192668946	-2.26601932118136	-1.13810522954944
-1.85314086252462	-3.40954011569448	-2.25292998302852	-1.14177009082425
-1.84687467364751	-3.35144925293659	-2.23797787240729	-1.1421309021697
-1.84060848477041	-3.358699178889	-2.24105315312281	-1.135393214251
-1.83434229589331	-3.35926987998073	-2.2317262142934	-1.14449635835117
-1.8280761070162	-3.38622270755505	-2.23174104815454	-1.11422239291376
-1.8218099181391	-3.33282645936486	-2.21699124954259	-1.11103965085563
-1.81554372926199	-3.31982885333805	-2.21803294219738	-1.11736035052122
-1.80927754038489	-3.31871492535442	-2.20640630400341	-1.11258930525936
-1.80301135150779	-3.32892668504616	-2.18869015525068	-1.11478291326379
-1.79674516263068	-3.2735363706087	-2.16734277449027	-1.12245217369461
-1.79047897375358	-3.29120683649329	-2.17458512866162	-1.12104478465468
-1.78421278487647	-3.26315486022467	-2.17412551597633	-1.10500162493515
-1.77794659599937	-3.2498648030517	-2.17278235385642	-1.07177159442977
-1.77168040712227	-3.20667460018701	-2.15447805579761	-1.0867993049768
-1.76541421824516	-3.26612457476127	-2.14385940599463	-1.08057486476848
-1.75914802936806	-3.2474577839176	-2.13994058830025	-1.07781053172823
-1.75288184049095	-3.25150694422826	-2.14898563183931	-1.08027874660276
-1.74661565161385	-3.24912326850815	-2.13589703027894	-1.05162207358949
-1.74034946273675	-3.21666804262443	-2.12496220742223	-1.04243240906354
-1.73408327385964	-3.20320056981042	-2.13679386636822	-1.05824852612926
-1.72781708498254	-3.19437182240673	-2.11283838989507	-1.06890759958929
-1.72155089610544	-3.17211941247288	-2.10936338335108	-1.052581182308
-1.71528470722833	-3.15376661196806	-2.10377631931578	-1.02296075262448
-1.70901851835123	-3.1641719037125	-2.09366688503905	-1.04182470496483
-1.70275232947412	-3.18206804959411	-2.06609026122464	-1.03286905581452
-1.69648614059702	-3.14595934060228	-2.07494228840102	-1.03070863793444
-1.69021995171992	-3.15151581487215	-2.05370451571369	-1.04029961738595
-1.68395376284281	-3.12913760070851	-2.0574354399427	-1.04832127688485
-1.67768757396571	-3.10023058542469	-2.04650811930173	-1.0251267065862
-1.6714213850886	-3.1197208899384	-2.05090532859896	-1.0330801052404
-1.6651551962115	-3.05798675993242	-2.03528295201621	-0.996642882036365
-1.6588890073344	-3.08716483407091	-2.03713777030175	-0.993626942094404
-1.65262281845729	-3.05052681845181	-2.01463858328124	-0.956949752738084
-1.64635662958019	-3.05301691201914	-2.01283131382996	-1.00164718476097
-1.64009044070308	-3.07137881538491	-2.0118652891727	-0.982278076845062
-1.63382425182598	-3.05808405241765	-1.99933984784819	-0.989206348642188
-1.62755806294888	-3.05312810285647	-1.99684984482403	-0.98870976851053
-1.62129187407177	-3.05061486170581	-1.97818101387181	-0.972195951147805
-1.61502568519467	-3.01499956841689	-1.97236845838294	-0.968082505818602
-1.60875949631756	-3.03256760351052	-1.97355030140426	-0.949915000130544
-1.60249330744046	-2.95903935768633	-1.96410615995437	-0.968027063807027
-1.59622711856336	-2.95543339145564	-1.94224923868136	-0.944554965525282
-1.58996092968625	-2.95643607046937	-1.95524488058968	-0.947401555570628
-1.58369474080915	-2.93433300721005	-1.94386781932206	-0.934397642479398
-1.57742855193204	-2.93439234195983	-1.92954860151433	-0.931076458469695
-1.57116236305494	-2.92128803191064	-1.92292629517611	-0.966964792653591
-1.56489617417784	-2.9430121939983	-1.92757859255422	-0.939543250794614
-1.55862998530073	-2.93085073274061	-1.91611110783255	-0.911368240358479
-1.55236379642363	-2.9155739266179	-1.9006136435585	-0.927673011591349
-1.54609760754653	-2.8675090146605	-1.89655690660858	-0.863160500642863
-1.53983141866942	-2.90348873814255	-1.89663743884917	-0.904948153157375
-1.53356522979232	-2.85633180112353	-1.89025439201978	-0.919837401890946
-1.52729904091521	-2.86376932089165	-1.87471853317521	-0.891339931701829
-1.52103285203811	-2.87691763830604	-1.85711566787576	-0.903201587010547
-1.51476666316101	-2.84631308867115	-1.86167961119423	-0.882857907400142
-1.5085004742839	-2.83744425279263	-1.84726667153323	-0.891768626098223
-1.5022342854068	-2.82117883397898	-1.84986533027679	-0.905034637575752
-1.49596809652969	-2.8355231281488	-1.84892123825127	-0.862499050476254
-1.48970190765259	-2.8188056427616	-1.84384168422201	-0.867723524041162
-1.48343571877549	-2.80215123567759	-1.81168681164	-0.87239818946569
-1.47716952989838	-2.82579597163927	-1.81746298955854	-0.856606012234928
-1.47090334102128	-2.75425469982171	-1.81075756251789	-0.837219689123717
-1.46463715214417	-2.79426277401209	-1.80966536993417	-0.847641502932596
-1.45837096326707	-2.78050998629971	-1.79009971721492	-0.838001186911778
-1.45210477438997	-2.74398554192604	-1.7999964819251	-0.807451946302223
-1.44583858551286	-2.75862388263001	-1.78667084223124	-0.833439779136799
-1.43957239663576	-2.73065360324919	-1.77828679123033	-0.834965232884276
-1.43330620775865	-2.71835459550879	-1.75814661014808	-0.81905393760671
-1.42704001888155	-2.71709159624773	-1.75542105818055	-0.842001769933916
-1.42077383000445	-2.68441673830518	-1.76121119512611	-0.81148824156132
-1.41450764112734	-2.70644968106914	-1.74559168607635	-0.826505918411275
-1.40824145225024	-2.68999070356475	-1.72775135382968	-0.790496950503854
-1.40197526337314	-2.6849405179645	-1.71758866236541	-0.783593216893196
-1.39570907449603	-2.68987967731294	-1.72633583971065	-0.781516469912126
-1.38944288561893	-2.68335957407817	-1.71824624126266	-0.787318599404065
-1.38317669674182	-2.63377311262372	-1.70803920060033	-0.764783113611235
-1.37691050786472	-2.66072639820622	-1.70472943638597	-0.760339018808872
-1.37064431898762	-2.64544089415854	-1.69518082668397	-0.753334784362693
-1.36437813011051	-2.6573109188446	-1.67711568532491	-0.797067729225979
-1.35811194123341	-2.61165422803808	-1.67811271840446	-0.78510066045525
-1.3518457523563	-2.59984055713304	-1.67615643559116	-0.77604605205872
-1.3455795634792	-2.60410234369853	-1.66979129684684	-0.746803350077822
-1.3393133746021	-2.58788713955998	-1.66157409665456	-0.761702162391378
-1.33304718572499	-2.56251013035599	-1.64828441100618	-0.733001447696714
-1.32678099684789	-2.58162263726076	-1.65315502855219	-0.734582823359656
-1.32051480797078	-2.52944009137236	-1.62633934872386	-0.717605670130792
-1.31424861909368	-2.53814148039814	-1.63564161236529	-0.731058305658234
-1.30798243021658	-2.53625512435752	-1.63020934549767	-0.718244839759408
-1.30171624133947	-2.55845652520602	-1.61102050453557	-0.694940696296383
-1.29545005246237	-2.51439875116783	-1.60559976325351	-0.718990150159384
-1.28918386358526	-2.52137475670775	-1.59811612272595	-0.71950550284966
-1.28291767470816	-2.46601298575952	-1.59611412239973	-0.72539724980892
-1.27665148583106	-2.47704194738607	-1.57416346209594	-0.678636517533312
-1.27038529695395	-2.49861536484334	-1.5686469677438	-0.706855643914917
-1.26411910807685	-2.4658214908576	-1.57013060128769	-0.652843463387025
-1.25785291919974	-2.46240275047668	-1.55952731820417	-0.67564346843589
-1.25158673032264	-2.44823667417175	-1.54741024977436	-0.683080344662152
-1.24532054144554	-2.48266549504494	-1.55437985701915	-0.673706395258205
-1.23905435256843	-2.43969550670786	-1.53811770638453	-0.655783539757563
-1.23278816369133	-2.39471378495121	-1.52763832772886	-0.665413257282834
-1.22652197481423	-2.41527783416549	-1.51804910027921	-0.665618470740157
-1.22025578593712	-2.41360243476968	-1.51323456143781	-0.636039451416991
-1.21398959706002	-2.37785513013304	-1.49576752533029	-0.619756212016567
-1.20772340818291	-2.44145741669712	-1.49116448040313	-0.646161226523346
-1.20145721930581	-2.3642436704987	-1.48420214555481	-0.615395631557829
-1.19519103042871	-2.36023841741134	-1.47547887223551	-0.622982993561161
-1.1889248415516	-2.33170640812661	-1.47581091699142	-0.6136431672794
-1.1826586526745	-2.35971939177282	-1.47351616892381	-0.608613826330066
-1.17639246379739	-2.37227865605943	-1.46061306263647	-0.616768170215607
-1.17012627492029	-2.3371097562229	-1.45943364514109	-0.594537051323573
-1.16386008604319	-2.33772568281823	-1.44490147204663	-0.598885212224331
-1.15759389716608	-2.28800789009928	-1.43969720345414	-0.596316687603626
-1.15132770828898	-2.29750180891225	-1.43901286425433	-0.568461695867801
-1.14506151941187	-2.29373144444265	-1.42266681425678	-0.588355550650956
-1.13879533053477	-2.27400927368509	-1.40864413113203	-0.593883106779279
-1.13252914165767	-2.27511722794028	-1.39006784669614	-0.544899554918474
-1.12626295278056	-2.28580917071721	-1.40452052566713	-0.606555319688777
-1.11999676390346	-2.27736927437293	-1.39708866728099	-0.58078739879454
-1.11373057502635	-2.23508907811661	-1.39193251345779	-0.554568898654306
-1.10746438614925	-2.21881159837862	-1.38323357613383	-0.536919262829287
-1.10119819727215	-2.25098839224748	-1.36705366229882	-0.546501834755415
-1.09493200839504	-2.20264531288861	-1.36771005469276	-0.525605336493347
-1.08866581951794	-2.2178035871237	-1.36423260200194	-0.571277190437139
-1.08239963064083	-2.19272952889263	-1.35942098035836	-0.548198940194678
-1.07613344176373	-2.16422693967061	-1.34267289859137	-0.531693798997358
-1.06986725288663	-2.14418326766774	-1.33623524553989	-0.515181835429249
-1.06360106400952	-2.16652977681819	-1.32612453153888	-0.520801813096663
-1.05733487513242	-2.15685329265331	-1.32262529478775	-0.492547430620742
-1.05106868625532	-2.14059031119986	-1.31357677881257	-0.509154938527997
-1.04480249737821	-2.13389900423617	-1.3117703871981	-0.500544514615967
-1.03853630850111	-2.12496386331503	-1.30450056353389	-0.50375429703977
-1.032270119624	-2.11055826351731	-1.30081318779274	-0.476979654335482
-1.0260039307469	-2.1053762820277	-1.29574422188268	-0.463887409394403
-1.0197377418698	-2.09448147228808	-1.28071466696489	-0.474317787580337
-1.01347155299269	-2.07891975328478	-1.26642028269307	-0.443052418900833
-1.00720536411559	-2.06928208713858	-1.2574543842985	-0.472824180417296
-1.00093917523848	-2.05095671584743	-1.2547947340067	-0.445577714595546
-0.99467298636138	-2.04447772223574	-1.24971871783725	-0.440411093022065
-0.988406797484276	-2.05023710311338	-1.24426071835175	-0.455262774801766
-0.982140608607172	-2.04255445163304	-1.22852105176994	-0.419315529887826
-0.975874419730068	-2.04836320831846	-1.2280150196769	-0.432324123031755
-0.969608230852964	-2.02188151062584	-1.20707267756436	-0.466966715358045
-0.96334204197586	-2.04010810546748	-1.2033697088539	-0.43939710868793
-0.957075853098757	-1.99489541210486	-1.20947731464297	-0.453941717090463
-0.950809664221653	-1.99541963958835	-1.20672819885297	-0.40321896269733
-0.944543475344549	-1.98418054634665	-1.17709637086786	-0.432880930874726
-0.938277286467445	-1.97906803092294	-1.17766443835526	-0.412443964652279
-0.932011097590341	-1.95601165327807	-1.17850602412741	-0.402815997937304
-0.925744908713237	-1.95987529841307	-1.16446190434153	-0.381041074828307
-0.919478719836133	-1.94564912496904	-1.14907701969681	-0.378398077686009
-0.913212530959029	-1.93522461812652	-1.14977713762727	-0.3761037987618
-0.906946342081925	-1.91937960476729	-1.14217256272899	-0.409510568119652
-0.900680153204821	-1.89173199701103	-1.1372736520757	-0.387267771876675
-0.894413964327717	-1.92250251519606	-1.137494395159	-0.356606257003187
-0.888147775450613	-1.89725400022147	-1.11748982579156	-0.369868786431655
-0.88188158657351	-1.89437859610466	-1.11119370375308	-0.348251838134305
-0.875615397696405	-1.89305206381276	-1.10754328831785	-0.351233557372564
-0.869349208819302	-1.87956994416667	-1.1019624441576	-0.333965639715869
-0.863083019942198	-1.88191336328206	-1.08488049228548	-0.35346113205656
-0.856816831065094	-1.87044192178555	-1.08639754865126	-0.308327232043702
-0.85055064218799	-1.86973821144077	-1.07721475517497	-0.336095593590463
-0.844284453310886	-1.8612674287463	-1.06725053538937	-0.302935313644147
-0.838018264433782	-1.84036787715441	-1.05949035662366	-0.319485749179232
-0.831752075556678	-1.81124086173741	-1.06234054394843	-0.305035193047367
-0.825485886679574	-1.78884251571993	-1.05176224958171	-0.318275473970149
-0.81921969780247	-1.77817066773009	-1.04514326264266	-0.311604850588316
-0.812953508925366	-1.77751771253215	-1.0340975224779	-0.284331795405314
-0.806687320048262	-1.7765993795033	-1.03079642011211	-0.274020247422253
-0.800421131171158	-1.78350595376105	-1.01684647005808	-0.296148029186493
-0.794154942294055	-1.76193836302623	-1.0170236507817	-0.264778440344834
-0.78788875341695	-1.74766033063071	-1.00844621036307	-0.287881394706766
-0.781622564539847	-1.75077399547294	-0.994368622326308	-0.264017162074952
-0.775356375662743	-1.74469254594691	-0.995629667372575	-0.258811754101933
-0.769090186785639	-1.72388700209743	-0.979250719053524	-0.246143455831874
-0.762823997908535	-1.72189001586606	-0.982087524623067	-0.227834936733012
-0.756557809031431	-1.69871725615843	-0.967411631692989	-0.217656688014038
-0.750291620154327	-1.70677620779936	-0.951537063258531	-0.239280790569663
-0.744025431277223	-1.73068099850906	-0.94911831428684	-0.225741601091397
-0.737759242400119	-1.68661942649074	-0.952478855154758	-0.206816428995005
-0.731493053523015	-1.66512573655795	-0.929085862748783	-0.214727599808451
-0.725226864645911	-1.64589950834346	-0.941135080799367	-0.211886493015584
-0.718960675768807	-1.66077690100405	-0.921693101506612	-0.202804728493612
-0.712694486891704	-1.64275938850972	-0.915655697366806	-0.204400069899117
-0.7064282980146	-1.63156402923534	-0.914199225333504	-0.179472685117495
-0.700162109137496	-1.63547187293786	-0.889453505990033	-0.198560361546836
-0.693895920260392	-1.61434303408673	-0.900810022776257	-0.182612182645481
-0.687629731383288	-1.60737680216956	-0.887919501012188	-0.195073710903598
-0.681363542506184	-1.61018390774992	-0.881218903144027	-0.149633211115503
-0.67509735362908	-1.58929697873669	-0.871770447223507	-0.169982891076768
-0.668831164751976	-1.57253536447757	-0.871928266697292	-0.147487589539805
-0.662564975874872	-1.56729010137086	-0.854904490815813	-0.149075853143909
-0.656298786997768	-1.57800339305777	-0.846735063477415	-0.17330407850922
-0.650032598120664	-1.56080510483894	-0.843888437650413	-0.135683042979099
-0.64376640924356	-1.53368381792911	-0.841124067153525	-0.153441596772527
-0.637500220366456	-1.53371682487624	-0.83365679283312	-0.125285418761873
-0.631234031489353	-1.54131956449132	-0.827893616657236	-0.111063298673947
-0.624967842612249	-1.51411429933457	-0.809406667574026	-0.102526595917753
-0.618701653735145	-1.52716383828992	-0.805716965092287	-0.109399944575386
-0.612435464858041	-1.49028497805838	-0.798689418580972	-0.122108026252427
-0.606169275980937	-1.48091937978163	-0.79297823791746	-0.116482365374878
-0.599903087103833	-1.48739442561394	-0.7913461059048	-0.091454192027321
-0.593636898226729	-1.49331932503709	-0.78572708533576	-0.0844493211144316
-0.587370709349625	-1.4799421032345	-0.770837492676267	-0.0771533058907754
-0.581104520472521	-1.46721243454987	-0.760739092220659	-0.0902057329739213
-0.574838331595417	-1.44474392463067	-0.750859753760138	-0.0859913742207995
-0.568572142718313	-1.45468810816184	-0.750155187297626	-0.0523427576873828
-0.562305953841209	-1.42008656285366	-0.746132995402004	-0.0398075787138247
-0.556039764964105	-1.42846154561427	-0.736047919384216	-0.0569360566334905
-0.549773576087002	-1.4204209991179	-0.725547215978659	-0.0497517930147914
-0.543507387209898	-1.42053792393077	-0.712749829813381	-0.0258945607091529
-0.537241198332794	-1.38436520172216	-0.71629956045695	-0.022911662523166
-0.53097500945569	-1.39951924094286	-0.706947661306569	-0.0217266897384189
-0.524708820578586	-1.37888753942333	-0.689438614770853	-0.0256312926736087
-0.518442631701482	-1.35999563666369	-0.681085892968689	-0.00831137090922598
-0.512176442824378	-1.35333907555409	-0.673718541490165	-0.0161175375142853
-0.505910253947274	-1.36165836996887	-0.675456440538982	-0.0072754745176572
-0.49964406507017	-1.35358628013491	-0.666402391447503	-0.0167500101983198
-0.493377876193066	-1.34192980641295	-0.664110933553601	0.0147580826031175
-0.487111687315962	-1.33337680513715	-0.649876978289461	0.0222965547123393
-0.480845498438858	-1.32263247799984	-0.644636541779417	0.0080925749846439
-0.474579309561754	-1.29596211126636	-0.635932084642591	0.0164981786318483
-0.46831312068465	-1.31816841589795	-0.64118817762724	0.0300288323645647
-0.462046931807547	-1.28963442746779	-0.630032171295862	0.0470671330610066
-0.455780742930443	-1.28563428068691	-0.618424810905429	0.0395102893713885
-0.449514554053339	-1.28683890611387	-0.597421044034523	0.0362512180465558
-0.443248365176235	-1.26382573913614	-0.599439988083221	0.040919100518284
-0.436982176299131	-1.27719063443772	-0.584504928863932	0.0830946739611685
-0.430715987422027	-1.2257162365481	-0.58096298088038	0.0540967086775721
-0.424449798544923	-1.26212336617382	-0.579491484661619	0.0974920547547235
-0.418183609667819	-1.25135896238392	-0.5703972395568	0.0964106901888081
-0.411917420790715	-1.26510808499601	-0.548918180234143	0.0846571824652236
-0.405651231913611	-1.21357177910924	-0.562160398906583	0.11783885790883
-0.399385043036507	-1.23806152887561	-0.548522652155973	0.0987448736326963
-0.393118854159404	-1.20357210543084	-0.547070961455067	0.107744205122467
-0.386852665282299	-1.17022185116043	-0.536556063719791	0.113211324822277
-0.380586476405196	-1.19795579517184	-0.524979976572823	0.150793551401544
-0.374320287528092	-1.17850769937986	-0.527332085017075	0.12581502915389
-0.368054098650988	-1.17610312552794	-0.519109495647109	0.13216391330783
-0.361787909773884	-1.15923097389629	-0.513766162983634	0.159970975294416
-0.35552172089678	-1.16315838932108	-0.505207586315213	0.158844553788511
-0.349255532019676	-1.14337894581202	-0.484927668519922	0.131042381381246
-0.342989343142572	-1.1408882081071	-0.477330092441431	0.152858035389804
-0.336723154265468	-1.13932294793812	-0.476441387377087	0.171217054079126
-0.330456965388364	-1.12590637538631	-0.47422758007702	0.162739038092009
-0.32419077651126	-1.12507003828947	-0.468995088345199	0.204656575982442
-0.317924587634156	-1.10360309280101	-0.460314069255325	0.208316627061163
-0.311658398757052	-1.08278396544394	-0.448064748717847	0.194884435301886
-0.305392209879948	-1.12108426163287	-0.434848088064454	0.191965827343613
-0.299126021002845	-1.09931624934366	-0.433842807280502	0.23362709886366
-0.292859832125741	-1.06618052226929	-0.42844596313361	0.20571412597266
-0.286593643248637	-1.0512610321394	-0.414003733897537	0.231157058425251
-0.280327454371533	-1.04955874556496	-0.420714228347174	0.244475286409246
-0.274061265494429	-1.03892171138463	-0.405776267386386	0.236256129658783
-0.267795076617325	-1.02234356771251	-0.392040647492792	0.257294221746967
-0.261528887740221	-1.03237000807795	-0.383232348715156	0.267293656604697
-0.255262698863117	-1.02627274485003	-0.381078637116335	0.254928405760412
-0.248996509986013	-1.01604913171785	-0.37499331018051	0.267675137910834
-0.242730321108909	-0.999207807082404	-0.367551021093664	0.286142985406211
-0.236464132231805	-1.01246718467214	-0.355107791955981	0.269536089844335
-0.230197943354701	-0.989206750527125	-0.355696291184639	0.2794082767587
-0.223931754477598	-1.00645932288349	-0.359518301146141	0.29960400633675
-0.217665565600494	-0.966044950150338	-0.325574534647466	0.281218015718891
-0.21139937672339	-1.00105577777239	-0.329229721852811	0.28565837621397
-0.205133187846286	-1.0029125960065	-0.321331946240275	0.319281667222979
-0.198866998969182	-0.966221104697309	-0.318602076472161	0.287862185739143
-0.192600810092078	-0.945581453578321	-0.309356386093543	0.307567424549939
-0.186334621214974	-0.93599956900769	-0.301198863436009	0.344348110035274
-0.18006843233787	-0.928299252538103	-0.310361076445263	0.330626322212122
-0.173802243460766	-0.923652491445714	-0.284300200349063	0.316484133908975
-0.167536054583662	-0.911807152091953	-0.279261818763433	0.345380656408371
-0.161269865706558	-0.907054996130553	-0.270165480150664	0.341080642506285
-0.155003676829454	-0.913954902426337	-0.258878798116449	0.344476211587957
-0.14873748795235	-0.860366289204395	-0.263246178010006	0.374557390191816
-0.142471299075247	-0.910650055069612	-0.247633618006544	0.381727635142794
-0.136205110198143	-0.849180883341893	-0.237400950093793	0.357946556530886
-0.129938921321039	-0.871392506867249	-0.239795078016679	0.376356602740488
-0.123672732443935	-0.865690451344059	-0.238142382580962	0.369319212230268
-0.117406543566831	-0.840252605083983	-0.226337630813613	0.404905557104712
-0.111140354689727	-0.850879972032538	-0.212566367872522	0.429808521831146
-0.104874165812623	-0.838278763598324	-0.214229869892907	0.398987632066633
-0.098607976935519	-0.820074141392226	-0.185918804049663	0.437528435164813
-0.0923417880584152	-0.837645197582084	-0.196154347294841	0.436221482489962
-0.0860755991813111	-0.803587756632717	-0.192043554598437	0.442673515461591
-0.0798094103042073	-0.815352471808655	-0.169586977354393	0.455006697378363
-0.0735432214271032	-0.804415896831216	-0.16953583250421	0.459782754989042
-0.0672770325499994	-0.782205025434622	-0.16379731836681	0.454914286773574
-0.0610108436728956	-0.794659094003374	-0.146859512679355	0.460389997955459
-0.0547446547957915	-0.772148553026346	-0.154400922107293	0.502762093145085
-0.0484784659186877	-0.756385728912093	-0.14765789136775	0.476255596483022
-0.0422122770415838	-0.769561378830706	-0.140735277577673	0.462175499969542
-0.0359460881644798	-0.758496236497304	-0.127423564506419	0.507676215621488
-0.0296798992873759	-0.785524779153005	-0.116109286528916	0.481226118787376
-0.0234137104102721	-0.768199482478581	-0.112682870053737	0.532752782749105
-0.017147521533168	-0.754284406802174	-0.103975462370621	0.519190632276782
-0.0108813326560642	-0.720363109659486	-0.0915561596022496	0.516623926700868
-0.00461514377896011	-0.724903778526615	-0.101065978257436	0.524118464403011
0.00165104509814373	-0.698005612555257	-0.0866015852380016	0.554943192862149
0.00791723397524757	-0.710697568665142	-0.0778361983089903	0.546290789428457
0.0141834228523516	-0.690648407314849	-0.0719996238090718	0.518296211737046
0.0204496117294555	-0.700477604124484	-0.0732213244874393	0.564501045485403
0.0267158006065595	-0.677592820045505	-0.0522627471544738	0.561591655543422
0.0329819894836634	-0.687889934637726	-0.0502881804536605	0.57661840358063
0.0392481783607672	-0.667420504627771	-0.0411227892212254	0.616181278440207
0.0455143672378713	-0.646553993787191	-0.0393126063517519	0.593422637577962
0.0517805561149751	-0.648637794526201	-0.0207096398404479	0.593286693337798
0.058046744992079	-0.643462506566658	-0.0281690351737082	0.606589996341476
0.064312933869183	-0.650483431679062	-0.020986637765028	0.622903214618151
0.0705791227462869	-0.627922676553113	-0.0037692014473192	0.637049768095642
0.0768453116233907	-0.60945257561571	0.0123067778609335	0.643495797238565
0.0831115005004948	-0.622425210707112	0.00903712732265021	0.609711660446979
0.0893776893775986	-0.619805515719995	0.0146131497049864	0.63104749937768
0.0956438782547027	-0.614969903307363	0.0196352765546033	0.625578242154839
0.101910067131807	-0.60662525049926	0.0277256839241106	0.655560074165528
0.10817625600891	-0.593208570635498	0.0420668222851618	0.65732873561857
0.114442444886014	-0.571304437617637	0.0494933194978891	0.677176330438054
0.120708633763118	-0.559513720125461	0.0571780333799009	0.70644026565239
0.126974822640222	-0.562832786296554	0.0560583364578179	0.682441883584462
0.133241011517326	-0.542952230682981	0.0691724209094308	0.67635938694461
0.13950720039443	-0.568703761161835	0.0812769946578121	0.708356977337388
0.145773389271534	-0.539645506935843	0.0808270575409621	0.724231575804318
0.152039578148638	-0.524050331380147	0.0894691186969752	0.715288134934645
0.158305767025742	-0.558196673969482	0.0982656397566431	0.710852412641838
0.164571955902846	-0.541596265642159	0.0924932681277782	0.740807599050916
0.17083814477995	-0.498676978397521	0.117438397112758	0.729316797957476
0.177104333657053	-0.501200384596462	0.114442314237333	0.729103068320541
0.183370522534157	-0.499547633753806	0.12405828954706	0.779922401180894
0.189636711411262	-0.505567789973582	0.145839194012377	0.760643558696926
0.195902900288365	-0.495003803077242	0.136562178260205	0.753891197841775
0.202169089165469	-0.490717913073787	0.149264850379162	0.77867349545407
0.208435278042573	-0.469809134910458	0.153116843899073	0.779631686281465
0.214701466919677	-0.460010088010915	0.169588271555972	0.802982291469167
0.220967655796781	-0.446485351880065	0.171944605090788	0.799555552221877
0.227233844673885	-0.47918403994336	0.177129245100291	0.813360716826331
0.233500033550989	-0.469946680512193	0.184577655945114	0.821924287240119
0.239766222428093	-0.423554295626629	0.194180922608497	0.813302945996975
0.246032411305197	-0.425855324843159	0.193643582252656	0.85588323092505
0.2522986001823	-0.452661179828755	0.193642211759086	0.845701745058721
0.258564789059405	-0.405184906224191	0.212793886409623	0.862496563166035
0.264830977936509	-0.406523577231278	0.229731863870479	0.850293494021336
0.271097166813612	-0.412338834383424	0.224344532688393	0.84119178820858
0.277363355690716	-0.393833331529232	0.229122473286743	0.877436070447377
0.28362954456782	-0.37836945016569	0.244126896033205	0.889921235762035
0.289895733444924	-0.410409331468992	0.251532231638375	0.88086309027687
0.296161922322028	-0.36490681442523	0.248154577197997	0.898750623103447
0.302428111199132	-0.397547003929244	0.255883890012735	0.925019215679519
0.308694300076236	-0.349062017774154	0.272884639198983	0.936716266477042
0.31496048895334	-0.364577194979705	0.282067717578471	0.921239176517752
0.321226677830444	-0.341428262679161	0.289849883378659	0.945365172370457
0.327492866707548	-0.333085794681444	0.287118610320924	0.939211993456745
0.333759055584652	-0.327565034807669	0.305292363933466	0.934672543541578
0.340025244461756	-0.349494399490639	0.309960353548332	0.974207347138085
0.346291433338859	-0.327860672039344	0.323012489359544	0.970519896914782
0.352557622215964	-0.331924627124575	0.330932255284412	0.977990108294623
0.358823811093067	-0.310349084489652	0.336097939804959	0.953811904404802
0.365089999970171	-0.334859444180807	0.337772643346213	0.982690123688128
0.371356188847275	-0.292500880276547	0.341171241178602	0.992631146156825
0.377622377724379	-0.305688153700118	0.355711184573543	1.00705263555402
0.383888566601483	-0.28830388174288	0.364627874936276	1.01865207759162
0.390154755478587	-0.271253641880128	0.366173092537926	1.0089203842778
0.396420944355691	-0.269760717563195	0.37497661151491	1.02519670837685
0.402687133232795	-0.285108485588392	0.371596639985459	1.04258565172144
0.408953322109899	-0.262099769606927	0.388136268743488	1.05529728197543
0.415219510987002	-0.262108475720718	0.391553392946787	1.05080026740344
0.421485699864107	-0.271088784885925	0.398830514531127	1.07227532357636
0.427751888741211	-0.258534033859517	0.409723827855679	1.07440369708086
0.434018077618314	-0.215971344992982	0.415537501886713	1.07301987981902
0.440284266495418	-0.230062833503759	0.43218417290351	1.07460121859995
0.446550455372522	-0.200005181215763	0.443135939589458	1.11771654326361
0.452816644249626	-0.240325273554137	0.435652776842033	1.10098212044134
0.45908283312673	-0.245490744001005	0.447632337866041	1.1414862226421
0.465349022003834	-0.191815918675178	0.455278225174435	1.15284556623436
0.471615210880938	-0.190759831585588	0.460489845823346	1.14766685986448
0.477881399758042	-0.201608584246042	0.471203024749763	1.14918146006469
0.484147588635146	-0.203827837483312	0.480035736039305	1.16197252094862
0.49041377751225	-0.154137616991286	0.484738126007557	1.17102656595377
0.496679966389354	-0.168117495869578	0.490467894194117	1.17073533789839
0.502946155266458	-0.152305605767014	0.492288662417132	1.16452809469541
0.509212344143561	-0.171323877590584	0.515820792163489	1.17010409100087
0.515478533020665	-0.13239364872593	0.503596294403247	1.21396069995343
0.52174472189777	-0.141463431384518	0.517377365268352	1.19953458621767
0.528010910774873	-0.122689987966868	0.529808498240729	1.23303928686329
0.534277099651977	-0.143070335743592	0.532203517357937	1.21234668917028
0.540543288529081	-0.135101649579218	0.545987678789913	1.22214351296034
0.546809477406185	-0.116184544267947	0.548020938094634	1.21847759856933
0.553075666283289	-0.103759620307525	0.558203629607677	1.23975891952907
0.559341855160393	-0.120230758444219	0.564231398715533	1.23711010628963
0.565608044037497	-0.129072823702269	0.562911203337471	1.28444133398549
0.571874232914601	-0.118839189773334	0.58257312529935	1.2566768173132
0.578140421791705	-0.0946478392042235	0.595161714216969	1.29323143907462
0.584406610668808	-0.113213264775589	0.591492482629325	1.30355033086931
0.590672799545913	-0.0957875139826149	0.606194666673031	1.29959252869546
0.596938988423017	-0.101632640761413	0.607329185536021	1.29748567462453
0.60320517730012	-0.0678970863495248	0.608717948429186	1.31474810131603
0.609471366177224	-0.0266785195741086	0.615725727839008	1.30647476855383
0.615737555054328	-0.0519439849667351	0.639202006129498	1.33386315106268
0.622003743931432	-0.0549442373986552	0.641420318209668	1.33648182574029
0.628269932808536	-0.0511656522986011	0.63561236904389	1.32624587244144
0.63453612168564	-0.0274293108086687	0.649421444251072	1.3777078548164
0.640802310562744	-0.0429944831204326	0.658554322861906	1.36611127780731
0.647068499439848	-0.0305079526264124	0.66417162651519	1.3602802416717
0.653334688316952	-0.0435232883642532	0.670837227651861	1.36187729263617
0.659600877194056	-0.00739985576950615	0.682047419848536	1.37645523049865
0.66586706607116	-0.0480033342417414	0.695964789511595	1.3844861145745
0.672133254948263	0.00175168430039194	0.708775521792929	1.44256896528252
0.678399443825367	-0.0066105973308176	0.70311513359072	1.40125548905512
0.684665632702471	0.0162729869795329	0.714002738778757	1.40478972526136
0.690931821579575	0.00981408413181097	0.707699783132867	1.4437581940041
0.697198010456679	0.0425315197717965	0.719048868893171	1.44637539838515
0.703464199333783	0.0126488605877481	0.729823972857257	1.45698552644296
0.709730388210887	0.023499272615544	0.747792922304304	1.48182123553999
0.715996577087991	0.065234183724537	0.74464956174781	1.46087837618694
0.722262765965095	0.0254569054595672	0.754434291599302	1.50600395456958
0.728528954842199	0.0631408793907054	0.753074124442923	1.47764656647751
0.734795143719303	0.0609340674463678	0.761023497909578	1.48967910994755
0.741061332596407	0.08461170760911	0.778168457589316	1.52595280282541
0.74732752147351	0.0388901221322784	0.787951013697139	1.50097794597223
0.753593710350615	0.0604303049501162	0.78147742495708	1.51259407124399
0.759859899227719	0.0342702861664077	0.787496221242787	1.54348847659416
0.766126088104822	0.0901975768705271	0.807715152302971	1.53774877167431
0.772392276981926	0.11172315076066	0.804383596258257	1.57259835725763
0.77865846585903	0.0645727837911859	0.814838119378864	1.58261455977955
0.784924654736134	0.11487494279122	0.817513089885495	1.55024250922555
0.791190843613238	0.0959874110781279	0.828258764701388	1.58356335613812
0.797457032490342	0.106384084038053	0.85074747614824	1.60526790564361
0.803723221367446	0.103878962648995	0.85663615620821	1.56906771543822
0.80998941024455	0.108343684296114	0.85589798612968	1.63010667542416
0.816255599121654	0.130343249425185	0.852812677132699	1.59435744582317
0.822521787998758	0.148522024160946	0.864396770444478	1.63120326292594
0.828787976875862	0.130349887379171	0.878836093306947	1.632463331911
0.835054165752966	0.155073483817114	0.891447571065785	1.67246174216234
0.841320354630069	0.147310948710391	0.888857368448057	1.65809004088622
0.847586543507173	0.132207267616304	0.893034070869678	1.66217528819645
0.853852732384277	0.155694076116755	0.901247645205128	1.66880578653272
0.860118921261381	0.136649036447228	0.909717886662505	1.65806558668956
0.866385110138485	0.17021550664233	0.918296934674992	1.65970567746459
0.872651299015589	0.179524966214887	0.925562729130486	1.67724214855689
0.878917487892693	0.194136669423534	0.936283543368704	1.74830798573196
0.885183676769797	0.165267614962987	0.948813233341564	1.72504949359783
0.891449865646901	0.177193015302332	0.949221460417531	1.72398098089561
0.897716054524005	0.21421281418216	0.959610186211179	1.7398305938564
0.903982243401109	0.247805574890699	0.967253747467885	1.75759784669534
0.910248432278213	0.191820865399917	0.971663241570474	1.72576605904196
0.916514621155316	0.20698496691594	0.971233514075849	1.774565026336
0.922780810032421	0.19603561116515	0.986591484572789	1.75347718172769
0.929046998909524	0.256195008988184	0.98433329715837	1.79015839290816
0.935313187786628	0.247750480686	0.992175689709467	1.77903320374531
0.941579376663732	0.222357235783059	1.00048302121864	1.81358884363167
0.947845565540836	0.240295465518899	1.02521713474941	1.81537120123895
0.95411175441794	0.232307312572431	1.02202254122254	1.84405512681527
0.960377943295044	0.230730395250103	1.0371361750247	1.80419234027092
0.966644132172148	0.251213267958307	1.03809705539909	1.81404867555215
0.972910321049252	0.264252999127524	1.05603596276002	1.83435640223414
0.979176509926356	0.271060799890118	1.05278710014924	1.84571195993397
0.98544269880346	0.276393894702695	1.06090018683048	1.84484282304674
0.991708887680564	0.278238222139149	1.06931569989482	1.90158859372479
0.997975076557668	0.295621688879374	1.07415132272967	1.89658719491697
1.00424126543477	0.304417791796784	1.08290037764807	1.89894325017428
1.01050745431188	0.290667699394045	1.09577004715981	1.89311193340788
1.01677364318898	0.287547707028326	1.10114163324341	1.90613160705904
1.02303983206608	0.328580507675967	1.09527144497317	1.94246297581479
1.02930602094319	0.33428255493633	1.10873560898873	1.93439377640565
1.03557220982029	0.322507320876062	1.11056347191603	1.92738691384956
1.04183839869739	0.316202645486022	1.13185720018123	1.96065424215185
1.0481045875745	0.287890818657601	1.14410852972033	1.94475853208014
1.0543707764516	0.296822947952402	1.14579054998221	1.96498140673845
1.06063696532871	0.349433683860588	1.1423063757025	1.96423907529678
1.06690315420581	0.342481147449106	1.16158974007332	1.99472297284725
1.07316934308291	0.337792952631051	1.16773059974296	2.01403401922907
1.07943553196002	0.318616919381222	1.18052854432069	1.99803106920669
1.08570172083712	0.371355381202842	1.1882063626897	1.99267724357847
1.09196790971423	0.394209197482517	1.19078680935356	2.02267425578634
1.09823409859133	0.373312804629627	1.18086081457453	2.04385440688253
1.10450028746843	0.397063777937833	1.19897484633227	2.04748533206607
1.11076647634554	0.383008642312601	1.21567408479089	2.03708871828186
1.11703266522264	0.403577557786308	1.21523908092473	2.05246420610852
1.12329885409975	0.386470151391878	1.21840149888617	2.07266928087362
1.12956504297685	0.414729907502042	1.23327747772849	2.07485452690224
1.13583123185395	0.381630977599719	1.24446359428693	2.07830354984824
1.14209742073106	0.424302200156393	1.24426448038589	2.11515679710623
1.14836360960816	0.438180628413658	1.25484693763424	2.10213064099702
1.15462979848527	0.419932449311322	1.25885985983054	2.10626944067911
1.16089598736237	0.449865354644269	1.27138898436814	2.11279364331177
1.16716217623947	0.422862752945812	1.26433661239182	2.12553945655316
1.17342836511658	0.430122677603699	1.2697883270854	2.1677869101667
1.17969455399368	0.458593920374363	1.28817194661355	2.13898365610808
1.18596074287079	0.426484326699156	1.29252684246716	2.1681917737481
1.19222693174789	0.414589879959428	1.30288304534948	2.15919452006337
1.19849312062499	0.485144133720341	1.31009630877349	2.16741333043319
1.2047593095021	0.439567799810405	1.31079525660594	2.17465867950195
1.2110254983792	0.463686242626859	1.32773147688368	2.20735732983001
1.2172916872563	0.486087255930468	1.329059273109	2.20211508470231
1.22355787613341	0.463831886832518	1.33186855260167	2.21501723972202
1.22982406501051	0.494535210125318	1.3486569180868	2.23005716144978
1.23609025388762	0.489206926841537	1.34373569196782	2.25382709273457
1.24235644276472	0.459592321963025	1.35082975781962	2.24454905086795
1.24862263164182	0.480967252439492	1.37815197481877	2.26060866788415
1.25488882051893	0.494321118129598	1.36973633080348	2.25012695071448
1.26115500939603	0.484237948628576	1.38760857954944	2.28114930605855
1.26742119827314	0.511167168576657	1.38716702467791	2.31980249842384
1.27368738715024	0.526119139587976	1.39272411011176	2.31061224517612
1.27995357602734	0.501823469551131	1.40617117856711	2.3100701750606
1.28621976490445	0.512887937902874	1.41098114034162	2.31674979019325
1.29248595378155	0.538161179121363	1.42356876602956	2.34765557160992
1.29875214265866	0.531846368807729	1.41561790111151	2.3120284410915
1.30501833153576	0.531206236653739	1.4271051391739	2.35101528239597
1.31128452041286	0.534093089588676	1.43906197200713	2.34239635703385
1.31755070928997	0.538313118262115	1.4526511112888	2.36193213342654
1.32381689816707	0.542202152358662	1.45591338658811	2.38078093215752
1.33008308704418	0.572705349809629	1.46460873876413	2.39361469901201
1.33634927592128	0.55029377741266	1.46601226174812	2.41205150884112
1.34261546479838	0.563833807502791	1.47671998566482	2.39240497195697
1.34888165367549	0.572884987148734	1.48950145052311	2.39528768353561
1.35514784255259	0.570685914262695	1.50150857313029	2.42306062986553
1.3614140314297	0.568944674113864	1.50318267257582	2.4302756371789
1.3676802203068	0.574964924029577	1.49856994141827	2.45788357946089
1.3739464091839	0.615631851860473	1.5140066137359	2.41933266242786
1.38021259806101	0.618052020154854	1.52021066411475	2.45951250931098
1.38647878693811	0.629878230520139	1.52031229839041	2.4596064163993
1.39274497581521	0.598559520230546	1.52394405264268	2.48914792259294
1.39901116469232	0.624765637702325	1.53588700881357	2.5159082891081
1.40527735356942	0.62837034086637	1.54239761662078	2.48865502574728
1.41154354244653	0.627443972423475	1.54842406287244	2.48951618600594
1.41780973132363	0.64676771603393	1.56167643258924	2.53128748440155
1.42407592020073	0.59696264581019	1.57813685845877	2.48888742378054
1.43034210907784	0.671952976807572	1.57181334616363	2.53382485783418
1.43660829795494	0.623679080784021	1.58849633622466	2.53862369974064
1.44287448683205	0.611479280544677	1.58465336742101	2.55328164779117
1.44914067570915	0.676687505050075	1.59554782938386	2.56261902753081
1.45540686458625	0.6608008455264	1.59904659281188	2.55799886688383
1.46167305346336	0.691264649564014	1.60462832821386	2.57826694873478
1.46793924234046	0.669170453404081	1.62125288115854	2.5769891583316
1.47420543121757	0.687343795939117	1.62906830910222	2.60778736967452
1.48047162009467	0.700351343388647	1.6362874490691	2.6335371098702
1.48673780897177	0.659923097886976	1.6402154970752	2.602485398404
1.49300399784888	0.69206303813256	1.6519299036684	2.67269930042056
1.49927018672598	0.705209897937621	1.65331187005803	2.62411580680337
1.50553637560309	0.697427358952347	1.67324999839336	2.63549841135049
1.51180256448019	0.693017998190861	1.67585158195816	2.64428368051797
1.51806875335729	0.737755524720635	1.66858044282007	2.64213115009816
1.5243349422344	0.717874656932696	1.6815285926847	2.68954454024471
1.5306011311115	0.695205446493706	1.69839181543436	2.68868673511046
1.5368673199886	0.776390761375258	1.70917697870605	2.69998073328823
1.54313350886571	0.736727328602269	1.70794885573304	2.71317838202772
1.54939969774281	0.741680823634234	1.70932794449095	2.74192628654339
1.55566588661992	0.743453782676225	1.71786023530366	2.71755162106143
1.56193207549702	0.743357504888165	1.72581697363047	2.77458209998772
1.56819826437412	0.75679065960053	1.73035552420431	2.73979517815703
1.57446445325123	0.729103737682623	1.74328907195803	2.76761116858057
1.58073064212833	0.730451517415819	1.75279519723676	2.72981868428899
1.58699683100544	0.739253432610997	1.76624790370537	2.7722986306038
1.59326301988254	0.784205388397438	1.76660901778995	2.79283200910177
1.59952920875964	0.786221170537273	1.77193639661815	2.76883150591774
1.60579539763675	0.73683459944497	1.78548028909015	2.82069203729482
1.61206158651385	0.756144631129449	1.79436075190619	2.82301999732145
1.61832777539096	0.827819196011838	1.79607185606139	2.83319564830884
1.62459396426806	0.784433470048987	1.80481307950432	2.83153959308687
1.63086015314516	0.797926539156369	1.79557277108285	2.84000603332812
1.63712634202227	0.784815148393904	1.80941955811923	2.83859068871718
1.64339253089937	0.826701067401749	1.81756329596338	2.88183959189921
1.64965871977648	0.815621040579276	1.83882778243089	2.86507714744019
1.65592490865358	0.822334988757519	1.82848016439045	2.91691950094144
1.66219109753068	0.834562709061899	1.85295069001296	2.88815772568225
1.66845728640779	0.841572190014683	1.85486316836031	2.90851640823931
1.67472347528489	0.847853033936947	1.85908032532716	2.92021990739551
1.680989664162	0.829599682402139	1.87463617760706	2.9264713179066
1.6872558530391	0.821860325198749	1.87879519535363	2.95656691623007
1.6935220419162	0.836598888050901	1.88083275950137	2.95700055865751
1.69978823079331	0.838554885482358	1.88839720881723	2.99364917625092
1.70605441967041	0.883295453251536	1.89682677430168	2.98177683439723
1.71232060854751	0.88544780663548	1.90522320592245	2.97797101150647
1.71858679742462	0.877697255166313	1.90516484671793	2.97121477732618
1.72485298630172	0.837855380248957	1.91034263962983	2.99142417440269
1.73111917517883	0.873901483296073	1.92289158502256	2.98572940176385
1.73738536405593	0.881503817179846	1.93954265192088	3.01698607299322
1.74365155293303	0.899716284063894	1.94736476854422	3.05356147136327
1.74991774181014	0.890748492652843	1.94669989949359	3.05085306874322
1.75618393068724	0.881188877700196	1.94736086532965	3.03310007166514
1.76245011956435	0.912111210817315	1.95275636449779	3.08270724828431
1.76871630844145	0.881966526096508	1.98326370314615	3.08000786741754
1.77498249731855	0.875661716111254	1.99155561890277	3.08065417742024
1.78124868619566	0.893005462870782	1.97864373636143	3.12181555058807
1.78751487507276	0.916130057096143	1.99024601028047	3.09475974100906
1.79378106394987	0.91810145256718	2.00022679618627	3.09364229735023
1.80004725282697	0.930201546076382	2.00826802066863	3.13744788419376
1.80631344170407	0.913675883042598	2.01997300722456	3.16191599407502
1.81257963058118	0.912948004793326	2.02912234302447	3.15355180995141
1.81884581945828	0.97559768230298	2.03712437014008	3.17100340542738
1.82511200833539	0.948730645944546	2.0260432926647	3.20552472881047
1.83137819721249	0.967597880471415	2.03468835529585	3.17009133347752
1.83764438608959	0.952089546957299	2.0523323734469	3.19355107983356
1.8439105749667	0.968515373244311	2.0520205697795	3.16660846460077
1.8501767638438	0.959352476053451	2.0702715162232	3.18544466264628
1.8564429527209	0.984058373213587	2.07405563909032	3.241496472345
1.86270914159801	0.948558085836028	2.08486978350534	3.20048303336046
1.86897533047511	0.977663708690939	2.09127530842206	3.24621559445462
1.87524151935222	0.996601057710571	2.08623871978396	3.23594763772394
1.88150770822932	0.971805560498541	2.11170616466589	3.24352440104696
1.88777389710642	0.99364037136287	2.1037534297572	3.2407314898401
1.89404008598353	1.00051033829857	2.10296991454267	3.2923627145757
1.90030627486063	0.985476692281147	2.12568773868333	3.32407162059391
1.90657246373774	1.00609539088683	2.14365387486708	3.25851063158859
1.91283865261484	0.970853593904151	2.13302879451826	3.31295979504759
1.91910484149194	1.01522206024775	2.13804281250039	3.3347258963345
1.92537103036905	1.00759641065902	2.15151971249378	3.28805521323792
1.93163721924615	1.00836285597943	2.15083856168711	3.33826223551814
1.93790340812326	1.03496966926576	2.16860168308921	3.3609197427485
1.94416959700036	1.04663266732881	2.16505986867239	3.38555434555564
1.95043578587746	1.04263346758913	2.17631961775336	3.3522879981694
1.95670197475457	1.05374946702212	2.18755345790251	3.3571132236014
1.96296816363167	1.04671106519042	2.18955331856962	3.37390876519076
1.96923435250878	1.0693157296448	2.20968875851883	3.40322613365808
1.97550054138588	1.04778954557614	2.20463734091325	3.39191816936458
1.98176673026298	1.03193882161805	2.22851957687755	3.39227553560322
1.98803291914009	1.07884036559295	2.22320954543476	3.40295933600119
1.99429910801719	1.05338031639924	2.21935745763841	3.43988820213866
2.0005652968943	1.10776479019128	2.24000919006107	3.45043414034217
2.0068314857714	1.09376163708501	2.24127737122428	3.42502151363562
2.0130976746485	1.05754170998172	2.26243457554164	3.47608261222078
2.01936386352561	1.10930361276842	2.25984922748912	3.48613081056196
2.02563005240271	1.08099680527411	2.26908421495745	3.48518589433531
2.03189624127981	1.09450268577789	2.27400936370525	3.53102918647375
2.03816243015692	1.10756672028679	2.27750311912448	3.51566472020418
2.04442861903402	1.08535313012951	2.27389591830199	3.51031449287886
2.05069480791113	1.13259131517811	2.28560832979525	3.49818945779602
2.05696099678823	1.11681760026656	2.30137166330342	3.55406574624913
2.06322718566533	1.13669363837697	2.31903681430348	3.50710253194606
2.06949337454244	1.08575532773852	2.31423442363663	3.55208870966583
2.07575956341954	1.16858810744723	2.33581840782447	3.58351642176191
2.08202575229665	1.13365735809819	2.33130829271359	3.55768004524576
2.08829194117375	1.17269419522565	2.34361724852553	3.59822241643582
2.09455813005085	1.14978991035872	2.3487932710106	3.5725758926673
2.10082431892796	1.13580049910085	2.36434430144176	3.58267800384073
2.10709050780506	1.15167404348382	2.36501853677883	3.60658829351485
2.11335669668217	1.15281795673442	2.37154506178144	3.614313144836
2.11962288555927	1.1884049955038	2.38950824031038	3.64600276336738
2.12588907443637	1.16237287931375	2.3848480413943	3.6337503493823
2.13215526331348	1.16627515348716	2.38214066131147	3.63047033602213
2.13842145219058	1.15761228230452	2.40035658882888	3.64891201509648
2.14468764106769	1.16957928242838	2.41941599361054	3.68432312158121
2.15095382994479	1.17179180549955	2.42219802382206	3.67403507934449
2.15722001882189	1.16454502378322	2.42536493638677	3.65074043399558
2.163486207699	1.19986802169861	2.42129671060577	3.72030768134033
2.1697523965761	1.21519154244287	2.43929803641636	3.68891043539608
2.17601858545321	1.18379574045639	2.45316548468305	3.69236021905083
2.18228477433031	1.2133310496596	2.46048808635197	3.75060128774683
2.18855096320741	1.22534839212929	2.45446015877788	3.71785686623147
2.19481715208452	1.24245225107603	2.46383951101397	3.7604783299335
2.20108334096162	1.24098624710267	2.46147374706177	3.76125690137317
2.20734952983873	1.20713992502906	2.48107005715417	3.74875498236644
2.21361571871583	1.22040984082164	2.4855207849614	3.76817831296198
2.21988190759293	1.27772046987628	2.50197598097826	3.78104719407833
2.22614809647004	1.24900075347426	2.50439640396474	3.79434560089914
2.23241428534714	1.27501601899842	2.50796016767573	3.81942062861002
2.23868047422424	1.25602167508418	2.51450951152192	3.81625171553193
2.24494666310135	1.24880023640381	2.53399284176729	3.81504730997578
2.25121285197845	1.23766990286144	2.53168007649587	3.82966294113008
2.25747904085556	1.26226832666386	2.54206754057126	3.87756877661742
2.26374522973266	1.26315071869824	2.55365147631838	3.85504734187892
2.27001141860976	1.25394512660084	2.55546460785173	3.83793822669924
2.27627760748687	1.27278751700765	2.56519563086414	3.9032867585316
2.28254379636397	1.27286327109218	2.56824249478029	3.87706386111391
2.28880998524108	1.24989872629802	2.57182013443483	3.85230102581055
2.29507617411818	1.3051125815253	2.59349791919215	3.93974505117518
2.30134236299528	1.26794031013186	2.59164738354711	3.91329209511049
2.30760855187239	1.307913927589	2.59340847218168	3.91941919741127
2.31387474074949	1.30418728112895	2.61079617105905	3.92225025609509
2.3201409296266	1.30581794582338	2.61565134988261	3.95134790619655
2.3264071185037	1.30382611769341	2.6106396745185	3.98637780354121
2.3326733073808	1.29863119202578	2.62948338388439	3.98522463837744
2.33893949625791	1.30812499985334	2.65014774573811	3.97208507832061
2.34520568513501	1.30908599912268	2.64789417685458	3.99392829426309
2.35147187401211	1.31122739238727	2.64634353965633	3.9646465733876
2.35773806288922	1.34193842289956	2.66941159961827	4.00428812943872
2.36400425176632	1.37666418124	2.6437554649743	4.02492505972501
2.37027044064343	1.34206105299901	2.68175478090269	4.01757482125564
2.37653662952053	1.36482190520658	2.68006366071613	4.06879138797411
2.38280281839763	1.35085182826445	2.69008492927454	4.08074804496116
2.38906900727474	1.34498610632814	2.6940965286867	4.05798496966455
2.39533519615184	1.37695349812555	2.70754772634466	4.0886544926491
2.40160138502895	1.38826416713598	2.71849297478451	4.0671756546734
2.40786757390605	1.37412773161061	2.71330224578016	4.10847353951903
2.41413376278315	1.41898419695825	2.7105394820549	4.06955691971775
2.42039995166026	1.38802912805234	2.72532112001062	4.13051074136405
2.42666614053736	1.39029964946524	2.73504302864003	4.15860031628296
2.43293232941447	1.39982407915338	2.7479527970599	4.12325699954462
2.43919851829157	1.35041635777057	2.72647543746417	4.16911799435915
2.44546470716867	1.35202573022785	2.74679183539595	4.14870557023132
2.45173089604578	1.40856962614264	2.76440028379248	4.21104464069008
2.45799708492288	1.41202894833382	2.7683174273609	4.17837733454135
2.46426327379999	1.42466919740656	2.7932679084103	4.21020493094455
2.47052946267709	1.40850425720649	2.78428419222139	4.17015229513285
2.47679565155419	1.40732916185642	2.78432269759551	4.17080126501104
2.4830618404313	1.42206012543617	2.79952071372794	4.21178127966957
2.4893280293084	1.41565778356396	2.80903136528664	4.21247856667295
2.49559421818551	1.4204188190333	2.80921021829273	4.27192234581681
2.50186040706261	1.43631197561798	2.81978867737189	4.23661127894835
2.50812659593971	1.4486110185494	2.84115358499474	4.25189657920925
2.51439278481682	1.45304234875463	2.83969569299131	4.28585739154288
2.52065897369392	1.47602089930483	2.84177232010307	4.29981752566408
2.52692516257102	1.43103403831972	2.85693736047638	4.25109405307163
2.53319135144813	1.42967196146425	2.85405062589022	4.2682977426995
2.53945754032523	1.45455153951822	2.86753255712977	4.2932027271466
2.54572372920234	1.46761340699894	2.88283910631493	4.3109546984939
2.55198991807944	1.46914176621519	2.89146929385384	4.32735943050409
2.55825610695654	1.5178006028475	2.88013935908737	4.35049015741515
2.56452229583365	1.51432995294921	2.89899072362786	4.32861348190964
2.57078848471075	1.47502785660195	2.90605378189165	4.37081305718619
2.57705467358786	1.48203616288889	2.90890285752846	4.3734001915419
2.58332086246496	1.49886795835716	2.92371134513825	4.34618476090336
2.58958705134206	1.51401332428621	2.92866711682564	4.40039825906244
2.59585324021917	1.49689707825157	2.94714040567584	4.38530336178015
2.60211942909627	1.54941558557677	2.93559863158907	4.44209318260473
2.60838561797338	1.4897903813529	2.94292238503912	4.4641836842559
2.61465180685048	1.53681550628648	2.95811494939238	4.39510814530759
2.62091799572758	1.52186634433139	2.98491657645435	4.41168677255529
2.62718418460469	1.54485302623234	2.96613465947582	4.44497781522499
2.63345037348179	1.55446106860165	2.98829088522125	4.4742530032834
2.6397165623589	1.52398345453488	3.00630119574696	4.48843563411008
2.645982751236	1.55942155242628	2.98774010798321	4.46937949589308
2.6522489401131	1.49862274866586	3.00359395385701	4.50412810320286
2.65851512899021	1.57162980571861	3.01242986021018	4.50973603839232
2.66478131786731	1.61254959376028	3.00843162535584	4.53426722071817
2.67104750674441	1.59134083479341	3.01130176855397	4.51056763113302
2.67731369562152	1.58973658958866	3.03081052160814	4.48720984810518
2.68357988449862	1.58321518797125	3.02512530634711	4.55357780278277
2.68984607337573	1.54907647701251	3.03395671958186	4.53601830645921
2.69611226225283	1.59340080609743	3.0497918747199	4.55875694476839
2.70237845112993	1.58392199935608	3.06738834072591	4.5788365878472
2.70864464000704	1.58869427126144	3.06379882831109	4.62152131456213
2.71491082888414	1.58305442699116	3.08494968251423	4.5871724750418
2.72117701776125	1.60274749037286	3.08032900300011	4.58676051574095
2.72744320663835	1.57507862837068	3.07620558498358	4.5797834828869
2.73370939551545	1.59719420073335	3.10481111816452	4.63999421500511
2.73997558439256	1.58808665926736	3.1032077883378	4.58544188636627
2.74624177326966	1.60630849814367	3.10812592224029	4.63457482869247
2.75250796214677	1.60790714937051	3.11177576894024	4.63589957961798
2.75877415102387	1.61804206366128	3.12836754562051	4.64537308121188
2.76504033990097	1.64813508475465	3.12255102143484	4.63450218796875
2.77130652877808	1.62403461554074	3.13112046396315	4.67248382874947
2.77757271765518	1.62254522477912	3.14482562840707	4.67280365495197
2.78383890653229	1.71169123568024	3.15569885533217	4.69155869015751
2.79010509540939	1.66366575433585	3.16120039992698	4.68265792154546
2.79637128428649	1.64959198071135	3.18434667425618	4.71976419712306
2.8026374731636	1.69016529634987	3.18214686322858	4.70295357352425
2.8089036620407	1.67011693342947	3.18576577710036	4.72419020457478
2.8151698509178	1.70542020586841	3.18573868138805	4.73216000895775
2.82143603979491	1.63216916630201	3.17357985692535	4.75874427247614
2.82770222867201	1.67000797093985	3.19898802864565	4.81309667726312
2.83396841754912	1.68955163562908	3.21571544127431	4.76698893168156
2.84023460642622	1.69144611031714	3.24574028507591	4.78649960630163
2.84650079530332	1.67267810066147	3.2421137384466	4.77132240331788
2.85276698418043	1.63343673278407	3.24545979658459	4.7723206512795
2.85903317305753	1.67238637366152	3.22018814563459	4.7760887671699
2.86529936193464	1.71531660286053	3.25195180676817	4.80074859661252
2.87156555081174	1.6927204039721	3.23288515661711	4.84655453172125
2.87783173968884	1.74983192757923	3.26828335609911	4.82814202252363
2.88409792856595	1.72534746216774	3.25290406567419	4.82441953151951
2.89036411744305	1.7210181261673	3.28752401097537	4.86347069274903
2.89663030632016	1.73229860031019	3.28569944500352	4.90213882208201
2.90289649519726	1.70506955067861	3.3034755793067	4.88601707982393
2.90916268407436	1.7413235090405	3.29886827042228	4.88792027806005
2.91542887295147	1.67905110374731	3.32160338190664	4.91995874824523
2.92169506182857	1.77995640341608	3.31392100622955	4.91915690450782
2.92796125070568	1.69885304567681	3.31883122025734	4.90145733423225
2.93422743958278	1.73201598053049	3.32822862689305	4.94950324295788
2.94049362845988	1.72947399626112	3.32859266660797	4.92880007178105
2.94675981733699	1.76023794385314	3.36250919796242	4.95886334956683
2.95302600621409	1.7601637322018	3.3409634024314	4.97671341687821
2.9592921950912	1.79163616077677	3.35158826626755	4.99118090186926
2.9655583839683	1.77030888982027	3.36686396031185	5.00887229853788
2.9718245728454	1.80168606736017	3.3602614629056	4.94592337684053
2.97809076172251	1.76450130691489	3.36911283894857	5.01889722770258
2.98435695059961	1.77701873826278	3.38685983751488	4.99232886290471
2.99062313947672	1.78506312432741	3.39493104324185	5.05415196317306
2.99688932835382	1.74529685723391	3.41232978891362	5.06852538503684
3.00315551723092	1.79983851766498	3.41110524169582	5.03505849126752
3.00942170610803	1.82938171595776	3.41897734938576	5.05569900926535
3.01568789498513	1.80390493970385	3.43140503085081	5.08150096095283
3.02195408386223	1.78261565313785	3.4359251121362	5.08608941529254
3.02822027273934	1.81420173208482	3.44752576855368	5.07179847574327
3.03448646161644	1.82695114203661	3.45190223431523	5.12239406584844
3.04075265049355	1.8281024184525	3.44701664702647	5.14845023456003
3.04701883937065	1.77963674972716	3.46536613242229	5.10641841949705
3.05328502824775	1.85100525707496	3.47366538904736	5.10705368531044
3.05955121712486	1.89574454657859	3.49481718784823	5.11110613162401
3.06581740600196	1.82569292949533	3.47672222458861	5.19395760483066
3.07208359487907	1.85846111781266	3.49367601970209	5.17808264557925
3.07834978375617	1.86252126548277	3.4923768077805	5.18317732606567
3.08461597263327	1.86942118500964	3.50740912902633	5.13994033780361
3.09088216151038	1.87180805326541	3.50759218957781	5.21512010593823
3.09714835038748	1.88377652982503	3.53079901660552	5.19276677285396
3.10341453926459	1.85738438002526	3.54478230502389	5.20177179253127
3.10968072814169	1.92122552637198	3.54235026389372	5.20774908651502
3.11594691701879	1.9158191331305	3.54201353639444	5.2226438486795
3.1222131058959	1.87212883988666	3.55229641182725	5.22884561343608
3.128479294773	1.88941694695315	3.56530905333209	5.2552328033848
3.1347454836501	1.86964663922704	3.54853784743411	5.26700933127972
3.14101167252721	1.8877348812937	3.57001953323703	5.26816096282517
3.14727786140431	1.91803105165373	3.57688008028018	5.29437736312486
3.15354405028142	1.85813253349315	3.59516995759297	5.29896131976711
3.15981023915852	1.88732059017688	3.59236802424954	5.23363481542507
3.16607642803562	1.85286308845404	3.5995525750938	5.30320020512808
3.17234261691273	1.96762403338915	3.61506977038077	5.33836625189946
3.17860880578983	1.92118092979098	3.61975521798169	5.36280570757966
3.18487499466694	1.93436715392232	3.62049547945364	5.31666970130555
3.19114118354404	1.97299474479612	3.63486127911775	5.34583626687555
3.19740737242114	1.89590178381499	3.65485838283229	5.34862945206878
3.20367356129825	1.9476325696544	3.6428754633053	5.37921820888177
3.20993975017535	1.96018760736866	3.64162641745673	5.43060372536529
3.21620593905246	1.93909941281694	3.65806626257181	5.36512034271468
3.22247212792956	1.98007839392538	3.67280443525055	5.3907555115501
3.22873831680666	1.97393582846607	3.67999827768583	5.3791826674423
3.23500450568377	1.97432966639236	3.68953714229462	5.43872338387517
3.24127069456087	1.9748836902495	3.68516573224198	5.42623727090802
3.24753688343798	1.97536394076188	3.69898564300428	5.48030821525807
3.25380307231508	2.0019237141093	3.71214256816067	5.4512063615673
3.26006926119218	1.94554949245332	3.70787927921508	5.50618267198932
3.26633545006929	1.97878650470589	3.72165850939315	5.5187324990929
3.27260163894639	1.95865965638036	3.73690199660648	5.50439547873514
3.2788678278235	2.02317653680973	3.73306028044462	5.47832040867099
3.2851340167006	1.95908965543717	3.73021749533514	5.53472406803851
3.2914002055777	2.00805287974807	3.73666299777872	5.55034733341726
3.29766639445481	2.02102761630505	3.76060234582422	5.49731952284925
3.30393258333191	2.0135997629684	3.76432892748865	5.53330885601014
3.31019877220902	2.00782666701232	3.78296524038768	5.54393819506102
3.31646496108612	2.01481574072933	3.77946891542577	5.56498475762316
3.32273114996322	2.01897281970176	3.77293336493318	5.58029100571985
3.32899733884033	2.0263658808599	3.79881557361686	5.57244102274132
3.33526352771743	2.04359814489132	3.77655055171948	5.58938499689398
3.34152971659453	2.02983731312701	3.81931558380241	5.59351002979145
3.34779590547164	2.03983523222925	3.81682889369642	5.58468456834509
3.35406209434874	2.03521914047153	3.81884820786541	5.61106384646318
3.36032828322585	2.04429986740539	3.83981526763609	5.66608087763028
3.36659447210295	2.01297742234026	3.82805944772313	5.66961478375287
3.37286066098005	2.05513769591697	3.83079175239075	5.6952067733359
3.37912684985716	2.06558555826804	3.84624727685693	5.67508694220444
3.38539303873426	2.0680654880425	3.85826861631825	5.6607333697145
3.39165922761137	2.09559419277195	3.84915959582878	5.73978061772938
3.39792541648847	2.08564106201018	3.87731932604574	5.68252673302942
3.40419160536557	2.07642935810543	3.88104618399909	5.71603227992153
3.41045779424268	2.12498400673996	3.89185012375084	5.68879918733726
3.41672398311978	2.07777048677377	3.88787781504504	5.72229003488243
3.42299017199689	2.10357758922423	3.90207826882772	5.74833258039746
3.42925636087399	2.07214436442483	3.8986613752797	5.79908160551188
3.43552254975109	2.15308512457002	3.92008414146609	5.7683612235042
3.4417887386282	2.05417150524469	3.91777259996158	5.76679744186053
3.4480549275053	2.15269297763404	3.93354786882195	5.74725886236025
3.45432111638241	2.12376037919869	3.93809207681784	5.78163325441107
3.46058730525951	2.09260571890156	3.95653935731302	5.76139879813614
3.46685349413661	2.13718030620038	3.95121700406683	5.79101406210943
3.47311968301372	2.11875986178543	3.95940926544821	5.81173803775923
3.47938587189082	2.15156289748446	3.98027307876924	5.83565419747205
3.48565206076793	2.149819772044	3.97981917551501	5.82150789218437
3.49191824964503	2.19473012349563	3.98852623965093	5.87102944954712
3.49818443852213	2.1564241730812	4.00015033879346	5.91448468662641
3.50445062739924	2.11710566958996	4.0059165604771	5.86060902660053
3.51071681627634	2.1872701484158	4.00935152396685	5.88524389109665
3.51698300515344	2.18139497949259	4.02080249030186	5.90177656617368
3.52324919403055	2.1359497781589	4.02051135401237	5.91994849772267
3.52951538290765	2.14788224365731	4.02069309065318	5.91577521798895
3.53578157178476	2.16109553870245	4.02636696534072	5.89978824172626
3.54204776066186	2.17463700449793	4.0441937198706	5.9416829618188
3.54831394953896	2.16914965890367	4.06189020699702	5.95176000473568
3.55458013841607	2.15344522431296	4.05158984592883	5.94470003314352
3.56084632729317	2.18363062426099	4.06484340336763	5.95123922459388
3.56711251617028	2.23559756598037	4.0747924666499	5.9592441346134
3.57337870504738	2.12564831347239	4.0731243534118	5.96151915659143
3.57964489392448	2.19656786835615	4.0841289780852	5.99910894021779
3.58591108280159	2.20890988336561	4.08565126124878	5.98991256977505
3.59217727167869	2.25876218378258	4.10251769520294	6.04920876128065
3.5984434605558	2.23177338479273	4.10309799501273	6.01918956646028
3.6047096494329	2.22721332291614	4.1062216700555	6.04121004439972
3.61097583831	2.25316839270113	4.12800679603942	6.03362907620753
3.61724202718711	2.24674201041098	4.13710196098337	6.05614962346817
3.62350821606421	2.26168230522051	4.13582580768804	6.04488989428981
3.62977440494131	2.22774647408227	4.14455894712496	6.1065119063544
3.63604059381842	2.28050692858648	4.15807228039898	6.05790827947493
3.64230678269552	2.26198441153187	4.15079609607821	6.10079561434179
3.64857297157263	2.2705831971788	4.1807063886478	6.12162278754579
3.65483916044973	2.23130711760907	4.18354733163766	6.07480672855995
3.66110534932683	2.23168291932903	4.17698978734075	6.10050461389478
3.66737153820394	2.25506366554645	4.17844251695503	6.12640455749113
3.67363772708104	2.23013212302538	4.21692906908089	6.14114194785132
3.67990391595815	2.26770286464939	4.20661242829	6.14516225409953
3.68617010483525	2.28893529601807	4.21419033064756	6.15887552134596
3.69243629371235	2.3050171183184	4.21315954707068	6.21279195367982
3.69870248258946	2.2853310042701	4.22649907772758	6.1434052240972
3.70496867146656	2.30569311081431	4.22585948226326	6.17015698162545
3.71123486034367	2.28937716860271	4.2418522700246	6.16924444113714
3.71750104922077	2.35692976117131	4.24294369032708	6.23233140309271
3.72376723809787	2.28550723578007	4.24407291192815	6.17806830400075
3.73003342697498	2.35308874886095	4.25723675195265	6.26426767928623
3.73629961585208	2.32773156574834	4.28463641481747	6.23267173532423
3.74256580472919	2.37667588857697	4.28379510583254	6.23845101386162
3.74883199360629	2.32965731829694	4.29044281666203	6.20689923702823
3.75509818248339	2.34512358168557	4.30282323054414	6.30540233141849
3.7613643713605	2.34138223625919	4.29631968417011	6.3043933217177
3.7676305602376	2.34831557817824	4.31965591018727	6.26251372477041
3.77389674911471	2.32974029794335	4.32349933486388	6.30952627454321
3.78016293799181	2.27767895367059	4.3354004386141	6.27927896602467
3.78642912686891	2.33001505904208	4.31815337319187	6.31040522246841
3.79269531574602	2.37495600066734	4.34427516877699	6.31022835974752
3.79896150462312	2.36768615497405	4.34149262203416	6.35365193799078
3.80522769350023	2.38053241996207	4.3604048205613	6.39644447364828
3.81149388237733	2.32990437154256	4.35165769506306	6.37406510051887
3.81776007125443	2.37947866869158	4.37842020145461	6.40640267977033
3.82402626013154	2.40621482125262	4.37839330702372	6.36778022793635
3.83029244900864	2.37948059905262	4.38736812682397	6.42079973827743
3.83655863788574	2.3395270207529	4.37651120865569	6.42414081964882
3.84282482676285	2.44038756536531	4.40260363169334	6.41020195901576
3.84909101563995	2.42092726688525	4.41188615377105	6.40820264911486
3.85535720451706	2.4034674684337	4.41081789711577	6.42580306969904
3.86162339339416	2.37240834517691	4.40262695922998	6.4520439545413
3.86788958227126	2.41091826661633	4.41793007836842	6.40561982876218
3.87415577114837	2.37873928996741	4.43686910459839	6.41491833008448
3.88042196002547	2.38927058794071	4.43371449211582	6.44137530636673
3.88668814890258	2.39559904489262	4.45463189378573	6.48667264283628
3.89295433777968	2.3886576641149	4.47115902660827	6.53513648559637
3.89922052665678	2.46251367385191	4.45324023366941	6.48418976183257
3.90548671553389	2.43292192966853	4.48365053799123	6.51258930344942
3.91175290441099	2.43795292741874	4.47485962087924	6.53715413622061
3.9180190932881	2.38930260133438	4.48627701216592	6.54991501279505
3.9242852821652	2.44816683330577	4.48038091959207	6.54103245062005
3.9305514710423	2.4759593404844	4.4919159441384	6.58173366839816
3.93681765991941	2.46202552741469	4.50501128574711	6.58016736003112
3.94308384879651	2.44163680365901	4.5012786205059	6.57545020947211
3.94935003767362	2.49459346973943	4.51188052211659	6.58126489946725
3.95561622655072	2.43825721596282	4.52415277227951	6.57949400015106
3.96188241542782	2.47275852372298	4.53485304357502	6.62877243721672
3.96814860430493	2.48507152439015	4.53217832001666	6.60517928585667
3.97441479318203	2.49777488337645	4.53786160986386	6.61560626664907
3.98068098205914	2.4405634883914	4.55682340070521	6.618862455476
3.98694717093624	2.49587099722403	4.55786643260905	6.61806936627628
3.99321335981334	2.48608522233959	4.56397928544613	6.64706619265532
3.99947954869045	2.51087938861253	4.58124670111377	6.70524595971647
4.00574573756755	2.52654686249446	4.57984101020359	6.61367490706914
4.01201192644465	2.48563070552712	4.58619760768807	6.71259499340913
4.01827811532176	2.50773030599622	4.58652711430628	6.66738487838614
4.02454430419886	2.50721013041371	4.61438916646218	6.69660436948073
4.03081049307597	2.53388826394428	4.61219658928001	6.71923337864297
4.03707668195307	2.52018642692995	4.6123161266164	6.72494007548796
4.04334287083017	2.52302454183273	4.61861186708092	6.72317788872215
4.04960905970728	2.51472899251458	4.64873864544413	6.65674724763736
4.05587524858438	2.51182235284796	4.64682033155908	6.75412181938732
4.06214143746149	2.51524615260006	4.66051557981138	6.76213789240328
4.06840762633859	2.52690798525668	4.66389218629791	6.74542268120951
4.07467381521569	2.5309103633153	4.6636121985745	6.80287945043826
4.0809400040928	2.57209823639328	4.67600181752098	6.83006401497943
4.0872061929699	2.56659236035913	4.693059585875	6.7914323269098
4.09347238184701	2.56138284717474	4.69975510905488	6.84022382898887
4.09973857072411	2.55198883818093	4.7068282869346	6.7903005452244
4.10600475960121	2.5375819339269	4.70023391279791	6.86469216722871
4.11227094847832	2.57550450962308	4.70272326169065	6.81781503878715
4.11853713735542	2.52905517912792	4.72055855908705	6.87231406023596
4.12480332623253	2.58158882233199	4.73862492532647	6.83408023222567
4.13106951510963	2.56536733005482	4.71258053629594	6.93886429250356
4.13733570398673	2.62006760609213	4.76345927936497	6.8978966487654
4.14360189286384	2.56097075329679	4.75722521075258	6.9093737743947
4.14986808174094	2.61848846225784	4.76181161420636	6.86162087391053
4.15613427061805	2.59120160984171	4.75476436394306	6.93055509386266
4.16240045949515	2.69008821147423	4.75413749507914	6.95513126043137
4.16866664837225	2.59291809148836	4.78393661824753	6.97359991580311
4.17493283724936	2.66749306001219	4.78463221603874	6.93489041996078
4.18119902612646	2.59658510749682	4.8044901783792	7.01334050569272
4.18746521500356	2.64762091652182	4.78804423061965	6.93706685949724
4.19373140388067	2.64971379991933	4.79984114457723	6.94207158279317
4.19999759275777	2.65399022670916	4.81107952867088	7.02322448896558
4.20626378163488	2.67604727311524	4.8191486958157	6.97156277183643
4.21252997051198	2.6303500541594	4.81892439990119	7.04423306918548
4.21879615938908	2.65946516676558	4.82746907533562	7.02505859344711
4.22506234826619	2.67931220019442	4.83288802694917	6.97505345143315
4.23132853714329	2.64635292744756	4.84877988812637	7.0750777815106
4.2375947260204	2.65446238410197	4.85835772225405	7.07028918581664
4.2438609148975	2.69321206002736	4.85122730422043	7.07168264694661
4.2501271037746	2.62304653674996	4.87765551420108	7.07565523743547
4.25639329265171	2.66101317714288	4.88291885790394	7.07473473277396
4.26265948152881	2.65800631694159	4.89497033524094	7.11210837957234
4.26892567040592	2.67894264550851	4.89075435105777	7.1378338000005
4.27519185928302	2.69722109206179	4.89522503299349	7.08778589813076
4.28145804816012	2.70182365150586	4.89481738844062	7.15175025115947
4.28772423703723	2.69075713952912	4.91825822988552	7.15801577904054
4.29399042591433	2.69724514524722	4.92786094134384	7.13541223719825
4.30025661479143	2.73407193369983	4.94561230092858	7.15190917315318
4.30652280366854	2.7336447146574	4.945752922189	7.19084322895879
4.31278899254564	2.75057590308663	4.93949880127271	7.17794505332952
4.31905518142275	2.71191357203706	4.95713367893987	7.21560485864698
4.32532137029985	2.74237165510803	4.97878165427781	7.21637066157133
4.33158755917695	2.7503239945021	4.97179300209623	7.22844624304771
4.33785374805406	2.74546786212873	4.9940277525935	7.23425705982954
4.34411993693116	2.76452819899207	4.98203545815371	7.23289706878746
4.35038612580827	2.70611881768023	4.99650615927896	7.18602605406412
4.35665231468537	2.74834793490852	5.00015050984994	7.22877279275297
