"mitochan"	"lwrNorm"	"medNorm"	"uprNorm"
-1.90327037354145	-3.03044094227043	-1.95636026054647	-0.852050046699286
-1.8966507915407	-2.98290233210195	-1.93758470538952	-0.80888495579706
-1.89003120953995	-3.04399646250153	-1.92250003993716	-0.815288729663649
-1.88341162753921	-2.99964746952124	-1.92370278672323	-0.816545694863947
-1.87679204553846	-3.01503828930046	-1.92574655584947	-0.818713074351282
-1.87017246353771	-2.97169536995421	-1.91438790192482	-0.813718913614945
-1.86355288153697	-2.95294372983896	-1.91151486532183	-0.820427645891429
-1.85693329953622	-2.94986106730894	-1.88408518817845	-0.796471654690797
-1.85031371753547	-2.9605947054539	-1.89334986027356	-0.803161135694054
-1.84369413553472	-2.94685223885233	-1.88167974255222	-0.764376948613027
-1.83707455353398	-2.92994809943284	-1.87318338360163	-0.817968067799741
-1.83045497153323	-2.9297058505989	-1.87398734891306	-0.782980230997345
-1.82383538953248	-2.87037961479272	-1.84991737509847	-0.77058277904869
-1.81721580753174	-2.91115777339494	-1.85740314325352	-0.780969093107531
-1.81059622553099	-2.8891136963292	-1.85132729828546	-0.777415215988509
-1.80397664353024	-2.88111190087368	-1.8471231132571	-0.803370868237457
-1.7973570615295	-2.90234535771269	-1.82539464182372	-0.763317052748928
-1.79073747952875	-2.84133361057986	-1.83320363257006	-0.749893249747518
-1.784117897528	-2.82910602194274	-1.81894290856945	-0.765083600404286
-1.77749831552725	-2.85178289502988	-1.82903378023564	-0.738565195998363
-1.77087873352651	-2.81386381458331	-1.82084936212682	-0.753304229243664
-1.76425915152576	-2.83094219399682	-1.80836108323597	-0.754973389668926
-1.75763956952501	-2.84716406274135	-1.80367886137225	-0.726536832688898
-1.75101998752427	-2.85131639867874	-1.80042586924805	-0.733108875717332
-1.74440040552352	-2.8033371159744	-1.80061187958841	-0.736357039886062
-1.73778082352277	-2.83060930254438	-1.77374416059106	-0.739260097515322
-1.73116124152202	-2.75938252908921	-1.76328234869539	-0.730662865867446
-1.72454165952128	-2.79954373416397	-1.76024937982203	-0.704481698645818
-1.71792207752053	-2.74746352783416	-1.75482747412502	-0.688184530312777
-1.71130249551978	-2.75720019554162	-1.75115576697951	-0.676732982001124
-1.70468291351904	-2.73940157733221	-1.73848153245448	-0.754711218142206
-1.69806333151829	-2.72338817188022	-1.73732589906444	-0.678030268040963
-1.69144374951754	-2.70304401713639	-1.72397865472136	-0.69851354670784
-1.68482416751679	-2.70203635568516	-1.74060253907779	-0.690865189945057
-1.67820458551605	-2.71067400995854	-1.72199510962424	-0.68455641127198
-1.6715850035153	-2.71866568093049	-1.72344879965759	-0.703430779852643
-1.66496542151455	-2.68353433544626	-1.72876321830529	-0.678115722918504
-1.65834583951381	-2.69171153761101	-1.69583296246362	-0.650492117173726
-1.65172625751306	-2.68021246733936	-1.70343370575599	-0.680155674618061
-1.64510667551231	-2.67141831790046	-1.69316722438654	-0.676909032736073
-1.63848709351156	-2.63310826032786	-1.68024870740254	-0.617605479007169
-1.63186751151082	-2.62708440442957	-1.68618464102633	-0.664860962288743
-1.62524792951007	-2.63439715695696	-1.66821252072677	-0.661803618427555
-1.61862834750932	-2.62097843214901	-1.66415692886648	-0.681838787846522
-1.61200876550858	-2.59779700471403	-1.64479152775818	-0.667793910496825
-1.60538918350783	-2.62043562012252	-1.65177641968651	-0.628337633145405
-1.59876960150708	-2.62659625167796	-1.65490942897244	-0.625673590332843
-1.59215001950634	-2.6177717364812	-1.6512157624607	-0.630327246414174
-1.58553043750559	-2.6096218707367	-1.63041909049191	-0.629729314630797
-1.57891085550484	-2.56333904969164	-1.62925930641364	-0.627697190252678
-1.57229127350409	-2.54079784028252	-1.61923192580988	-0.616961819112307
-1.56567169150335	-2.58877627525057	-1.61399435112618	-0.643763257015106
-1.5590521095026	-2.53762324049791	-1.59715937669008	-0.602366906710331
-1.55243252750185	-2.54409956628833	-1.6060479253023	-0.643256380403376
-1.54581294550111	-2.52856055286834	-1.6000038518355	-0.659062237100603
-1.53919336350036	-2.51862234770448	-1.59521246961464	-0.609955261101242
-1.53257378149961	-2.51929968013949	-1.57652459644846	-0.564900286076418
-1.52595419949886	-2.48981860718963	-1.57279391038263	-0.609747351992639
-1.51933461749812	-2.51023024844234	-1.56325338028194	-0.596734772631044
-1.51271503549737	-2.47698786467668	-1.56651312027375	-0.616468805075473
-1.50609545349662	-2.46707780383587	-1.55450855179524	-0.60888172109175
-1.49947587149588	-2.47572955576501	-1.54564365331684	-0.589541932721555
-1.49285628949513	-2.48302378149708	-1.53342796986283	-0.555609388581653
-1.48623670749438	-2.4400861864817	-1.54299494108377	-0.563039184139999
-1.47961712549363	-2.4433426057374	-1.52036022987444	-0.551195196838362
-1.47299754349289	-2.42728743937755	-1.52827831570265	-0.575265876660844
-1.46637796149214	-2.42185580792564	-1.51226309839441	-0.565505430436522
-1.45975837949139	-2.39931186992286	-1.50716721010144	-0.577157922436619
-1.45313879749065	-2.38684720453499	-1.5058210154769	-0.583148376461652
-1.4465192154899	-2.40992185690905	-1.49876326419107	-0.570165961732338
-1.43989963348915	-2.42778264909404	-1.47991947287716	-0.529871480763058
-1.4332800514884	-2.40807334627677	-1.48191136890305	-0.540829558442583
-1.42666046948766	-2.37400998810364	-1.49228759102075	-0.551048734531216
-1.42004088748691	-2.37074076906928	-1.47727040833941	-0.511386981339213
-1.41342130548616	-2.34280395457394	-1.45616564467371	-0.538832704335195
-1.40680172348542	-2.36752201613584	-1.43682688946851	-0.49184489269489
-1.40018214148467	-2.31398416515663	-1.44170694841097	-0.500375063057846
-1.39356255948392	-2.33858937331147	-1.45294306699846	-0.527377748724795
-1.38694297748318	-2.31771454387582	-1.43075857969122	-0.499509910632066
-1.38032339548243	-2.29324979094407	-1.43345656363852	-0.506475712556676
-1.37370381348168	-2.29690154070314	-1.41862942925031	-0.535383074994373
-1.36708423148093	-2.30579889117702	-1.41362634884555	-0.495213186931507
-1.36046464948019	-2.23695055135055	-1.42587157428286	-0.455184487077488
-1.35384506747944	-2.28063226343486	-1.4110106827748	-0.49059390576426
-1.34722548547869	-2.24959515581853	-1.39871619378419	-0.467648496315227
-1.34060590347795	-2.26591540513295	-1.38378940427892	-0.473543754363346
-1.3339863214772	-2.26765213115331	-1.38976069945131	-0.48515059698328
-1.32736673947645	-2.24535356770852	-1.37363767540812	-0.461878663349857
-1.3207471574757	-2.24398588170045	-1.36561564836049	-0.456129480412952
-1.31412757547496	-2.2076545436761	-1.3792017313343	-0.45980813128333
-1.30750799347421	-2.23696978055474	-1.35692369105981	-0.459128137566074
-1.30088841147346	-2.2018183096671	-1.35071393552764	-0.445378856827987
-1.29426882947272	-2.20264738323725	-1.35417233829324	-0.441682800400936
-1.28764924747197	-2.16404879897775	-1.34621820051216	-0.432864394185218
-1.28102966547122	-2.157255119534	-1.33848738327077	-0.450597076433124
-1.27441008347047	-2.16132040904733	-1.32743147362284	-0.424004963917572
-1.26779050146973	-2.14467308717648	-1.32693991099339	-0.415315995197545
-1.26117091946898	-2.18695467996003	-1.31107951922492	-0.429170718338195
-1.25455133746823	-2.11638456243541	-1.30569693098632	-0.443441916565204
-1.24793175546749	-2.14328338419315	-1.31317812058681	-0.451021611137062
-1.24131217346674	-2.11968052016283	-1.2961083832426	-0.425972788283212
-1.23469259146599	-2.12612668833724	-1.28968497761396	-0.383699654168717
-1.22807300946525	-2.10829100615124	-1.28694734410648	-0.421913097708257
-1.2214534274645	-2.08469597028289	-1.28452096418529	-0.400970217497902
-1.21483384546375	-2.09093433776952	-1.26974646031506	-0.37561013597819
-1.208214263463	-2.11049800302319	-1.25703192611224	-0.365553239119939
-1.20159468146226	-2.04770984009717	-1.24619059573462	-0.380207886811869
-1.19497509946151	-2.06883777612674	-1.25438998180456	-0.37975582876745
-1.18835551746076	-2.05107586747188	-1.23947399569187	-0.413737229882734
-1.18173593546002	-2.05267066318194	-1.23510964854723	-0.361897095961568
-1.17511635345927	-2.03150411121217	-1.22770996316278	-0.376080701421945
-1.16849677145852	-2.03645498969258	-1.22484418814414	-0.343583154927853
-1.16187718945777	-2.01629246597957	-1.22228313279107	-0.359207404635084
-1.15525760745703	-2.02480021267211	-1.20050735996994	-0.365795271022903
-1.14863802545628	-1.99313877078294	-1.1976461710677	-0.352031984392331
-1.14201844345553	-2.00573213634412	-1.19538434760314	-0.337593808029765
-1.13539886145479	-1.98858534100914	-1.18967689594615	-0.314114384956957
-1.12877927945404	-1.98474528398026	-1.17967280978039	-0.329694068215459
-1.12215969745329	-1.9811151239163	-1.17904724721175	-0.338711613387161
-1.11554011545254	-1.97121301250037	-1.17272992369532	-0.336187542096023
-1.1089205334518	-1.96350542355422	-1.16975238082886	-0.309333226098686
-1.10230095145105	-1.95760343501224	-1.16213518620801	-0.307660009959849
-1.0956813694503	-1.95182798602995	-1.1478298566494	-0.317933708564621
-1.08906178744956	-1.90573249627889	-1.1380512641546	-0.327508789222176
-1.08244220544881	-1.90364521999649	-1.13521399179099	-0.336993474446788
-1.07582262344806	-1.88191823121836	-1.13623439937503	-0.307579014219379
-1.06920304144731	-1.88670727317365	-1.12621261905252	-0.286741516633587
-1.06258345944657	-1.90620841872483	-1.1261678443644	-0.279033328726912
-1.05596387744582	-1.9159686676696	-1.12599206802419	-0.314097692700752
-1.04934429544507	-1.86597540831379	-1.10184379056014	-0.269217137001857
-1.04272471344433	-1.86914197487511	-1.08817859904265	-0.270151585302138
-1.03610513144358	-1.86650078281117	-1.09231492618682	-0.281856867210532
-1.02948554944283	-1.85442629103005	-1.09654865752622	-0.275029661296502
-1.02286596744209	-1.81279743628061	-1.07949685175315	-0.254422559674133
-1.01624638544134	-1.81997964454965	-1.06387726636471	-0.277145078625092
-1.00962680344059	-1.82184655593685	-1.05772330884212	-0.23135720668424
-1.00300722143984	-1.82677162331254	-1.0589069904047	-0.260573880333154
-0.996387639439097	-1.81923823369381	-1.05310771092429	-0.254757583193211
-0.98976805743835	-1.80425990379398	-1.04647620176666	-0.213237244744273
-0.983148475437603	-1.78820467897532	-1.034587520563	-0.21997262063358
-0.976528893436855	-1.77781891791166	-1.0291809074746	-0.246802301290228
-0.969909311436108	-1.8080683458079	-1.01711611964648	-0.235271606436587
-0.963289729435361	-1.76150524590525	-1.01255795758679	-0.247860380711189
-0.956670147434614	-1.76996490017085	-1.01740929685212	-0.193044104226018
-0.950050565433867	-1.77606759161282	-1.00972218199529	-0.237280688670757
-0.94343098343312	-1.71601568863441	-1.00523517298817	-0.192821111388201
-0.936811401432373	-1.72414801596344	-0.989108535985827	-0.206083891502446
-0.930191819431626	-1.72861859175808	-0.991337323202898	-0.207737053815701
-0.923572237430879	-1.70581618012997	-0.987026599753789	-0.2021442169726
-0.916952655430131	-1.70392868632214	-0.977403583446494	-0.204367891853832
-0.910333073429384	-1.67139821311261	-0.959380170968543	-0.191888937835721
-0.903713491428637	-1.65412293047817	-0.959886677042614	-0.175301722662238
-0.89709390942789	-1.65815483996876	-0.950192928869172	-0.182429244850755
-0.890474327427143	-1.66529204184984	-0.942439241501082	-0.193613843950537
-0.883854745426396	-1.68663131763086	-0.939907915553245	-0.157796759022292
-0.877235163425649	-1.66472053320742	-0.940279867045721	-0.162790783647563
-0.870615581424902	-1.66604016320994	-0.92571610001449	-0.158979493158044
-0.863995999424155	-1.64294912765343	-0.912705406834513	-0.157719708477099
-0.857376417423408	-1.61693910175581	-0.915951082879767	-0.151923874841167
-0.85075683542266	-1.60875521810088	-0.908561178709031	-0.171868265065512
-0.844137253421913	-1.6119986638988	-0.907453932984398	-0.138079193279771
-0.837517671421166	-1.62381214999548	-0.904581308056074	-0.171954333911866
-0.830898089420419	-1.5685337767489	-0.8919033765418	-0.111353813763281
-0.824278507419672	-1.5725217765539	-0.873080515367374	-0.133229328472031
-0.817658925418925	-1.56685892090919	-0.876475177557806	-0.129853055151129
-0.811039343418178	-1.57020988155895	-0.874144147908728	-0.0975401451671398
-0.804419761417431	-1.59127703156075	-0.854420365206264	-0.0984479004581547
-0.797800179416684	-1.54680348093526	-0.856172494302563	-0.109820789100284
-0.791180597415937	-1.56902721616231	-0.842576110138859	-0.109277298286714
-0.78456101541519	-1.5545385001139	-0.84448712431766	-0.101728894777654
-0.777941433414443	-1.52520579369345	-0.84309906479958	-0.0955722709436722
-0.771321851413695	-1.52988486019437	-0.821164306012537	-0.0834533142499395
-0.764702269412948	-1.52555012472122	-0.824124579741927	-0.0857878312845279
-0.758082687412201	-1.49706114785829	-0.82593637375116	-0.0667026393554196
-0.751463105411454	-1.5122795884988	-0.809821102496687	-0.06387585526847
-0.744843523410707	-1.51620465290912	-0.807417402321628	-0.0681385150394318
-0.73822394140996	-1.48024836265485	-0.79267858248326	-0.05226247209198
-0.731604359409213	-1.45646241604828	-0.792091128955923	-0.0570613055465169
-0.724984777408466	-1.47537527701752	-0.782343508273114	-0.0550791052325393
-0.718365195407719	-1.43533851236866	-0.779960331868137	-0.0252201303417846
-0.711745613406972	-1.45355166068989	-0.782218221332495	-0.0341862266408179
-0.705126031406224	-1.44963365093192	-0.76346547484982	-0.0332988471120039
-0.698506449405477	-1.43667503057262	-0.765385538801346	-0.043209718341647
-0.69188686740473	-1.450204072282	-0.748443565483659	-0.0197224607729543
-0.685267285403983	-1.41882732976117	-0.748043623620287	-0.0244684202172747
-0.678647703403236	-1.41626443870934	-0.746807052651552	-0.058321335741191
-0.672028121402489	-1.4248330055878	-0.740920175075698	-0.0281083152880003
-0.665408539401742	-1.38838178311551	-0.728567339443473	0.0020862489347403
-0.658788957400995	-1.38660249636154	-0.71454181549248	0.012505767792308
-0.652169375400248	-1.38841192587497	-0.706390225225711	-0.0129291222733722
-0.6455497933995	-1.38719643946549	-0.707078285317558	-0.00802872315848165
-0.638930211398753	-1.37285189115046	-0.702186008327644	0.000675067000971172
-0.632310629398006	-1.35261051703476	-0.693891688434977	0.0298066276662889
-0.625691047397259	-1.36794523299498	-0.690444988271744	0.0105682524513706
-0.619071465396512	-1.32788310622823	-0.680348014857706	0.0115728336006846
-0.612451883395765	-1.34182535156554	-0.679257452869725	0.0460678326314435
-0.605832301395018	-1.32634782890993	-0.67177313005093	0.0510906521029196
-0.599212719394271	-1.30732369747975	-0.67335091585373	0.074409169608074
-0.592593137393524	-1.32445512247709	-0.665630829403611	0.0197216499830992
-0.585973555392777	-1.30286721592505	-0.657169676962072	0.0793426837146906
-0.57935397339203	-1.32828387415907	-0.63733814219638	0.0757694499019456
-0.572734391391283	-1.26875582125356	-0.638662852229287	0.0310845673572032
-0.566114809390535	-1.26828594501402	-0.63019829241548	0.0652383748413007
-0.559495227389788	-1.25505929006823	-0.612636428021016	0.06242058801057
-0.552875645389041	-1.2818590185267	-0.617530037979619	0.0582894294511643
-0.546256063388294	-1.26882232701686	-0.607931766152227	0.077701160049642
-0.539636481387547	-1.24868487498816	-0.597839875324598	0.0720328854591264
-0.5330168993868	-1.24511902223777	-0.589191954871204	0.0841727964521664
-0.526397317386053	-1.23584246591416	-0.591730381641191	0.0968068165326468
-0.519777735385306	-1.23773394861182	-0.568979780277402	0.0945582062575186
-0.513158153384559	-1.21489568967847	-0.581192958503417	0.107550509644539
-0.506538571383812	-1.22687090749104	-0.564857661029778	0.08432216934773
-0.499918989383064	-1.18423681819446	-0.547720270236309	0.129637124345054
-0.493299407382317	-1.17626443010344	-0.557060566319734	0.139058683442287
-0.48667982538157	-1.20080394874162	-0.541608247507152	0.136650259095465
-0.480060243380823	-1.19722741527151	-0.538952574805596	0.143634822515395
-0.473440661380076	-1.17892575898723	-0.533006409751431	0.130736809834783
-0.466821079379329	-1.15804734334733	-0.533079345943797	0.150839885809985
-0.460201497378582	-1.15102894636044	-0.516194916902355	0.153289011754099
-0.453581915377835	-1.14864834238044	-0.519810155154739	0.143789626203704
-0.446962333377088	-1.1507132176871	-0.506271330554164	0.156176904289727
-0.44034275137634	-1.15355237583776	-0.504593733952467	0.152946492176958
-0.433723169375593	-1.13035500438078	-0.50209277434744	0.184521410947411
-0.427103587374846	-1.11306695131999	-0.501840486153743	0.162591887643275
-0.420484005374099	-1.15584531841959	-0.481997525592414	0.201310117733287
-0.413864423373352	-1.10231525346603	-0.487062179927243	0.185026990559021
-0.407244841372605	-1.12373905054791	-0.46697769620803	0.209322452015842
-0.400625259371858	-1.09848795920134	-0.463415580481233	0.198216603028667
-0.394005677371111	-1.07799627688313	-0.466152652947477	0.192837721315999
-0.387386095370364	-1.06159204091645	-0.452127114855319	0.219243813184622
-0.380766513369617	-1.10853815596178	-0.453868449580289	0.240108703823968
-0.37414693136887	-1.08113274585519	-0.442268916945614	0.223982178700056
-0.367527349368123	-1.06948479368108	-0.42895870096329	0.210726817730458
-0.360907767367376	-1.02305540078011	-0.419474426368247	0.246945364397592
-0.354288185366628	-1.06429162349071	-0.415544059434917	0.23455751069547
-0.347668603365881	-1.03697168935494	-0.408082166843356	0.239276376024938
-0.341049021365134	-1.03996253409801	-0.405092933604892	0.260157514494353
-0.334429439364387	-1.03947067739682	-0.392244246433949	0.241070178443129
-0.32780985736364	-0.996767853295509	-0.402069224705288	0.262045943244821
-0.321190275362893	-1.01916754154623	-0.396609800066551	0.2611564256869
-0.314570693362146	-0.991736079482623	-0.377571182122324	0.246215947807561
-0.307951111361399	-1.0028842275644	-0.386510802421198	0.280584017157676
-0.301331529360652	-0.983227876194291	-0.360223100348577	0.305752333500631
-0.294711947359904	-0.990840468467845	-0.354505663571399	0.285804444286169
-0.288092365359157	-0.961324375522684	-0.347771517116587	0.316174286264775
-0.28147278335841	-0.957463891145896	-0.353767068388661	0.291417481241329
-0.274853201357663	-0.951791462563403	-0.337106765820841	0.329508674534474
-0.268233619356916	-0.936703488989115	-0.341455062778748	0.312223739538667
-0.261614037356169	-0.962260549841044	-0.319717596134143	0.319286922503944
-0.254994455355422	-0.937076314541697	-0.320826400520487	0.343574258116779
-0.248374873354675	-0.928095125745	-0.315062122809357	0.345628306846041
-0.241755291353928	-0.927022581350739	-0.306771393785618	0.347224479947943
-0.23513570935318	-0.943829762140358	-0.307852983256981	0.337755932977059
-0.228516127352433	-0.91265159541651	-0.297010259258779	0.321250940795687
-0.221896545351686	-0.927259977751862	-0.285914762009277	0.367008838078506
-0.215276963350939	-0.876242572784169	-0.282859362345134	0.380577259178479
-0.208657381350192	-0.880585012598234	-0.279580279245063	0.344068525097904
-0.202037799349445	-0.884104556586286	-0.266985060360703	0.38066505984499
-0.195418217348698	-0.895225725670794	-0.264831928574579	0.343361428316871
-0.188798635347951	-0.87150435225723	-0.255814565941837	0.397369444787282
-0.182179053347204	-0.887057779642192	-0.245856574868528	0.390237035070669
-0.175559471346457	-0.855129062101871	-0.23934698512955	0.401346765936575
-0.16893988934571	-0.847513073194743	-0.238991958040013	0.438125316954559
-0.162320307344963	-0.843388722679712	-0.234763497036977	0.417989683966681
-0.155700725344215	-0.84452360453375	-0.223000755923053	0.422932590511287
-0.149081143343468	-0.807065394215429	-0.215755707689783	0.427735945039716
-0.142461561342721	-0.836743622500198	-0.213273809403105	0.452934822215123
-0.135841979341974	-0.798697521694656	-0.208251955937331	0.430332562819452
-0.129222397341227	-0.803485429789814	-0.190564188648877	0.431253234674649
-0.12260281534048	-0.813624434830304	-0.197378988935251	0.442924274719447
-0.115983233339733	-0.791458315742167	-0.181326276731178	0.440945681851085
-0.109363651338986	-0.796569333273005	-0.178640089123776	0.465310621499178
-0.102744069338239	-0.779442222237482	-0.168583683183197	0.456794881988387
-0.0961244873374916	-0.784215410080912	-0.168093474338399	0.499047182070932
-0.0895049053367445	-0.762208011999511	-0.151646337265388	0.489510552255161
-0.0828853233359974	-0.754028059712226	-0.143908267818779	0.474098424833798
-0.0762657413352503	-0.751752824308877	-0.143939164762458	0.479751374879616
-0.0696461593345032	-0.748489552416351	-0.143470543647464	0.493538360314307
-0.0630265773337562	-0.736248009978869	-0.122370514409684	0.530793467493374
-0.0564069953330089	-0.73082783764926	-0.131054460447344	0.506219556124247
-0.0497874133322618	-0.745445590921774	-0.119105483013691	0.528275110423616
-0.0431678313315147	-0.735207811499597	-0.110839065662146	0.536270525424235
-0.0365482493307676	-0.707729880921374	-0.107440109756096	0.546387195818285
-0.0299286673300205	-0.708443860956389	-0.104392061203342	0.548143923246027
-0.0233090853292734	-0.679648897719511	-0.0990821197978219	0.554136337855002
-0.0166895033285264	-0.705231115869892	-0.0885395487781643	0.524199491470405
-0.0100699213277793	-0.693406819361548	-0.0883121659041183	0.562807619218202
-0.0034503393270322	-0.679268060857651	-0.0719189507542711	0.548005938231152
0.00316924267371488	-0.672481921530987	-0.0680549184767894	0.602146263770035
0.00978882467446196	-0.666713662501186	-0.0623600530202331	0.562831255117602
0.016408406675209	-0.669861706050429	-0.0561300802681314	0.572913068409347
0.0230279886759561	-0.666363687999605	-0.047337723294338	0.582615027489737
0.0296475706767032	-0.670001639211579	-0.0332746452400425	0.588256969053009
0.0362671526774503	-0.639549110643681	-0.0378812541382888	0.614335214600718
0.0428867346781976	-0.620727179176512	-0.0317754445831615	0.620468453883557
0.0495063166789447	-0.637900444726185	-0.0303147593925847	0.605809663335472
0.0561258986796918	-0.607068562362279	-0.00985264960707699	0.624627500336027
0.0627454806804388	-0.594118692975578	-0.0157519494185587	0.612456464054081
0.0693650626811859	-0.616348720292498	-0.0015299468085345	0.64170331342542
0.075984644681933	-0.608208839868834	0.000148172564645969	0.642551700649626
0.0826042266826801	-0.612793457114938	0.0146044822156749	0.668724880151741
0.0892238086834272	-0.621883963905656	0.028101855266852	0.651213479278652
0.0958433906841742	-0.563797656175667	0.0290077715675528	0.65860675523057
0.102462972684922	-0.586695299345929	0.0394009470551439	0.667850075134423
0.109082554685668	-0.56977651994061	0.0354175926942957	0.699302001812776
0.115702136686416	-0.603910168346516	0.0459707525796494	0.67319573969931
0.122321718687163	-0.561154071965664	0.053957761549133	0.681606338635991
0.12894130068791	-0.57893437641047	0.0494276072347178	0.711386093008949
0.135560882688657	-0.560781897233618	0.0604598909230887	0.710174448238805
0.142180464689404	-0.527981296698037	0.0718018055753684	0.722238413291532
0.148800046690151	-0.525234217275528	0.0750975639736088	0.746286684620731
0.155419628690898	-0.517813154894168	0.0925065041005131	0.720854604599468
0.162039210691645	-0.510040211581838	0.0852234098778081	0.73133978461745
0.168658792692392	-0.518992679237271	0.100222263356751	0.734714676785414
0.175278374693139	-0.49933830873367	0.105175119828726	0.747009356510805
0.181897956693887	-0.534431552768835	0.101489041399955	0.752397749079867
0.188517538694633	-0.499426220165439	0.104638480417696	0.768649417406937
0.195137120695381	-0.498034212239403	0.117898117322001	0.781650169993288
0.201756702696128	-0.499397294000616	0.130344440575754	0.773236166550394
0.208376284696875	-0.480907137519727	0.134385082812815	0.779252151464031
0.214995866697622	-0.472583756831993	0.142425172394989	0.794473172560526
0.221615448698369	-0.470254763684876	0.144493176655982	0.804539585746473
0.228235030699116	-0.474962609375187	0.145269408293759	0.811286752485756
0.234854612699863	-0.479927617372253	0.152022235584795	0.816568250218615
0.24147419470061	-0.431740089571858	0.169362746183371	0.827755700216192
0.248093776701357	-0.454257317147635	0.176899220162691	0.831843389325844
0.254713358702105	-0.44389144516268	0.180609720609654	0.840811161323834
0.261332940702852	-0.441910448364126	0.189621499888597	0.835405549531425
0.267952522703599	-0.430141924289132	0.181357664589064	0.825657063697353
0.274572104704346	-0.432712463255587	0.208116710502947	0.833249356255781
0.281191686705093	-0.423976554459907	0.206037714115947	0.856236298011039
0.28781126870584	-0.429683193558713	0.211210531963105	0.874456556009354
0.294430850706587	-0.417153434131556	0.223115869690008	0.878024282863027
0.301050432707334	-0.401318238916684	0.224192804337146	0.899484611286686
0.307670014708081	-0.409819462031726	0.22978679889918	0.888938150102346
0.314289596708829	-0.374208149439542	0.234324952840545	0.913681489678179
0.320909178709575	-0.371108719850146	0.248138084353533	0.908708810470101
0.327528760710323	-0.394860450888363	0.262388438399972	0.926529601855952
0.33414834271107	-0.382661908265552	0.249679539655458	0.919141301988098
0.340767924711817	-0.38197815737661	0.271877649287019	0.925246362693902
0.347387506712564	-0.35343828675346	0.260388191068028	0.929210413301247
0.354007088713311	-0.377462630083125	0.283819397026312	0.932472256181504
0.360626670714058	-0.361665145774827	0.280742406096639	0.931571923463216
0.367246252714805	-0.331764982958586	0.286322175859295	0.939834754314557
0.373865834715552	-0.319826541299609	0.303325261118015	0.952704766069246
0.380485416716299	-0.314705155757516	0.303937480330738	0.964979975499138
0.387104998717046	-0.330340786288225	0.30290633739607	0.965804554544482
0.393724580717794	-0.312533581975223	0.324291923827081	0.993779385861694
0.400344162718541	-0.30881601101895	0.322820091563795	0.984366980154746
0.406963744719288	-0.297580429599037	0.329670475235658	1.01763756382713
0.413583326720035	-0.317828061942006	0.338182447245962	1.01802302517051
0.420202908720782	-0.304650895437836	0.335254723350204	1.01745034132936
0.426822490721529	-0.287154973789532	0.350519061942733	1.03222224750755
0.433442072722276	-0.273239260167961	0.357087752502362	1.05425705609007
0.440061654723023	-0.278880003725752	0.362264507700174	1.0422147162525
0.44668123672377	-0.282444670492111	0.368397926727787	1.05827784492107
0.453300818724518	-0.273579677706808	0.36726611009428	1.055517044257
0.459920400725264	-0.274619895794876	0.391058487956422	1.05619323995667
0.466539982726012	-0.258502696735049	0.39703856667322	1.07861296871196
0.473159564726759	-0.277604513815011	0.390017277855632	1.07127031821486
0.479779146727506	-0.251993056938539	0.403660635517655	1.08128141827066
0.486398728728253	-0.247690611146511	0.399341146257363	1.13877865832475
0.493018310729	-0.211194338662378	0.416247667291511	1.11631644193635
0.499637892729747	-0.194271907713087	0.434254550779765	1.12135518909841
0.506257474730494	-0.234518325581471	0.419591207072119	1.1302528571028
0.512877056731242	-0.218673853491058	0.432501712329161	1.12161379229256
0.519496638731988	-0.216168834055887	0.448271825655361	1.13342864856683
0.526116220732736	-0.203924474629663	0.454574165428058	1.16619481704074
0.532735802733483	-0.202215451933951	0.456500345634801	1.14969301950201
0.53935538473423	-0.172720833975175	0.452686551783006	1.16818451312932
0.545974966734977	-0.195851480774341	0.464384599823813	1.16648936056522
0.552594548735724	-0.18458734786294	0.478860205796572	1.17642514487214
0.559214130736471	-0.196650940864159	0.475007187185406	1.16709296641883
0.565833712737218	-0.166469014782019	0.476131333842501	1.17290141274484
0.572453294737965	-0.156238778218295	0.496306790954144	1.20549688364384
0.579072876738712	-0.175882227828829	0.490309653016474	1.21794912426417
0.585692458739459	-0.205112823711276	0.513089504876977	1.22937457376058
0.592312040740206	-0.164213785047859	0.510540569499718	1.22479745496189
0.598931622740954	-0.147796671556085	0.517805568069918	1.2224425130286
0.605551204741701	-0.1293411841903	0.525045259761873	1.24823868589265
0.612170786742448	-0.121797978453218	0.525714317368032	1.22709577327886
0.618790368743195	-0.122327121034597	0.537919801904328	1.27475565926067
0.625409950743942	-0.145826913230367	0.549087829450863	1.25314359402985
0.632029532744689	-0.122589565779938	0.549510911556817	1.25477274634753
0.638649114745436	-0.107682451283723	0.562236062770879	1.28899680814902
0.645268696746183	-0.133758046852611	0.559828848944699	1.26649534078156
0.65188827874693	-0.105270929629304	0.563290021251162	1.29128718051218
0.658507860747677	-0.107222635935195	0.576292069169812	1.28564291236098
0.665127442748425	-0.103434086123724	0.582731902549611	1.32304063744218
0.671747024749171	-0.0929432260064763	0.592923324946845	1.31233532562997
0.678366606749919	-0.0777285583538684	0.593659752618227	1.31957148183846
0.684986188750666	-0.0737493009540738	0.600542540022125	1.36097734695153
0.691605770751413	-0.0789274041397878	0.609525798296871	1.34260516180264
0.69822535275216	-0.0756510044467262	0.609602526637318	1.35988909100292
0.704844934752907	-0.0665432188996951	0.622068697990074	1.33242435875195
0.711464516753654	-0.0740574474501241	0.637403631195297	1.3474833764015
0.718084098754401	-0.0320067217207797	0.628589814686647	1.38340612822485
0.724703680755149	-0.0545041805292428	0.640123120901521	1.37687697170118
0.731323262755895	-0.0418447393273217	0.653719666898206	1.38786898301289
0.737942844756643	-0.0740069896619257	0.655919572978516	1.4157619447716
0.74456242675739	-0.0191806320224261	0.663539380848066	1.39525605653485
0.751182008758137	-0.039798711593934	0.668551301209731	1.40964674844842
0.757801590758884	-0.0219989514324961	0.666948378806517	1.43317600173987
0.764421172759631	-0.022466784439064	0.671986511252141	1.42061179941689
0.771040754760378	-0.0227090164995781	0.679164298459237	1.4496074071673
0.777660336761125	-0.00638842488735789	0.68308350176776	1.45347367362201
0.784279918761872	0.00908010238911287	0.689471050630718	1.462298678683
0.790899500762619	0.0156531898869466	0.715394986676502	1.45743920169067
0.797519082763367	0.0163659486121508	0.703755055911592	1.46988311019358
0.804138664764114	0.00440938410197117	0.725401584078379	1.49106441498627
0.810758246764861	0.0147307684753215	0.726090882171256	1.48484688436013
0.817377828765608	0.019105842844871	0.724867113315845	1.48255638488133
0.823997410766355	0.0227625081519311	0.734406225971395	1.50804130759894
0.830616992767102	0.0256557539037055	0.739775965673103	1.51613235548093
0.837236574767849	0.0381242194108947	0.750737169474596	1.52269538915853
0.843856156768596	0.0119847713100127	0.766483241955985	1.55426498706361
0.850475738769343	0.033704598948978	0.769724211913913	1.55056244769197
0.85709532077009	0.0434531076058685	0.769260744334875	1.56963577690079
0.863714902770838	0.0841692576821801	0.76714408086862	1.53491861984198
0.870334484771584	0.0650648213496315	0.791914320031919	1.54368307846345
0.876954066772332	0.0544210659395284	0.782704459013508	1.55018946954256
0.883573648773079	0.0915393634757954	0.783755471757676	1.57178881221704
0.890193230773826	0.0791832653137561	0.803413638160861	1.59199605735077
0.896812812774573	0.0533800952086938	0.804855440418506	1.59580559083208
0.90343239477532	0.0782230015476744	0.810500015082522	1.62563323432459
0.910051976776067	0.0776694434146107	0.822180589475251	1.60923937407389
0.916671558776814	0.0815244292432891	0.826283883269371	1.61836604448304
0.923291140777561	0.0856521116442054	0.830665210644727	1.61829321453103
0.929910722778308	0.0965419628002546	0.843749059601988	1.59678040871204
0.936530304779056	0.0899985419791833	0.842693066202863	1.67695396181885
0.943149886779802	0.126580070465258	0.852331647379869	1.65776536586415
0.94976946878055	0.102076858440822	0.857516695808839	1.67024709410647
0.956389050781297	0.127653015340855	0.85738875133509	1.68922012234211
0.963008632782044	0.146344251807167	0.88148392100848	1.67412959881487
0.969628214782791	0.142458008702001	0.876118585940424	1.6683433222772
0.976247796783538	0.128073450657067	0.888363080322373	1.67644090160623
0.982867378784285	0.122982228632085	0.887143678803696	1.710531401828
0.989486960785032	0.120038929358539	0.908185323359029	1.69990532328486
0.99610654278578	0.145192203430704	0.904004474586936	1.71398510504511
1.00272612478653	0.121419794161385	0.910233067459815	1.71275333590476
1.00934570678727	0.166900119599861	0.922652068350415	1.71827792647308
1.01596528878802	0.147616744808261	0.926521346810242	1.72810472397991
1.02258487078877	0.14342364794429	0.924777596427262	1.75138189470814
1.02920445278951	0.151146034060624	0.944998274788618	1.7495887563524
1.03582403479026	0.157648286234216	0.940582376587376	1.74654033489641
1.04244361679101	0.170665771579438	0.948410435095085	1.74832618271154
1.04906319879176	0.174527581386254	0.966657278588453	1.80516605260139
1.0556827807925	0.20742485837085	0.965618478230543	1.78663417950235
1.06230236279325	0.191411288880567	0.967963172048092	1.80426441827046
1.068921944794	0.154051151024094	0.980663976731378	1.84270350027304
1.07554152679474	0.222596923936239	0.989731886143808	1.8261588898302
1.08216110879549	0.200772697507937	1.00353193075708	1.84462062600282
1.08878069079624	0.164799533985257	1.00651903308055	1.84471405781255
1.09540027279699	0.230631407346858	1.00838392594364	1.84549640214215
1.10201985479773	0.214771296608344	1.00421146232189	1.85831829005109
1.10863943679848	0.2177451160582	1.01975384941407	1.88888247978159
1.11525901879923	0.226091801559776	1.01471743219202	1.87626851028772
1.12187860079997	0.235603646721152	1.03171694232295	1.88970756597708
1.12849818280072	0.230002780568101	1.03525543892915	1.91245679676629
1.13511776480147	0.221957627391223	1.03590087114722	1.90025363080485
1.14173734680222	0.246216393064066	1.04473299227893	1.90877979227756
1.14835692880296	0.244266652253582	1.05954777790201	1.88718105355087
1.15497651080371	0.258433024434184	1.06437777872004	1.92852339523626
1.16159609280446	0.273830002425895	1.0632517482415	1.89345929312031
1.1682156748052	0.2620964774493	1.07120342698064	1.92950757790702
1.17483525680595	0.25570008472472	1.09353745584426	1.94665413471474
1.1814548388067	0.271473374131525	1.07739545248699	1.92240210064287
1.18807442080745	0.291060085260062	1.09703732636958	1.96132971018881
1.19469400280819	0.284655840673934	1.09590457157497	1.98249999512375
1.20131358480894	0.292036515911925	1.10063489473128	1.97338689543252
1.20793316680969	0.306168538252621	1.11432918548815	1.99656385263987
1.21455274881043	0.295494992585505	1.11970265980943	1.99591506786011
1.22117233081118	0.336120340645444	1.12874362809619	2.01151734030612
1.22779191281193	0.312987700903516	1.13030211119863	2.01741125981811
1.23441149481267	0.30892768943135	1.13870481759492	2.03348082220399
1.24103107681342	0.302594291195748	1.14903265157586	2.03946693201909
1.24765065881417	0.337670371431531	1.16089646557588	2.04797724887674
1.25427024081492	0.333555815240685	1.16461430471658	2.04030685091048
1.26088982281566	0.322842746133495	1.1613450197539	2.05153425414979
1.26750940481641	0.319651587203722	1.17383913344018	2.07383148723683
1.27412898681716	0.336263679237555	1.18289670212921	2.08707232597791
1.2807485688179	0.303912698406474	1.20043631321206	2.06742467795489
1.28736815081865	0.337943893167624	1.20123451717136	2.13061001778569
1.2939877328194	0.352632597471512	1.19417454371321	2.07647516922902
1.30060731482015	0.356954677215128	1.20218038668153	2.08433917579395
1.30722689682089	0.357988795670277	1.21857858159844	2.14017887684449
1.31384647882164	0.340735949014717	1.21622969990014	2.08563483061453
1.32046606082239	0.362270694380068	1.21289671304502	2.13224524654467
1.32708564282313	0.354849104906902	1.21984598113173	2.13474786325336
1.33370522482388	0.362236136558178	1.23381070664143	2.15663882534001
1.34032480682463	0.378566056386444	1.23796233264768	2.18046807121404
1.34694438882538	0.390482399117639	1.25486909337663	2.20494325002651
1.35356397082612	0.362644289407678	1.25214763982185	2.17937801952078
1.36018355282687	0.385808654724352	1.26709659110199	2.21021093395002
1.36680313482762	0.37394989248169	1.27232869439803	2.19950831160005
1.37342271682836	0.389728757981834	1.27589301242538	2.23167879028267
1.38004229882911	0.396648024962683	1.28605343799152	2.23570799974447
1.38666188082986	0.372304163607912	1.28400905612997	2.2041678136725
1.39328146283061	0.408337308294575	1.30603271724598	2.26204887506
1.39990104483135	0.401715591777283	1.30254118681262	2.23847981207207
1.4065206268321	0.410282456726175	1.30424726788037	2.25954469645193
1.41314020883285	0.429382603888845	1.32088964694967	2.23564445645173
1.41975979083359	0.413363050892009	1.31564570791023	2.28000220273939
1.42637937283434	0.412373529360587	1.3188314756227	2.26872695757384
1.43299895483509	0.419179142782467	1.34304594479126	2.30084359829057
1.43961853683583	0.414817397272499	1.35030890908496	2.31014996519355
1.44623811883658	0.449547544228355	1.35083786173832	2.33360461047692
1.45285770083733	0.447542068791101	1.34698556404422	2.32880015046373
1.45947728283808	0.454166557517588	1.36821063242178	2.2963252289471
1.46609686483882	0.465371850588282	1.3595791734068	2.33252896350191
1.47271644683957	0.486749249954646	1.37630034268975	2.33461130924814
1.47933602884032	0.452334599090682	1.37438564367649	2.36936863444022
1.48595561084106	0.469432038611345	1.38805703811982	2.38631782557306
1.49257519284181	0.467874956969846	1.39589270896934	2.3632378867844
1.49919477484256	0.468392129894013	1.39223386845138	2.35865911542429
1.50581435684331	0.465997436785044	1.41808015593748	2.37381007589025
1.51243393884405	0.483883163110291	1.41077717969129	2.41819488522136
1.5190535208448	0.492682707589277	1.40734026285125	2.39226778082629
1.52567310284555	0.481989846573738	1.42662613096775	2.41894165751548
1.53229268484629	0.482766543422128	1.4311675686781	2.42456460839268
1.53891226684704	0.493491708009374	1.442509199698	2.43742660486298
1.54553184884779	0.49724287894533	1.43977134017539	2.41978370907161
1.55215143084854	0.502360002808664	1.44502346467317	2.47890239009893
1.55877101284928	0.523754066811483	1.46293142568273	2.46111173601666
1.56539059485003	0.525209311348993	1.45694956454488	2.48013357976165
1.57201017685078	0.514255036248489	1.46764601814916	2.48424071307068
1.57862975885152	0.520685912714768	1.46602863415732	2.4957799912657
1.58524934085227	0.536354847131254	1.49080138990637	2.4954636029512
1.59186892285302	0.535912926497912	1.49037318754716	2.52778321249098
1.59848850485377	0.561624842650713	1.49483288374039	2.53681606755887
1.60510808685451	0.56034252952339	1.49233911130943	2.53699845902417
1.61172766885526	0.549109591168179	1.50580003453025	2.52607415093771
1.61834725085601	0.547655041679165	1.51651418086345	2.55066470960723
1.62496683285675	0.578200680962129	1.51716925164652	2.55186518022879
1.6315864148575	0.568642937867159	1.51607275243919	2.54574487514913
1.63820599685825	0.528821544930232	1.54355423814241	2.56050859726449
1.644825578859	0.577272969846626	1.54671660689418	2.58109981941336
1.65144516085974	0.566131559976425	1.55217240837521	2.60752841163246
1.65806474286049	0.579099217696536	1.55981620549413	2.58649401407373
1.66468432486124	0.557687405185572	1.5630268915686	2.58848734821667
1.67130390686198	0.583871321359798	1.56081746798636	2.60367638415755
1.67792348886273	0.608857165786225	1.57575559993992	2.61465653699996
1.68454307086348	0.600748620873051	1.5886623536362	2.64141352382304
1.69116265286422	0.606123096239369	1.57590787259855	2.65589985642514
1.69778223486497	0.566197715511647	1.60547709396821	2.63300882338177
1.70440181686572	0.588339175903117	1.59458665780181	2.66667609108839
1.71102139886647	0.604926862269532	1.60024854425962	2.65703673932724
1.71764098086721	0.630385393155079	1.62578553212165	2.70355689238902
1.72426056286796	0.588084597576197	1.62132837979427	2.66893966605984
1.73088014486871	0.596453005424501	1.63077037004216	2.68106986026705
1.73749972686945	0.586469396042919	1.63496966706582	2.7122591439762
1.7441193088702	0.602649882546121	1.64468541582418	2.72736276437213
1.75073889087095	0.629773177773282	1.64244123952728	2.74593806995768
1.7573584728717	0.616527228113987	1.64642545422676	2.72793401940203
1.76397805487244	0.625785818652866	1.66121412597424	2.73692730796405
1.77059763687319	0.61706338369149	1.66422087839277	2.77987289471882
1.77721721887394	0.657824250965378	1.67241948826156	2.74900753874858
1.78383680087468	0.654065168719339	1.68666682786593	2.77318556425266
1.79045638287543	0.664431875281482	1.68560347996313	2.77476575951325
1.79707596487618	0.68326451888298	1.69557356616202	2.79851371811763
1.80369554687693	0.652076643949641	1.69296620611892	2.80919577627172
1.81031512887767	0.647603251462734	1.69056505444205	2.80271530138358
1.81693471087842	0.664507131056629	1.71226154510542	2.84712759292433
1.82355429287917	0.652094550064925	1.71187054069016	2.85256887968285
1.83017387487991	0.668880973765619	1.73228552458539	2.84220095128837
1.83679345688066	0.670203642295339	1.72916391980586	2.85380272744267
1.84341303888141	0.684600676364101	1.73284797539614	2.8466589079017
1.85003262088215	0.730714371063111	1.74881623344055	2.87784940004952
1.8566522028829	0.648466559019393	1.73871355294114	2.89299216107529
1.86327178488365	0.710247843562584	1.76673965633336	2.8836985035209
1.8698913668844	0.701352892913163	1.76264965658643	2.90567618789686
1.87651094888514	0.713752034845237	1.76946409938085	2.87684426828755
1.88313053088589	0.737506732952366	1.77053374882538	2.91529345634102
1.88975011288664	0.690754606407391	1.78810616355367	2.93847603194315
1.89636969488738	0.730114027064468	1.78002586400264	2.96144720178961
1.90298927688813	0.705370617234576	1.77929540557712	2.95860056455921
1.90960885888888	0.731179780854252	1.79932882491302	2.96417679771677
1.91622844088963	0.696140716720595	1.79407435684253	2.9459683776003
1.92284802289037	0.740315457125237	1.8250455708102	2.98649254774847
1.92946760489112	0.726222003462681	1.81341825890454	2.97265866696093
1.93608718689187	0.742113494850405	1.82520416856644	2.99154241679076
1.94270676889261	0.7402568100952	1.83322500646219	2.97810334998653
1.94932635089336	0.710812762251157	1.83662436826759	3.01269817546612
1.95594593289411	0.695560295469433	1.84577729693304	2.9992665746759
1.96256551489486	0.723462349470126	1.8516145763945	3.04738292569103
1.9691850968956	0.760407324073123	1.85245385755647	3.0362279497445
1.97580467889635	0.76638595206373	1.8588460850055	3.03526366962121
1.9824242608971	0.759278698249619	1.87165176378226	3.04943175618411
1.98904384289784	0.74662359637608	1.87881390972513	3.07687363475056
1.99566342489859	0.748921438802178	1.88660626399392	3.05585801718773
2.00228300689934	0.782450476478148	1.89407204199668	3.0903413818302
2.00890258890009	0.790900436479723	1.89416059971841	3.09239131210765
2.01552217090083	0.776457093226743	1.90593853864179	3.07648854028467
2.02214175290158	0.774550584680303	1.92041492669777	3.10205316211637
2.02876133490233	0.797548968761385	1.91769650358735	3.09061246405776
2.03538091690307	0.816654992533383	1.91813140428387	3.11457138663864
2.04200049890382	0.789370824326991	1.94383403143278	3.1723192997983
2.04862008090457	0.822429755000499	1.93681490463787	3.15946866820725
2.05523966290531	0.807073102506648	1.93269146721965	3.14549342668048
2.06185924490606	0.769895515247916	1.95008787227909	3.13730173843009
2.06847882690681	0.819332380078945	1.9560092770345	3.16755689232957
2.07509840890756	0.806914320262347	1.97212591015202	3.18513318090723
2.0817179909083	0.81481319656716	1.98299233944533	3.21290896055447
2.08833757290905	0.798268396112623	1.96879384088485	3.19796245342489
2.0949571549098	0.82658119560661	1.99793199599908	3.22138582012114
2.10157673691054	0.834388772462709	1.98712850599636	3.1808731500028
2.10819631891129	0.818818513143087	2.00444467297896	3.248749465376
2.11481590091204	0.847357022530102	2.01126944304008	3.22994431527301
2.12143548291279	0.855345402256334	2.00888038605222	3.24775555278795
2.12805506491353	0.826016145226282	2.01248182451064	3.24133053465999
2.13467464691428	0.887643708282642	2.02510456417976	3.24003183775353
2.14129422891503	0.87948391120011	2.04381822521665	3.28873160509912
2.14791381091577	0.843266501995903	2.03162635959475	3.26325067255023
2.15453339291652	0.892973343419137	2.04512467489262	3.25760565497503
2.16115297491727	0.889214836322231	2.04124574555077	3.30606049466652
2.16777255691802	0.885153069786128	2.04761720022023	3.30365680058818
2.17439213891876	0.858729042299727	2.07947699906903	3.3260831319296
2.18101172091951	0.874994976070071	2.06400097290874	3.36627026657874
2.18763130292026	0.858487787952496	2.07704878362664	3.35325205429811
2.194250884921	0.893150774075743	2.08972088773453	3.34258966730474
2.20087046692175	0.90771251243823	2.09702281252958	3.35836308915958
2.2074900489225	0.901345919623035	2.11356982047116	3.363662030848
2.21410963092325	0.895775590028793	2.092696110352	3.38750933779726
2.22072921292399	0.870038414344835	2.11184186929753	3.36803541178715
2.22734879492474	0.864083563860519	2.11683671703682	3.41820807128909
2.23396837692549	0.925632709639691	2.13339635663511	3.41342368990678
2.24058795892623	0.889919735045216	2.1288492007027	3.37937395680736
2.24720754092698	0.919276122020483	2.14135529880198	3.44983212357987
2.25382712292773	0.895622207411328	2.14496259296191	3.45357959847717
2.26044670492848	0.907293053589576	2.14852376752972	3.47182453386422
2.26706628692922	0.937592181338996	2.15475915497403	3.40172067179534
2.27368586892997	0.957187161718911	2.14511930270148	3.46240741337911
2.28030545093072	0.899714832491702	2.17411480064938	3.45818834594646
2.28692503293146	0.937179797271764	2.1574184940805	3.48058368506428
2.29354461493221	0.94534501020558	2.18273094726515	3.49556941806117
2.30016419693296	0.916859560428306	2.18139613787701	3.48373668270453
2.3067837789337	0.955597014630044	2.19184116207331	3.51207216529355
2.31340336093445	0.967163224492479	2.19613903927112	3.49580918412662
2.3200229429352	0.951641480180691	2.21975087516568	3.51961751380271
2.32664252493595	0.973551406554677	2.21031456845467	3.54639824035945
2.33326210693669	0.94272008074893	2.22592783220641	3.54853015199764
2.33988168893744	1.00379674052651	2.21205793216223	3.51851354872182
2.34650127093819	0.963718917037606	2.24098185262044	3.58432381618971
2.35312085293893	1.00239523877282	2.22767662111051	3.58861176418923
2.35974043493968	0.969652924098217	2.23535246856669	3.60348026197413
2.36636001694043	0.932472176255093	2.23743467281656	3.58964828826329
2.37297959894118	0.975761080361206	2.24207015260313	3.6398391791846
2.37959918094192	0.99279944515438	2.25760613496347	3.58394240579962
2.38621876294267	1.00238733168166	2.25804194766482	3.64679586426803
2.39283834494342	0.984553276046906	2.27966659372591	3.64928248090844
2.39945792694416	0.964663114766208	2.29286747611956	3.6521462860483
2.40607750894491	0.971647618883979	2.30041819188031	3.64964894528686
2.41269709094566	1.01000091254749	2.28791593480229	3.63027740576056
2.4193166729464	0.996442141411186	2.2862267187596	3.64580020245032
2.42593625494715	0.988610998190876	2.31437936828325	3.68388686900865
2.4325558369479	0.996333442580813	2.31875802131773	3.67601304745728
2.43917541894865	1.02747718971923	2.33691407453164	3.66650670059071
2.44579500094939	1.02792624107581	2.32865999484328	3.70706757797321
2.45241458295014	1.02121409112911	2.3314957087752	3.70128532634969
2.45903416495089	1.0462932839235	2.34284543440868	3.71834778950778
2.46565374695163	1.05135076340969	2.35300619371195	3.76168951473245
2.47227332895238	1.0413737105864	2.34640473127963	3.75412395011164
2.47889291095313	1.04810273767346	2.35937224803863	3.73415726576502
2.48551249295388	1.04804824626115	2.3689803537397	3.77513286359523
2.49213207495462	1.04003223116953	2.38263801130246	3.75807056020199
2.49875165695537	1.05357034156116	2.3905142581094	3.79915807294353
2.50537123895612	1.00585167857706	2.39748320038183	3.76671500102598
2.51199082095686	1.02275154590975	2.39324036267848	3.78465218001647
2.51861040295761	1.03670460151627	2.40399699462574	3.78310873514477
2.52522998495836	1.07425156281253	2.39716532936711	3.83050963664716
2.53184956695911	1.05617763847371	2.39932276424827	3.82950455328879
2.53846914895985	1.09408056487535	2.43595508263769	3.81665493931679
2.5450887309606	1.06353381568205	2.42810825451304	3.83010963259779
2.55170831296135	1.10778381018586	2.41431827438523	3.85218968305504
2.55832789496209	1.07988554273895	2.43590831061313	3.84509476357273
2.56494747696284	1.07343544083142	2.44026658349296	3.84052424747495
2.57156705896359	1.09948768554215	2.45512875196175	3.91048911646327
2.57818664096434	1.12070255768156	2.46390898293284	3.88604959928958
2.58480622296508	1.13802959526791	2.46747278431659	3.9138909081083
2.59142580496583	1.1018101045756	2.48462785249354	3.91166102219709
2.59804538696658	1.11031268916737	2.47687499501684	3.94219569627428
2.60466496896732	1.13387788374539	2.48420985963352	3.94972132623493
2.61128455096807	1.12100189887024	2.48776540066415	3.9403657153016
2.61790413296882	1.11831890749378	2.48575379118675	3.95686624233088
2.62452371496956	1.12114423373013	2.50387240421515	3.95327987159055
2.63114329697031	1.13970956080495	2.52580526148779	3.94607356878283
2.63776287897106	1.14974772003754	2.52110410096742	3.96136336711557
2.64438246097181	1.16006356476047	2.53741621327476	3.94734863517531
2.65100204297255	1.16641270934161	2.53522958842591	3.96484188086912
2.6576216249733	1.14619153149332	2.53069508672933	4.02019653561849
2.66424120697405	1.13691940924127	2.54635489288412	4.00049073738507
2.67086078897479	1.13688373112441	2.53263952762302	4.00882464023978
2.67748037097554	1.15192202046776	2.56685281721763	4.01726404529312
2.68409995297629	1.16059442776548	2.565348155098	4.02208500102049
2.69071953497704	1.16903135772869	2.5721911620523	4.0621384352727
2.69733911697778	1.14670975980873	2.56666728353752	4.06975482779936
2.70395869897853	1.18633895392722	2.59715366676954	4.04757410280164
2.71057828097928	1.16150654650035	2.58890076135324	4.06904852250324
2.71719786298002	1.1971557114194	2.60713787567748	4.09365639298929
2.72381744498077	1.19155154179426	2.59548363360878	4.09794373346108
2.73043702698152	1.18747530016792	2.60713143325144	4.12872889840793
2.73705660898227	1.15335768461664	2.61376695644563	4.10248169517942
2.74367619098301	1.1796171736224	2.63342724280948	4.12126393114638
2.75029577298376	1.22070129242447	2.61780539800728	4.15759393901028
2.75691535498451	1.2361474886938	2.63315461120205	4.10005510201755
2.76353493698525	1.20309918928618	2.64078753607516	4.13551809067733
2.770154518986	1.21746588757801	2.65536082470035	4.14289041240871
2.77677410098675	1.18364410989666	2.65055714492795	4.13970511801322
2.7833936829875	1.21392748231329	2.66021360946594	4.16587450611548
2.79001326498824	1.20017159882417	2.67918503465863	4.19650767414557
2.79663284698899	1.21785933445459	2.66562743971975	4.18929517236412
2.80325242898974	1.19638533814238	2.67164116874325	4.22351854096983
2.80987201099048	1.1948596246145	2.68858984649538	4.24146886197677
2.81649159299123	1.18737443718743	2.68348120515062	4.23078718934004
2.82311117499198	1.1885820355144	2.69174336387597	4.22759221859027
2.82973075699273	1.22698115277925	2.71009746479561	4.23667934210973
2.83635033899347	1.21561930025593	2.72089136339643	4.25860591514928
2.84296992099422	1.21409276273476	2.72553945839304	4.28030017509662
2.84958950299497	1.24929431753045	2.71329248870978	4.28962509519797
2.85620908499571	1.28942689490915	2.73523568803276	4.28430215681995
2.86282866699646	1.22960124544517	2.72760617936297	4.2619090287348
2.86944824899721	1.22926432892097	2.75109529245573	4.27691672779823
2.87606783099795	1.25654662603282	2.75423472320445	4.31253235863174
2.8826874129987	1.26332953668228	2.74890251491751	4.2970696976844
2.88930699499945	1.30874210718457	2.77599451729464	4.32651817055508
2.8959265770002	1.24075021618554	2.75524077881685	4.33421915187414
2.90254615900094	1.26472203775377	2.78176003879514	4.3688246780467
2.90916574100169	1.29292831166775	2.77807363565754	4.33313785119261
2.91578532300244	1.26845185647916	2.77805363884743	4.38961847391174
2.92240490500318	1.24768860550932	2.80872182568475	4.36526003698328
2.92902448700393	1.27970996125739	2.81062429015293	4.36492031909194
2.93564406900468	1.28363229487732	2.82371768061705	4.39130523937811
2.94226365100543	1.27418959815683	2.81684141551115	4.37945280898799
2.94888323300617	1.30363491086953	2.82447702690617	4.41921966695888
2.95550281500692	1.3377854486303	2.82581599570531	4.4417774509515
2.96212239700767	1.32180091600441	2.82769906393147	4.42760770673735
2.96874197900841	1.33368099144351	2.83600333708363	4.41975500179602
2.97536156100916	1.3169115784948	2.83842588674319	4.44347030760641
2.98198114300991	1.35484423699473	2.86769260187009	4.46801604943067
2.98860072501066	1.29359789606431	2.86659332387865	4.48170642440374
2.9952203070114	1.32876082174194	2.85753878341507	4.49068144772029
3.00183988901215	1.32200552538708	2.87106879743141	4.51685994684078
3.0084594710129	1.36322163875541	2.88380882596477	4.48112067769712
3.01507905301364	1.29840243869886	2.90667714701706	4.47110072511499
3.02169863501439	1.35929120011175	2.89727569324433	4.53386866388275
3.02831821701514	1.3316430590563	2.89147725043544	4.50151162762742
3.03493779901589	1.36774438856361	2.90994331435871	4.49603079864877
3.04155738101663	1.35644477201408	2.90985231860044	4.54820413905066
3.04817696301738	1.30225308947421	2.9284580206439	4.53626275154763
3.05479654501813	1.41922671352609	2.92715999110447	4.5992475715164
3.06141612701887	1.31777901342363	2.92274384194606	4.57435782217782
3.06803570901962	1.32302156070571	2.93992785427246	4.54705463495107
3.07465529102037	1.38163286636554	2.94017081543172	4.60780788084687
3.08127487302112	1.33592161114153	2.95847458639873	4.60217430940161
3.08789445502186	1.39683883611385	2.9588584539956	4.63068900876982
3.09451403702261	1.3762840934891	2.96538216926669	4.62883378427618
3.10113361902336	1.4202740401518	2.96918148457994	4.62773041285552
3.1077532010241	1.39986464110029	2.98545783845523	4.64826851021958
3.11437278302485	1.39694535216121	2.99478360912868	4.6606080174229
3.1209923650256	1.34885646571918	2.99973075553472	4.63884966184229
3.12761194702634	1.39742051281738	3.00442980601337	4.69832340540961
3.13423152902709	1.40791669230234	3.01072031350002	4.69595046093621
3.14085111102784	1.35342638141336	3.01685942920067	4.68057717287998
3.14747069302859	1.42724756923364	3.0124263746985	4.72479382951844
3.15409027502933	1.38435963030311	3.03364850371351	4.6986399314648
3.16070985703008	1.39217512262125	3.03974328560957	4.7070666488573
3.16732943903083	1.3931884041626	3.04232774162857	4.68827810739956
3.17394902103157	1.40134506333356	3.04128383141985	4.69680585883324
3.18056860303232	1.43481427576975	3.04221415539003	4.74161720401567
3.18718818503307	1.44406579236953	3.06129157709059	4.74975915066089
3.19380776703382	1.42645618972798	3.05851012020449	4.74543462941394
3.20042734903456	1.4557904266849	3.0647826186905	4.76814109108173
3.20704693103531	1.41532374117821	3.08125854283592	4.76658261457084
3.21366651303606	1.44116329353843	3.07655191081232	4.80802650958307
3.2202860950368	1.46105782810916	3.08823204742307	4.77732593463702
3.22690567703755	1.47287998929942	3.08368083465517	4.78874593093757
3.2335252590383	1.43174270237717	3.11558115387403	4.80544278706635
3.24014484103904	1.44282120812223	3.10996550658151	4.8182340497245
3.24676442303979	1.45266244630789	3.1219086603523	4.89426059381661
3.25338400504054	1.42899140340308	3.12056486031474	4.79060267213302
3.26000358704129	1.44352616438722	3.12902534223491	4.89454582851263
3.26662316904203	1.46457293753272	3.13246139509481	4.86808141302597
3.27324275104278	1.44754785654668	3.15010289129297	4.86873932553285
3.27986233304353	1.50131767001819	3.16122038242418	4.89224762303115
3.28648191504427	1.45283231008348	3.14893647341615	4.90148706606983
3.29310149704502	1.44303718323584	3.14585728178707	4.91907445319281
3.29972107904577	1.45905590827502	3.1642613472178	4.93784012134429
3.30634066104652	1.50358765660971	3.1637716739628	4.9291924008375
3.31296024304726	1.49374876086524	3.15934700447854	4.92830614972193
3.31957982504801	1.51173184306288	3.19409030834596	4.93917659856827
3.32619940704876	1.50861816469713	3.18264895163204	4.96936389864513
3.3328189890495	1.49618042314653	3.20868586103335	4.93819613558928
3.33943857105025	1.51643275099206	3.20257168878069	4.96151933090829
3.346058153051	1.50266772390567	3.21890043937608	4.9689667026575
3.35267773505175	1.51204798803068	3.22162554228658	4.97301043313011
3.35929731705249	1.51454631841232	3.21699592775044	5.00749726057629
3.36591689905324	1.50087029748156	3.22705895274585	4.98962194222909
3.37253648105399	1.5243864275147	3.24294361342658	5.04581479862622
3.37915606305473	1.52320591499758	3.2547224339565	5.04692566481987
3.38577564505548	1.51908281608734	3.26810606822258	5.03411121683462
3.39239522705623	1.52692138776775	3.25352773405512	5.01960073157344
3.39901480905698	1.56093106738247	3.26224792937778	5.06334076025615
3.40563439105772	1.55254748811941	3.28184037390402	5.10120350493507
3.41225397305847	1.57045312176897	3.28816543546444	5.0763728186459
3.41887355505922	1.54690976655179	3.28300333743232	5.07893473907549
3.42549313705996	1.57235062393705	3.27481423744558	5.09918383496418
3.43211271906071	1.57648169141829	3.31926066991697	5.13535728302461
3.43873230106146	1.55358830651739	3.32854499508607	5.13422237987019
3.4453518830622	1.55705826030626	3.31195446128553	5.08705126730771
3.45197146506295	1.5600910529888	3.31416189829394	5.13231580895778
3.4585910470637	1.57404631525404	3.30813708347748	5.13464249296689
3.46521062906445	1.59442036050921	3.34518154445487	5.11616841704808
3.47183021106519	1.58056945177206	3.33493481691103	5.18064790445314
3.47844979306594	1.60244144982513	3.34000384156464	5.1890674505847
3.48506937506669	1.63436329328622	3.35211550872271	5.17660903781686
3.49168895706743	1.58736304471396	3.33887292407841	5.16701487918472
3.49830853906818	1.58399113065473	3.36139845178565	5.21898524116284
3.50492812106893	1.55769094029157	3.36320507454004	5.2127350389418
3.51154770306968	1.67300042400567	3.38425358168714	5.20592172069125
3.51816728507042	1.63888210234861	3.39901904991904	5.2611459019528
3.52478686707117	1.55468282762451	3.40668674838183	5.23262846128513
3.53140644907192	1.59756456642437	3.38646447359778	5.26047757760729
3.53802603107266	1.61617057077127	3.40723630688463	5.23958161278765
3.54464561307341	1.60899120523678	3.40268453334724	5.28892599937485
3.55126519507416	1.630526022649	3.43258730107505	5.25115315714958
3.55788477707491	1.63761646078169	3.43381914966323	5.25401043990241
3.56450435907565	1.63150131353925	3.43421882709454	5.30887718141343
3.5711239410764	1.60707576042572	3.42353044479148	5.28824365226507
3.57774352307715	1.64715093761902	3.44429923333003	5.33351722799958
3.58436310507789	1.6340458103159	3.45154442121579	5.33971303917923
3.59098268707864	1.61233168198514	3.45793319031556	5.35370294353866
3.59760226907939	1.65853134045875	3.47212172987331	5.35679652089826
3.60422185108014	1.67913498689286	3.45214080888789	5.3342633736774
3.61084143308088	1.64106842253344	3.47537862699386	5.38865631307474
3.61746101508163	1.67159616617401	3.48059468873623	5.3575372172017
3.62408059708238	1.66000715806391	3.49098622925548	5.40466226913559
3.63070017908312	1.67740589791705	3.48252876844557	5.38364590204217
3.63731976108387	1.64209546416885	3.50048018704445	5.40917796014919
3.64393934308462	1.66833906253945	3.52093870976311	5.41228289727274
3.65055892508537	1.63454575899012	3.52582725371712	5.43191186311778
3.65717850708611	1.67426049318958	3.51401198116585	5.46223743502759
3.66379808908686	1.6692623275953	3.52108894165777	5.44185083777294
3.67041767108761	1.65625601244871	3.52453807352726	5.4177486475051
3.67703725308835	1.64009705095329	3.53240277935181	5.48429066558168
3.6836568350891	1.69747315870186	3.54559005229763	5.48600789883359
3.69027641708985	1.69241807459371	3.55676693772234	5.51195671693674
3.6968959990906	1.69767112860606	3.56685828864454	5.4733133323931
3.70351558109134	1.71174767423762	3.57375810339001	5.44422966843979
3.71013516309209	1.71499752939112	3.56887542442421	5.53332295411455
3.71675474509284	1.72051032800874	3.5845566157948	5.49131399145091
3.72337432709358	1.67296839766215	3.61136656948739	5.50151371377559
3.72999390909433	1.76738987693497	3.59231654872715	5.56852472617929
3.73661349109508	1.770219386792	3.59476139828093	5.54086911185616
3.74323307309582	1.73369757856383	3.60582129830504	5.5430952951783
3.74985265509657	1.75680857903913	3.61375042776087	5.53098694683087
3.75647223709732	1.72926838706231	3.61194001718484	5.59537382230509
3.76309181909807	1.66202424806975	3.62109300726984	5.55625172577552
3.76971140109881	1.72942269612917	3.63622701161779	5.57699010796359
3.77633098309956	1.69328615437299	3.64559333284942	5.62280651314063
3.78295056510031	1.75414049148852	3.63509653931273	5.6533337094601
3.78957014710105	1.76012718746593	3.639854892988	5.63480636735696
3.7961897291018	1.75061610438627	3.66148995128457	5.61934483521772
3.80280931110255	1.77191720486149	3.64417179825024	5.66586150743385
3.8094288931033	1.75933759058122	3.65334326376153	5.6101161518586
3.81604847510404	1.77161118877334	3.69363070834826	5.63652677821228
3.82266805710479	1.79179355867232	3.68739755343068	5.7101466574348
3.82928763910554	1.70897103393982	3.68897494025317	5.66651143318156
3.83590722110628	1.770140527807	3.69749867021388	5.68482822123224
3.84252680310703	1.78694612292659	3.71557245411464	5.68961349913373
3.84914638510778	1.72617374648969	3.707770700094	5.72430525265673
3.85576596710853	1.77630446865893	3.72076405592237	5.72674615560429
3.86238554910927	1.74896152307404	3.717784177324	5.72641766508521
3.86900513111002	1.80016646527371	3.73753310487547	5.77538168855095
3.87562471311077	1.77721953739398	3.73601046979812	5.76828558038789
3.88224429511151	1.80899974938725	3.74905973079916	5.7527467400747
3.88886387711226	1.83871554823993	3.7571866156634	5.75171179882289
3.89548345911301	1.7725192774472	3.75289703607724	5.71988794778346
3.90210304111375	1.79984656751347	3.75640878005048	5.78214084388678
3.9087226231145	1.81609066497233	3.75127781569838	5.81647791533258
3.91534220511525	1.83783066995426	3.7703973982339	5.78090745398184
3.921961787116	1.82846715993097	3.79345807372957	5.842076647556
3.92858136911674	1.83698323578575	3.7953634130412	5.84391777239251
3.93520095111749	1.81238918925255	3.80942520022323	5.80067090724936
3.94182053311824	1.78937450155956	3.80621429762552	5.87510557804787
3.94844011511898	1.83000754986604	3.80220672554238	5.85237801156703
3.95505969711973	1.83054386336851	3.80538874024036	5.8818333662695
3.96167927912048	1.8245008170804	3.8167577115114	5.89832711576478
3.96829886112123	1.80573044187514	3.83071406659354	5.88056092462158
3.97491844312197	1.86372810398006	3.83426528281135	5.84656605315184
3.98153802512272	1.86645500393458	3.83924316526831	5.93447390542902
3.98815760712347	1.82852899794393	3.86897051071245	5.89256573281233
3.99477718912421	1.88244115183471	3.85852787226376	5.91596451100297
4.00139677112496	1.85874907130714	3.85753257940034	5.94199377779727
4.00801635312571	1.88067457430744	3.84902710191214	5.9377876445935
4.01463593512645	1.85020604499571	3.87000525763234	5.97984449684542
4.0212555171272	1.86459845366772	3.89099902174	5.94431975918256
4.02787509912795	1.8631168315436	3.88072471203856	5.97344474019217
4.0344946811287	1.89748426664202	3.89283495465567	5.94531848034948
4.04111426312944	1.89227010756327	3.90241935628237	5.98158280583419
4.04773384513019	1.88697748400523	3.90058610004871	5.97317685290648
4.05435342713094	1.86165544732179	3.91587609364327	5.9888035544563
4.06097300913168	1.82526609688705	3.90746406296685	6.02616011252443
4.06759259113243	1.86096891498559	3.91734693495116	6.03581400227127
4.07421217313318	1.89510959780864	3.94099252420393	6.00810526898096
4.08083175513393	1.92418701124492	3.93960021633355	6.04172990231552
4.08745133713467	1.89905906180034	3.927843425874	6.10175607494562
4.09407091913542	1.88413177102086	3.95134985192218	6.07344438946466
4.10069050113617	1.9417293285925	3.97249409112041	6.06677374441228
4.10731008313691	1.94479209909578	3.96218812713395	6.07139124023188
4.11392966513766	1.86244454068968	3.97500617077689	6.0740252584256
4.12054924713841	1.92976233130204	3.98102289945559	6.07462295255919
4.12716882913916	1.93882545424714	3.97548139052653	6.1120619733064
4.1337884111399	1.89913651958485	3.98855663769823	6.10809362664632
4.14040799314065	1.95814992370132	3.98764135296549	6.13864667977258
4.1470275751414	1.94527991921757	4.00514096506718	6.14454065207002
4.15364715714214	1.95988913771983	4.01832396797239	6.12086476760643
4.16026673914289	1.95273298738718	4.0136776672359	6.1481094196985
4.16688632114364	1.95939153686719	4.03742148925864	6.18472676427017
4.17350590314439	1.94017276896335	4.02820388029135	6.20336109401146
4.18012548514513	1.97272377694946	4.02692539968191	6.18489090302958
4.18674506714588	1.93343656416957	4.0348315849603	6.20663655588483
4.19336464914663	1.92028714275002	4.0578715531184	6.16606531010583
4.19998423114737	1.98516006699586	4.05447093686843	6.22252123428951
4.20660381314812	1.94317703241076	4.08256781909654	6.22840241193447
4.21322339514887	1.97471464779791	4.05653313133169	6.18634447250514
4.21984297714962	2.01091463977372	4.08138630519907	6.20951728715964
4.22646255915036	1.93695190236721	4.05184391085402	6.27456081799548
4.23308214115111	2.02432025983407	4.09543266075275	6.24234301023326
4.23970172315186	1.94873862830098	4.09284758881841	6.28342303888935
4.2463213051526	1.97268035506317	4.09459714004053	6.31472708367728
4.25294088715335	1.9869643278885	4.11101678667337	6.27620892256555
4.2595604691541	1.96156013785137	4.10379613316392	6.2994397510547
4.26618005115484	2.01495904888019	4.11890767035974	6.31321839516681
4.27279963315559	2.04444265046214	4.13870043519272	6.30134177243459
4.27941921515634	1.97067061069755	4.12061997136137	6.28605828008385
4.28603879715709	2.00546107935721	4.1235850789005	6.30518752028519
4.29265837915783	2.02368458004609	4.14452052280082	6.37499685898388
4.29927796115858	1.98471507752256	4.16159680189429	6.39207979145278
4.30589754315933	2.02196708998383	4.13890298253584	6.3668976122733
4.31251712516007	2.01943065089157	4.17244786104925	6.3883869724068
4.31913670716082	2.01526074018398	4.17891011383219	6.37155569711826
4.32575628916157	2.06322833157269	4.17440112010117	6.41494593690155
4.33237587116232	2.02767996110385	4.18485319752232	6.47532489580488
4.33899545316306	2.05671455557752	4.17402919406756	6.41189860794339
4.34561503516381	2.02902561314707	4.19725765939046	6.40774325595485
4.35223461716456	2.04216100680694	4.19721761605768	6.4150963992349
4.3588541991653	2.06293112252424	4.22239563972078	6.45579948335735
4.36547378116605	2.01660042697042	4.22386197580727	6.48927681848443
4.3720933631668	2.04779460665968	4.25337077237127	6.4629096540587
4.37871294516755	2.08533891589257	4.24117089804377	6.45922677663583
4.38533252716829	2.07443189590445	4.21861007745271	6.53168315423981
4.39195210916904	2.07472001341987	4.23824840051262	6.49429435671856
4.39857169116979	2.09328265615084	4.25190102192708	6.44215303130842
4.40519127317053	2.10234862326566	4.23986750566509	6.4987912346665
4.41181085517128	2.03619860583384	4.27613675373737	6.55846709263572
4.41843043717203	2.05304412429747	4.2674015810294	6.5366218056562
4.42505001917278	2.05456802854337	4.26863252920306	6.5003575725015
4.43166960117352	2.07240476060874	4.27492261121133	6.57468621672071
4.43828918317427	2.09127911429994	4.27892215576552	6.55473955543495
4.44490876517502	2.09475752283553	4.28877505741901	6.57913901108972
4.45152834717576	2.09103809310197	4.31981358852343	6.55963182230661
4.45814792917651	2.12288108658715	4.32323200278855	6.56248752819079
4.46476751117726	2.11555962889703	4.33083755120288	6.62209121068781
4.47138709317801	2.07957675621498	4.33368469262036	6.63614283278682
4.47800667517875	2.12834911719647	4.33996484014635	6.56254408719533
4.4846262571795	2.11998003011807	4.34902973669305	6.63095717129406
4.49124583918025	2.11725113853989	4.33901635345993	6.62688536932307
4.49786542118099	2.10401654157589	4.35226100356044	6.68019533693194
4.50448500318174	2.14088810721241	4.33359870231348	6.64793533459788
4.51110458518249	2.088081005276	4.36997793425503	6.68556195560777
4.51772416718324	2.14309850170619	4.36929692042245	6.70593625726189
4.52434374918398	2.11696539601653	4.36599384774588	6.67268423040717
4.53096333118473	2.14393663879792	4.37392804602096	6.65558199149186
4.53758291318548	2.14462442940067	4.38277809989605	6.71118499360685
4.54420249518622	2.1450733091937	4.39783567833036	6.71262696769744
4.55082207718697	2.16445641136155	4.3910369142459	6.71514223799609
4.55744165918772	2.20583510797392	4.38931525124431	6.75168175190365
4.56406124118846	2.16794211780833	4.41819030643918	6.78076970431971
4.57068082318921	2.16625617167829	4.42160926072057	6.756796940476
4.57730040518996	2.12575147255568	4.43636532891229	6.75320152936075
4.58391998719071	2.19054511522747	4.42687808452578	6.77953509176205
4.59053956919145	2.16530355367761	4.43930698664214	6.75491514765911
4.5971591511922	2.1440907808052	4.45051327783775	6.79060689922452
4.60377873319295	2.22300808664526	4.45290098790122	6.76475613620102
4.61039831519369	2.19141477998364	4.45587468786649	6.76134546990353
4.61701789719444	2.18330005616683	4.47301666978879	6.81617766427876
4.62363747919519	2.23243470547657	4.47808123119441	6.81339478111165
4.63025706119594	2.13155381744449	4.47119350735952	6.79668095591009
4.63687664319668	2.15993556102487	4.48729951130535	6.83456273455914
4.64349622519743	2.19836000064302	4.49403636442089	6.8419627383044
4.65011580719818	2.20499674025212	4.4949029656726	6.87319221324165
4.65673538919892	2.19134760168947	4.50527837903421	6.8587659446798
4.66335497119967	2.23636842908382	4.50251413488863	6.90403018723476
4.66997455320042	2.20178068480478	4.50260143354397	6.89904148847792
4.67659413520117	2.14927303653899	4.51982234457752	6.90822654600736
4.68321371720191	2.20716715816416	4.52176166583684	6.89612424117565
4.68983329920266	2.19714991935692	4.52481692043002	6.91878760544008
4.69645288120341	2.26386584144454	4.54011262707949	6.97993544530664
4.70307246320415	2.21579304076822	4.5465892343146	6.9290100146956
4.7096920452049	2.24641385404319	4.55746423085204	6.93263441560876
