"mitochan"	"lwrNorm"	"medNorm"	"uprNorm"
-1.90327037354145	-1.69998656065617	-1.45162035177695	-1.1925067696601
-1.89755293934577	-1.69450924100344	-1.44572688511813	-1.18280616822918
-1.8918355051501	-1.70743417239198	-1.43970393029338	-1.17516401841274
-1.88611807095443	-1.70861964426453	-1.44057446960331	-1.17927928967879
-1.88040063675875	-1.68894192016424	-1.43435578961283	-1.17571535752672
-1.87468320256308	-1.70595334690346	-1.43450818489832	-1.17521071902958
-1.8689657683674	-1.67966480428008	-1.43122574930486	-1.16333658065457
-1.86324833417173	-1.68226921797828	-1.42340643963535	-1.15696642406841
-1.85753089997605	-1.67864672536883	-1.41654030678743	-1.17346217928179
-1.85181346578038	-1.65666472574555	-1.40557826000728	-1.14997678654233
-1.8460960315847	-1.66452852506402	-1.41112846500288	-1.15143691021289
-1.84037859738903	-1.66524975573279	-1.40146335296214	-1.15046182036443
-1.83466116319335	-1.65896051203844	-1.40183482047689	-1.14613398507832
-1.82894372899768	-1.65730986099895	-1.39604128593414	-1.13606564533975
-1.82322629480201	-1.64933977211841	-1.39168440724659	-1.13550770278057
-1.81750886060633	-1.65403498957013	-1.38681208108022	-1.12165086271109
-1.81179142641066	-1.63411502114541	-1.38641899850033	-1.12873818916364
-1.80607399221498	-1.6268507775883	-1.38394454340879	-1.1191759392637
-1.80035655801931	-1.6387105975878	-1.37417254891172	-1.12504456026758
-1.79463912382363	-1.61843973514604	-1.37103758540767	-1.10915059936997
-1.78892168962796	-1.62502336512545	-1.3723926302648	-1.11490899056902
-1.78320425543228	-1.61655398540293	-1.36455575876004	-1.10841604963216
-1.77748682123661	-1.62842747136306	-1.35505167005132	-1.10827086718723
-1.77176938704093	-1.60555169717783	-1.35714738094562	-1.10162395738986
-1.76605195284526	-1.6117161120936	-1.35356322277127	-1.10274432167571
-1.76033451864959	-1.59683163684425	-1.34909773267551	-1.09896537757368
-1.75461708445391	-1.60267861845363	-1.34508451634501	-1.08093515531353
-1.74889965025824	-1.60116931707717	-1.33692537450124	-1.08097545960195
-1.74318221606256	-1.58618592962978	-1.33117693575752	-1.09359045801647
-1.73746478186689	-1.57771532027012	-1.32521149440565	-1.06320865565035
-1.73174734767121	-1.58680446038185	-1.32414111239326	-1.07862120458799
-1.72602991347554	-1.58442041019525	-1.31830070238538	-1.05992158638195
-1.72031247927986	-1.57821251309022	-1.3120384379027	-1.06439558924579
-1.71459504508419	-1.55976464099573	-1.31139214559684	-1.06308545714193
-1.70887761088851	-1.54277383065303	-1.29891441947537	-1.04682161081196
-1.70316017669284	-1.56726613445013	-1.3038741740659	-1.0472966740315
-1.69744274249717	-1.55756322736848	-1.29826261931127	-1.02901625662309
-1.69172530830149	-1.55027582920951	-1.29697746529964	-1.03852822749628
-1.68600787410582	-1.54593596401441	-1.29094528273788	-1.02708116684321
-1.68029043991014	-1.54868064702847	-1.28228194636004	-1.03081332274167
-1.67457300571447	-1.53102518493249	-1.27583463927339	-1.03038855612385
-1.66885557151879	-1.53265756473798	-1.27584514251804	-1.01983035917206
-1.66313813732312	-1.52548035019405	-1.26660653341083	-1.01797931450365
-1.65742070312744	-1.53037877395362	-1.27179378804841	-1.02100610814889
-1.65170326893177	-1.50865204147554	-1.26611377724746	-1.0090152065386
-1.64598583473609	-1.52688532545388	-1.25598622991615	-1.00901817825288
-1.64026840054042	-1.51664349483635	-1.25535809720064	-1.00976565219435
-1.63455096634475	-1.51026610171287	-1.24731272383323	-1.00185305785043
-1.62883353214907	-1.51236250499242	-1.24797241702906	-0.988876610265835
-1.6231160979534	-1.49649772931832	-1.24019782510957	-0.981381557263089
-1.61739866375772	-1.49795330523468	-1.23983276587869	-0.990359777346744
-1.61168122956205	-1.48395391946579	-1.23297525792281	-0.985478882468708
-1.60596379536637	-1.4866417163353	-1.2326315061791	-0.985535698337352
-1.6002463611707	-1.47942475260848	-1.22346201881397	-0.982785982978274
-1.59452892697502	-1.47797573049276	-1.22086890065686	-0.963182088345071
-1.58881149277935	-1.46221375941643	-1.21411282660376	-0.965133157317395
-1.58309405858367	-1.46070578457117	-1.20898857201617	-0.954285835467272
-1.577376624388	-1.44828497150731	-1.21232604472622	-0.960165759855377
-1.57165919019233	-1.45968408750237	-1.20025049691518	-0.955663771829253
-1.56594175599665	-1.4632766010122	-1.20437715986827	-0.941561583483829
-1.56022432180098	-1.45264991878009	-1.19967468700665	-0.937211535693311
-1.5545068876053	-1.44797959300454	-1.18699899934109	-0.940742121597108
-1.54878945340963	-1.43152039269288	-1.18623771474137	-0.930587207572105
-1.54307201921395	-1.43643077818342	-1.18560668018391	-0.933621704257993
-1.53735458501828	-1.41978847436168	-1.17992081574798	-0.927118623915718
-1.5316371508226	-1.42071575147172	-1.17786433456024	-0.929651451491318
-1.52591971662693	-1.42294658788704	-1.16857279046758	-0.912818754466753
-1.52020228243125	-1.41061963151933	-1.17283759413316	-0.913051246216179
-1.51448484823558	-1.42523013130936	-1.16377574230318	-0.923237555521925
-1.50876741403991	-1.40855032932739	-1.15714124604932	-0.906760380576704
-1.50304997984423	-1.41811099383264	-1.15266638903562	-0.88680536894185
-1.49733254564856	-1.39639671840743	-1.15096645962027	-0.898370580674569
-1.49161511145288	-1.39124234579032	-1.15084706053718	-0.909239237733846
-1.48589767725721	-1.38285350765849	-1.13620000694384	-0.884693820367785
-1.48018024306153	-1.37813699779385	-1.13632162877993	-0.883430899192121
-1.47446280886586	-1.37517983999158	-1.1302982387922	-0.869366058831856
-1.46874537467018	-1.3725899784306	-1.12616922387774	-0.866641065151802
-1.46302794047451	-1.37476781725803	-1.12159732487869	-0.881751687605465
-1.45731050627883	-1.37574417829593	-1.1207978576789	-0.876576069025444
-1.45159307208316	-1.36080682163741	-1.12072407893806	-0.876737333041368
-1.44587563788749	-1.35984445488032	-1.11736409595338	-0.872462395962055
-1.44015820369181	-1.36042652649192	-1.104110213524	-0.854630732053895
-1.43444076949614	-1.3570254604547	-1.10578093152609	-0.836860891941895
-1.42872333530046	-1.34970942834886	-1.09896184974159	-0.86594758473008
-1.42300590110479	-1.34147351050081	-1.09584566448053	-0.84119286833829
-1.41728846690911	-1.34836586673707	-1.09031981348956	-0.842584567212311
-1.41157103271344	-1.32780071235641	-1.08460062674278	-0.842222235175551
-1.40585359851776	-1.32654107328648	-1.08280317500886	-0.828066846504147
-1.40013616432209	-1.31707951271731	-1.07096663230844	-0.833351960584363
-1.39441873012641	-1.3203596860202	-1.07824459120512	-0.833642823118614
-1.38870129593074	-1.32148796042427	-1.06665461998945	-0.829292385187116
-1.38298386173507	-1.30623834278889	-1.0614230718277	-0.816106040920221
-1.37726642753939	-1.29930386656643	-1.0625984010136	-0.838741579272039
-1.37154899334372	-1.3051001927965	-1.0541410120501	-0.805476132744649
-1.36583155914804	-1.28861796532639	-1.0482879503703	-0.811213438204767
-1.36011412495237	-1.29677562954023	-1.0471913033095	-0.797128297780091
-1.35439669075669	-1.28655561534431	-1.04634933793424	-0.795972812416916
-1.34867925656102	-1.27936441011075	-1.04173268639184	-0.799845042133806
-1.34296182236534	-1.28818756286941	-1.04040431681217	-0.8099669463565
-1.33724438816967	-1.26890189882077	-1.03094359694514	-0.782883711721238
-1.33152695397399	-1.28516669068111	-1.02751746645165	-0.772754436290615
-1.32580951977832	-1.27479218403525	-1.02333970334851	-0.765902590934242
-1.32009208558265	-1.26485030499928	-1.02573948107575	-0.781383348984444
-1.31437465138697	-1.27195814428159	-1.00980727017336	-0.759759881118148
-1.3086572171913	-1.24171451648272	-1.01216115202347	-0.768424002283745
-1.30293978299562	-1.25017273423912	-1.00510003032626	-0.775068147073168
-1.29722234879995	-1.24999565590164	-1.00371384705782	-0.764256525577067
-1.29150491460427	-1.24369449451364	-1.00106185575328	-0.746052149843388
-1.2857874804086	-1.24651244787055	-0.992344325758556	-0.746978762735375
-1.28007004621292	-1.23851119511348	-0.989933047342909	-0.734528505551819
-1.27435261201725	-1.24333808436572	-0.98279301643249	-0.74236969648108
-1.26863517782157	-1.23557359729674	-0.98246019750594	-0.728756460390283
-1.2629177436259	-1.22064168847	-0.971247426158244	-0.721736364896179
-1.25720030943023	-1.21977706853804	-0.973766403610336	-0.728045378568986
-1.25148287523455	-1.20893466065909	-0.96545353520165	-0.723169181408194
-1.24576544103888	-1.21010100554065	-0.962332194913112	-0.72253917238236
-1.2400480068432	-1.22155286953559	-0.961632308788178	-0.720148314485754
-1.23433057264753	-1.1992764232549	-0.950317073614174	-0.721942042497558
-1.22861313845185	-1.19138595793285	-0.953534595124425	-0.713392705424369
-1.22289570425618	-1.18721790326637	-0.944433848139634	-0.711039021362124
-1.2171782700605	-1.19052877016013	-0.942583553680863	-0.682451980732907
-1.21146083586483	-1.17443486937053	-0.930616156258001	-0.700547557264751
-1.20574340166915	-1.16573582437247	-0.934210225245104	-0.685579390394359
-1.20002596747348	-1.16439762017457	-0.930818728002649	-0.688744509934978
-1.19430853327781	-1.1699556582829	-0.926601247866238	-0.685560813917804
-1.18859109908213	-1.16659208484524	-0.92317944954864	-0.678828287102705
-1.18287366488646	-1.17016683541363	-0.913364283750006	-0.660920702281674
-1.17715623069078	-1.13863141601026	-0.909375660153334	-0.671349876259343
-1.17143879649511	-1.16133042279694	-0.90917384666671	-0.666875649927433
-1.16572136229943	-1.14467191308298	-0.906604966822687	-0.656624652507953
-1.16000392810376	-1.1557722542932	-0.892266587525203	-0.662707412332916
-1.15428649390808	-1.13830457520547	-0.901404894486981	-0.658725508394992
-1.14856905971241	-1.12985978735655	-0.892448441984686	-0.657279175430182
-1.14285162551673	-1.12307312034385	-0.885635692783421	-0.64472404345423
-1.13713419132106	-1.12523516593681	-0.888187124423341	-0.636761056976878
-1.13141675712539	-1.12356477059834	-0.881188331208124	-0.640147477310348
-1.12569932292971	-1.13197920175168	-0.867526083423425	-0.626811991530754
-1.11998188873404	-1.12539587378613	-0.871703166541613	-0.622497471252684
-1.11426445453836	-1.11120631759993	-0.865315987548176	-0.620986950029831
-1.10854702034269	-1.10605935658351	-0.864430007654015	-0.616839632542577
-1.10282958614701	-1.10295668326965	-0.853329025276791	-0.607793499255105
-1.09711215195134	-1.09365385854377	-0.850982263059375	-0.616454227167573
-1.09139471775566	-1.08551667556797	-0.848803319684828	-0.607885232163206
-1.08567728355999	-1.08705515111384	-0.849253435157881	-0.59738479837523
-1.07995984936431	-1.07787500980181	-0.843575157452075	-0.599349608878012
-1.07424241516864	-1.07132601083685	-0.831750308631179	-0.588424237902667
-1.06852498097297	-1.0627648890623	-0.8306676795078	-0.586658957280078
-1.06280754677729	-1.06653539929007	-0.829359384795625	-0.597301061606323
-1.05709011258162	-1.06562988725523	-0.829253513804018	-0.586789582016906
-1.05137267838594	-1.06409744233824	-0.817360567929474	-0.57012658496797
-1.04565524419027	-1.06446437547513	-0.81702363926924	-0.574854265291581
-1.03993780999459	-1.05825490429694	-0.805584010299895	-0.561047067260171
-1.03422037579892	-1.04137935697465	-0.809565154815313	-0.569549082566231
-1.02850294160324	-1.0434953518902	-0.805330324855336	-0.571545249188454
-1.02278550740757	-1.04795369353736	-0.805496507342896	-0.564542046148459
-1.01706807321189	-1.04148584349486	-0.793124372561852	-0.554667098261866
-1.01135063901622	-1.02305041203101	-0.794023280784168	-0.546657611495858
-1.00563320482055	-1.03598616310385	-0.785757544097492	-0.552575968363697
-0.999915770624871	-1.01595910158912	-0.783409016314562	-0.548821438039579
-0.994198336429197	-1.00433258357905	-0.77080247455723	-0.536216356189783
-0.988480902233522	-1.0038700319748	-0.775848628872554	-0.536548764500982
-0.982763468037848	-0.999460949450703	-0.766374384400203	-0.516304566244362
-0.977046033842173	-1.0123201481789	-0.767569285066605	-0.523814915087255
-0.971328599646498	-0.994065553766859	-0.759352060181182	-0.52697626289117
-0.965611165450824	-0.98728948748242	-0.763650457901033	-0.504684327859453
-0.959893731255149	-1.00000024438495	-0.746361954250253	-0.499144913988311
-0.954176297059475	-0.993987380807097	-0.742375025607616	-0.499976460353745
-0.9484588628638	-0.979616721966544	-0.748357955337205	-0.51905149459832
-0.942741428668126	-0.976923940536062	-0.735641093136198	-0.492949716057373
-0.937023994472451	-0.982221557537074	-0.736173495420359	-0.500805672926835
-0.931306560276777	-0.96644032913716	-0.732841973132441	-0.489831167754833
-0.925589126081102	-0.962919857066338	-0.72348782399418	-0.486016284343673
-0.919871691885428	-0.954283640466305	-0.723600552303756	-0.479625465177301
-0.914154257689753	-0.95532490567865	-0.717096470025095	-0.478994829696678
-0.908436823494078	-0.946948504555539	-0.710942597111473	-0.471709963935264
-0.902719389298404	-0.943519455713148	-0.710180640497029	-0.486896228320196
-0.897001955102729	-0.94692427561819	-0.69859233332716	-0.463132623366781
-0.891284520907055	-0.935012540551392	-0.70462695547187	-0.454701519237063
-0.88556708671138	-0.945471013519135	-0.700576899515273	-0.470154760062468
-0.879849652515706	-0.924297585836566	-0.687773361945831	-0.453369620186168
-0.874132218320031	-0.92463505234707	-0.683622117458117	-0.436338326059834
-0.868414784124357	-0.920493006965583	-0.686685371369119	-0.445700375185063
-0.862697349928682	-0.9224704659677	-0.673535888215362	-0.435121101637918
-0.856979915733008	-0.91996346577412	-0.680487069061828	-0.44744050490176
-0.851262481537333	-0.915522516254066	-0.676743942963524	-0.423535907044955
-0.845545047341658	-0.89349241385874	-0.665425446975513	-0.422515920538342
-0.839827613145984	-0.896299742411244	-0.662806803271586	-0.418164704831756
-0.834110178950309	-0.898030529756304	-0.655643171154797	-0.420954523516304
-0.828392744754635	-0.895531764160679	-0.65888063972543	-0.422556097125815
-0.82267531055896	-0.872946641411929	-0.648617716736924	-0.415412056134177
-0.816957876363286	-0.882242129017474	-0.642732633176279	-0.39061841239164
-0.811240442167611	-0.872929534844566	-0.643716328555661	-0.407704728367269
-0.805523007971937	-0.863749432272955	-0.634335397623993	-0.398480916738941
-0.799805573776262	-0.870032264251119	-0.62628358045669	-0.396369572566192
-0.794088139580588	-0.869430964835654	-0.632576849946135	-0.37511618657741
-0.788370705384913	-0.872946305269863	-0.621636713096569	-0.393628433880099
-0.782653271189238	-0.847613783275984	-0.625768987470398	-0.390002393056698
-0.776935836993564	-0.866410802515996	-0.617234247331601	-0.381876568139885
-0.77121840279789	-0.858122670289334	-0.605464335524101	-0.375697870021186
-0.765500968602215	-0.837725910359148	-0.601439572832883	-0.367324919267186
-0.75978353440654	-0.839731634255293	-0.599405045058266	-0.364640778941937
-0.754066100210866	-0.844787758796635	-0.599217819527337	-0.369750561124673
-0.748348666015191	-0.829767632579337	-0.586712275257429	-0.351567594673661
-0.742631231819517	-0.836588716265257	-0.592360172953217	-0.3544407040323
-0.736913797623842	-0.822614414508735	-0.586391891112887	-0.354452207046075
-0.731196363428168	-0.832036740326756	-0.578163807219067	-0.33691987472326
-0.725478929232493	-0.811756630810696	-0.575380650306822	-0.340148640018776
-0.719761495036819	-0.814722275530269	-0.570355140749582	-0.334531415043822
-0.714044060841144	-0.80883002951928	-0.573687302887964	-0.338458628923641
-0.70832662664547	-0.801485377207992	-0.56535136988849	-0.328820904575121
-0.702609192449795	-0.791723026216379	-0.562198964905406	-0.32094552859557
-0.69689175825412	-0.799086131383699	-0.555119923210443	-0.317992820916972
-0.691174324058446	-0.792970102996854	-0.554334645950916	-0.323658153826602
-0.685456889862771	-0.782894766406184	-0.547632522904753	-0.321537796874966
-0.679739455667097	-0.77411934500043	-0.546182158918668	-0.308523846340246
-0.674022021471422	-0.769358184470514	-0.535160711707533	-0.297791869705875
-0.668304587275748	-0.773677260440088	-0.53936273114478	-0.304848355511291
-0.662587153080073	-0.768892063276818	-0.527427183334392	-0.302331379236506
-0.656869718884399	-0.767728604086722	-0.526609138127668	-0.280602288605596
-0.651152284688724	-0.753390993386478	-0.522873829587334	-0.286632176468416
-0.645434850493049	-0.759328446165462	-0.514987868974366	-0.273033400575152
-0.639717416297375	-0.755062471234327	-0.514383155645432	-0.289830974353942
-0.6339999821017	-0.756126821663928	-0.511094344981022	-0.274068150411896
-0.628282547906026	-0.743139302727157	-0.5079259423099	-0.270885401655405
-0.622565113710351	-0.733753418483524	-0.498459131297525	-0.273623941192239
-0.616847679514677	-0.721049228696287	-0.494674345750702	-0.263380033166491
-0.611130245319002	-0.722593522348157	-0.493898353429224	-0.254818265926991
-0.605412811123328	-0.728174832053792	-0.488487968329923	-0.258735991771546
-0.599695376927653	-0.721869542121011	-0.480505407063169	-0.252838180937112
-0.593977942731978	-0.718837953591431	-0.481245436838474	-0.239929384511453
-0.588260508536304	-0.715472748471791	-0.479281339706224	-0.253295491377742
-0.58254307434063	-0.698007406345171	-0.468484959076247	-0.248715740608164
-0.576825640144955	-0.706846705970012	-0.467421707410025	-0.234140545284259
-0.57110820594928	-0.700219029441994	-0.46831291586597	-0.22891947408276
-0.565390771753606	-0.692610182497881	-0.462950017207781	-0.226676089165541
-0.559673337557931	-0.696679708951537	-0.457481262674574	-0.217782153422438
-0.553955903362257	-0.677212940544697	-0.45348703728945	-0.219299402098186
-0.548238469166582	-0.671454267707402	-0.445518299531314	-0.218323202753678
-0.542521034970908	-0.66603164897744	-0.439161340254646	-0.208663007608716
-0.536803600775233	-0.666878812362183	-0.441922236646519	-0.205582472787227
-0.531086166579559	-0.670620582128571	-0.437145807799084	-0.197544174879825
-0.525368732383884	-0.66601914625412	-0.433405401048838	-0.195987608071718
-0.51965129818821	-0.66263669977876	-0.423631582904912	-0.188283311932015
-0.513933863992535	-0.66878816710897	-0.42131568714011	-0.185787683515053
-0.50821642979686	-0.640973053901776	-0.414570152198609	-0.175341922847075
-0.502498995601186	-0.659856568416272	-0.412700175612075	-0.173464656665715
-0.496781561405511	-0.637030150350906	-0.410434670251471	-0.176988855200924
-0.491064127209837	-0.645531675276501	-0.401262506536976	-0.170009941069253
-0.485346693014162	-0.616937344848647	-0.398423384615705	-0.165141093540919
-0.479629258818488	-0.632176793702612	-0.397138458055085	-0.160594491525933
-0.473911824622813	-0.621713052595582	-0.386223041257963	-0.156347845364155
-0.468194390427139	-0.612246158888556	-0.387280251392302	-0.15736531358706
-0.462476956231464	-0.624529834215446	-0.388943717788012	-0.151709468088
-0.45675952203579	-0.616860791129733	-0.375330436408319	-0.14726104572928
-0.451042087840115	-0.603883306703883	-0.371382138383923	-0.134906136643609
-0.44532465364444	-0.594526542367768	-0.369085794134679	-0.143963497358398
-0.439607219448766	-0.59401213204227	-0.366252454067275	-0.135634490245614
-0.433889785253091	-0.587292282205817	-0.356597076324583	-0.129480828770021
-0.428172351057417	-0.580139015519165	-0.349786959056716	-0.13003006862447
-0.422454916861742	-0.575288747409983	-0.360345874295366	-0.118308655081115
-0.416737482666068	-0.590687363061737	-0.349580019628495	-0.117155569327315
-0.411020048470393	-0.563014894714821	-0.340264339073788	-0.121827427536076
-0.405302614274719	-0.573904592993251	-0.338801756107802	-0.100393713044069
-0.399585180079044	-0.55173713380062	-0.33380360430791	-0.118421394766427
-0.39386774588337	-0.554883817319673	-0.329908547037166	-0.0995910999875407
-0.388150311687695	-0.552828994247905	-0.325544380743364	-0.0906256531423855
-0.38243287749202	-0.555177118050068	-0.320353836877459	-0.0864727660433906
-0.376715443296346	-0.561679165224697	-0.31637838841016	-0.088335001836402
-0.370998009100671	-0.543176910392112	-0.310772696116566	-0.0883982394998505
-0.365280574904997	-0.540944086272884	-0.310249958554851	-0.080061866681274
-0.359563140709322	-0.530465553229101	-0.303291151911871	-0.0862954825121228
-0.353845706513648	-0.5348120877901	-0.300372977839243	-0.0751240048799075
-0.348128272317973	-0.520924599882408	-0.300068929053702	-0.0722071390550719
-0.342410838122299	-0.518674466874274	-0.294004710478453	-0.0558596701892053
-0.336693403926624	-0.534598488096314	-0.287294231296893	-0.0705167000581377
-0.33097596973095	-0.509950697616816	-0.283279698857281	-0.0536976948976337
-0.325258535535275	-0.507102907112463	-0.280933037260056	-0.0423880487603603
-0.319541101339601	-0.512763861267869	-0.27727035386599	-0.0477203925604171
-0.313823667143926	-0.494737685079278	-0.270538646974499	-0.044869161449284
-0.308106232948251	-0.496422941425024	-0.267340347732854	-0.0446095673782718
-0.302388798752577	-0.502612304835592	-0.269226269988153	-0.0286867847675935
-0.296671364556902	-0.498145995461255	-0.251303861395027	-0.0293082290951253
-0.290953930361228	-0.483957815945107	-0.257968966849491	-0.0202337164624612
-0.285236496165553	-0.490561046633968	-0.250395739468859	-0.0209773265745962
-0.279519061969879	-0.475564901026478	-0.248034873671538	-0.0232497494646525
-0.273801627774204	-0.474054563684352	-0.243939485879806	0.000531030838648717
-0.26808419357853	-0.471817725089415	-0.241869273717806	-0.0128716868895723
-0.262366759382855	-0.467703473317374	-0.237388398244339	-0.00848109058799986
-0.256649325187181	-0.458478194602043	-0.22469739535064	0.00768259962096415
-0.250931890991506	-0.459478099347718	-0.23128445916356	-0.00673192435702132
-0.245214456795831	-0.448035347389777	-0.219419145157003	0.0102564228877914
-0.239497022600157	-0.441419622771562	-0.216348569082475	0.023303043855225
-0.233779588404482	-0.454508964244665	-0.205705019773421	0.0159187895065427
-0.228062154208808	-0.435282634318588	-0.212685461501472	0.023163174545824
-0.222344720013133	-0.439034438196912	-0.20388266693931	0.019618529528647
-0.216627285817459	-0.4276222572167	-0.199396823765222	0.0295909774952842
-0.210909851621784	-0.42701089744483	-0.199757326159655	0.0314175937825105
-0.20519241742611	-0.422073627865982	-0.187734654457479	0.0497386682204096
-0.199474983230435	-0.411969779875518	-0.182992424342913	0.0419393022081275
-0.19375754903476	-0.402397011204925	-0.182435821348595	0.0424979614180354
-0.188040114839086	-0.40858417104909	-0.179184924926837	0.0526169766934706
-0.182322680643412	-0.392862761803433	-0.174248356639646	0.049047987064223
-0.176605246447737	-0.400412489142989	-0.171670039048479	0.0574499641579069
-0.170887812252062	-0.392748061323146	-0.165929438923642	0.062044069818475
-0.165170378056388	-0.39476673806613	-0.160635068434254	0.070516596801346
-0.159452943860713	-0.384771125903239	-0.15763829079517	0.0655956073340259
-0.153735509665039	-0.375789552110532	-0.149983113884772	0.0803909664472006
-0.148018075469364	-0.374939216178245	-0.147629038304175	0.0803231100485121
-0.14230064127369	-0.371658742241286	-0.139526978149524	0.0973917722837693
-0.136583207078015	-0.368895356456584	-0.140186687606482	0.105329821203242
-0.130865772882341	-0.365114897477669	-0.13630675071024	0.0851873164286805
-0.125148338686666	-0.360406065176791	-0.127978166529015	0.0934149506284302
-0.119430904490992	-0.357369413394276	-0.12546590882545	0.10395189945132
-0.113713470295317	-0.35244950738842	-0.123307953016269	0.108551238840373
-0.107996036099642	-0.338566287707354	-0.110293554416236	0.108384172001193
-0.102278601903968	-0.350589848578924	-0.113005503226614	0.117549490076713
-0.0965611677082934	-0.347280856851599	-0.110940574205386	0.109475816834363
-0.0908437335126189	-0.348977024382371	-0.107486374023673	0.11661569919698
-0.0851262993169442	-0.328198105224809	-0.102090306559585	0.118887988176595
-0.0794088651212697	-0.324413278547533	-0.100903862539453	0.131868251990036
-0.0736914309255952	-0.338723024240644	-0.0984709820313573	0.137000403207146
-0.0679739967299207	-0.314316267699657	-0.0895398938197214	0.143141023961449
-0.0622565625342462	-0.310665241053094	-0.0846985265190184	0.14916884821802
-0.0565391283385714	-0.304837545237857	-0.0729266394188005	0.142812883404003
-0.0508216941428969	-0.285474909391341	-0.0711251613868855	0.156725511769707
-0.0451042599472224	-0.313906611810308	-0.0765328796123874	0.14355177486166
-0.039386825751548	-0.293687759026134	-0.0615663341049727	0.160479941448808
-0.0336693915558735	-0.291391920843659	-0.0704491675792306	0.162418009651951
-0.0279519573601987	-0.286597437079687	-0.0619230638577108	0.168774823178057
-0.0222345231645242	-0.270694095772126	-0.0525384731710719	0.191617614294877
-0.0165170889688497	-0.279599956130426	-0.0543823147409139	0.180686130633678
-0.0107996547731752	-0.275517717592683	-0.0444540518676096	0.175876237267702
-0.00508222057750074	-0.26391622143734	-0.0447669607542986	0.180329652574582
0.00063521361817398	-0.270600917674992	-0.034771667020735	0.181253776723453
0.00635264781384848	-0.269780352006187	-0.0331729719410648	0.184044464980211
0.012070082009523	-0.250247473701351	-0.0336138626184159	0.195309777871926
0.0177875162051975	-0.249057058763215	-0.0203854549767935	0.208528848885686
0.023504950400872	-0.256850545048989	-0.0207554922060771	0.205261202874859
0.0292223845965467	-0.247232326299951	-0.0153919311857668	0.203825985264471
0.0349398187922212	-0.237604059716678	-0.0107357536294664	0.213683992178042
0.0406572529878957	-0.234230771200634	-0.0100113523110504	0.205651274638371
0.0463746871835702	-0.234247977234817	-0.00416418879101933	0.220704677316365
0.0520921213792447	-0.224743679975167	0.000663164127088071	0.223182133512897
0.0578095555749194	-0.213833725004476	-0.00210439409769471	0.226701348314756
0.0635269897705939	-0.214366508052227	0.0109453872943447	0.243907961951322
0.0692444239662684	-0.204504225741589	0.0165511914602479	0.24042812377647
0.0749618581619429	-0.221951850477072	0.0196659302256134	0.253797423689627
0.0806792923576174	-0.21151784089297	0.0195783083241022	0.248587775893688
0.0863967265532921	-0.201850540152028	0.0236129043829059	0.256887985200631
0.0921141607489666	-0.192689275588458	0.0254620084270141	0.251985340796197
0.0978315949446413	-0.19947422157928	0.0317007026295696	0.255172666525908
0.103549029140316	-0.203594520746562	0.034496241846325	0.257935296845874
0.10926646333599	-0.189915320602498	0.0442561622183855	0.278745541704861
0.114983897531665	-0.174475952524671	0.0470071543800226	0.267109344139384
0.120701331727339	-0.18055971169453	0.045600948420059	0.271073943642133
0.126418765923014	-0.16585388116501	0.0559704134346697	0.282049140262374
0.132136200118688	-0.161390394420484	0.060968682601851	0.288141447989375
0.137853634314363	-0.163223617427671	0.0658770183752936	0.285861531907315
0.143571068510037	-0.141845848166868	0.0714012843820517	0.288010883210214
0.149288502705712	-0.160230398416198	0.0792661821891692	0.287231560287395
0.155005936901387	-0.145272713646496	0.072083711686109	0.289294995446969
0.160723371097061	-0.137461154832551	0.0860034728020471	0.308464187361793
0.166440805292736	-0.137262660498925	0.0782708141739941	0.298810711607705
0.17215823948841	-0.143982079732322	0.0796481693531277	0.323534954756564
0.177875673684085	-0.132479955176099	0.0887666284615709	0.322783879311166
0.183593107879759	-0.130218096107181	0.102209589111351	0.312583044848034
0.189310542075434	-0.117723744189067	0.0999948083764529	0.323823667311983
0.195027976271108	-0.117532851355444	0.105280294097597	0.327620740793748
0.200745410466783	-0.117797133878043	0.107102730170629	0.345947245599675
0.206462844662457	-0.108389212842279	0.117866886570074	0.333886733516965
0.212180278858132	-0.116115889538	0.11816654102838	0.361876130082377
0.217897713053806	-0.0978360196981367	0.122827692847342	0.346671429330492
0.223615147249481	-0.0882423431447518	0.12700434733158	0.350419041363127
0.229332581445155	-0.095029881816983	0.128530604818151	0.363580201834862
0.23505001564083	-0.0803414207526011	0.13113810116473	0.36158605352181
0.240767449836505	-0.0888988875326844	0.135341828836135	0.362802312980225
0.246484884032179	-0.0749599541821292	0.145689514109983	0.361566012367301
0.252202318227854	-0.0762109941801934	0.143785540980081	0.37329994402671
0.257919752423528	-0.0613265462559051	0.157149369133997	0.370516902056731
0.263637186619203	-0.0593069407613123	0.157263015928879	0.383751840964098
0.269354620814878	-0.0745183977805514	0.157570043293163	0.383626970012367
0.275072055010552	-0.0585954160315395	0.164246550879118	0.395501003188935
0.280789489206227	-0.048853763227165	0.169817710062453	0.387789359869773
0.286506923401901	-0.050082006951924	0.174580208909213	0.40238486312347
0.292224357597576	-0.0513784536034429	0.177962234897647	0.414434293182766
0.29794179179325	-0.0392346599370235	0.185429579251772	0.410976524256404
0.303659225988925	-0.0361689562767134	0.180113017421178	0.397732976285604
0.309376660184599	-0.0327363694667907	0.188534667407588	0.410419692551676
0.315094094380274	-0.0301205801906327	0.194563258833872	0.422536082344087
0.320811528575948	-0.0185540457688979	0.199605973766404	0.42815749869019
0.326528962771623	-0.0133026844486487	0.204317832665438	0.421028460427689
0.332246396967297	-0.0112938933429355	0.210557685369817	0.443172459847832
0.337963831162972	-0.00630653382226348	0.207701055502906	0.428010196118046
0.343681265358646	-0.0088098108021342	0.212168357653822	0.431147364273154
0.349398699554321	-0.00545893855413953	0.220950508522365	0.440775840139135
0.355116133749996	0.0104154406795037	0.225750645813365	0.453094162841956
0.36083356794567	0.00933406654771485	0.231858693271238	0.453725578839045
0.366551002141345	0.0126407301411546	0.228633217342255	0.452315601163793
0.372268436337019	0.0122942217635466	0.239872910955663	0.469684721156126
0.377985870532694	0.0221191288047836	0.239999372502739	0.456780514841957
0.383703304728368	0.0130594575628061	0.242869250655362	0.466862705966093
0.389420738924043	0.0360117797082835	0.242939375388518	0.463583525831716
0.395138173119717	0.02453312956164	0.249501082531108	0.472477914671467
0.400855607315392	0.051142413729292	0.256933090104966	0.491583458113415
0.406573041511066	0.0305676893592779	0.256310146978586	0.484580654421356
0.412290475706741	0.0560355811568654	0.266348492487546	0.500588198386947
0.418007909902415	0.0464251486664906	0.27480468382978	0.488945075853414
0.42372534409809	0.0435025160600665	0.270610632507122	0.504737655027025
0.429442778293764	0.0500754553781438	0.279053971040788	0.510867474657437
0.435160212489439	0.0691827232767503	0.28548272514552	0.510718509305455
0.440877646685114	0.0748927513205035	0.292734196360387	0.508161586821283
0.446595080880788	0.061175573785509	0.290630050470067	0.509493401637908
0.452312515076463	0.077716214442942	0.294365779612938	0.503945762576388
0.458029949272137	0.0688249346071838	0.301255831313612	0.523895949323787
0.463747383467812	0.0846814864294557	0.30350815655771	0.53185047142646
0.469464817663487	0.0863170719221231	0.306795398043093	0.514870956746806
0.475182251859161	0.0986701776102545	0.31490237613341	0.526788613002784
0.480899686054836	0.0978433205262421	0.318771720236833	0.531659582192752
0.48661712025051	0.0980737593045759	0.318506103640356	0.542862366989911
0.492334554446185	0.106249212077706	0.326303883890928	0.550241493877142
0.498051988641859	0.108141095657389	0.334135899104277	0.554852639633344
0.503769422837534	0.118418950681879	0.339127186518379	0.565477004507708
0.509486857033208	0.101865695962702	0.335197587004448	0.554912737963639
0.515204291228883	0.122303059069023	0.342971221867895	0.571968403049242
0.520921725424557	0.110086531079296	0.345614186348412	0.58247676211836
0.526639159620232	0.134015596057176	0.344740373369509	0.572453124230664
0.532356593815906	0.132959961550498	0.35623218049699	0.58079261632735
0.538074028011581	0.145875412044786	0.363380895794622	0.585792781230029
0.543791462207255	0.132680685095068	0.363716506045573	0.584330992115024
0.54950889640293	0.152133325039046	0.368936287249492	0.584584344352504
0.555226330598605	0.14575180033747	0.377428299552108	0.593233855533852
0.560943764794279	0.151894058430416	0.377442102408723	0.602500860601775
0.566661198989954	0.160504392163332	0.384050371092196	0.60330921833972
0.572378633185628	0.162855366284813	0.389403623941458	0.607193364742521
0.578096067381303	0.17206717024723	0.3920439041223	0.611502795684564
0.583813501576977	0.163599167302834	0.398401049001736	0.634035429070722
0.589530935772652	0.185546781836333	0.401178273774661	0.632314221491142
0.595248369968326	0.17529706269936	0.404985945284442	0.624347286259191
0.600965804164001	0.187924876209311	0.40449014171059	0.630383920049862
0.606683238359675	0.176210110636038	0.406410103206452	0.635201052452775
0.61240067255535	0.197969362939547	0.413158699833976	0.652961761172303
0.618118106751024	0.190759503032953	0.421312805014431	0.644333411064473
0.623835540946699	0.195357514491641	0.422514087891296	0.659858961363097
0.629552975142373	0.201609546135763	0.42622249905802	0.646127168675015
0.635270409338048	0.215406091490924	0.430660582091533	0.656510801233301
0.640987843533723	0.207668478624603	0.435367180953161	0.663361914846143
0.646705277729397	0.219633843009529	0.437382162642909	0.658262195560327
0.652422711925072	0.219338273853894	0.440143200563262	0.670858273385597
0.658140146120747	0.210981681353867	0.448435349675522	0.672290123063816
0.663857580316421	0.229139900950812	0.44908830259037	0.686700238463478
0.669575014512096	0.235459945129707	0.457813891074202	0.687962196733428
0.67529244870777	0.248057002152433	0.466651658580545	0.682765989128335
0.681009882903445	0.242443226557164	0.465481006997629	0.687272236931306
0.686727317099119	0.25097263586952	0.469350882618266	0.692174719730609
0.692444751294794	0.24843794658339	0.472105393861301	0.686004778060503
0.698162185490468	0.264677162419313	0.47749724633312	0.705386606954838
0.703879619686143	0.251774356101062	0.486778961093109	0.709855297128822
0.709597053881817	0.261190863094469	0.490699728321795	0.707546710079764
0.715314488077492	0.275579296119773	0.496182258196661	0.717694271167798
0.721031922273166	0.263530729313387	0.495610966909628	0.719325376164178
0.726749356468841	0.282200045177904	0.499258850984743	0.724744422184485
0.732466790664515	0.282443476319522	0.505697195669508	0.725976139195359
0.73818422486019	0.28016069183382	0.512085179304273	0.744659253759825
0.743901659055865	0.293559915349823	0.508843332754344	0.72709097149727
0.749619093251539	0.294477444250692	0.517605385781627	0.746577807435383
0.755336527447214	0.303695882027371	0.519390739386479	0.757204949045722
0.761053961642888	0.297899848622024	0.520131880649823	0.756605995250226
0.766771395838563	0.301280295338406	0.529080296585453	0.754192583070017
0.772488830034237	0.30527545239087	0.533430834969758	0.753628743386501
0.778206264229912	0.316259776925794	0.537843372453183	0.770166608876384
0.783923698425586	0.313926115623898	0.540819310267119	0.77634682844857
0.789641132621261	0.309602590436118	0.544214986243343	0.774073521753689
0.795358566816935	0.320349726305325	0.549937737327665	0.767956652527904
0.80107600101261	0.324739171604373	0.557645518281904	0.772252601642095
0.806793435208284	0.331678028184679	0.558493274947406	0.781354540104327
0.812510869403959	0.335475969103019	0.559229089830722	0.788750752388545
0.818228303599633	0.353244373643753	0.572911368386954	0.792174275036272
0.823945737795308	0.334888624128151	0.567690118796172	0.797733831107035
0.829663171990983	0.347417204021419	0.579088314261977	0.790473741598933
0.835380606186657	0.362622218752339	0.577416118883011	0.789444226576395
0.841098040382332	0.369929839352224	0.579503729062139	0.803177257412929
0.846815474578006	0.370210118057634	0.591060660686432	0.805983380638876
0.852532908773681	0.36625695123157	0.595117703407774	0.831738428818061
0.858250342969356	0.382932961807319	0.602762165105889	0.814229083861227
0.86396777716503	0.377908958309997	0.603355089775588	0.826815524802362
0.869685211360705	0.38611526719608	0.60843789661236	0.819469103698279
0.875402645556379	0.385261257024958	0.608381086388859	0.838831440265993
0.881120079752054	0.39693102515033	0.620456243020212	0.840828231677816
0.886837513947728	0.395061879741421	0.610675828945475	0.835732050369467
0.892554948143403	0.388136664109037	0.620544639126117	0.85356521649311
0.898272382339077	0.39813849677148	0.622437736107741	0.859329512357743
0.903989816534752	0.404152231538039	0.626609234402992	0.85198648709966
0.909707250730426	0.410675022899365	0.636610076288049	0.861830582573687
0.915424684926101	0.428773329592007	0.637718005263839	0.851612430945709
0.921142119121775	0.418685246087954	0.644578534801239	0.878854552650222
0.92685955331745	0.424424948783815	0.644257197925235	0.868346553043622
0.932576987513124	0.4330514622025	0.653745904712839	0.870927787910192
0.938294421708799	0.422390772501864	0.656251162991521	0.88260415647123
0.944011855904474	0.440983852332624	0.659058693013465	0.887542225849878
0.949729290100148	0.432075072318614	0.665843439461039	0.897136512233702
0.955446724295823	0.449055324994218	0.666093119185381	0.900810775592728
0.961164158491497	0.448549295827264	0.674569356249919	0.908253327684592
0.966881592687172	0.451222037468844	0.674486652051687	0.895863139211058
0.972599026882846	0.468603998981784	0.682908111619536	0.898672062234833
0.978316461078521	0.459140442188724	0.681745194209965	0.912581022837612
0.984033895274195	0.46263393487051	0.690477836906523	0.917299700844403
0.98975132946987	0.477986130165989	0.696650309208293	0.918045684614449
0.995468763665544	0.470869223220278	0.69584454268268	0.922125801334733
1.00118619786122	0.474548230649541	0.697811975182353	0.934390632827309
1.00690363205689	0.487848941918203	0.706919271369944	0.934910904967578
1.01262106625257	0.469189748336412	0.707341194956767	0.937496066307227
1.01833850044824	0.492463416862916	0.712904354178329	0.938516258561779
1.02405593464392	0.504377507456237	0.720313598724326	0.946485890978533
1.02977336883959	0.508971320372989	0.725304774181421	0.945568566077131
1.03549080303527	0.510472963043919	0.727869291139962	0.953381158803944
1.04120823723094	0.50198603103689	0.738112422886886	0.96192381653033
1.04692567142662	0.499882512520397	0.737592158166652	0.96493314226223
1.05264310562229	0.523947210461359	0.74507891784351	0.963258916827649
1.05836053981796	0.520686985689795	0.742353247493113	0.974389262813822
1.06407797401364	0.518919924648657	0.749139270554371	0.981691850327413
1.06979540820931	0.532856927051802	0.758656488487188	0.991100327379518
1.07551284240499	0.537865730180143	0.752127969031629	0.985238994553889
1.08123027660066	0.533785357655251	0.760304096770905	0.98729291137715
1.08694771079634	0.556149519175939	0.76545990340751	0.984230762736115
1.09266514499201	0.533809179828418	0.771315677225532	0.990279037554063
1.09838257918769	0.554049947882329	0.77514238803312	0.999298915668778
1.10410001338336	0.554669046009276	0.780641335901541	0.993839245224255
1.10981744757904	0.550055825475968	0.786031922379423	1.00837311611786
1.11553488177471	0.581851518501466	0.791978461880662	1.01154352859765
1.12125231597038	0.561897965704847	0.796925492518153	1.02022063789756
1.12696975016606	0.573180558571412	0.797731678926204	1.02264997667279
1.13268718436173	0.589587202014666	0.805391149197544	1.03272394927633
1.13840461855741	0.588527091361953	0.79813312437389	1.02080536819558
1.14412205275308	0.584987363203393	0.807448648501444	1.02917209203311
1.14983948694876	0.577003667589434	0.812772809669513	1.04124175118468
1.15555692114443	0.589791191175195	0.819093930402936	1.03702779803865
1.16127435534011	0.600756586483741	0.822799096394765	1.05265662338858
1.16699178953578	0.601795045307805	0.832943472196637	1.05882389734282
1.17270922373146	0.599950813798928	0.832301493743325	1.05816169550488
1.17842665792713	0.607726167361493	0.832643612451528	1.06508901297765
1.1841440921228	0.618284474771279	0.834680207461875	1.06430086366688
1.18986152631848	0.62959406956556	0.845395797834804	1.06737911812837
1.19557896051415	0.613294767375261	0.844353191720943	1.09375068632696
1.20129639470983	0.630245182362133	0.848384319234732	1.07543054441168
1.2070138289055	0.625721200420903	0.856384739015541	1.07692767477084
1.21273126310118	0.627187636645512	0.86094873520889	1.08249171391431
1.21844869729685	0.623090188630648	0.865080017371313	1.08510321987104
1.22416613149253	0.645720436848865	0.867399604030493	1.1015276841038
1.2298835656882	0.647917998274181	0.871749681000613	1.09756177195532
1.23560099988388	0.648680239993762	0.882693032102752	1.10337349020823
1.24131843407955	0.64630412041191	0.880431354540577	1.12059696917087
1.24703586827522	0.656579938066445	0.884859729763348	1.11098169265727
1.2527533024709	0.668888556385448	0.893498909316033	1.11389404570411
1.25847073666657	0.671768388208922	0.889743454268395	1.11451557874855
1.26418817086225	0.673767712016136	0.900925357326012	1.11942253235093
1.26990560505792	0.675887067292977	0.898011371798763	1.12173295080408
1.2756230392536	0.677300738969822	0.90526247077543	1.12928572439325
1.28134047344927	0.686770975971715	0.911817397847801	1.14794607515121
1.28705790764495	0.690872856604766	0.911989622251933	1.13823821365846
1.29277534184062	0.697496349371173	0.919375358463033	1.15038432632409
1.2984927760363	0.694764633030626	0.923382993903337	1.14629505926341
1.30421021023197	0.699920098289366	0.927956060862079	1.15041603421965
1.30992764442764	0.707156723724799	0.929401156996745	1.14684063246598
1.31564507862332	0.697204286149411	0.933000532676997	1.16408569424753
1.32136251281899	0.723148203353069	0.941301016991594	1.16397581246427
1.32707994701467	0.718591281503656	0.949535849981418	1.16909337764744
1.33279738121034	0.715789291838181	0.946122890949587	1.18098587158675
1.33851481540602	0.730605619277904	0.956961067370305	1.18347778536023
1.34423224960169	0.726055380749327	0.956720486975296	1.18983938805535
1.34994968379737	0.734387401777174	0.959453130357582	1.17710297807405
1.35566711799304	0.749017119965736	0.96819726211046	1.19641756593485
1.36138455218871	0.733011290557205	0.967874836264702	1.18740485293831
1.36710198638439	0.741696287274324	0.973774118402137	1.19592670699561
1.37281942058006	0.767992145265807	0.977466903537363	1.19672076691655
1.37853685477574	0.750944583984782	0.982062057289762	1.21039702477767
1.38425428897141	0.767749147748478	0.991539438574841	1.20627195763059
1.38997172316709	0.764905089611547	0.994017689033581	1.22360002653749
1.39568915736276	0.766900642899942	0.993415551430228	1.22662455565598
1.40140659155844	0.759649511629107	0.999288503964862	1.2354288709807
1.40712402575411	0.786567054495636	1.00925335087616	1.22999178464431
1.41284145994979	0.774840032909924	1.00945248132389	1.23306477790841
1.41855889414546	0.783482135951804	1.01442726804997	1.23827439399495
1.42427632834114	0.797024788346295	1.01762263064121	1.23482667115525
1.42999376253681	0.789032662941221	1.02592782217765	1.24376452254041
1.43571119673248	0.800527210791651	1.02480103970697	1.24554388024859
1.44142863092816	0.802634956874873	1.03140354887587	1.25972061964691
1.44714606512383	0.79927467209991	1.03286045199998	1.26818845464473
1.45286349931951	0.80737835192981	1.03764419753071	1.26795422610457
1.45858093351518	0.826571316426186	1.0429419578652	1.27621593317942
1.46429836771086	0.809719968381639	1.05397126216956	1.27686714442873
1.47001580190653	0.823546411625697	1.04671026969034	1.27782872241595
1.47573323610221	0.84389415332749	1.0557668655658	1.2890705930217
1.48145067029788	0.829803386819214	1.06157351751548	1.27715846952333
1.48716810449356	0.837084716757019	1.07211388440367	1.28013217641114
1.49288553868923	0.834825406431068	1.07138048190342	1.30239682122906
1.4986029728849	0.8389250474571	1.07056503588834	1.30846914833476
1.50432040708058	0.840160413921117	1.0715647340451	1.30429516836566
1.51003784127625	0.841138472358429	1.08080280886821	1.31160648401454
1.51575527547193	0.850268589378373	1.08808515245143	1.30690115836565
1.5214727096676	0.85167365829058	1.09132676516667	1.31809455030499
1.52719014386328	0.869681903073081	1.08716830407997	1.31969054813547
1.53290757805895	0.878170852941465	1.10046236915241	1.32328807783235
1.53862501225463	0.875743720702407	1.09999718327457	1.33686336498345
1.5443424464503	0.881798701594769	1.10525281204316	1.32470090372259
1.55005988064597	0.883027731571956	1.11053347818215	1.33000701207628
1.55577731484165	0.880716729678759	1.11398136332832	1.347277253554
1.56149474903732	0.901556281480085	1.12129603391196	1.33665409083214
1.567212183233	0.882142045867344	1.1290116508847	1.36404703456592
1.57292961742867	0.908005409714162	1.12959080370037	1.34818132894928
1.57864705162435	0.915307311687816	1.12827424292614	1.34772080446971
1.58436448582002	0.911883968822359	1.13772113233182	1.36165424952103
1.5900819200157	0.914986908963856	1.14210927030045	1.36692619132317
1.59579935421137	0.919073928232117	1.14493194050487	1.37704005886003
1.60151678840705	0.911803524238517	1.144854283619	1.35995528114858
1.60723422260272	0.92636821484831	1.15199275802594	1.38324974498704
1.6129516567984	0.941534145371573	1.15768614337143	1.37914049077493
1.61866909099407	0.937620976652592	1.15898616372412	1.38761128070927
1.62438652518974	0.936173703886638	1.16863394903502	1.39985272492718
1.63010395938542	0.946860168054254	1.17083192749571	1.40445615101064
1.63582139358109	0.938350316524618	1.17292739103829	1.41298667918235
1.64153882777677	0.963041783187041	1.17789079890877	1.43378741412757
1.64725626197244	0.954440554339828	1.18391848862115	1.41467631155099
1.65297369616812	0.967660672027619	1.18962497477007	1.4109761650826
1.65869113036379	0.961942810221948	1.19110702022811	1.42159974917435
1.66440856455947	0.961082423997661	1.1954596454106	1.41643926902697
1.67012599875514	0.971747083536606	1.19997635557689	1.42306453432552
1.67584343295082	0.965915708119928	1.2033626645899	1.41696683943826
1.68156086714649	0.971502376075975	1.21428101001514	1.44505586010185
1.68727830134216	0.992175957931113	1.2147852636851	1.43577157580272
1.69299573553784	0.988396414494567	1.22128156717713	1.45237241324642
1.69871316973351	0.988706137199075	1.22353954607247	1.4526556502109
1.70443060392919	1.00281667813566	1.22341491013387	1.44652575520022
1.71014803812486	0.999428228278755	1.22630852317891	1.46781949787554
1.71586547232054	0.998007273050859	1.23433709944137	1.47286967153469
1.72158290651621	1.0077968090624	1.23918799248157	1.45960294217754
1.72730034071189	1.00630037500355	1.24369097977175	1.47537066907029
1.73301777490756	1.02302790398367	1.24686743705349	1.47671369809463
1.73873520910323	1.02450078262831	1.24348517864211	1.47723152872247
1.74445264329891	1.01641369007933	1.25692362730865	1.48094707323157
1.75017007749458	1.03495308367321	1.25483425278965	1.48225922390095
1.75588751169026	1.03867083927462	1.25766886807205	1.49752949055734
1.76160494588593	1.04624257086219	1.27069806945402	1.50371732326103
1.76732238008161	1.03745688151661	1.27443481657379	1.49514527348994
1.77303981427728	1.04335582874748	1.27503558086614	1.4995253808712
1.77875724847296	1.05475218599962	1.28263527841311	1.5026034734027
1.78447468266863	1.06395798561753	1.28522786226275	1.50583916960096
1.79019211686431	1.05181829432002	1.28852740777965	1.51730502327662
1.79590955105998	1.06940619256199	1.29644298048511	1.52786992707644
1.80162698525566	1.06288876509152	1.30005302650505	1.53482901818643
1.80734441945133	1.06890141876151	1.29650025074766	1.53345951502932
1.813061853647	1.06557912644306	1.30562785497795	1.53389609196539
1.81877928784268	1.07138612428016	1.31048915579139	1.53857282055552
1.82449672203835	1.09211111367996	1.31757407951554	1.53140311547829
1.83021415623403	1.09661979756898	1.31590694735312	1.54571657925728
1.8359315904297	1.10253161516826	1.31649415089581	1.55757662728952
1.84164902462538	1.10151219811953	1.32422712644849	1.56929725077848
1.84736645882105	1.08356553247274	1.33037665089925	1.56454303918533
1.85308389301673	1.10970730170147	1.33430594645622	1.57438282510098
1.8588013272124	1.11167224659503	1.34228037949996	1.56720029573905
1.86451876140807	1.12343960704216	1.34580880644586	1.57881675560378
1.87023619560375	1.11543578460961	1.34507087562588	1.56715832692324
1.87595362979942	1.12109009237886	1.34831710583504	1.58631611597118
1.8816710639951	1.13525951141638	1.36226586935738	1.59639144126474
1.88738849819077	1.12699544919001	1.35658791490582	1.59372215877494
1.89310593238645	1.12559378911794	1.36696622781407	1.59752795782612
1.89882336658212	1.13713212225977	1.37160257440674	1.606526086231
1.9045408007778	1.14380399654143	1.37423967064463	1.6009543942265
1.91025823497347	1.13692251276971	1.3763344746354	1.60704531702425
1.91597566916915	1.14434862086825	1.37900709320047	1.61026659378049
1.92169310336482	1.15068901197537	1.38238604408675	1.61687033283367
1.9274105375605	1.14902844418134	1.38976362365082	1.62307906223158
1.93312797175617	1.17583378832791	1.39653137868315	1.61362809303568
1.93884540595184	1.16936829791622	1.39708908241267	1.62314537456951
1.94456284014752	1.17733055197802	1.40231246545817	1.63253929606174
1.95028027434319	1.17593552883318	1.40588469561249	1.62697020374829
1.95599770853887	1.16547998957379	1.41557259603917	1.64326042675498
1.96171514273454	1.18258112618732	1.41443373674367	1.64703879062915
1.96743257693022	1.18863380408193	1.41540587859292	1.65086909244724
1.97315001112589	1.19958397309156	1.42984391076405	1.65622339499228
1.97886744532157	1.196854056015	1.43924108197817	1.66287753200109
1.98458487951724	1.20825904643913	1.43068332358508	1.65225507456437
1.99030231371291	1.20768856275704	1.431767654019	1.67457489234678
1.99601974790859	1.20884451632016	1.43928320314566	1.67480774999451
2.00173718210426	1.21134788430872	1.44177604806513	1.69250804947884
2.00745461629994	1.21381679515042	1.45111220752773	1.68022938632324
2.01317205049561	1.23065323993452	1.45756877217286	1.68802905938386
2.01888948469129	1.22492736647354	1.46079490562275	1.69772018192224
2.02460691888696	1.22974837235173	1.45556686064616	1.70521991537433
2.03032435308264	1.23010000737666	1.46985162193639	1.70323010519461
2.03604178727831	1.23722220076008	1.46954031260662	1.69765280715614
2.04175922147399	1.22753824721554	1.47617547075339	1.70295747070051
2.04747665566966	1.23946853359693	1.48083075613221	1.70655475469458
2.05319408986533	1.24034194465645	1.48619183195374	1.72701426008729
2.05891152406101	1.25955677414441	1.49066323221834	1.72178632386424
2.06462895825668	1.27020124763231	1.49121817396868	1.72163262388742
2.07034639245236	1.26058889014551	1.49404513214155	1.73269157856088
2.07606382664803	1.26771045027296	1.50136589294178	1.72824811722098
2.08178126084371	1.27746101417045	1.50498822859134	1.73468248223591
2.08749869503938	1.2654715206536	1.50599439906079	1.73698409233732
2.09321612923506	1.27726050512329	1.51426060256698	1.73916910947529
2.09893356343073	1.27480155170323	1.51719047678913	1.74396853301029
2.10465099762641	1.2853266758463	1.52353698128718	1.74269796780776
2.11036843182208	1.28235043768684	1.53082931647269	1.77599903857731
2.11608586601775	1.30794621514211	1.53197318796605	1.77317253935869
2.12180330021343	1.3073458196588	1.53761622493467	1.76619278614484
2.1275207344091	1.30514273975196	1.54207292179115	1.76049588120198
2.13323816860478	1.30639355573298	1.5402693085274	1.78197262656299
2.13895560280045	1.31702222022708	1.53947685990462	1.77369993803117
2.14467303699613	1.31667203636724	1.55751398572046	1.78549962347005
2.1503904711918	1.31758205555342	1.55701477381227	1.79294706392115
2.15610790538748	1.32271815096415	1.56352715102366	1.78340414038918
2.16182533958315	1.33490391642058	1.56248066020121	1.79564707658033
2.16754277377883	1.33166121957276	1.56744238229791	1.79655050684256
2.1732602079745	1.35249823833015	1.5786898375902	1.80804253713975
2.17897764217017	1.33837171904972	1.57233945840513	1.81132815614979
2.18469507636585	1.3447444865907	1.58075133448309	1.81738520167788
2.19041251056152	1.35220301585694	1.58400116922161	1.82393235654852
2.1961299447572	1.3475702214011	1.58086698568499	1.83585923184501
2.20184737895287	1.34884847812284	1.59349420884076	1.82781624709825
2.20756481314855	1.3497094105651	1.59560044916686	1.83043896532737
2.21328224734422	1.35636732668251	1.6061520627739	1.84576358563745
2.2189996815399	1.37528866886003	1.61111685193262	1.85831398141083
2.22471711573557	1.36768161858107	1.61819869478316	1.84978132047786
2.23043454993125	1.37327620040692	1.61863437216063	1.8487404826578
2.23615198412692	1.38867327006984	1.6222601388506	1.86964651583343
2.2418694183226	1.40412622908579	1.62626157995327	1.85879493035374
2.24758685251827	1.40010291665666	1.62738501533171	1.84791868130422
2.25330428671394	1.39454359378201	1.63724511562477	1.86820695445251
2.25902172090962	1.40840592656538	1.63885088901988	1.85845702270437
2.26473915510529	1.40149535013876	1.63844058879529	1.87087676867565
2.27045658930097	1.4053275765941	1.64546402514411	1.89185817584317
2.27617402349664	1.41217820570001	1.64932409836159	1.87978937294193
2.28189145769232	1.40977052260395	1.65499045126336	1.89194481085533
2.28760889188799	1.40856748876513	1.65737173466194	1.90224256130188
2.29332632608367	1.4071493923712	1.66318950514138	1.89313247966822
2.29904376027934	1.43183907289325	1.66595245597372	1.90835946350899
2.30476119447501	1.44226079981552	1.67087945469835	1.91921585331798
2.31047862867069	1.43240869898311	1.67942567237393	1.9180327825868
2.31619606286636	1.43934507944409	1.67455110647143	1.90619334184239
2.32191349706204	1.4459606446794	1.68184898610417	1.91221064646913
2.32763093125771	1.4429103752574	1.68675359834408	1.92748709223516
2.33334836545339	1.45542558787055	1.6883443265322	1.93823732473482
2.33906579964906	1.46154749158085	1.69672030469697	1.9255693227459
2.34478323384474	1.46577944400548	1.70019723893192	1.93228467429185
2.35050066804041	1.47083067474132	1.70202694318597	1.94329926851384
2.35621810223609	1.44852734269085	1.71143888286944	1.9649940828782
2.36193553643176	1.467977406587	1.71420749838522	1.94360649791689
2.36765297062743	1.47300057736663	1.71861156831102	1.95863663024498
2.37337040482311	1.48462566468494	1.72490915351283	1.95667073174896
2.37908783901878	1.48514011477089	1.71988695351415	1.95267969960199
2.38480527321446	1.49016960256736	1.73174573183724	1.96169305433232
2.39052270741013	1.49600504073027	1.7327302232283	1.97500631758397
2.39624014160581	1.49204132296241	1.73471834373976	1.98135290350387
2.40195757580148	1.4976821069007	1.74114001761908	1.97985576830577
2.40767500999716	1.50884294604916	1.74645964115334	1.98503364505527
2.41339244419283	1.49077498214528	1.75328218790521	1.99713865257594
2.41910987838851	1.50757879568788	1.76022940510111	1.99108411858195
2.42482731258418	1.50984343577187	1.75764145121857	2.00302551288613
2.43054474677985	1.53377367021537	1.75971110403998	1.99542468141944
2.43626218097553	1.52872303203674	1.76501950357564	2.00897938992517
2.4419796151712	1.53425307166029	1.77111223866412	2.00715257560444
2.44769704936688	1.54237391382263	1.77374383323991	2.02007534332243
2.45341448356255	1.54129969866774	1.78079043123761	2.02504724914454
2.45913191775823	1.54977937706431	1.78188515933871	2.01745001021049
2.4648493519539	1.55548670804455	1.7860344205236	2.02720933089802
2.47056678614958	1.54846404185804	1.79054173169306	2.0388632076697
2.47628422034525	1.55461249214224	1.79667999375218	2.03882390771739
2.48200165454093	1.54114448969299	1.80148144433294	2.04562273127977
2.4877190887366	1.56971995774363	1.81146073130954	2.04273611544597
2.49343652293227	1.57931712986756	1.81203681858206	2.05274285074824
2.49915395712795	1.57678429486242	1.81206155719082	2.06094184893375
2.50487139132362	1.58733684351653	1.81430950285382	2.05731508506618
2.5105888255193	1.57518844304244	1.82116794916157	2.06711086221696
2.51630625971497	1.5860812551867	1.82847930764801	2.06086287750403
2.52202369391065	1.57644595093667	1.8336141421045	2.0694309653719
2.52774112810632	1.59079125289904	1.83195481504253	2.08004470076442
2.533458562302	1.60932891150083	1.84392162067469	2.09109901054924
2.53917599649767	1.60069524812895	1.8390666973429	2.08786625214669
2.54489343069335	1.60381953030674	1.85020620511523	2.1002978938931
2.55061086488902	1.60959188219115	1.85419246713153	2.0973982236621
2.5563282990847	1.62082780159356	1.85600080229382	2.09353595784646
2.56204573328037	1.62189958890606	1.86246292741242	2.10390401584322
2.56776316747604	1.60986998171018	1.86560357582333	2.11409944757217
2.57348060167172	1.63493881586279	1.87400672485473	2.12371391697096
2.57919803586739	1.64245341302748	1.87333565361951	2.11810082354597
2.58491547006307	1.62975240161323	1.88313240446006	2.12112356583568
2.59063290425874	1.65302618175822	1.88090054869051	2.13009993925867
2.59635033845442	1.64339266523943	1.88019279040535	2.12956369967294
2.60206777265009	1.64578095948269	1.88736931976863	2.13344976861894
2.60778520684577	1.6690914739278	1.89213929277483	2.14300762841717
2.61350264104144	1.6588045482174	1.90013059522631	2.15340725363971
2.61922007523711	1.6639919550163	1.9016215437814	2.1437371885003
2.62493750943279	1.65114892547986	1.90439605961934	2.15745591397484
2.63065494362846	1.66530726351438	1.90997648821547	2.1544930221154
2.63637237782414	1.67319692530994	1.91661339013944	2.16906152849588
2.64208981201981	1.66667962816839	1.91795222612178	2.14901402821098
2.64780724621549	1.68921856914774	1.93214866769889	2.1800891708384
2.65352468041116	1.68459143902919	1.92188743546994	2.17347914215076
2.65924211460684	1.68722993856246	1.93417837114688	2.17421231423855
2.66495954880251	1.69247378327496	1.94189915038406	2.19079009731214
2.67067698299819	1.70497731215175	1.94153013381628	2.18971979017036
2.67639441719386	1.70885923230615	1.94786334112864	2.18812003147736
2.68211185138953	1.7144973849573	1.95592269340638	2.2019330900451
2.68782928558521	1.71334369639577	1.95440308379589	2.19837160922661
2.69354671978088	1.71752191916709	1.95399585249862	2.1996177542785
2.69926415397656	1.73660060328535	1.96336374490681	2.20290467218611
2.70498158817223	1.72480339316131	1.97103044335203	2.2064816187441
2.71069902236791	1.71277643125648	1.97670325773161	2.2235394455242
2.71641645656358	1.73305346471626	1.97246904588276	2.21319516984158
2.72213389075926	1.73428892397472	1.97939295816542	2.22629430148651
2.72785132495493	1.73807772020347	1.98092896163221	2.23757598516495
2.7335687591506	1.73690720751068	1.98899964365463	2.21839294660648
2.73928619334628	1.74481048240939	1.99254865729466	2.23833032406041
2.74500362754195	1.74036806967794	1.99884727561115	2.25511850053501
2.75072106173763	1.76540286357028	1.99848256831608	2.24727822967267
2.7564384959333	1.76766194440998	2.00376727770416	2.24879680454689
2.76215593012898	1.76522375835718	2.01037113633286	2.26464722087973
2.76787336432465	1.77013179177266	2.01180236967553	2.26181971227858
2.77359079852033	1.76575411057559	2.02354274100808	2.25890107781536
2.779308232716	1.76584410742766	2.02525015566211	2.27200169044722
2.78502566691168	1.76986151646192	2.02819039737961	2.26994763051137
2.79074310110735	1.79129150472902	2.03404618005309	2.27872940390384
2.79646053530303	1.79310085615642	2.04001632367997	2.29282835170389
2.8021779694987	1.79044638640911	2.04025308920853	2.29293797556061
2.80789540369437	1.79301456747489	2.04191392746029	2.29649675761479
2.81361283789005	1.78990183551064	2.05036773005198	2.29268664546971
2.81933027208572	1.79652238770732	2.05365939991066	2.30744888259326
2.8250477062814	1.80941314906284	2.05013395509686	2.29013210524145
2.83076514047707	1.82241200310192	2.06335943126979	2.29852494215891
2.83648257467275	1.81182623649838	2.06115608808957	2.3030660918548
2.84220000886842	1.81344732106787	2.06372738360436	2.31476609923784
2.8479174430641	1.82894073145408	2.07936091916992	2.32629323056788
2.85363487725977	1.82892829294138	2.0770054076459	2.32068438000024
2.85935231145545	1.84014870081684	2.08408847976048	2.33652520687634
2.86506974565112	1.83162922393743	2.08966035549014	2.32748461812812
2.8707871798468	1.84086327131912	2.09265463794741	2.3436330755401
2.87650461404247	1.83898692668456	2.08736894499498	2.32978756939519
2.88222204823814	1.84558852026042	2.09938935103593	2.34765919135145
2.88793948243382	1.85624641576225	2.10197927350905	2.35205364152722
2.89365691662949	1.8382755579245	2.10848853610331	2.33500954606162
2.89937435082517	1.85865305945829	2.11027235430167	2.36304242877321
2.90509178502084	1.86139679234694	2.11588398344979	2.36143404411845
2.91080921921652	1.86353539469675	2.12153578071524	2.37114702186267
2.91652665341219	1.87678107560973	2.12314107614966	2.36737266788633
2.92224408760787	1.87487226484838	2.13519427783747	2.37514156813635
2.92796152180354	1.87844371071346	2.12856412431151	2.39310136703857
2.93367895599921	1.89513806565725	2.13844957473149	2.39166299484924
2.93939639019489	1.8923050493966	2.14156545304702	2.39857232210147
2.94511382439056	1.88253103396459	2.14037466600222	2.40495656443413
2.95083125858624	1.90299813155856	2.14843902341873	2.38552241042093
2.95654869278191	1.89626065568715	2.14901152808091	2.41167769743541
2.96226612697759	1.90170145681534	2.16009499127996	2.42077285533657
2.96798356117326	1.9259022225469	2.16552606389553	2.40260262839755
2.97370099536894	1.91440078966127	2.1607941332654	2.42102396504816
2.97941842956461	1.91334292303206	2.175350230073	2.42544651599882
2.98513586376029	1.93885133451298	2.16767009841432	2.43015436522991
2.99085329795596	1.9271388176112	2.17954881464056	2.43188027398742
2.99657073215163	1.93869670110043	2.18913474645372	2.44996825809976
3.00228816634731	1.92886523489195	2.18779737559473	2.43922281155099
3.00800560054298	1.94239604638629	2.19707565266293	2.43807993429651
3.01372303473866	1.94406500187624	2.19224657859442	2.44161833862698
3.01944046893433	1.94257059427514	2.19672225606122	2.46297476699781
3.02515790313001	1.95924717761082	2.20492209002946	2.45434373455744
3.03087533732568	1.95953891150629	2.21351185711649	2.45562396480016
3.03659277152136	1.95167886059569	2.21424293997859	2.47528254090524
3.04231020571703	1.96925848319621	2.21854177631685	2.47280851171876
3.0480276399127	1.97745764575782	2.21433560591617	2.46796284626581
3.05374507410838	1.96737748130498	2.22733114770467	2.48307390639015
3.05946250830405	1.97700351653693	2.2317834170195	2.48313492494486
3.06517994249973	1.97172078962228	2.23409190682674	2.48614786822174
3.0708973766954	1.98595064400141	2.23778449535213	2.49558840590097
3.07661481089108	2.00112750185016	2.24192327754329	2.49214718692768
3.08233224508675	1.98227317939667	2.24356262131996	2.49745077832999
3.08804967928243	1.98898990838071	2.2532161150498	2.5217125151311
3.0937671134781	2.02594267755427	2.26432480079236	2.51240745669593
3.09948454767378	1.99542501183606	2.26431523640286	2.52300119626888
3.10520198186945	2.00647402299313	2.26805946037612	2.52415882745608
3.11091941606513	2.02329988299144	2.26902883625198	2.53717409467771
3.1166368502608	2.02890744655905	2.27443908180852	2.52370290414046
3.12235428445647	2.02115806094175	2.27660511369067	2.52469657752762
3.12807171865215	2.02925937813985	2.28049529384147	2.53784366081852
3.13378915284782	2.03520008155616	2.2886578432366	2.55468389791954
3.1395065870435	2.02859032469227	2.29507708939222	2.55159200904116
3.14522402123917	2.04177635007664	2.2954832395412	2.54865515792139
3.15094145543485	2.03933427597994	2.2992757565775	2.55345485030721
3.15665888963052	2.05815388235164	2.30147853422839	2.55225007675118
3.1623763238262	2.05677164575593	2.30129232746628	2.55426397670658
3.16809375802187	2.05490564618192	2.30983152753707	2.57654739907646
3.17381119221755	2.04363532099122	2.31026701942315	2.57211169240953
3.17952862641322	2.06105570069615	2.31881515926507	2.56995870422339
3.18524606060889	2.06000130195923	2.3249774881775	2.58944540557866
3.19096349480457	2.06913611490983	2.32708832102768	2.5954554840465
3.19668092900024	2.07848994078458	2.33546889160447	2.58846273898534
3.20239836319592	2.08919527412088	2.33787040880687	2.5928367626925
3.20811579739159	2.08219153297678	2.34129708773036	2.6010554327013
3.21383323158727	2.06597805166214	2.35152170302214	2.59310425543216
3.21955066578294	2.09821812943177	2.35077500247122	2.61298487149044
3.22526809997862	2.10560699917149	2.35819958847706	2.61632571427307
3.23098553417429	2.11136107199302	2.35799920531393	2.61859925166962
3.23670296836997	2.10164130757782	2.35831928932102	2.61062878333612
3.24242040256564	2.08687374562644	2.36347536351666	2.61488394151374
3.24813783676131	2.11683245799349	2.37484031801175	2.63327279911359
3.25385527095699	2.1141553336713	2.37068290638995	2.63730583535512
3.25957270515266	2.12520235641645	2.38246425159138	2.63632227579294
3.26529013934834	2.12489426235537	2.38148174356579	2.64133850807062
3.27100757354401	2.12601652177749	2.38313445132824	2.64975823591045
3.27672500773969	2.12657711520874	2.3958151737132	2.65131156959072
3.28244244193536	2.12803096294892	2.3995437592975	2.66754272508241
3.28815987613104	2.14181514353727	2.40060972505469	2.65276799125251
3.29387731032671	2.1526137326889	2.40465548959193	2.66311722654437
3.29959474452239	2.13224567293316	2.40466097025355	2.66205192505325
3.30531217871806	2.13750198379031	2.41039402055919	2.68098768831876
3.31102961291373	2.16011599346396	2.41817238038026	2.6753264770885
3.31674704710941	2.16203252156761	2.42315537702682	2.68205977998049
3.32246448130508	2.17016539570448	2.42344978960632	2.67877532395633
3.32818191550076	2.16166590741625	2.42900503532838	2.6776327199705
3.33389934969643	2.16264736085594	2.43923493764081	2.68463289388058
3.33961678389211	2.17240968037009	2.44446602994032	2.68950507846023
3.34533421808778	2.18795137673453	2.44528199387462	2.69860901255747
3.35105165228346	2.18813950678073	2.45007846024321	2.69623868455135
3.35676908647913	2.18457336359602	2.44956982949699	2.70354197656242
3.36248652067481	2.19686170736976	2.45482851976772	2.72764836419275
3.36820395487048	2.20264853980098	2.4616338894284	2.71904065314923
3.37392138906615	2.20004796588002	2.4664414005443	2.71224526348635
3.37963882326183	2.21741977607902	2.46917171733009	2.72335321546472
3.3853562574575	2.21275975453921	2.47965355561331	2.74000264501797
3.39107369165318	2.2137839807373	2.47847187492098	2.73540255519716
3.39679112584885	2.21613874642131	2.47987093105319	2.74067302974025
3.40250856004453	2.2302322114274	2.49045825262624	2.74043223316317
3.4082259942402	2.21102052505739	2.49598871426559	2.76112624095212
3.41394342843588	2.22824558117964	2.4909546474571	2.75749934816853
3.41966086263155	2.24383207616596	2.49848723441454	2.74434829990125
3.42537829682722	2.24633608405113	2.50802988230449	2.76284007597821
3.4310957310229	2.25050807969131	2.51114326631169	2.7757062099861
3.43681316521857	2.25655215239966	2.50936906737839	2.75815031451485
3.44253059941425	2.25167915487936	2.51335385844176	2.78692603799936
3.44824803360992	2.264139570927	2.51709821191139	2.78077569228349
3.4539654678056	2.27553401575522	2.52641021182605	2.78658994175051
3.45968290200127	2.26538111067501	2.53218090266715	2.78166441463861
3.46540033619695	2.27229310912674	2.53214178537747	2.78647984364609
3.47111777039262	2.27287938293973	2.53843793387678	2.79541335867494
3.4768352045883	2.27531306001826	2.5424457104405	2.79530449064527
3.48255263878397	2.2824356708321	2.54509125847993	2.80268794754007
3.48827007297964	2.28821829718036	2.54687127602384	2.81456499365206
3.49398750717532	2.29888552622489	2.55434423380071	2.818985342027
3.49970494137099	2.29749457006417	2.55985221619514	2.80017089675869
3.50542237556667	2.29156405868815	2.56066142819524	2.82474561278318
3.51113980976234	2.29451248673637	2.56065668095978	2.84419361113258
3.51685724395802	2.29828284606098	2.56346485043638	2.84370603879573
3.52257467815369	2.2989053471935	2.57512357017518	2.84323825014562
3.52829211234937	2.31529636214264	2.58292336809428	2.83932493350775
3.53400954654504	2.31570464453214	2.58267926415561	2.84611888493337
3.53972698074072	2.32518558087565	2.5922559367797	2.85715590964242
3.54544441493639	2.33501284183108	2.58550208580591	2.8448028195882
3.55116184913207	2.32539337014348	2.59273621588814	2.86133528527697
3.55687928332774	2.33046927050361	2.59639594372761	2.87691867991913
3.56259671752341	2.33871866514521	2.60326895555097	2.868374475825
3.56831415171909	2.33192569382523	2.6099150475586	2.85957290353179
3.57403158591476	2.35255869407033	2.61466119301769	2.87680426845982
3.57974902011044	2.34565570246202	2.62089863289249	2.87901463479895
3.58546645430611	2.35232269557367	2.61677504889919	2.88731814743494
3.59118388850179	2.3438458110389	2.62597715989594	2.88603963605834
3.59690132269746	2.35832473429686	2.62676189878812	2.89891178366602
3.60261875689314	2.37009705335137	2.63257467168914	2.89763620781049
3.60833619108881	2.36868574648523	2.63901954775332	2.89926294871088
3.61405362528449	2.36798094167485	2.64061309556726	2.90020246075895
3.61977105948016	2.37891040356938	2.64445426140871	2.90607630658746
3.62548849367583	2.38185232218216	2.64840566935471	2.90743903157128
3.63120592787151	2.38377383905182	2.65067764033715	2.92387374698713
3.63692336206718	2.38808387376863	2.65836664693824	2.93082389606679
3.64264079626286	2.3870019970154	2.66987992055597	2.93614672037726
3.64835823045853	2.39514088871415	2.67126712168743	2.9319383516688
3.65407566465421	2.40562642089846	2.67681284144136	2.93378510922641
3.65979309884988	2.41918701652972	2.67699711876073	2.94862669031068
3.66551053304556	2.41439432525427	2.68011433907012	2.95417989221264
3.67122796724123	2.42380938082803	2.68255168293618	2.94846167383846
3.67694540143691	2.42320380430211	2.68918652373036	2.96737190366923
3.68266283563258	2.42103418514884	2.6953005594241	2.97311319444924
3.68838026982825	2.43657635577906	2.69625051639149	2.96944581755292
3.69409770402393	2.42933108945058	2.70103482118988	2.96640000296724
3.6998151382196	2.44307658966448	2.70587058168578	2.9648826153085
3.70553257241528	2.43502492819844	2.71272543445104	2.98176595421601
3.71125000661095	2.44936978471932	2.71892051793195	2.99038521799207
3.71696744080663	2.45126451622579	2.7127942291254	2.98816735056772
3.7226848750023	2.46749675995976	2.72108636290955	3.00228249934243
3.72840230919798	2.4530047291194	2.7218811425398	2.99317447051226
3.73411974339365	2.45767019081371	2.73262087702252	3.00510517198171
3.73983717758932	2.46074670372009	2.7359680950174	3.00306367652351
3.745554611785	2.47028019990517	2.74877985698953	3.02784246206366
3.75127204598067	2.47683637460144	2.74599157669064	3.03995757290844
3.75698948017635	2.47417810046294	2.74942054826268	3.02246826375628
3.76270691437202	2.47815392698368	2.75731625452842	3.01379596486192
3.7684243485677	2.49179859591677	2.75924704321589	3.03010552203682
3.77414178276337	2.48450903194882	2.76230943184219	3.02786835821078
3.77985921695905	2.50450747399387	2.75949727884156	3.03401674420917
3.78557665115472	2.47899260825502	2.76755340710777	3.05694013230138
3.7912940853504	2.50356290196196	2.77191859407183	3.03333208962954
3.79701151954607	2.50576722562994	2.7829920505372	3.0425127766401
3.80272895374174	2.52309793971659	2.78036453764212	3.04955766712189
3.80844638793742	2.51527354013633	2.7829726619457	3.06638024192755
