"mitochan"	"lwrNorm"	"medNorm"	"uprNorm"
-1.88999910457734	-3.35111562032954	-2.2995960485482	-1.17043909532437
-1.88290406471167	-3.36006558396984	-2.31241865854415	-1.17081032811153
-1.875809024846	-3.3552076393771	-2.28969642779031	-1.15768686510823
-1.86871398498033	-3.36220051799425	-2.27139398320201	-1.13149518728979
-1.86161894511466	-3.34486550559078	-2.28272347784511	-1.15045555369695
-1.854523905249	-3.31905475196627	-2.27282753591725	-1.10407181641068
-1.84742886538333	-3.30047193256347	-2.26118659539898	-1.12574807487445
-1.84033382551766	-3.31855519176845	-2.24577897615361	-1.10570083131313
-1.83323878565199	-3.2919074533523	-2.25933946290582	-1.1153662891477
-1.82614374578632	-3.27728018105256	-2.23254479751897	-1.12387830860471
-1.81904870592065	-3.23775568692209	-2.23354453615239	-1.11032906838268
-1.81195366605499	-3.26050029381395	-2.22518183825521	-1.1308638628082
-1.80485862618932	-3.21000388065364	-2.21312045974143	-1.10890943956528
-1.79776358632365	-3.19292217208708	-2.1954009057618	-1.12560949903291
-1.79066854645798	-3.20438277147868	-2.19486355725251	-1.10244776804581
-1.78357350659231	-3.16348157493585	-2.18330691118962	-1.09185783903749
-1.77647846672664	-3.18954184578354	-2.17046864658141	-1.1016062775688
-1.76938342686098	-3.19050644663324	-2.17486492749392	-1.06937889867696
-1.76228838699531	-3.14545051226961	-2.16128574628458	-1.0810549914793
-1.75519334712964	-3.15973056049153	-2.15691467323772	-1.08117542786722
-1.74809830726397	-3.18140890134125	-2.14666462222837	-1.06087758524488
-1.7410032673983	-3.13666259049792	-2.13335737451076	-1.05601537700858
-1.73390822753263	-3.10535349033713	-2.12553555150611	-1.05666125151697
-1.72681318766697	-3.12480014102542	-2.11747213850084	-1.05751838683913
-1.7197181478013	-3.09018968364453	-2.10910735669944	-1.06642304020683
-1.71262310793563	-3.09237393941437	-2.09503745157396	-1.03727998483261
-1.70552806806996	-3.07231792906414	-2.09153833896145	-1.01622995503348
-1.69843302820429	-3.0586333323849	-2.08477231447775	-1.05625378489496
-1.69133798833862	-3.0979816586096	-2.08349195729473	-1.02837547746775
-1.68424294847296	-3.04698258648454	-2.08040699955002	-1.01973461914572
-1.67714790860729	-3.04746557669544	-2.06470899568968	-1.0074418500752
-1.67005286874162	-3.04792592056271	-2.0505038960759	-1.02551046888062
-1.66295782887595	-3.031263573497	-2.0470711357808	-1.00130062476526
-1.65586278901028	-3.02422577705584	-2.03940211189082	-0.964182611524068
-1.64876774914461	-2.99366367884515	-2.02444901811972	-0.995758894088444
-1.64167270927894	-2.98661846278478	-2.01754778423511	-0.962471089520279
-1.63457766941328	-2.96869057637103	-2.01714697896141	-0.993132240950857
-1.62748262954761	-2.97284056165339	-2.00264077147639	-0.992072926723985
-1.62038758968194	-2.95634986676278	-1.99209620490087	-0.930288759558108
-1.61329254981627	-2.9286971341096	-1.98671905354604	-0.944628196663271
-1.6061975099506	-2.92911768778204	-1.98561951351272	-0.946534192708751
-1.59910247008493	-2.91727003003385	-1.97492826970019	-0.937764507436995
-1.59200743021927	-2.93464337498475	-1.96580248069002	-0.923323829619994
-1.5849123903536	-2.9267709254537	-1.95481738175005	-0.941189150052035
-1.57781735048793	-2.8855613728575	-1.95225950188772	-0.917863269430765
-1.57072231062226	-2.89030233434424	-1.94899988346678	-0.943321237592185
-1.56362727075659	-2.84046861706273	-1.93343466946953	-0.900033044042934
-1.55653223089092	-2.84657810042726	-1.91589687415794	-0.934344376378925
-1.54943719102526	-2.84504055183752	-1.92268168757147	-0.920164593636405
-1.54234215115959	-2.81942922729587	-1.91085879462056	-0.911389392038621
-1.53524711129392	-2.83967125158085	-1.89948822719078	-0.884115816340151
-1.52815207142825	-2.8359526652671	-1.90450376172293	-0.882559745902178
-1.52105703156258	-2.79429805372611	-1.88102285669133	-0.898076217264613
-1.51396199169691	-2.81620076017972	-1.88639376855474	-0.885110784468531
-1.50686695183125	-2.78400161220152	-1.86917168532264	-0.865917797804935
-1.49977191196558	-2.78304580098311	-1.86077111315558	-0.888407615008685
-1.49267687209991	-2.74416919467428	-1.84049486099537	-0.871581715753139
-1.48558183223424	-2.75329721721528	-1.84128685098973	-0.879344915521826
-1.47848679236857	-2.72148353685595	-1.83167007459756	-0.846925069794746
-1.4713917525029	-2.73941889609273	-1.83030009500089	-0.843750116884498
-1.46429671263724	-2.72620953546053	-1.81932729605186	-0.85383212426415
-1.45720167277157	-2.71142970235347	-1.81777606260108	-0.832998937098963
-1.4501066329059	-2.67797009696771	-1.80540566030463	-0.819684698055598
-1.44301159304023	-2.68203161327804	-1.79277569881453	-0.814328092489099
-1.43591655317456	-2.68966707194528	-1.79000567025275	-0.822723246460319
-1.42882151330889	-2.67677084394142	-1.76885245018126	-0.806869330194038
-1.42172647344323	-2.66181688073771	-1.77065805098343	-0.790662361506806
-1.41463143357756	-2.63990433512732	-1.76110823865545	-0.779021581967312
-1.40753639371189	-2.64077668977745	-1.75698641733802	-0.832724382196116
-1.40044135384622	-2.61114620458807	-1.74146486073493	-0.797810285302293
-1.39334631398055	-2.60358992137487	-1.72856201282116	-0.793007612237333
-1.38625127411488	-2.59180555651514	-1.7317638407765	-0.781471575616725
-1.37915623424921	-2.5815736475655	-1.72297664809064	-0.782271795226248
-1.37206119438355	-2.59964489989409	-1.71836182731233	-0.767221533613118
-1.36496615451788	-2.57287533656641	-1.70518030304785	-0.78783545497435
-1.35787111465221	-2.56497922768878	-1.69434386257376	-0.756051321656167
-1.35077607478654	-2.55097638293539	-1.68826121521452	-0.752731610550138
-1.34368103492087	-2.53841891852804	-1.69354909057828	-0.767794734649869
-1.3365859950552	-2.50330595853188	-1.66465771520765	-0.771085475062382
-1.32949095518954	-2.50516836037753	-1.66630054117662	-0.75302010673892
-1.32239591532387	-2.49684246179252	-1.65927245378486	-0.708411775101818
-1.3153008754582	-2.46501245645717	-1.64741703960652	-0.730234086754175
-1.30820583559253	-2.47883361306752	-1.63766590694199	-0.736629460079197
-1.30111079572686	-2.46459415233014	-1.63132620780617	-0.711277055801154
-1.29401575586119	-2.45127377102669	-1.62666589489213	-0.728930743908367
-1.28692071599553	-2.45373708032237	-1.63447430499035	-0.714621124975933
-1.27982567612986	-2.46954659257576	-1.59968482549706	-0.674152143134322
-1.27273063626419	-2.41906013413854	-1.5881998743086	-0.696501320945158
-1.26563559639852	-2.43749245719654	-1.58457371460288	-0.705874686910853
-1.25854055653285	-2.41611477340857	-1.58740755749557	-0.663932313211964
-1.25144551666718	-2.40118670052353	-1.57863371436248	-0.671426017384866
-1.24435047680152	-2.3942008366829	-1.55034111947737	-0.643132556050505
-1.23725543693585	-2.38668986825021	-1.54655196170652	-0.677924140510319
-1.23016039707018	-2.38317035446182	-1.54979030973766	-0.643411777997111
-1.22306535720451	-2.34025666096335	-1.52373561214371	-0.641754673031434
-1.21597031733884	-2.34289386584096	-1.53356578313344	-0.652773313286764
-1.20887527747317	-2.34262594440092	-1.5171087316116	-0.63844309078439
-1.20178023760751	-2.32832431105046	-1.51000555897709	-0.635890060230449
-1.19468519774184	-2.32853293397134	-1.49946632077075	-0.621319155513967
-1.18759015787617	-2.31111384357672	-1.4926828817627	-0.637947325945106
-1.1804951180105	-2.29838033204302	-1.48432497839245	-0.609973365252285
-1.17340007814483	-2.31360805067486	-1.48806411294322	-0.598270619312977
-1.16630503827916	-2.26512288577007	-1.47364935161082	-0.60334189710401
-1.1592099984135	-2.26030827043688	-1.47164735346687	-0.592185319949005
-1.15211495854783	-2.22078730091329	-1.46578137781477	-0.607063062559942
-1.14501991868216	-2.21364221219512	-1.4429107644012	-0.591740740747451
-1.13792487881649	-2.22693409688615	-1.45321603336149	-0.573429186371246
-1.13082983895082	-2.24333139005505	-1.41748903022746	-0.562634009889594
-1.12373479908515	-2.22559691904186	-1.42307421626197	-0.573507332090797
-1.11663975921948	-2.20718104225543	-1.40450094530082	-0.553663857257311
-1.10954471935382	-2.20436339437792	-1.41037091671865	-0.547865742521098
-1.10244967948815	-2.17206551226113	-1.39762585298048	-0.551917102263915
-1.09535463962248	-2.16544759244696	-1.3943216617984	-0.566382785665368
-1.08825959975681	-2.16666450181199	-1.38480353743646	-0.544335854678741
-1.08116455989114	-2.13470173838963	-1.37515611580902	-0.562986095573005
-1.07406952002547	-2.15938503638074	-1.37490016453867	-0.539727924980376
-1.06697448015981	-2.13172527146705	-1.34722311550718	-0.525144164220689
-1.05987944029414	-2.12438011541177	-1.35124956953211	-0.51377841378526
-1.05278440042847	-2.11660562211059	-1.34999984646029	-0.506166418497814
-1.0456893605628	-2.10287572539604	-1.33843502982756	-0.516323977039185
-1.03859432069713	-2.07578492909297	-1.31859407399692	-0.489588885069992
-1.03149928083146	-2.03297270562171	-1.30904856161926	-0.482320752146863
-1.0244042409658	-2.04445752037403	-1.30891417312811	-0.499880970498201
-1.01730920110013	-2.03386447341186	-1.30209385244337	-0.494479769970411
-1.01021416123446	-2.03297033135501	-1.28340660017702	-0.452065307183178
-1.00311912136879	-2.018866437823	-1.28766675410123	-0.467415641976338
-0.996024081503122	-2.02608620345568	-1.27338311830424	-0.488569582905637
-0.988929041637454	-2.01523659646303	-1.27367073510199	-0.447146918746168
-0.981834001771786	-2.01940682135693	-1.26659070953799	-0.449068888441525
-0.974738961906117	-1.98848541349487	-1.25116022745562	-0.464550888133304
-0.967643922040449	-1.97938492607402	-1.23429422255241	-0.452997071904506
-0.960548882174781	-2.00899094066373	-1.2464204447453	-0.458949812243053
-0.953453842309112	-1.94914961894768	-1.2345141844071	-0.425392647480694
-0.946358802443444	-1.95140108442649	-1.20653636761557	-0.40827566264136
-0.939263762577775	-1.96306413133447	-1.19685090238135	-0.420210308151653
-0.932168722712107	-1.94773640167951	-1.20167627818902	-0.433222311822629
-0.925073682846439	-1.91547359235209	-1.1958645763346	-0.425817620079073
-0.91797864298077	-1.92674320397003	-1.172845227326	-0.404681419808189
-0.910883603115102	-1.90110202384479	-1.18367449967226	-0.39080656876393
-0.903788563249434	-1.9003020746662	-1.16253250003465	-0.364146106131852
-0.896693523383765	-1.88885607646419	-1.16520442133149	-0.370954451630755
-0.889598483518097	-1.86703943066557	-1.1475895448724	-0.368198911656382
-0.882503443652428	-1.87934153855864	-1.14227104554834	-0.372546302553291
-0.87540840378676	-1.85621028048023	-1.12734036645305	-0.371389079997541
-0.868313363921092	-1.84471595190335	-1.1232624166569	-0.345315593195729
-0.861218324055423	-1.81503343517014	-1.11478887467728	-0.351406813812299
-0.854123284189755	-1.83568764217974	-1.11141764660321	-0.360106498989438
-0.847028244324087	-1.8431387319797	-1.10031461060137	-0.322766077338777
-0.839933204458418	-1.77410655359254	-1.0833875658133	-0.335431450628914
-0.83283816459275	-1.78703550074426	-1.08115794582616	-0.321526385292683
-0.825743124727081	-1.79408427384926	-1.07989948347226	-0.298636235212977
-0.818648084861413	-1.76485210086376	-1.07346411669098	-0.314156981701785
-0.811553044995745	-1.76619282579684	-1.06792310554306	-0.311139165326237
-0.804458005130076	-1.75072112279933	-1.05755382612475	-0.322831488777772
-0.797362965264408	-1.73384435376645	-1.04749524871487	-0.298947787851679
-0.79026792539874	-1.73894346296479	-1.0362840715692	-0.279657131238001
-0.783172885533071	-1.72977343174585	-1.02410282970937	-0.280017927037178
-0.776077845667403	-1.71846980635877	-1.02818080687038	-0.247400967209586
-0.768982805801735	-1.69796123176442	-1.01158720625299	-0.285390005865035
-0.761887765936066	-1.67931351631973	-1.00310738230475	-0.237800490869167
-0.754792726070398	-1.65324075162048	-0.991640619052812	-0.255796692418828
-0.747697686204729	-1.66738028871876	-0.993768107890055	-0.230942241138364
-0.740602646339061	-1.66667399242356	-0.982963909330594	-0.231020799477475
-0.733507606473393	-1.65742855263788	-0.982663154084822	-0.212451169866145
-0.726412566607724	-1.65010165532896	-0.956895871567846	-0.244982140424873
-0.719317526742056	-1.60955548154186	-0.959419372968191	-0.231754924247792
-0.712222486876387	-1.6415253979729	-0.949362923411786	-0.200051790266228
-0.705127447010719	-1.60684007923561	-0.936040581953187	-0.188773720755576
-0.69803240714505	-1.60546658162145	-0.935929379557872	-0.215712907683618
-0.690937367279382	-1.60909237365708	-0.91844920164399	-0.207058099978406
-0.683842327413714	-1.57658838111649	-0.919494196326485	-0.155092518135119
-0.676747287548046	-1.54752188897934	-0.920900327415108	-0.188912688860493
-0.669652247682377	-1.57832043427735	-0.890896341689345	-0.185548009506164
-0.662557207816709	-1.52915886491592	-0.893464688568171	-0.163700584249805
-0.65546216795104	-1.53016895027695	-0.878765525859596	-0.18142017252387
-0.648367128085372	-1.51046917327463	-0.874833767371928	-0.148002310647439
-0.641272088219704	-1.52629766429696	-0.864014924468237	-0.157544427599675
-0.634177048354035	-1.49735217069253	-0.858037377331109	-0.161302153165989
-0.627082008488367	-1.49958481355781	-0.845987442598477	-0.146328109518556
-0.619986968622698	-1.49948989707988	-0.83073858397896	-0.149027236470182
-0.61289192875703	-1.49302895696982	-0.840601286734523	-0.135365406684615
-0.605796888891362	-1.51594778065692	-0.825787759476332	-0.121100517501434
-0.598701849025693	-1.47142939800733	-0.820073589034486	-0.098443380428662
-0.591606809160025	-1.48301495989234	-0.818599927635094	-0.0889195972019272
-0.584511769294357	-1.43054932513174	-0.802355734332944	-0.0968518792169387
-0.577416729428688	-1.45464962344733	-0.782892776504294	-0.0854319366975893
-0.57032168956302	-1.43671670530817	-0.778488825006421	-0.0857854008742273
-0.563226649697351	-1.42768842278924	-0.771277916502624	-0.0976331975734055
-0.556131609831683	-1.40543334819443	-0.759453423156714	-0.0560284320838443
-0.549036569966015	-1.40164661885961	-0.774793815539847	-0.0503334341384302
-0.541941530100346	-1.39198660531526	-0.747614146918869	-0.0700605930510149
-0.534846490234678	-1.3941900651093	-0.74703442051573	-0.0549593577939333
-0.52775145036901	-1.37696425057006	-0.737018011568446	-0.0623512901662194
-0.520656410503341	-1.34979897435285	-0.72840511531315	-0.0686762991738804
-0.513561370637673	-1.34813086756624	-0.713551963419562	-0.010238589622577
-0.506466330772005	-1.357180924575	-0.71102777359961	-0.0162450903753572
-0.499371290906336	-1.34801304873945	-0.713639931260827	-0.0270210868905003
-0.492276251040668	-1.32335765432554	-0.69519224801684	-0.0117248985377028
-0.485181211174999	-1.32078654844504	-0.691631223963734	-0.00410400135477462
-0.478086171309331	-1.28867670489038	-0.684584462446418	0.0185163431977481
-0.470991131443663	-1.30543276120444	-0.66217565980674	-0.00593515231419787
-0.463896091577994	-1.3025366400123	-0.66945815108697	0.0174253340584511
-0.456801051712326	-1.27034849382384	-0.653246642822711	0.0354377787225626
-0.449706011846657	-1.27023585760721	-0.649120026522314	0.0141210476460509
-0.442610971980989	-1.27738519543432	-0.647470100095135	0.0307725138090717
-0.435515932115321	-1.26460150518433	-0.636253630080635	0.0726194423010703
-0.428420892249652	-1.21855014445883	-0.627243552056736	0.0570948656509902
-0.421325852383984	-1.2337268892802	-0.614295584050331	0.046530241530224
-0.414230812518316	-1.21251980286801	-0.603356675231839	0.0829450619399209
-0.407135772652647	-1.19512040887414	-0.606744777145884	0.0830139020600847
-0.400040732786979	-1.21941410912864	-0.587964950495098	0.0764822593967085
-0.39294569292131	-1.18719721667993	-0.577679779673196	0.0783193213117443
-0.385850653055642	-1.19954045769635	-0.568667470331327	0.0908140266216201
-0.378755613189974	-1.18749343350926	-0.560890240935661	0.0752173289465954
-0.371660573324305	-1.17288034762674	-0.562035606173145	0.113073658751526
-0.364565533458637	-1.14214779843483	-0.547122822431166	0.0830569374595536
-0.357470493592969	-1.16386997685371	-0.529251109038029	0.126376630238604
-0.3503754537273	-1.16032602818341	-0.533031027804634	0.133233382023152
-0.343280413861632	-1.14063923948025	-0.519943419893622	0.135012529508937
-0.336185373995963	-1.12922432623485	-0.51734723293629	0.135446213439676
-0.329090334130295	-1.13067968455782	-0.508700757633884	0.131583527715402
-0.321995294264627	-1.08205070185094	-0.509130116551893	0.159973210596641
-0.314900254398958	-1.12016904186363	-0.49507672542034	0.15827720487771
-0.30780521453329	-1.07641903729162	-0.485539323268767	0.147857865638479
-0.300710174667622	-1.08908325164314	-0.476916495071331	0.198261790276465
-0.293615134801953	-1.08441602277644	-0.46594801889406	0.174713614619867
-0.286520094936285	-1.04579976517379	-0.456285173619043	0.200233593924848
-0.279425055070617	-1.03463116400702	-0.450669727717796	0.206735776567085
-0.272330015204948	-1.03106797271199	-0.441887274293091	0.220496790883562
-0.26523497533928	-1.02894841528781	-0.438413981024	0.230140106632431
-0.258139935473611	-1.02760476833086	-0.420613227769308	0.234997982764391
-0.251044895607943	-1.02205158040288	-0.414157622203198	0.229400492473565
-0.243949855742275	-1.02022628177094	-0.402211263600721	0.25532406843878
-0.236854815876606	-1.02130624150601	-0.393074628898788	0.252606541468091
-0.229759776010938	-1.01762662715314	-0.386242207308863	0.252856405794867
-0.222664736145269	-0.987916592596473	-0.390621684194366	0.264270098524399
-0.215569696279601	-0.980470303431931	-0.371512666548203	0.256602750079362
-0.208474656413933	-0.979977501155268	-0.381012825570959	0.262459155728091
-0.201379616548264	-1.00567498744856	-0.360431411701878	0.307008079577554
-0.194284576682596	-0.955087216613986	-0.355315690289888	0.292540682718428
-0.187189536816928	-0.953810317286106	-0.342334899248774	0.275537703652623
-0.180094496951259	-0.907588078137563	-0.335348852115931	0.299325484009364
-0.172999457085591	-0.914083151533005	-0.337737362482481	0.310092084498395
-0.165904417219922	-0.920362290376225	-0.326520685673057	0.340022879377538
-0.158809377354254	-0.908435889792265	-0.31991778783259	0.341860001811063
-0.151714337488586	-0.892037821617391	-0.291725134166794	0.32405349635174
-0.144619297622917	-0.903498416817252	-0.296783403781445	0.354150854980051
-0.137524257757249	-0.876449082268135	-0.294317654491783	0.343741985033459
-0.13042921789158	-0.887295387954013	-0.275673641776251	0.371717194222403
-0.123334178025912	-0.861537359322883	-0.270854849620983	0.378886290548239
-0.116239138160244	-0.84960955799682	-0.263025873867439	0.359246062771429
-0.109144098294575	-0.846023394573185	-0.251268949173449	0.386128964176784
-0.102049058428907	-0.837543094621777	-0.236426084867543	0.391790567104075
-0.0949540185632387	-0.85320084431924	-0.244390425071723	0.376276948690455
-0.0878589786975703	-0.796022615408417	-0.234812916573745	0.406157853430025
-0.0807639388319019	-0.817972072715932	-0.22498903844255	0.40593716924611
-0.0736688989662335	-0.818431308409463	-0.217031654968706	0.438142856174323
-0.0665738591005651	-0.813774683193885	-0.204241351678703	0.409214488101016
-0.0594788192348967	-0.783438805991122	-0.197723694192368	0.431374166431478
-0.0523837793692283	-0.791956126505528	-0.195153212901611	0.441572479855679
-0.0452887395035599	-0.757615319209854	-0.178482010361725	0.459142491085407
-0.0381936996378915	-0.798564945834667	-0.173191461255643	0.455155418449345
-0.0310986597722234	-0.756305020008961	-0.165336474951682	0.474657251961694
-0.024003619906555	-0.748913140175217	-0.157844790681393	0.47046701192734
-0.0169085800408866	-0.756636108490595	-0.145147681036057	0.470397116684804
-0.00981354017521818	-0.747608568388066	-0.141628271845951	0.513690776494594
-0.00271850030954979	-0.725797244329167	-0.128711022281674	0.544087221979047
0.00437653955611861	-0.713886205025176	-0.13599693074718	0.518212829604244
0.011471579421787	-0.709876085040896	-0.115662684126339	0.527659387899566
0.0185666192874554	-0.690993965773268	-0.100461188827192	0.533292881627136
0.0256616591531238	-0.71933662829401	-0.0895834030246021	0.519293518799208
0.0327566990187922	-0.693926305132915	-0.0921994695207877	0.510318931673032
0.0398517388844606	-0.689576532046908	-0.0791286962016773	0.552007945465571
0.046946778750129	-0.706542113013966	-0.0794526991420383	0.553910276193897
0.0540418186157972	-0.649393904665123	-0.0708125680305265	0.566534797714929
0.0611368584814656	-0.655885460653629	-0.0677226163957194	0.571988644601334
0.068231898347134	-0.654374044315492	-0.0542332302323411	0.572448303406767
0.0753269382128023	-0.652329206803693	-0.0427037262965393	0.608153043715031
0.0824219780784707	-0.638367322169656	-0.029322260580284	0.582201779662734
0.0895170179441391	-0.618276522508362	-0.0246765951946789	0.605097757233062
0.0966120578098075	-0.616059250598344	-0.0175119008420123	0.624348269353512
0.103707097675476	-0.631849647320676	-0.0120275150935759	0.627731568168066
0.110802137541144	-0.600094157932572	-0.00229338415569612	0.629466784094477
0.117897177406812	-0.587979922638021	0.0103714932214432	0.646679656579219
0.124992217272481	-0.59463980314899	0.0115275061730099	0.658660312202621
0.132087257138149	-0.582642602545402	0.0212309606755065	0.657141931903726
0.139182297003818	-0.577719975973151	0.0373858119854246	0.676323452266415
0.146277336869486	-0.572200842316295	0.0416319608411901	0.678437389039826
0.153372376735155	-0.551461173425014	0.0398642734345699	0.670135657427688
0.160467416600823	-0.570463887313073	0.0555245842488487	0.670329193071735
0.167562456466491	-0.537096246780312	0.0567251076514476	0.699476939876706
0.17465749633216	-0.544420340637403	0.077139819697965	0.700818299812068
0.181752536197828	-0.529133263056985	0.0804507951451307	0.698332886746828
0.188847576063496	-0.516289442303847	0.0937560767045302	0.71490556088211
0.195942615929165	-0.500162053770335	0.100383567590834	0.758146319671404
0.203037655794833	-0.495262970026751	0.102512137702707	0.770863223566214
0.210132695660501	-0.480739815580106	0.117773259068264	0.739198846571885
0.21722773552617	-0.476435806827422	0.119525034953229	0.76047397461818
0.224322775391838	-0.486249899384755	0.127948162204542	0.768876827635269
0.231417815257507	-0.494127025747133	0.131667404809997	0.788005046556203
0.238512855123175	-0.476810371437531	0.158300853620237	0.787382773643886
0.245607894988844	-0.453856050980524	0.150251479554579	0.790821029679591
0.252702934854512	-0.456209018479103	0.159696514484789	0.81099713961562
0.25979797472018	-0.418056126445701	0.167048206813424	0.824077289982357
0.266893014585849	-0.424828374656638	0.174122170864519	0.80906001885527
0.273988054451517	-0.460956544026077	0.187499568042254	0.82991755901901
0.281083094317185	-0.404407049007858	0.190294914537614	0.860037779451953
0.288178134182854	-0.452079975474741	0.207621252438062	0.839988075556634
0.295273174048522	-0.40533999567144	0.212751210415742	0.862066712527505
0.30236821391419	-0.399549946518027	0.206603137561029	0.875944823251924
0.309463253779859	-0.387516437697252	0.226199168131483	0.891547638689537
0.316558293645527	-0.396269215900139	0.231446019060377	0.874076597698249
0.323653333511196	-0.385929900087193	0.232511917455218	0.882821876631665
0.330748373376864	-0.379305072031592	0.247357083248961	0.920767168681873
0.337843413242533	-0.349426278843929	0.242123026157298	0.900201261719006
0.344938453108201	-0.353674594469021	0.266846229149644	0.938229376919448
0.352033492973869	-0.339388143792091	0.268679938550118	0.942721916312766
0.359128532839537	-0.331394079961966	0.279164237980029	0.94879622285604
0.366223572705206	-0.352522037526491	0.299111466472958	0.922539067546816
0.373318612570874	-0.333130624938895	0.291970337929718	0.955035124720399
0.380413652436542	-0.324151557033098	0.299765213307754	0.961869598277988
0.387508692302211	-0.296722794360567	0.304432550036385	0.95503001578641
0.394603732167879	-0.288771725106169	0.3204252573837	0.980862410617915
0.401698772033548	-0.285485248998417	0.333289580876637	0.997581361040216
0.408793811899216	-0.302792909654215	0.338146728309815	1.02103847378321
0.415888851764885	-0.293494469162555	0.353337751305831	1.01256913895838
0.422983891630553	-0.276794572752889	0.343177641092732	1.04824686189994
0.430078931496221	-0.266658896971094	0.372254732178146	1.01672974037001
0.43717397136189	-0.241199011405599	0.369158132951224	1.03159649919055
0.444269011227558	-0.260133434235428	0.378817568212997	1.03154993294317
0.451364051093226	-0.257461713434797	0.389120174680584	1.04908144193431
0.458459090958895	-0.241787558922297	0.393297929214725	1.08539637655561
0.465554130824563	-0.238928205176954	0.398678468230467	1.07841044927875
0.472649170690231	-0.232566864255016	0.424141878730502	1.08118775195945
0.4797442105559	-0.223423211873988	0.420273016619641	1.08219026771474
0.486839250421568	-0.214191037611347	0.432949568271517	1.09226114861508
0.493934290287237	-0.214647803211276	0.436957031616404	1.1178751540108
0.501029330152905	-0.20287044718553	0.455636933243382	1.11231261223167
0.508124370018573	-0.199561362006727	0.457984486145835	1.13625577460581
0.515219409884242	-0.19310414898706	0.46761075147343	1.14181279607573
0.52231444974991	-0.184406544780024	0.463744479407915	1.14719307743047
0.529409489615579	-0.167777303650486	0.484091392780445	1.1465544646403
0.536504529481247	-0.13156721898254	0.484391699593752	1.1662962060165
0.543599569346915	-0.163146452812217	0.489953980659082	1.17461463092571
0.550694609212584	-0.143705973406432	0.509842002329199	1.19798517587551
0.557789649078252	-0.125976479830451	0.52550560959122	1.18390498310211
0.56488468894392	-0.143619550514197	0.51984730490948	1.21653096730006
0.571979728809589	-0.139014551858493	0.516544624703435	1.23096417528247
0.579074768675257	-0.121909076168207	0.540081773055882	1.23576898007424
0.586169808540926	-0.118097604016991	0.545123876862532	1.22090115092657
0.593264848406594	-0.114269991247852	0.54472509777022	1.24099982910404
0.600359888272262	-0.110072971422239	0.559202560482462	1.24883187503565
0.607454928137931	-0.114225492661169	0.565731508108525	1.26936072684793
0.614549968003599	-0.0807232561349593	0.571087330417578	1.29325119880299
0.621645007869267	-0.0998812773838773	0.578771720431976	1.2942288774807
0.628740047734936	-0.0833362313562603	0.578496721946938	1.30880874055535
0.635835087600604	-0.0434175637648925	0.592272183673792	1.31106228622861
0.642930127466272	-0.0461722553438424	0.607875024075789	1.30550171968506
0.650025167331941	-0.0710203389116917	0.620986955477169	1.31651277931739
0.657120207197609	-0.0714974515215134	0.621429114645655	1.3103471674759
0.664215247063278	-0.0426821606973601	0.625232686467753	1.34379787741424
0.671310286928946	-0.0551458751414173	0.645822680802731	1.37888432346296
0.678405326794614	-0.0197712157883525	0.656774234181967	1.35558149940645
0.685500366660283	-0.0326029653714136	0.654170829392294	1.37987089816436
0.692595406525951	-0.0333204143214347	0.666770744540884	1.4032232425661
0.69969044639162	-0.0371876536838948	0.682649933402931	1.38440093099246
0.706785486257288	0.00445992422317814	0.684936366448926	1.41944607060766
0.713880526122956	0.0108142930302349	0.684626920369851	1.40954207661977
0.720975565988625	-0.00685778288103442	0.699176400839205	1.41779510010417
0.728070605854293	0.0127597959036002	0.712682512647066	1.41689371011316
0.735165645719961	0.0353105592293107	0.710148111448767	1.45487421111999
0.74226068558563	0.0115974100702149	0.711906403784284	1.48747664216941
0.749355725451298	0.0476217572290821	0.724009662826365	1.50434008811222
0.756450765316966	0.0544887821018038	0.729617903449134	1.48933072463328
0.763545805182635	0.0654661830487247	0.745697814294664	1.50554890787674
0.770640845048303	0.0632508366394027	0.766103901564266	1.49464568584728
0.777735884913972	0.0646540190406333	0.770816537402614	1.52002819338786
0.78483092477964	0.0361071341496836	0.778327317845929	1.49636053221098
0.791925964645309	0.0674210693738751	0.788874429841761	1.52079397229188
0.799021004510977	0.0741666034343375	0.783497788925385	1.53419345120198
0.806116044376645	0.0884474754707919	0.79066209445909	1.54946687513831
0.813211084242313	0.0872378117744494	0.799092248526174	1.56475243316402
0.820306124107982	0.118615855647277	0.819447342246115	1.57043443720238
0.82740116397365	0.122530823651807	0.815561888326743	1.56693244969294
0.834496203839319	0.105216395099059	0.836210789386918	1.57240665933286
0.841591243704987	0.119145220819431	0.840339016786977	1.58167022225369
0.848686283570655	0.120941119718071	0.846386713059309	1.64803046828646
0.855781323436324	0.128498963558349	0.856150150026426	1.61051891071875
0.862876363301992	0.145843908651384	0.863869944640046	1.62746188716528
0.869971403167661	0.154748486319961	0.878015227635011	1.65002520873913
0.877066443033329	0.155527556674924	0.891522261302398	1.62219760463505
0.884161482898997	0.157149088493722	0.886014414045998	1.63259751678294
0.891256522764666	0.148112897004956	0.900694161457459	1.65742356127483
0.898351562630334	0.193212999266394	0.906216457529536	1.67852523287227
0.905446602496002	0.190987799441076	0.913707208481393	1.68983113025274
0.912541642361671	0.197298151985794	0.912570507922344	1.70077360821082
0.919636682227339	0.193262352765018	0.920740746318047	1.72038246964694
0.926731722093007	0.18546470821318	0.930632531457658	1.72889548072743
0.933826761958676	0.205935137484228	0.938377451731681	1.72972984065435
0.940921801824344	0.199339792221271	0.949776325344764	1.75853935580935
0.948016841690013	0.199093380159692	0.969664312778619	1.7725473179225
0.955111881555681	0.234511837172309	0.967374727324606	1.76704807818049
0.96220692142135	0.229068309145977	0.9757708084657	1.74686175543919
0.969301961287018	0.22952390294671	0.983538983831118	1.77283574612883
0.976397001152686	0.229895472093353	1.00230231011238	1.80426893309946
0.983492041018355	0.266019902852705	1.00234468491234	1.81121613547813
0.990587080884023	0.245614117219703	1.00941722272438	1.84092976981564
0.997682120749691	0.253267066087556	1.01717242738827	1.81126908253444
1.00477716061536	0.276214567307844	1.01240340373257	1.82177608548
1.01187220048103	0.265208697450361	1.02584587050883	1.83638634465147
1.0189672403467	0.272783060605112	1.034391793513	1.87093128490288
1.02606228021236	0.280823864529997	1.05431967965048	1.87809435978927
1.03315732007803	0.27374988367375	1.03910307119346	1.89976916453801
1.0402523599437	0.303048277935002	1.07964095396408	1.89900281383465
1.04734739980937	0.324580774685242	1.08249316386616	1.89674850439015
1.05444243967504	0.296441254365618	1.08756124770618	1.91239927480142
1.06153747954071	0.322809987916611	1.08894518575801	1.92199979493011
1.06863251940638	0.319659598202053	1.09733489577955	1.92212442621417
1.07572755927204	0.316410914907805	1.11024721538778	1.95737115477517
1.08282259913771	0.300262721775944	1.12808137704661	1.95959586709433
1.08991763900338	0.299484415487114	1.12310325779764	1.94297818306953
1.09701267886905	0.318168467418084	1.13314921332732	1.97776830663613
1.10410771873472	0.320087521952821	1.13970665409922	2.01238381273135
1.11120275860039	0.34188863046067	1.13882668322595	1.98766463412796
1.11829779846605	0.338657329168433	1.15543128389059	1.99095734585526
1.12539283833172	0.361616428360803	1.17657820369638	2.02166183719383
1.13248787819739	0.371860171543075	1.1687040116472	2.02428091913298
1.13958291806306	0.386905553349174	1.17010342424612	2.05900862617466
1.14667795792873	0.400641410919374	1.19368002605451	2.07138357980716
1.1537729977944	0.383980875236384	1.1949445142563	2.09360483417764
1.16086803766006	0.411933942607063	1.21233739247864	2.08032305211043
1.16796307752573	0.415610013242952	1.22243224431299	2.09141496687412
1.1750581173914	0.419693119359615	1.21972539244529	2.1039534854484
1.18215315725707	0.418037193686137	1.23939145176548	2.08567422767712
1.18924819712274	0.412235492970557	1.23983008955168	2.11483432275731
1.19634323698841	0.428407049723059	1.25509862937897	2.11042969144159
1.20343827685407	0.454946767123154	1.25945469765213	2.1173849143711
1.21053331671974	0.447295421495397	1.26921443983879	2.1316233173165
1.21762835658541	0.437780632395165	1.27228131935159	2.1481857893681
1.22472339645108	0.429248666950672	1.27295923552814	2.16832576390042
1.23181843631675	0.465953197196374	1.28812003387341	2.16969375178167
1.23891347618242	0.449193951213668	1.30013586937126	2.20453594760227
1.24600851604808	0.466676905533586	1.29587060700278	2.17899900081599
1.25310355591375	0.471067256991399	1.30341494155448	2.20134933362128
1.26019859577942	0.484932628810907	1.31618169602339	2.20292273709283
1.26729363564509	0.47861908013475	1.32055570708132	2.23211834656633
1.27438867551076	0.481007606247591	1.32982720102488	2.23916581386955
1.28148371537643	0.495376870544984	1.34680655764883	2.28636014584131
1.28857875524209	0.498538545901784	1.34543861683259	2.27146809485373
1.29567379510776	0.541384122493533	1.35282347366637	2.30186175887086
1.30276883497343	0.485282377025957	1.37200216732696	2.28327093958684
1.3098638748391	0.522464107221593	1.37465734580899	2.34104035824238
1.31695891470477	0.565516401843138	1.37844964492418	2.30805513384057
1.32405395457044	0.528642128900358	1.38881947851483	2.3025664285541
1.3311489944361	0.525137185865253	1.40135005475572	2.31955320535112
1.33824403430177	0.559539916834121	1.39419574836971	2.33772210356588
1.34533907416744	0.575434809733844	1.41533265271682	2.37411460506392
1.35243411403311	0.572765601838853	1.41636182975253	2.33329352143284
1.35952915389878	0.558958669563261	1.42600798738939	2.36969084743557
1.36662419376445	0.578570421254032	1.44223528650487	2.36005438669811
1.37371923363012	0.552467505168849	1.44958374048999	2.37740246461524
1.38081427349578	0.568727581900595	1.46167705345743	2.39496246057561
1.38790931336145	0.595986922412396	1.45015257056355	2.44007797521681
1.39500435322712	0.577223621937464	1.48056655681676	2.43879234044412
1.40209939309279	0.594267179933043	1.47948702681904	2.45640217723799
1.40919443295846	0.577742934304046	1.49108480776794	2.42503195605567
1.41628947282413	0.59797873860418	1.48460517549875	2.43168740514233
1.42338451268979	0.594802388163066	1.51746865296878	2.4572087893731
1.43047955255546	0.642739748524128	1.51140441048769	2.45330792394893
1.43757459242113	0.616420156684118	1.51826250060188	2.50470651816892
1.4446696322868	0.660559524915131	1.54680070472408	2.49340909714496
1.45176467215247	0.658524094177992	1.53622598949742	2.48516049846947
1.45885971201814	0.627729771521381	1.54331926688423	2.53692909388762
1.4659547518838	0.625675525107846	1.55003011694302	2.5338492612282
1.47304979174947	0.664618450715919	1.5727315766096	2.52908332399924
1.48014483161514	0.649203038994149	1.57628319497264	2.54610971014565
1.48723987148081	0.656713993248414	1.56960807904879	2.58228132567732
1.49433491134648	0.650559738894792	1.58138747241179	2.58858790264693
1.50142995121215	0.673178493266756	1.58641233247001	2.5890122093677
1.50852499107781	0.682910802108095	1.59211469834536	2.57108951778276
1.51562003094348	0.666580904011734	1.60471915288741	2.59508284798121
1.52271507080915	0.671092488538162	1.62343167343277	2.64482878412869
1.52981011067482	0.710404592370261	1.62600321635179	2.63028169107257
1.53690515054049	0.718175637029342	1.63806385212432	2.65444580562187
1.54400019040616	0.694061998063351	1.6435408096925	2.69205455830264
1.55109523027182	0.69813841485299	1.64249667961147	2.66964484114817
1.55819027013749	0.72205726108774	1.65112765669029	2.67923264443172
1.56528531000316	0.73716225383053	1.66715685530101	2.68811166123224
1.57238034986883	0.729212099034003	1.66972288794416	2.70752644036129
1.5794753897345	0.751619468565393	1.68135165984278	2.71829518709956
1.58657042960017	0.757991581501395	1.68793959615533	2.72028565327478
1.59366546946583	0.735122088478347	1.71288928441858	2.72693072233665
1.6007605093315	0.761082045467302	1.71334631649317	2.74039417379986
1.60785554919717	0.769178193990691	1.69859319559408	2.76542034780552
1.61495058906284	0.742785340965961	1.73523623376811	2.75641809805461
1.62204562892851	0.781221303585436	1.7260812461014	2.77014531939392
1.62914066879418	0.77477537625564	1.75292630588239	2.8029389503302
1.63623570865985	0.772488830632458	1.7582047118723	2.79550845316961
1.64333074852551	0.798236468351241	1.75399431351203	2.80618697113915
1.65042578839118	0.794413964847994	1.77310821211213	2.83432562151438
1.65752082825685	0.830008412879675	1.7795703523241	2.84434113551021
1.66461586812252	0.814681885253617	1.78161228624774	2.82707179560399
1.67171090798819	0.795311590333372	1.79151202440758	2.8834526218788
1.67880594785386	0.812986515856187	1.80623712723917	2.83873087161541
1.68590098771952	0.808705998653641	1.81131319069431	2.84813732245137
1.69299602758519	0.828565815631652	1.81603240001125	2.88263107549307
1.70009106745086	0.84293021864027	1.81019172131493	2.87650273738947
1.70718610731653	0.832874407449295	1.83017800312471	2.86884398632131
1.7142811471822	0.843599333718472	1.8229209198362	2.91672919190035
1.72137618704787	0.834405251325192	1.83756681062762	2.93543928194016
1.72847122691353	0.861998661168611	1.84506564372378	2.93759853807195
1.7355662667792	0.880269114181181	1.85665987378792	2.9490967944167
1.74266130664487	0.852392166519459	1.88087381068379	2.95844138314451
1.74975634651054	0.894625065521381	1.89542631219194	2.97117636763017
1.75685138637621	0.869675245619184	1.89173325011226	2.97792844746633
1.76394642624188	0.899083846251964	1.89609320552532	2.94870334840365
1.77104146610754	0.876469564244823	1.90525529485971	3.03413247678598
1.77813650597321	0.892859756556001	1.90881246416585	3.01424490596219
1.78523154583888	0.874558272189247	1.91670325828988	3.03331729652923
1.79232658570455	0.914834992264529	1.91835695014074	3.00439483828154
1.79942162557022	0.914407895256506	1.9344373397778	3.06458977028787
1.80651666543589	0.925082179906741	1.95163462115827	3.04837496042721
1.81361170530155	0.935726409878386	1.94997731700197	3.06762754446583
1.82070674516722	0.915775235954732	1.96653873678073	3.07111312678973
1.82780178503289	0.943002276825503	1.96522024778484	3.10230307816772
1.83489682489856	0.936666074816293	1.9673182098234	3.103612377754
1.84199186476423	0.960497522749769	1.98133287965985	3.112691451634
1.8490869046299	0.930132002307958	1.99541630397209	3.10125198662582
1.85618194449556	0.951166037954397	1.99977791010234	3.14079792065827
1.86327698436123	0.950959756832783	2.0049105406722	3.14177506013312
1.8703720242269	0.964097415342511	2.02409978528539	3.16321032185376
1.87746706409257	0.971978052954327	2.01497990634748	3.15912175029916
1.88456210395824	1.00007061015954	2.03132981959475	3.186545223299
1.89165714382391	0.965086511777704	2.03135238316497	3.2062710952047
1.89875218368958	0.979019330692992	2.04192321340509	3.22352302116437
1.90584722355524	0.964523164988918	2.05013482579358	3.23199381142402
1.91294226342091	0.969261911737	2.06303264765484	3.2149731001098
1.92003730328658	0.989021701526532	2.06620889961788	3.22440707391216
1.92713234315225	1.00522206685592	2.08518218618319	3.2607734071325
1.93422738301792	1.02111886618596	2.1039922410415	3.25958153562477
1.94132242288359	1.00649822623766	2.1097493617399	3.27978944786068
1.94841746274925	1.01732840286835	2.09806117947848	3.28281013026333
1.95551250261492	1.04023484776044	2.10523888183955	3.31152814031634
1.96260754248059	1.04744231234783	2.14054081909817	3.32903758589509
1.96970258234626	1.04577888433398	2.12869897953648	3.30992207389051
1.97679762221193	1.05940936249765	2.14370374980219	3.33681748151344
1.9838926620776	1.04552208440459	2.1438823467839	3.30465295317228
1.99098770194326	1.02812074519031	2.15140872257293	3.35170478801941
1.99808274180893	1.07045039171749	2.15564556841067	3.32502973882039
2.0051777816746	1.04814381890049	2.16575233962435	3.32924173604871
2.01227282154027	1.07270794821959	2.18200553047098	3.38201108739999
2.01936786140594	1.08479359019573	2.19448722800031	3.41878681923349
2.02646290127161	1.08045507812651	2.19354129362778	3.45031072884862
2.03355794113727	1.05852538739286	2.20782936563649	3.41394229417753
2.04065298100294	1.10042030086756	2.21691677252226	3.43472644964034
2.04774802086861	1.09540591641122	2.22874604197848	3.4336778484373
2.05484306073428	1.10316018463871	2.23054334789077	3.45739354767465
2.06193810059995	1.10076440052258	2.23363973250722	3.46677485106281
2.06903314046562	1.12534335699776	2.24277106116044	3.4754289986335
2.07612818033128	1.09880935521333	2.26425815537903	3.50093188837568
2.08322322019695	1.1419707322208	2.25771798838595	3.52561263181279
2.09031826006262	1.14044926810779	2.26361933195662	3.51118491400792
2.09741329992829	1.12872646234305	2.28205002393764	3.54833715772145
2.10450833979396	1.14664932150144	2.28242100857248	3.51331605154408
2.11160337965963	1.14044306315142	2.29964756760416	3.53825639028074
2.1186984195253	1.1505561584375	2.30293189441499	3.52163374603741
2.12579345939096	1.11994189483261	2.30218775303105	3.57376711267721
2.13288849925663	1.1533556547343	2.32728881911477	3.55550172240392
2.1399835391223	1.17878753711472	2.32858252918644	3.58166488909452
2.14707857898797	1.12642648412356	2.34029603605657	3.60670936827157
2.15417361885364	1.15770034944563	2.342099383228	3.58254247228905
2.1612686587193	1.18636454589145	2.35708460355004	3.6227281897824
2.16836369858497	1.19543368483695	2.3546266249379	3.60935559279378
2.17545873845064	1.20204030334216	2.367414418048	3.62256019726178
2.18255377831631	1.1643153878873	2.38114372438664	3.63636549906746
2.18964881818198	1.25001263182376	2.3792162795821	3.66600793560752
2.19674385804765	1.21598105117131	2.38444978763055	3.66036646876771
2.20383889791331	1.20597765013606	2.39922453041729	3.6766230626948
2.21093393777898	1.20451555529805	2.41200988545744	3.70995922704804
2.21802897764465	1.24676812894535	2.41579496091322	3.67932558327905
2.22512401751032	1.2130218986243	2.41881219798232	3.70202862391725
2.23221905737599	1.22396644774696	2.42910088914587	3.71264191856311
2.23931409724166	1.22928256281939	2.4379498983123	3.76001388085538
2.24640913710733	1.23879717123485	2.44590452501232	3.78574363525634
2.25350417697299	1.25146978698315	2.44964984708211	3.74887616779153
2.26059921683866	1.25483084063316	2.46266657322229	3.79170775588163
2.26769425670433	1.25155591924048	2.47207966763898	3.7789185618571
2.27478929657	1.26733949704064	2.47599108049521	3.76258083124197
2.28188433643567	1.25463182753221	2.4849163683888	3.78289661657206
2.28897937630134	1.27730881541348	2.50294927481365	3.83598273462064
2.296074416167	1.24496017028371	2.50432870064352	3.83185097329391
2.30316945603267	1.26152957614703	2.51057261108267	3.8617355906946
2.31026449589834	1.28471460430703	2.51519125021803	3.84362308847923
2.31735953576401	1.3071816212173	2.52148378017487	3.84967685284133
2.32445457562968	1.25077788159559	2.52708057935522	3.89040833963846
2.33154961549535	1.31364692984716	2.55781895797954	3.86360232499314
2.33864465536101	1.32394133908196	2.5453797177307	3.86865280067143
2.34573969522668	1.32021183405069	2.54582401311222	3.87201905251283
2.35283473509235	1.3554850836985	2.57140982983874	3.90405075085564
2.35992977495802	1.31728163350576	2.57928621211684	3.92380683629993
2.36702481482369	1.32905064316413	2.58642346145317	3.91082969561188
2.37411985468936	1.33175990557395	2.61661221484329	3.95617573489754
2.38121489455503	1.31422015167353	2.60683633489565	3.95564586807048
2.38830993442069	1.33939823921757	2.60019345063257	3.96309473856918
2.39540497428636	1.36605091947798	2.60110430541413	3.99027374722758
2.40250001415203	1.34549663647758	2.62896840333851	3.96640741036356
2.4095950540177	1.37992598237954	2.64237111740955	3.9684997562096
2.41669009388337	1.37959167841554	2.65569996364521	4.00786126246581
2.42378513374904	1.38631555633388	2.64477432824022	3.99433531786972
2.4308801736147	1.35385285108232	2.64974366868468	4.03557161612386
2.43797521348037	1.38517298544781	2.66313706602252	4.04113329103207
2.44507025334604	1.38146617107574	2.66987971827532	4.05104101795739
2.45216529321171	1.40077585067391	2.67790171096258	4.05678970212542
2.45926033307738	1.40971620965048	2.70727754118452	4.08465459943899
2.46635537294304	1.39462891168999	2.71071503907283	4.1032546059303
2.47345041280871	1.3887530681904	2.71279764452061	4.10172701613003
2.48054545267438	1.41600467658857	2.71707543823891	4.14111703782106
2.48764049254005	1.44374145197929	2.72525817830845	4.13404484419552
2.49473553240572	1.38112832494248	2.72759239474401	4.1357380019183
2.50183057227139	1.45389797810127	2.74353420267802	4.14812831734289
2.50892561213706	1.41606050592517	2.74790349452259	4.16351034166165
2.51602065200272	1.41442223418175	2.75178766369073	4.16392821711438
2.52311569186839	1.47484223728422	2.77129361092072	4.18263535103881
2.53021073173406	1.47500529649866	2.77798952547997	4.17696168559296
2.53730577159973	1.4540637735793	2.77567181823564	4.19035210276121
2.5444008114654	1.46806377279883	2.79150865585834	4.21543708715375
2.55149585133107	1.46796160686173	2.796288005082	4.2310210350929
2.55859089119673	1.44526338068373	2.81338527059529	4.2474722759171
2.5656859310624	1.47778028083492	2.80402970025448	4.26315668271028
2.57278097092807	1.4922866760137	2.81219178461508	4.27438624623638
2.57987601079374	1.48862868887805	2.83189884166099	4.27436426394711
2.58697105065941	1.4921248520101	2.83526046194285	4.28452889333218
2.59406609052508	1.48322067923725	2.85517865982335	4.29038907348131
2.60116113039074	1.49942010247178	2.85363900182569	4.34016777043594
2.60825617025641	1.5086687602989	2.85626773949712	4.33028468678674
2.61535121012208	1.54743123592576	2.8718475483358	4.35182673882761
2.62244624998775	1.50162203150967	2.87113632677335	4.3156952811435
2.62954128985342	1.56925030914908	2.8968670743746	4.33707961682996
2.63663632971909	1.52977852634693	2.88909676080032	4.31955601598751
2.64373136958476	1.55044167614155	2.89478347338929	4.38205112254354
2.65082640945042	1.51545370563287	2.89219656754077	4.36342938268876
2.65792144931609	1.50722305369542	2.9001202132697	4.39715878251749
2.66501648918176	1.54705082780893	2.91489232788657	4.4261531013594
2.67211152904743	1.53641664525324	2.92627765095836	4.43932105178233
2.6792065689131	1.56449068760636	2.94681329196047	4.42398259265559
2.68630160877877	1.56420492851675	2.95489846692799	4.43100913277879
2.69339664864443	1.56827540360061	2.96386254798941	4.43065608835343
2.7004916885101	1.59287204303749	2.97130353212831	4.42643176046518
2.70758672837577	1.57662161846452	2.98588616600841	4.44808078085167
2.71468176824144	1.57608160134288	2.97812468798801	4.51541446698792
2.72177680810711	1.59834330907065	3.00191230998136	4.4772495538363
2.72887184797277	1.65304415944442	3.02321137604891	4.51288573054475
2.73596688783844	1.62012262334475	3.00559639672465	4.54729713549059
2.74306192770411	1.61366733045816	3.01299787307582	4.50342372028613
2.75015696756978	1.61146727520554	3.02069320109708	4.5576514194543
2.75725200743545	1.64574342581727	3.03667063667688	4.54771924135704
2.76434704730112	1.66093516138017	3.04042420306905	4.5724851038619
2.77144208716679	1.60742562915658	3.05524799323128	4.55465396421088
2.77853712703245	1.65274492277794	3.05413052313121	4.57742247553712
2.78563216689812	1.63836819587861	3.06125230243718	4.58559092002455
2.79272720676379	1.63935853843359	3.06928321278677	4.61891586109704
2.79982224662946	1.66550355300467	3.0940974087461	4.63245344356482
2.80691728649513	1.64481212700832	3.08370908909257	4.64343568185385
2.8140123263608	1.6365302486938	3.07853100534578	4.66414234894052
2.82110736622646	1.68036786809873	3.09802022171774	4.63999479436346
2.82820240609213	1.68724765983172	3.10695472542814	4.67528091407138
2.8352974459578	1.66200653097622	3.12630434466153	4.62977300954183
2.84239248582347	1.65566704666343	3.12900958912295	4.7146627320068
2.84948752568914	1.68920716146328	3.14525583931521	4.67371339876192
2.85658256555481	1.6432225283387	3.13602076763456	4.72571267139649
2.86367760542047	1.7122311004151	3.1568571818875	4.69575201417385
2.87077264528614	1.70453386382318	3.15342359325012	4.72674750803389
2.87786768515181	1.6938835707938	3.15996976675917	4.72315737406362
2.88496272501748	1.74647533669338	3.15887772671655	4.77853412069609
2.89205776488315	1.73460287212517	3.17500112548884	4.748327405903
2.89915280474882	1.69975976408986	3.18848092918202	4.75846570081024
2.90624784461448	1.70728391075842	3.21124205572701	4.7871348191224
2.91334288448015	1.72646133962608	3.20420468795881	4.81099120630614
2.92043792434582	1.75385467422836	3.23936641462824	4.76770267279075
2.92753296421149	1.73753787761496	3.22643322895056	4.83600977668338
2.93462800407716	1.76006385241802	3.2246376887088	4.82405262179209
2.94172304394283	1.77049270370204	3.23548859197459	4.83492673171007
2.9488180838085	1.75880871890054	3.24805709766189	4.84718920634138
2.95591312367416	1.79945059069424	3.26595996779287	4.85727541934051
2.96300816353983	1.79382322182666	3.26456024142095	4.90859846886382
2.9701032034055	1.76864143240382	3.27035784208155	4.90216204898095
2.97719824327117	1.77286449898403	3.27223362078235	4.89515976506185
2.98429328313684	1.8033437374756	3.30158688451417	4.92126522663925
2.9913883230025	1.80834381736241	3.29252566463041	4.93245794068853
2.99848336286817	1.77470420053779	3.33064268698551	4.90927510031649
3.00557840273384	1.78369931420303	3.31000558475258	4.92481432869635
3.01267344259951	1.78415158045043	3.32983824194776	4.97096507741246
3.01976848246518	1.79362350669812	3.34640400223218	4.95196246050106
3.02686352233085	1.8009939654529	3.34659655517582	4.99372712856718
3.03395856219652	1.85227839525239	3.36229499310694	4.97710454239866
3.04105360206218	1.82135260783808	3.35833853427268	5.00704038449068
3.04814864192785	1.86246850494459	3.38390134174227	4.99944924154633
3.05524368179352	1.81884491882683	3.37849259959448	5.00174645873223
3.06233872165919	1.82969959286426	3.37683829455113	5.05919828067413
3.06943376152486	1.83115286950509	3.39398596481322	5.0352238213641
3.07652880139053	1.82473980790027	3.4136455796758	5.06451697164727
3.08362384125619	1.87295058051208	3.414039472718	5.0492681351892
3.09071888112186	1.88266913149954	3.4151975406618	5.06852168130995
3.09781392098753	1.86458279000036	3.4266744235344	5.07765017100094
3.1049089608532	1.84059250652862	3.43776712512926	5.10739071078149
3.11200400071887	1.8381859007657	3.44814397648985	5.09594270560721
3.11909904058454	1.8749360140244	3.4549998543246	5.13052452529301
3.1261940804502	1.8774740916949	3.45998175949745	5.13095806826838
3.13328912031587	1.87214134964049	3.4597980845236	5.1295311031862
3.14038416018154	1.91934075687879	3.47047630540241	5.15693763702415
3.14747920004721	1.92369219283054	3.48336069886159	5.16252756248325
3.15457423991288	1.8910847080835	3.49688847728228	5.13681846700647
3.16166927977855	1.9180976055978	3.49184323554249	5.22415700957596
3.16876431964421	1.91984636939389	3.49055971825887	5.20387940362892
3.17585935950988	1.91189774086976	3.52343407210243	5.19799747821161
3.18295439937555	1.95137209614994	3.52010017492256	5.25735543408675
3.19004943924122	1.90748284954039	3.5196207571095	5.23986015155525
3.19714447910689	1.96967940118971	3.53151344730804	5.2698774520412
3.20423951897256	1.92088697626486	3.55233527010424	5.27625094650519
3.21133455883822	1.92984387026009	3.55487965370635	5.29652300415223
3.21842959870389	1.93554588076156	3.55067091234182	5.27385341440205
3.22552463856956	1.95358140674044	3.58591751791522	5.29203414455513
3.23261967843523	1.95395029216208	3.57675055581022	5.31063663073307
3.2397147183009	1.93592666345761	3.5814987990495	5.29677760284514
3.24680975816657	1.96802143782754	3.58978163389573	5.38302731277184
3.25390479803223	1.94821455944715	3.60461284292848	5.33978568101314
3.2609998378979	2.00730630538698	3.62350094898803	5.37380181323139
3.26809487776357	1.95907095634136	3.61188986634636	5.36321235594799
3.27518991762924	1.99248231023769	3.63650656046353	5.36384982529757
3.28228495749491	1.98229555429414	3.64144441167796	5.36449833508059
3.28937999736058	2.0149755778638	3.64218934867943	5.40143905893769
3.29647503722625	1.97727637212484	3.64762864443098	5.45587313841614
3.30357007709191	1.99716231161897	3.65505312721647	5.45319206288448
3.31066511695758	2.0219188303331	3.66249154838317	5.47228811947544
3.31776015682325	2.01901800379018	3.66816238860886	5.44141013499102
3.32485519668892	2.03218570705679	3.70262057162463	5.46220039075783
3.33195023655459	2.00612361328606	3.69382192429517	5.45976415030256
3.33904527642026	2.07024613131283	3.69356177032609	5.42927376702635
3.34614031628592	2.0539607349209	3.71616112993391	5.494175001129
3.35323535615159	2.07205524349994	3.71353384707913	5.51706860142426
3.36033039601726	2.08204288129918	3.73368006831363	5.50198642333513
3.36742543588293	2.05148697116971	3.74527007167251	5.53291335125248
3.3745204757486	2.10141384797876	3.74020547668457	5.48798508226487
3.38161551561427	2.0895762691755	3.73860175551032	5.5300405876545
3.38871055547993	2.07482519173759	3.76058361669715	5.55540780355772
3.3958055953456	2.05375241258719	3.77915764823391	5.58496360725357
3.40290063521127	2.10441803257587	3.75423764026206	5.54914174105996
3.40999567507694	2.06851903187212	3.77682108855033	5.56670916043765
3.41709071494261	2.09655533393822	3.77451468657408	5.5806418572497
3.42418575480828	2.09693036584572	3.80496343313517	5.61593853979616
3.43128079467394	2.1046198192172	3.80203005143452	5.6141625671604
3.43837583453961	2.11077390387993	3.83503579899864	5.61700361026589
3.44547087440528	2.0897048023924	3.82485148748489	5.63413238405391
3.45256591427095	2.12091612455804	3.83334937170078	5.65547184673495
3.45966095413662	2.13821457330738	3.85222928683473	5.65106750036618
3.46675599400229	2.12110104255359	3.85533138982447	5.68478524537669
3.47385103386795	2.12493875927216	3.85286575307806	5.6853595717407
3.48094607373362	2.11243268804191	3.87784691735289	5.68775874927961
3.48804111359929	2.14270312859792	3.86870016109308	5.70054424587608
3.49513615346496	2.17933303394098	3.88291634683864	5.71689285893947
3.50223119333063	2.18339835432074	3.88276390357688	5.73837988790736
3.5093262331963	2.13155072001337	3.90324103349022	5.74671477652062
3.51642127306196	2.10209986328768	3.90899530223968	5.76745125269976
3.52351631292763	2.17568613397368	3.9131324352241	5.7980459780812
3.5306113527933	2.19644579887302	3.93386396137574	5.77533968397256
3.53770639265897	2.13973496575976	3.9258153822571	5.74807644700394
3.54480143252464	2.22270120843543	3.94293204996208	5.76390815358215
3.55189647239031	2.18863030563391	3.96015684726725	5.83309926389981
3.55899151225598	2.24494692870467	3.95969158626342	5.77977514547064
3.56608655212164	2.18103459747364	3.96563300908436	5.86564256892302
3.57318159198731	2.19671950702716	3.96746873423764	5.8520667994509
3.58027663185298	2.16986868603918	3.97274164314491	5.89314423416652
3.58737167171865	2.18339140072357	4.00380337068038	5.88287004947384
3.59446671158432	2.20542078300555	3.97512237989947	5.90925240206563
3.60156175144999	2.20250193521746	3.98052473509936	5.85071169369952
3.60865679131565	2.23501288757475	4.01536485648584	5.89140227439897
3.61575183118132	2.21683906143019	4.01257041492009	5.91390639853791
3.62284687104699	2.23174177986562	4.03420446688446	5.91177152792317
3.62994191091266	2.24932745452583	4.04395525368088	5.94128189539969
3.63703695077833	2.25948343207987	4.05712879040692	5.99018654516913
3.644131990644	2.2521797661366	4.06838036560431	5.97758868489618
3.65122703050966	2.30521307257269	4.0619863136212	5.97227988216765
3.65832207037533	2.21369651811895	4.05584444061616	5.99609987086381
3.665417110241	2.28483385094883	4.08257036666174	5.98894507316276
3.67251215010667	2.2788388129342	4.07234897938555	5.98186710849341
3.67960718997234	2.3027601947474	4.0905870992386	6.01455357644194
3.68670222983801	2.24749217188216	4.08265699229926	6.0286332668766
3.69379726970367	2.28248604186558	4.12206181851272	6.0133010084148
3.70089230956934	2.29202589114014	4.11382718669431	6.04292578421241
3.70798734943501	2.33962488347515	4.12957948002388	6.08030962049892
3.71508238930068	2.29014688241062	4.13186737411815	6.05562603617576
3.72217742916635	2.30766847753715	4.12634592086625	6.09219794577256
3.72927246903202	2.30141516588693	4.15501679387124	6.10919290803745
3.73636750889768	2.29276738894264	4.15754969596135	6.12564850773511
3.74346254876335	2.31503912773552	4.16936031810866	6.10764033149302
3.75055758862902	2.30701116867004	4.18028680836994	6.12962019577755
3.75765262849469	2.31864263580042	4.16565471038298	6.21095569755662
3.76474766836036	2.31676359837743	4.17604919957235	6.20653422379728
3.77184270822603	2.40307930440231	4.18850402363636	6.16920104390594
3.7789377480917	2.37974303425839	4.20403778597667	6.1866890793069
3.78603278795736	2.32486742715113	4.21892745203439	6.19030506417971
3.79312782782303	2.36408540430221	4.21729642843796	6.20451143005364
3.8002228676887	2.39528142140597	4.22960442363281	6.2156331051907
3.80731790755437	2.3122767315256	4.22572312333726	6.20934001180941
3.81441294742004	2.40336197368247	4.25858171030184	6.24985881934168
3.8215079872857	2.36259918077916	4.25468559342788	6.25771750637738
3.82860302715137	2.34980740250108	4.27023983009084	6.25894451834193
3.83569806701704	2.37429858801348	4.27926064009335	6.26620339391759
3.84279310688271	2.43583991878869	4.2818787783659	6.30619868853144
3.84988814674838	2.42726456430172	4.27119519442107	6.3109231523347
3.85698318661405	2.41100342007855	4.28251284821325	6.32347373829442
3.86407822647972	2.42121963912534	4.28966166025329	6.35204170942805
3.87117326634538	2.3654447240141	4.29685981031647	6.29100612729972
3.87826830621105	2.41031650400698	4.31697196979017	6.33593555745901
3.88536334607672	2.46623601281273	4.30742712647389	6.32035521246493
3.89245838594239	2.42228418876735	4.3362794267445	6.36965635722874
3.89955342580806	2.44022085136883	4.34483642257302	6.39117342909778
3.90664846567373	2.4712125536047	4.33239316262578	6.40581941012081
3.91374350553939	2.47072933108218	4.36622277090697	6.40383539398522
3.92083854540506	2.46807511385113	4.35099474987361	6.42574383736202
3.92793358527073	2.41822957699471	4.37073092986646	6.41913322182477
3.9350286251364	2.41654587133846	4.39158824770688	6.45745307168273
3.94212366500207	2.50064489150352	4.39734143388065	6.46422234486911
3.94921870486774	2.49408925238292	4.41067290008378	6.44133906498582
3.9563137447334	2.48176853019495	4.4149153819603	6.419742248347
3.96340878459907	2.46790391485303	4.43831444407514	6.4842515016076
3.97050382446474	2.47656968330247	4.41567626424237	6.49241754208975
3.97759886433041	2.45834492614427	4.43320433374933	6.50249095217808
3.98469390419608	2.47718577760725	4.44511575570146	6.53160121654393
3.99178894406175	2.53009784358856	4.43850303188806	6.48516282630088
3.99888398392741	2.46604961793436	4.45171469735994	6.55592239856564
4.00597902379308	2.49561243124084	4.45763153049936	6.57741138164589
4.01307406365875	2.51698852055368	4.46807186969239	6.56629316776737
4.02016910352442	2.54236889119852	4.46728154209168	6.51501205922128
4.02726414339009	2.53637481607268	4.48134561350987	6.57736851997847
4.03435918325576	2.50500374242399	4.49462487229664	6.55486479252612
4.04145422312143	2.48576076459517	4.50098325759511	6.60673847825389
4.04854926298709	2.5606689991032	4.5206219435328	6.63340555662089
4.05564430285276	2.57279570659321	4.53485524720347	6.6377821316193
4.06273934271843	2.52198661795706	4.51813648167239	6.62745722686654
4.0698343825841	2.53090972928738	4.52584732410581	6.68510365494966
4.07692942244977	2.53395138749191	4.53710533560822	6.64351825753237
4.08402446231544	2.56213946244223	4.55149003146573	6.72114515001039
4.0911195021811	2.58775116315726	4.56544749387607	6.68545737829774
4.09821454204677	2.52441673108611	4.5817945655123	6.72510493074765
4.10530958191244	2.57075946039834	4.5645510319839	6.6865945318367
4.11240462177811	2.64169390026665	4.56390309108452	6.72774289101924
4.11949966164378	2.54067312191738	4.58580924612816	6.704642534002
4.12659470150945	2.61242610008532	4.60163605676085	6.76191258707638
4.13368974137511	2.59357767580675	4.61029258333516	6.70632028899908
4.14078478124078	2.60128178824537	4.61638879956936	6.77858545129947
4.14787982110645	2.57101571606082	4.61314545569288	6.80398606196346
4.15497486097212	2.61705392923603	4.62608287216916	6.78486856145482
4.16206990083779	2.56396814025827	4.64866923149872	6.77199221823692
4.16916494070346	2.61670847070104	4.65297598603571	6.79269121297541
4.17625998056912	2.66207868643889	4.6444026468804	6.81970722005944
4.18335502043479	2.66032112501522	4.64794278527197	6.83480187881146
4.19045006030046	2.66706796492339	4.65854369602689	6.87912934398563
4.19754510016613	2.6163588711964	4.6825444179138	6.85423488521911
4.2046401400318	2.63026034238429	4.68808190832069	6.8301834227742
4.21173517989747	2.61473621173756	4.68255498806707	6.89120695146831
4.21883021976313	2.67842759546292	4.70509763708146	6.88550846933162
4.2259252596288	2.6516216145466	4.70842933945352	6.89907906023833
4.23302029949447	2.68852675704197	4.74482264512037	6.92122533203845
4.24011533936014	2.71382617041664	4.73796839961365	6.90953159024876
4.24721037922581	2.69298835107389	4.73570767875915	6.92545967952459
4.25430541909148	2.70415890042493	4.74522120299784	6.93638580928792
4.26140045895714	2.72688567208208	4.7634440883796	7.00864244941259
4.26849549882281	2.70867935844691	4.76983651128163	6.97049158579303
4.27559053868848	2.70201547109825	4.76150648673611	6.97646657743963
4.28268557855415	2.72143284723506	4.77887759569606	6.99466910235431
4.28978061841982	2.67877787208186	4.79455365931807	7.00006577415939
4.29687565828549	2.73370730337405	4.78226898785466	7.03658137510891
4.30397069815115	2.69195091548206	4.80244542437193	7.03191092270577
4.31106573801682	2.71156564981384	4.82586062419659	7.06040022743084
4.31816077788249	2.70613008528363	4.82700496974014	7.07031326102801
4.32525581774816	2.73794259150756	4.83271460276763	7.0919908125933
4.33235085761383	2.74771528722396	4.84299067377495	7.03714606221889
4.3394458974795	2.73108884241428	4.8375806190939	7.10519111497529
4.34654093734516	2.73354333300156	4.86205410441736	7.08651156149115
4.35363597721083	2.74209744962681	4.86545965729751	7.09828813444296
4.3607310170765	2.76009371303348	4.87542369524354	7.11628184061309
4.36782605694217	2.78535174859122	4.86742478665588	7.09227365613614
4.37492109680784	2.7722273937316	4.88166114781774	7.12375761743668
4.38201613667351	2.7741342944249	4.9017536110706	7.18391125280978
4.38911117653918	2.83880305996815	4.90541550822588	7.17118766505047
4.39620621640484	2.7745379667689	4.90913944240232	7.1482366142737
4.40330125627051	2.75957557421404	4.91470491516526	7.16304147548424
4.41039629613618	2.79074389645309	4.92842110318928	7.17208016347895
4.41749133600185	2.79205183815674	4.92512791571823	7.19991529247843
4.42458637586752	2.7935823757649	4.96764393679238	7.19433863911473
4.43168141573319	2.77185556846069	4.93872689453497	7.24290175640977
4.43877645559885	2.81979075036043	4.93722544327432	7.22266269335505
4.44587149546452	2.80880234596369	4.96522456357283	7.25282911167477
4.45296653533019	2.83075610846344	4.97781438596576	7.27180445169028
4.46006157519586	2.76513904391026	4.97883453252059	7.28609404727349
4.46715661506153	2.80847681782915	4.9879451164523	7.27956026120792
4.4742516549272	2.80943204200181	4.97693015985366	7.24449454130224
4.48134669479286	2.7926122096337	5.0164313178617	7.32784847371218
4.48844173465853	2.8662831549248	5.01305298285015	7.35155192928543
4.4955367745242	2.84009099039632	5.03831908402876	7.31844567396267
4.50263181438987	2.87164658312454	5.0334809411504	7.37548553683798
4.50972685425554	2.87242044805001	5.03823395294097	7.35091840768694
4.51682189412121	2.83625714805862	5.03155132209	7.34497411974145
4.52391693398688	2.88377038654885	5.06639534922938	7.4228408562361
4.53101197385254	2.84433769699915	5.06333297344636	7.42660195682009
4.53810701371821	2.8700759687896	5.07252080973951	7.42248272600503
4.54520205358388	2.89376189503037	5.06320270167304	7.42504095709704
4.55229709344955	2.8928614397473	5.10306200885976	7.4739956265348
4.55939213331522	2.8603586556255	5.09152528790376	7.40270500736142
4.56648717318089	2.90855128368925	5.08959751790771	7.43408389772393
4.57358221304655	2.91332182128865	5.1230232069042	7.42732206628334
4.58067725291222	2.93153034868914	5.13574708587203	7.46892105190329
4.58777229277789	2.87746764064737	5.13784554238833	7.48580523853532
4.59486733264356	2.86591656284821	5.14086532999465	7.51965102783179
4.60196237250923	2.91639548453075	5.14174864678192	7.45068860684161
4.6090574123749	2.93330640170392	5.14243423500401	7.47782172087689
4.61615245224056	2.89564377430797	5.15513036868947	7.52707461573578
4.62324749210623	2.97146976171647	5.17271454749404	7.51946721985187
4.6303425319719	2.95468118033303	5.18435449997163	7.57604919215365
4.63743757183757	2.94442691294924	5.20237877061455	7.53884846126299
4.64453261170324	2.96460279648684	5.20402884344926	7.57245909538446
4.6516276515689	2.93610628846246	5.2078560859623	7.6250957636157
4.65872269143457	2.9651371654553	5.19288341428147	7.60607288069069
4.66581773130024	2.99548787019179	5.216582113725	7.6020743677931
4.67291277116591	2.96962096019307	5.2247280003581	7.63591675844695
4.68000781103158	2.98768971064251	5.21804328196687	7.64479016999862
4.68710285089725	2.95008644766298	5.26876144931141	7.62605601217137
4.69419789076291	2.99705794815225	5.25153762220834	7.70362452062127
4.70129293062858	2.97994647869625	5.26554458101435	7.64783759912354
4.70838797049425	2.99476221241508	5.2716437954923	7.65822668634821
4.71548301035992	3.00549848151254	5.28985723209611	7.65949049333213
4.72257805022559	2.99390855727529	5.26817904403274	7.68905757796312
4.72967309009126	2.98233385827655	5.29080170460035	7.71012738532016
4.73676812995692	3.00931415657389	5.29293096435081	7.7590954222484
4.74386316982259	3.01539671220715	5.29753980865277	7.71256996996096
4.75095820968826	3.05620413966183	5.31720432891055	7.7535352179549
4.75805324955393	3.01559795633408	5.34050089567837	7.79383087966093
4.7651482894196	3.03752071259483	5.32127129959438	7.75588575926785
4.77224332928527	3.06810775759543	5.36215706172548	7.79863059832357
4.77933836915094	3.02518531128396	5.35943531219676	7.77503907232951
4.7864334090166	3.09460438754599	5.35446589164834	7.79494434962523
4.79352844888227	3.06691650662658	5.3525648889793	7.79690796356057
4.80062348874794	3.07151894598715	5.37895438264276	7.79693060791372
4.80771852861361	3.0746729641564	5.37725929999293	7.85341182211743
4.81481356847928	3.03980758213803	5.38898795145327	7.81895875909252
4.82190860834495	3.04721091010807	5.41570150786856	7.85776922518104
4.82900364821061	3.11927233245008	5.39601800980936	7.87170683784562
4.83609868807628	3.05413764015279	5.40783197854324	7.87958849899978
4.84319372794195	3.10394206887186	5.40998785065632	7.90379925860752
4.85028876780762	3.09364666640177	5.45962804122506	7.85959946383263
4.85738380767329	3.07083846038293	5.4420896318027	7.97883803761083
4.86447884753896	3.12161441496014	5.45366285744548	7.9413800152925
4.87157388740462	3.11129861850751	5.45281001116488	7.94838047646173
4.87866892727029	3.13708211307302	5.462562779973	7.9863133108315
4.88576396713596	3.13397032895783	5.4943712641487	7.90616179539113
4.89285900700163	3.0775209919934	5.48543307313469	7.9724288414347
4.8999540468673	3.11911108719359	5.50190031313102	7.99808093033375
4.90704908673297	3.13104854933279	5.50379446389424	8.00014568417401
4.91414412659864	3.14832189784442	5.48714061018509	7.9922711318161
4.9212391664643	3.16867859456145	5.52885913290784	7.97420913924069
4.92833420632997	3.19607856437989	5.51869558373951	8.03561445925095
4.93542924619564	3.17674287294662	5.5308435119777	8.06217185831025
4.94252428606131	3.16565176366554	5.53801371546132	8.07161814227586
4.94961932592698	3.13015508227129	5.54503707321808	8.05668631745377
4.95671436579265	3.16979227905737	5.5427047768797	8.09607650041631
4.96380940565831	3.17842509043015	5.58112700714059	8.06994949402571
4.97090444552398	3.17563521695289	5.55837078651608	8.11470006804637
4.97799948538965	3.157988184748	5.58704906454935	8.11517546035052
4.98509452525532	3.16925586902445	5.59274097557867	8.12706181551137
4.99218956512099	3.16549289101597	5.58894553497805	8.12487683699528
4.99928460498666	3.20271904274967	5.60966011767824	8.14508955338506
5.00637964485232	3.14957892198045	5.61848532966742	8.18675327936899
5.01347468471799	3.19982958630074	5.62486757013208	8.20870839472587
5.02056972458366	3.20654816264062	5.61980458996295	8.20117017597914
5.02766476444933	3.14793594131453	5.63597061501717	8.18500507834035
5.034759804315	3.18439660710825	5.64094811599835	8.21316792995357
5.04185484418067	3.24925733289041	5.63311966982454	8.17979494319904
5.04894988404633	3.22514761591187	5.67457958089197	8.21524058624537
5.056044923912	3.2319711645633	5.67048519571314	8.22321971483662
5.06313996377767	3.24666508272126	5.67562963205622	8.24412062566948
5.07023500364334	3.23326491978916	5.68335377389869	8.26048157155978
5.07733004350901	3.22554816762763	5.70435371050771	8.26168063162894
5.08442508337468	3.26970248876815	5.6975913541623	8.29588722214991
5.09152012324035	3.25003359277418	5.70608571289492	8.30609238046323
5.09861516310601	3.22779326081505	5.70797197239485	8.34577864738781
5.10571020297168	3.2759077203803	5.71547450159775	8.33487873017688
5.11280524283735	3.28281651908386	5.72491884156815	8.35580525790891
5.11990028270302	3.24202800187034	5.72641968746317	8.32562408425873
5.12699532256869	3.28708698080611	5.75494513198109	8.36770103750408
5.13409036243436	3.34039206332888	5.75168884591234	8.42013184023654
5.14118540230002	3.24898115975793	5.76635003880961	8.41279705625706
5.14828044216569	3.32946818935172	5.77758230652575	8.42716014323717
5.15537548203136	3.31668222279053	5.77779814897733	8.38984497155401
5.16247052189703	3.2876407211998	5.77930775164188	8.42712357473551
5.1695655617627	3.30375418574029	5.79765349806837	8.44368973705996
5.17666060162836	3.26127043917845	5.8191406681554	8.42819570214279
5.18375564149403	3.25385704985947	5.80925588891769	8.46514190889306
5.1908506813597	3.3508018863708	5.80326483108188	8.46705697441895
5.19794572122537	3.35431170784398	5.82401690495846	8.46835072602283
