"mitochan"	"lwrNorm"	"medNorm"	"uprNorm"
-1.90327037354145	-3.31730615407401	-2.18511184005496	-1.03686203601174
-1.89720037392932	-3.30392625458608	-2.1733100832193	-1.01557073718044
-1.89113037431719	-3.34406333627363	-2.17528511720158	-1.01857028732208
-1.88506037470506	-3.29174642481493	-2.15417113491781	-1.01922695288829
-1.87899037509293	-3.30934404754137	-2.14615393990418	-0.984175063044101
-1.87292037548081	-3.29858977474083	-2.15197850623367	-0.979265856394938
-1.86685037586868	-3.30365424270516	-2.13797440091171	-0.992950050613036
-1.86078037625655	-3.27009285355942	-2.12441690221256	-1.02239764812076
-1.85471037664442	-3.26425854299896	-2.12303823156931	-0.984771527148369
-1.84864037703229	-3.2283374953698	-2.1206807123425	-0.978471887991398
-1.84257037742016	-3.23974263415765	-2.11176172841004	-0.991529041175414
-1.83650037780804	-3.20244099340136	-2.10087123639362	-0.939062366342939
-1.83043037819591	-3.22769805796643	-2.09349469753276	-0.970033935234646
-1.82436037858378	-3.22078300420387	-2.09309243347266	-0.993944466543084
-1.81829037897165	-3.19956576908299	-2.07758809552879	-0.973483036835066
-1.81222037935952	-3.21171178605789	-2.08286805986067	-0.963806289251581
-1.80615037974739	-3.1811193515639	-2.08385249809458	-0.977042155786382
-1.80008038013526	-3.19124906671381	-2.05045688217747	-0.998349951704172
-1.79401038052314	-3.18225518531197	-2.0561492614555	-0.91736582823879
-1.78794038091101	-3.17754739591152	-2.05424696536156	-0.908093361356262
-1.78187038129888	-3.14459431022543	-2.02137384335614	-0.936963687730746
-1.77580038168675	-3.1037557223521	-2.03389095177927	-0.938217226842198
-1.76973038207462	-3.09947827027331	-2.03344547754245	-0.890209137914867
-1.76366038246249	-3.13436687674209	-2.02720795258003	-0.908684713155191
-1.75759038285036	-3.13908436379385	-2.01040449174364	-0.877996564949964
-1.75152038323824	-3.10918354239479	-2.01437829839435	-0.909248481040286
-1.74545038362611	-3.08408636176198	-1.99540404868088	-0.921350702849709
-1.73938038401398	-3.14188378586195	-2.00105513889242	-0.89823000560552
-1.73331038440185	-3.0506226391533	-1.99476568429593	-0.888366326315285
-1.72724038478972	-3.05567536347992	-1.97377570122891	-0.880070598941508
-1.72117038517759	-3.09781328080012	-1.97026945029346	-0.885400686135228
-1.71510038556547	-3.04329099284552	-1.96412455619378	-0.890505518777575
-1.70903038595334	-3.0684307484484	-1.95251878724143	-0.863075378058863
-1.70296038634121	-3.02877759444119	-1.94366447697061	-0.872719680314977
-1.69689038672908	-3.03630206802241	-1.93523974517496	-0.867867555951065
-1.69082038711695	-3.02009856783283	-1.93796391010605	-0.855489620529483
-1.68475038750482	-3.03888191414701	-1.92268986215047	-0.890637102492458
-1.67868038789269	-2.9658589846026	-1.91384748650702	-0.861224039980034
-1.67261038828057	-2.97163355379578	-1.91513899447061	-0.865684453613803
-1.66654038866844	-2.95113071512085	-1.90547047610209	-0.832922900870413
-1.66047038905631	-2.95295345684432	-1.89473548246245	-0.794656586836821
-1.65440038944418	-2.94109852627125	-1.90170258906624	-0.827156733596602
-1.64833038983205	-2.93945031995729	-1.88887886290587	-0.851459665090343
-1.64226039021992	-2.93654954234926	-1.88896369292088	-0.803958982851232
-1.63619039060779	-2.91822963039404	-1.87213706488769	-0.813729935631078
-1.63012039099567	-2.9223388388931	-1.86883228888046	-0.832090462911578
-1.62405039138354	-2.90527218790656	-1.85618885388635	-0.782720085127223
-1.61798039177141	-2.92199106815036	-1.84171072993351	-0.7958869284414
-1.61191039215928	-2.8730925019829	-1.85194866418262	-0.809256077780147
-1.60584039254715	-2.87916886144821	-1.8414535769808	-0.805968923422153
-1.59977039293502	-2.85864176130358	-1.82860969576835	-0.82113328203923
-1.5937003933229	-2.85235662328544	-1.81592011181628	-0.78708288008752
-1.58763039371077	-2.84324037942709	-1.81872703926716	-0.746697722335086
-1.58156039409864	-2.83364470718348	-1.8075369951349	-0.7876898785779
-1.57549039448651	-2.81752519997512	-1.79903941276404	-0.798960676161378
-1.56942039487438	-2.83044510787861	-1.79638546437523	-0.768305967935404
-1.56335039526225	-2.75817232732753	-1.80518209320683	-0.793628807707666
-1.55728039565012	-2.80796318034282	-1.78160159731452	-0.758025681405182
-1.551210396038	-2.84489644253727	-1.78945596412139	-0.79390382154372
-1.54514039642587	-2.7822276122559	-1.78307524518718	-0.758507478261035
-1.53907039681374	-2.74943639259074	-1.76847139193843	-0.747482464222766
-1.53300039720161	-2.76377847114205	-1.76179003007742	-0.756749363902868
-1.52693039758948	-2.79747414087778	-1.74155329158087	-0.71731008386545
-1.52086039797735	-2.73720105248843	-1.7415902129896	-0.754473938812988
-1.51479039836522	-2.73403677932237	-1.72351163286941	-0.740431128738331
-1.5087203987531	-2.75849835430187	-1.72074585838363	-0.72824850085785
-1.50265039914097	-2.74137080589805	-1.71001664494765	-0.75506593198828
-1.49658039952884	-2.72954556361479	-1.71515033141316	-0.715351333493799
-1.49051039991671	-2.70086152698922	-1.71223386460512	-0.705061479443541
-1.48444040030458	-2.70164973351483	-1.69828547896758	-0.701377198437103
-1.47837040069245	-2.67605515351897	-1.68768415050585	-0.711694915711155
-1.47230040108032	-2.67801765709364	-1.69600224764733	-0.696467717963802
-1.4662304014682	-2.68059868966155	-1.67950758121051	-0.683951933822785
-1.46016040185607	-2.66413793005834	-1.69341142339062	-0.706229534615764
-1.45409040224394	-2.67903807061366	-1.67631310899281	-0.688440103668509
-1.44802040263181	-2.63938380928055	-1.66342847569813	-0.680580104406276
-1.44195040301968	-2.62742636724767	-1.65056910210241	-0.718996766050911
-1.43588040340755	-2.61359222331778	-1.65384576122784	-0.680000182697101
-1.42981040379543	-2.61142255118331	-1.62952223179248	-0.689359506018832
-1.4237404041833	-2.60460680361188	-1.63025209300619	-0.635788783619741
-1.41767040457117	-2.60556162343164	-1.62208778667447	-0.660831283184306
-1.41160040495904	-2.59531271848531	-1.63010316653799	-0.674217909953933
-1.40553040534691	-2.59501246522059	-1.61665095352169	-0.652003718372561
-1.39946040573478	-2.57663621311379	-1.6014079650769	-0.634560829161194
-1.39339040612265	-2.55303948683434	-1.5979104907305	-0.664086723397248
-1.38732040651053	-2.54520946039144	-1.58719284991993	-0.653628400142052
-1.3812504068984	-2.52241419034435	-1.59047261171855	-0.675649964276754
-1.37518040728627	-2.54162889175788	-1.57463548126139	-0.652264337323095
-1.36911040767414	-2.52292325333567	-1.57538884545352	-0.619983996672213
-1.36304040806201	-2.5111165737334	-1.55896617143557	-0.615932486716901
-1.35697040844988	-2.49491982121309	-1.55669464886976	-0.599059906127297
-1.35090040883775	-2.4957482524401	-1.5507474136697	-0.599756425321066
-1.34483040922563	-2.47495466231908	-1.54266341695591	-0.611403603066986
-1.3387604096135	-2.48226108996609	-1.53740310227142	-0.566702735540198
-1.33269041000137	-2.45499300594117	-1.52306417982915	-0.595362760085259
-1.32662041038924	-2.44167332440813	-1.53109780252736	-0.612642070560148
-1.32055041077711	-2.46193620292248	-1.52151600778096	-0.58925158409407
-1.31448041116498	-2.45484599762853	-1.5083431760943	-0.551542707034527
-1.30841041155286	-2.39291941676065	-1.50141654167384	-0.580107870024735
-1.30234041194073	-2.44453038884159	-1.48678151410497	-0.575667969513007
-1.2962704123286	-2.42678022016958	-1.47931189666369	-0.583921822996307
-1.29020041271647	-2.3906433781287	-1.48255124332635	-0.56746401571567
-1.28413041310434	-2.39533350747571	-1.46219493727782	-0.588481655270645
-1.27806041349221	-2.41160443329617	-1.46497457414409	-0.58263277298837
-1.27199041388008	-2.36426022463616	-1.47118229432346	-0.552041675579219
-1.26592041426796	-2.33690496892372	-1.44309864632443	-0.567333654105517
-1.25985041465583	-2.35873024850264	-1.44339605496966	-0.51043222480071
-1.2537804150437	-2.33385029872472	-1.44666041314195	-0.571820188004429
-1.24771041543157	-2.36369801300683	-1.43256622242979	-0.580150655832597
-1.24164041581944	-2.33782984349295	-1.42592102555201	-0.548373291023836
-1.23557041620731	-2.335169798201	-1.41765207650567	-0.514563924855799
-1.22950041659518	-2.34670920696535	-1.42637520512473	-0.504954463537621
-1.22343041698306	-2.28851988721737	-1.40773055894123	-0.502202106643568
-1.21736041737093	-2.28799383698652	-1.39101905098959	-0.508945517880819
-1.2112904177588	-2.25867332655104	-1.39922518674599	-0.528588060331142
-1.20522041814667	-2.26964045191067	-1.38618699341764	-0.473001929587664
-1.19915041853454	-2.27510363183042	-1.36837953913709	-0.525496183296999
-1.19308041892241	-2.25386102359246	-1.37728036103145	-0.495314511916234
-1.18701041931029	-2.25574820522088	-1.37058354330895	-0.492338414794068
-1.18094041969816	-2.25546357515546	-1.36282782242019	-0.480100146492679
-1.17487042008603	-2.23249236702718	-1.36625074789109	-0.449511718466115
-1.1688004204739	-2.22113557547018	-1.35206528919968	-0.455240640072045
-1.16273042086177	-2.22068760164719	-1.34144959583155	-0.474696813411371
-1.15666042124964	-2.20707757631481	-1.32799867612068	-0.456549173003695
-1.15059042163751	-2.18157302707956	-1.32633283412528	-0.463599907194892
-1.14452042202539	-2.16856756894132	-1.32118273030904	-0.397381832312126
-1.13845042241326	-2.16268845860598	-1.31792759189205	-0.429509852219836
-1.13238042280113	-2.18012438592073	-1.30812279912715	-0.441314727277181
-1.126310423189	-2.13251296645059	-1.29131348198998	-0.435610230304205
-1.12024042357687	-2.16839675821636	-1.28795283134412	-0.438871328396248
-1.11417042396474	-2.14250281298708	-1.28168155585674	-0.439400618829808
-1.10810042435261	-2.13685529975745	-1.28071761037755	-0.4184379645055
-1.10203042474049	-2.13844175889093	-1.27494930029868	-0.412568762329541
-1.09596042512836	-2.10404778376781	-1.26465245598672	-0.422286072302602
-1.08989042551623	-2.11518149591323	-1.2573443625135	-0.418882957012116
-1.0838204259041	-2.09103019172046	-1.25051997719296	-0.394152472654711
-1.07775042629197	-2.10277903163178	-1.24875729167368	-0.425182937213756
-1.07168042667984	-2.08858567377347	-1.24934112381332	-0.393132570133713
-1.06561042706771	-2.05706809128973	-1.23656084112684	-0.408793887820653
-1.05954042745559	-2.10199145193351	-1.2151218500652	-0.379091341807018
-1.05347042784346	-2.07637695367571	-1.21235380188713	-0.387638590321066
-1.04740042823133	-2.05357893150194	-1.21895836433702	-0.402040305803283
-1.0413304286192	-2.02103711977193	-1.21439973913084	-0.390900836653395
-1.03526042900707	-1.99521894273467	-1.19688420320766	-0.366664194942478
-1.02919042939494	-2.01652538928367	-1.18258793279108	-0.352821901557912
-1.02312042978282	-2.01894460740336	-1.17690798289589	-0.352625390604425
-1.01705043017069	-1.99118955306556	-1.18316006637342	-0.377408888058382
-1.01098043055856	-1.97719667999501	-1.17246668486621	-0.314526953037398
-1.00491043094643	-2.01256160362874	-1.17188751893671	-0.329900299959812
-0.998840431334301	-1.96837763836374	-1.15289326209257	-0.347755096005643
-0.992770431722173	-1.94694472299002	-1.14474027851861	-0.320346689747119
-0.986700432110044	-1.94118777163225	-1.14110923743116	-0.32800694041498
-0.980630432497916	-1.92752414345637	-1.13141798199063	-0.301970691893578
-0.974560432885787	-1.92167230719785	-1.13755484162217	-0.306815091407095
-0.968490433273659	-1.92517742279509	-1.12058288627245	-0.307110887425506
-0.96242043366153	-1.91819792688166	-1.10668230199669	-0.31526506562526
-0.956350434049402	-1.90732106488241	-1.10681206977704	-0.331629528071495
-0.950280434437273	-1.88657121225225	-1.09843739714537	-0.274904088838357
-0.944210434825145	-1.90229640959042	-1.09799483938139	-0.310235550746014
-0.938140435213016	-1.86911794744833	-1.08732936808389	-0.313286301360942
-0.932070435600888	-1.86446510842305	-1.08725360972062	-0.29588043053026
-0.926000435988759	-1.87458040818916	-1.08163529920854	-0.299350515371454
-0.919930436376631	-1.89460512519527	-1.07535733823041	-0.262078154105758
-0.913860436764502	-1.87231950399952	-1.06271376462747	-0.296013053768599
-0.907790437152374	-1.81216471702107	-1.05489946608769	-0.246854939367681
-0.901720437540245	-1.84799830535137	-1.05056812997549	-0.219976233500317
-0.895650437928117	-1.80431571852906	-1.04315054761561	-0.237440607982524
-0.889580438315988	-1.80888452535522	-1.03666036040489	-0.2580149984139
-0.88351043870386	-1.79272049583209	-1.01268001312281	-0.234113674059063
-0.877440439091731	-1.787696247156	-1.01919579310842	-0.245744211023212
-0.871370439479603	-1.8151132619354	-1.01496612247642	-0.234521950612217
-0.865300439867474	-1.78679221113637	-1.00124466804597	-0.208617573757641
-0.859230440255346	-1.76103140229924	-0.99188585686252	-0.237515626790442
-0.853160440643217	-1.75689495349672	-0.995441496024996	-0.217950955031174
-0.847090441031089	-1.7648368711597	-0.989373182000565	-0.222439826623995
-0.84102044141896	-1.74838402035371	-0.983412533460421	-0.236742997694014
-0.834950441806832	-1.73226646283092	-0.974620577093621	-0.208557864379766
-0.828880442194703	-1.71378820118375	-0.973476561734952	-0.217828304135119
-0.822810442582575	-1.72264659226214	-0.960206315002916	-0.15377449719628
-0.816740442970446	-1.70903963056036	-0.950724579349811	-0.18262437526033
-0.810670443358318	-1.71167753368244	-0.946208979196829	-0.182581415215297
-0.804600443746189	-1.69391622725795	-0.935318583563459	-0.172754278797983
-0.798530444134061	-1.67115422374904	-0.927397486318868	-0.154904249206612
-0.792460444521932	-1.69398273581219	-0.92633808646879	-0.183117927492241
-0.786390444909804	-1.66076655475475	-0.924928408136605	-0.174612658309794
-0.780320445297675	-1.66236265897252	-0.897545121162199	-0.144428199512837
-0.774250445685547	-1.66639461343605	-0.90238294053868	-0.153422907745377
-0.768180446073418	-1.65300717544637	-0.887946949318047	-0.180346884707523
-0.76211044646129	-1.63651694419792	-0.895367640979751	-0.13932872749953
-0.756040446849161	-1.63049571140663	-0.890811237611895	-0.166889315359261
-0.749970447237033	-1.60988407868431	-0.872432913362566	-0.162222161150166
-0.743900447624904	-1.61334629280519	-0.875339195061136	-0.124755978989899
-0.737830448012776	-1.59778061456764	-0.868509929692171	-0.157467421734908
-0.731760448400647	-1.5754828330051	-0.846316366967842	-0.119014917504156
-0.725690448788519	-1.57538087070247	-0.844276564414643	-0.128880202919131
-0.71962044917639	-1.58663057942966	-0.840955654234028	-0.0925378021692228
-0.713550449564262	-1.53903301131173	-0.835435380191012	-0.098317189448604
-0.707480449952133	-1.54921409710398	-0.829866413006678	-0.0788451665431936
-0.701410450340004	-1.55890928502084	-0.832463297963758	-0.0807243326455453
-0.695340450727876	-1.55545723160722	-0.820778818403227	-0.0843993651547519
-0.689270451115747	-1.52822653494625	-0.809159107025397	-0.0853080235382978
-0.683200451503619	-1.53379100390678	-0.806408492541202	-0.0890611049052322
-0.67713045189149	-1.51282544357393	-0.795946762319268	-0.0595910929030453
-0.671060452279362	-1.54430985293994	-0.784871344088147	-0.0818033773300716
-0.664990452667233	-1.50012371186992	-0.788283916602213	-0.0534804568724602
-0.658920453055105	-1.48450905844863	-0.772718709577454	-0.0639269336602516
-0.652850453442976	-1.47889926518756	-0.773958491382865	-0.0373605547821568
-0.646780453830848	-1.4699228843333	-0.754573614691222	-0.0657914944848795
-0.640710454218719	-1.47271622775844	-0.760506372040661	-0.0434558482094027
-0.634640454606591	-1.44307975948817	-0.749635278485427	-0.027625468602346
-0.628570454994462	-1.47043529673767	-0.741736416286875	-0.0406400296776101
-0.622500455382334	-1.44423149085001	-0.731980202408411	-0.0372568056288849
-0.616430455770205	-1.40871673571918	-0.728152476015729	-0.0558118697301986
-0.610360456158077	-1.38667242338646	-0.721247338156659	0.00151596582097328
-0.604290456545948	-1.4186325869637	-0.719293281402599	0.0171198375656246
-0.59822045693382	-1.43075858577765	-0.70948000159578	-0.00479025647518807
-0.592150457321691	-1.38340263179186	-0.700913362596172	0.0165282038977755
-0.586080457709563	-1.40248544482015	-0.697117940948919	-0.0205009151893099
-0.580010458097434	-1.39637308631181	-0.691176137803693	0.00297475848080827
-0.573940458485306	-1.37326314333681	-0.686154317261395	-0.00409562546360788
-0.567870458873177	-1.36964049689944	-0.673769514649554	0.0313094536552183
-0.561800459261049	-1.36798068904964	-0.66527707001979	0.0228978087329347
-0.55573045964892	-1.36949651717461	-0.654222736770868	0.0283086237090731
-0.549660460036792	-1.3482395760257	-0.659827441762186	0.0418674719161284
-0.543590460424663	-1.34191926663475	-0.641366304892244	0.063203586593661
-0.537520460812535	-1.2989739279312	-0.638243014985903	0.0629544803508426
-0.531450461200406	-1.32141594711123	-0.63370071985841	0.0864073919945057
-0.525380461588278	-1.32955109898446	-0.629034380234177	0.0940379875859087
-0.519310461976149	-1.3079246228909	-0.619117920048601	0.0818391432505076
-0.513240462364021	-1.2818676820408	-0.610585041077105	0.0753778403241381
-0.507170462751892	-1.29803218239523	-0.608291772667922	0.0644776586012154
-0.501100463139764	-1.29191806061709	-0.597257417104753	0.10034669086828
-0.495030463527635	-1.2707630280349	-0.59173395926342	0.0866776741866627
-0.488960463915507	-1.28015504281832	-0.585512921328178	0.0996548075433875
-0.482890464303378	-1.26082927629332	-0.585340080123676	0.0920265358740039
-0.47682046469125	-1.26188333585975	-0.561100947372455	0.0816952324207498
-0.470750465079121	-1.25789811076512	-0.567808688262515	0.11066853444174
-0.464680465466993	-1.21141715582793	-0.556102144513389	0.125853897426469
-0.458610465854864	-1.20997175513402	-0.54782253952558	0.107917145942849
-0.452540466242736	-1.20279510875464	-0.540474203678427	0.124425062161915
-0.446470466630607	-1.22708993139056	-0.54720195341616	0.148451949021672
-0.440400467018479	-1.20395492750495	-0.524057143760336	0.160675919186435
-0.43433046740635	-1.19626153165404	-0.521061498471494	0.173413457682284
-0.428260467794222	-1.179249014002	-0.512231103658931	0.162212667594858
-0.422190468182093	-1.18559763159151	-0.510536778451021	0.178830681137895
-0.416120468569965	-1.19657927187865	-0.505239135279493	0.155614288015461
-0.410050468957836	-1.14448427869476	-0.508567893869377	0.185685995197988
-0.403980469345708	-1.164246907359	-0.490167859155644	0.18821742672336
-0.397910469733579	-1.13528607445452	-0.480461742349428	0.168835878876224
-0.391840470121451	-1.14061118218896	-0.467253911041465	0.224062609291575
-0.385770470509322	-1.11587031757994	-0.471268689696755	0.191207287742847
-0.379700470897194	-1.1399366142263	-0.463180466242742	0.197066844600048
-0.373630471285065	-1.11727503933588	-0.464496542395625	0.190752366649236
-0.367560471672937	-1.11442517887229	-0.448360518109086	0.208227369252522
-0.361490472060808	-1.10550104259889	-0.439564305660717	0.205024736851716
-0.35542047244868	-1.09217538272804	-0.427092791343297	0.205346971918588
-0.349350472836551	-1.05674172660723	-0.427927138702097	0.210117784960045
-0.343280473224423	-1.07106270102234	-0.427477443402729	0.220740046162539
-0.337210473612294	-1.09354083548899	-0.417045731287695	0.2536983805654
-0.331140474000166	-1.02822311648368	-0.412653079157698	0.251883744264026
-0.325070474388037	-1.05363940574868	-0.401519785206588	0.251485623912392
-0.319000474775909	-1.05290960670764	-0.391539889683595	0.234753331062607
-0.31293047516378	-1.02750138958959	-0.395437414196558	0.299058834728102
-0.306860475551652	-1.01564189151896	-0.384806826229174	0.258345974203917
-0.300790475939523	-1.03307910747306	-0.375190313380945	0.285801955415838
-0.294720476327395	-1.03370713628408	-0.371124053217771	0.25366398285829
-0.288650476715266	-1.01958189199319	-0.359838504365991	0.276332687800018
-0.282580477103137	-0.986064576356109	-0.357473244513313	0.30830770949243
-0.276510477491009	-1.00048082627301	-0.34446846685181	0.291248096362435
-0.27044047787888	-0.984385618693499	-0.34965437200079	0.324284753453541
-0.264370478266752	-0.949084174632392	-0.332262536458252	0.323478534321202
-0.258300478654623	-0.991749917833266	-0.328357360883302	0.341011240811869
-0.252230479042495	-0.961442337859214	-0.32506842619498	0.340830511287094
-0.246160479430366	-0.953178529701215	-0.313080271454633	0.323405403625068
-0.240090479818238	-0.95871342119254	-0.312750283540633	0.366352468026496
-0.234020480206109	-0.930452357013826	-0.30107448240264	0.376151207094433
-0.227950480593981	-0.929981367616468	-0.300318247626909	0.333393277224474
-0.221880480981852	-0.925132834578959	-0.288815506309781	0.363433614542879
-0.215810481369724	-0.907619544694853	-0.272296546346266	0.357341217768554
-0.209740481757595	-0.896801568851258	-0.276390999908371	0.382376216847221
-0.203670482145467	-0.914811604899193	-0.274413549423114	0.370257379281044
-0.197600482533338	-0.889092356314497	-0.259943982855569	0.413934062910951
-0.19153048292121	-0.88528524995279	-0.250967328774541	0.373790207251422
-0.185460483309081	-0.885446615836353	-0.250157206241545	0.384364832862121
-0.179390483696953	-0.868528459422931	-0.235306543645531	0.416568564949383
-0.173320484084824	-0.885035921968346	-0.227543303962524	0.397565359175336
-0.167250484472696	-0.82618292413608	-0.228256900559718	0.419596306998882
-0.161180484860567	-0.860281774750788	-0.220247774977318	0.43439686796768
-0.155110485248439	-0.830452001332323	-0.205780391309072	0.409212423973127
-0.14904048563631	-0.817994065310941	-0.212467406733358	0.438128430143606
-0.142970486024182	-0.824142412604813	-0.190927554105038	0.439730243469127
-0.136900486412053	-0.830652679211918	-0.182083190629126	0.441713050291109
-0.130830486799925	-0.812528111875317	-0.192813789753952	0.47045084557526
-0.124760487187796	-0.809992560959616	-0.178264027622178	0.468188941520539
-0.118690487575668	-0.806415708671291	-0.174092325354519	0.473705014450676
-0.112620487963539	-0.798026982196562	-0.171157288254425	0.448324412845631
-0.106550488351411	-0.78878861185126	-0.154657472213078	0.485714592009325
-0.100480488739282	-0.794563742300083	-0.15771741076984	0.502442799965378
-0.0944104891271538	-0.765955728724091	-0.145059061765324	0.47566812620108
-0.0883404895150253	-0.771208333903008	-0.13733782209017	0.502734794103461
-0.0822704899028968	-0.758548999486233	-0.135391775999449	0.503664780061594
-0.0762004902907683	-0.755951463584588	-0.123044532407168	0.535701656238031
-0.0701304906786397	-0.747571658463463	-0.113363690884277	0.515278048084906
-0.0640604910665112	-0.726619545962652	-0.109581216546443	0.524436574322547
-0.0579904914543827	-0.744585975709537	-0.104897663044893	0.539844184313531
-0.0519204918422542	-0.739263485615013	-0.0991306028049682	0.539529785843563
-0.0458504922301257	-0.722091925847259	-0.0950301831527397	0.553761288453858
-0.0397804926179972	-0.698481349090577	-0.0957736261299794	0.55593335313926
-0.0337104930058687	-0.687621606415335	-0.0845295007557955	0.54855602248052
-0.0276404933937402	-0.700227290832619	-0.0737462217310101	0.559827142399615
-0.0215704937816117	-0.710722833135559	-0.0704447998179824	0.567197860480373
-0.0155004941694832	-0.66748726047158	-0.0557708459683139	0.584994001533619
-0.00943049455735467	-0.666839443752563	-0.042886049861358	0.570420945113911
-0.00336049494522617	-0.680464277463075	-0.0401210094288879	0.622295239491026
0.00270950466690234	-0.66685310226592	-0.0349682710827979	0.58421098333241
0.00877950427903085	-0.652012645359495	-0.0304025233101609	0.609760220005614
0.0148495038911594	-0.649358420710502	-0.0169132155184628	0.611549791873984
0.0209195035032879	-0.653137903834506	-0.0129660541140631	0.641356523731298
0.0269895031154164	-0.644608989010336	-0.010442886330676	0.62506007161241
0.0330595027275449	-0.629555371689553	0.00267477588032129	0.632280957800616
0.0391295023396734	-0.65220304581024	0.00128869108890628	0.639677060224513
0.0451995019518019	-0.620435576506002	0.0165347991168588	0.675872398017264
0.0512695015639304	-0.612647447711774	0.0149965057771563	0.647920140363665
0.0573395011760589	-0.60481825320374	0.0189187012836218	0.676698402619538
0.0634095007881874	-0.593329174735621	0.0278994897035178	0.64936649556247
0.0694795004003159	-0.595632741082975	0.0325959706358606	0.695720621445047
0.0755495000124444	-0.596657062423026	0.0478278152697661	0.707003925004064
0.0816194996245729	-0.557937271786929	0.0580108640267162	0.689482089094241
0.0876894992367014	-0.544370318698389	0.0593420736363466	0.703985357015464
0.09375949884883	-0.551447972040043	0.0549210402737684	0.712749215967521
0.0998294984609585	-0.565940039116055	0.0717820736127493	0.712160301476459
0.105899498073087	-0.559622116204342	0.0761209355950411	0.720350991952161
0.111969497685215	-0.549394995334545	0.0989211229740403	0.716711943507959
0.118039497297344	-0.528442805067706	0.0917625393448585	0.716405120997029
0.124109496909472	-0.510648646179824	0.106681105901845	0.75791758984154
0.130179496521601	-0.486064875484991	0.117073395023281	0.728238175847919
0.13624949613373	-0.532021200000856	0.115414484405041	0.770039591641702
0.142319495745858	-0.495953853855096	0.126589243715402	0.776904147428601
0.148389495357987	-0.486638491456786	0.124873141703323	0.749279514337798
0.154459494970115	-0.516206889353041	0.125966076055289	0.782216489289823
0.160529494582244	-0.508555299428188	0.141307770529287	0.792755007528823
0.166599494194372	-0.477357566619358	0.140052232473277	0.761568655427728
0.172669493806501	-0.491565261068824	0.159984360560813	0.803410935162657
0.178739493418629	-0.457819981397663	0.156395312643206	0.809330638537786
0.184809493030758	-0.469971256783676	0.164195975168619	0.797064413432039
0.190879492642886	-0.459295061001528	0.179874050135088	0.816980808895874
0.196949492255015	-0.441699004159644	0.186142546500818	0.827819318067742
0.203019491867143	-0.457664289793327	0.187829387892571	0.84930212092485
0.209089491479272	-0.451355314920565	0.196887426095177	0.831738899253955
0.2151594910914	-0.433070613149628	0.19829316973247	0.844697411565178
0.221229490703529	-0.423857546711372	0.213559156220353	0.838191571989658
0.227299490315657	-0.437048179286607	0.221481246549263	0.828993255562564
0.233369489927786	-0.430826230942174	0.230611845962601	0.866025498917929
0.239439489539914	-0.424477510939704	0.23122172726576	0.874071622473487
0.245509489152043	-0.384173636515014	0.23993707386968	0.851233838796667
0.251579488764171	-0.381322105726234	0.238097401433031	0.872081700528854
0.2576494883763	-0.373552830160794	0.25537379257679	0.891183930703336
0.263719487988428	-0.405402824663175	0.258953744294091	0.873769156851397
0.269789487600557	-0.338608816645591	0.264376114964148	0.910143574191478
0.275859487212685	-0.37859869723727	0.268075255397058	0.932125330060667
0.281929486824814	-0.370040300416276	0.269772898695413	0.911833943743456
0.287999486436942	-0.359549702581804	0.288467010143061	0.934678545894711
0.294069486049071	-0.342199280467158	0.280570736675258	0.918710912812492
0.300139485661199	-0.363050315371625	0.311043104717939	0.968833927479201
0.306209485273328	-0.327829998751625	0.300976461987874	0.960414863627666
0.312279484885456	-0.334977134186482	0.31154109173605	0.967647373173111
0.318349484497585	-0.325654004694737	0.320066785177771	0.971362463583029
0.324419484109713	-0.320325081861823	0.326417344420704	0.972744777661686
0.330489483721842	-0.294538743978666	0.326880142868417	0.979197994939077
0.33655948333397	-0.291618437434018	0.342560033160666	0.981943649460632
0.342629482946099	-0.30765130155957	0.341289183955463	1.00037398220463
0.348699482558227	-0.297274958723426	0.344151957687509	1.00292001845223
0.354769482170356	-0.268703201802557	0.361172262075637	1.02292110372515
0.360839481782484	-0.293713900404176	0.37551030848814	1.0304357712068
0.366909481394613	-0.291077443306197	0.372990583051431	1.03111235887068
0.372979481006741	-0.26914024246421	0.393784432980396	1.04397907315276
0.37904948061887	-0.25374015606794	0.392033326970502	1.04584075787925
0.385119480230998	-0.269994411127111	0.399130032883649	1.02864631341366
0.391189479843127	-0.27812567288625	0.412676752122583	1.07644208749988
0.397259479455256	-0.253456523192911	0.411494248541668	1.0598856315706
0.403329479067384	-0.230956479834676	0.407685853567974	1.08418206869497
0.409399478679512	-0.219743570060702	0.427881738409242	1.05601708046793
0.415469478291641	-0.238774034283493	0.430331573519365	1.10033632295067
0.42153947790377	-0.217001138504595	0.442962533340304	1.08639671356582
0.427609477515898	-0.252292714637924	0.445892478190752	1.10819680819136
0.433679477128026	-0.219672530810057	0.455855914990824	1.09781874219764
0.439749476740155	-0.206458897940801	0.452405596565404	1.11735663047622
0.445819476352284	-0.202265845838181	0.469872832690138	1.13018070698359
0.451889475964412	-0.213651878536804	0.470456038917273	1.14136439386603
0.45795947557654	-0.216689883759751	0.471628226435134	1.14702324042491
0.464029475188669	-0.199230774758164	0.474761968405569	1.12018256768663
0.470099474800798	-0.173794078814488	0.480646353384151	1.14217646602783
0.476169474412926	-0.161435397762201	0.506237997613523	1.15564262183495
0.482239474025054	-0.155751133021077	0.500482430556446	1.16201598228561
0.488309473637183	-0.17107627178133	0.515470416547207	1.18237414869795
0.494379473249312	-0.130094504066221	0.514576548045567	1.17155258026896
0.50044947286144	-0.154621540365717	0.52216741074438	1.19502586222133
0.506519472473568	-0.150560441254079	0.527959485467779	1.19744418899156
0.512589472085697	-0.135803961471653	0.540820189098951	1.18483046358101
0.518659471697826	-0.144261233872601	0.543413720445765	1.23565099632563
0.524729471309954	-0.150637332063768	0.55779239751196	1.21883352240752
0.530799470922082	-0.125115587264326	0.54942679019689	1.22691552569358
0.536869470534211	-0.109762370446453	0.577167075532684	1.2552729610596
0.54293947014634	-0.106784852499708	0.567873906862899	1.26869577132458
0.549009469758468	-0.10238899376599	0.579859566331095	1.27204264429024
0.555079469370596	-0.104847535007553	0.580555738730211	1.28103095229909
0.561149468982725	-0.140013571629805	0.580891565034833	1.28512357955676
0.567219468594854	-0.100405181274513	0.598688783008761	1.26412807947975
0.573289468206982	-0.0824631712430137	0.609521476012755	1.28858151419343
0.57935946781911	-0.105579617568361	0.612693209987182	1.31860569337792
0.585429467431239	-0.0791960942623225	0.618453145699108	1.32645926012184
0.591499467043368	-0.0701186661320184	0.62245749573401	1.30046433962433
0.597569466655496	-0.0401877192249956	0.640700151526586	1.33226769669263
0.603639466267624	-0.0617991996932271	0.643295950018183	1.32158477196003
0.609709465879753	-0.0425044442395659	0.646061584246733	1.3377795701196
0.615779465491882	-0.0381952638556073	0.654189669262111	1.32874486213305
0.62184946510401	-0.0162409960830804	0.660961044709633	1.36104700963877
0.627919464716138	-0.0501435071533577	0.661031050198797	1.35628819511146
0.633989464328267	-0.0401819136443426	0.66488678249248	1.3673838725278
0.640059463940396	-0.0373944900636995	0.677663348727174	1.40609342724116
0.646129463552524	-0.00175252043278714	0.696887987102212	1.38495827857495
0.652199463164652	-0.01552435956592	0.688856645747595	1.41943292637814
0.658269462776781	-0.0164028706219445	0.69492876626712	1.36359273365571
0.66433946238891	0.0253035487585578	0.698647591532871	1.42396360922857
0.670409462001038	0.00143446896395379	0.713278455090326	1.41530287497686
0.676479461613166	0.0409172839022672	0.719888166698702	1.40853668066743
0.682549461225295	0.0550258541035949	0.728353319946338	1.46816472212905
0.688619460837424	0.0220011200403181	0.72789034966233	1.45989605026737
0.694689460449552	0.0170228342884484	0.742259280429561	1.44159451058183
0.70075946006168	0.0223925045812022	0.741203404213474	1.45757761848121
0.706829459673809	0.0435268763657476	0.762113151135384	1.45595680723528
0.712899459285938	0.0399774966799398	0.763519853618566	1.46787249717561
0.718969458898066	0.0516028614045965	0.769052587046557	1.51019956991127
0.725039458510194	0.0698913857052507	0.779470122081767	1.51082942295566
0.731109458122323	0.0386555315564533	0.778080887877693	1.47641829712916
0.737179457734452	0.0632409531040213	0.794796186572116	1.50501772380442
0.74324945734658	0.0604666306165181	0.791560675286727	1.52719546550838
0.749319456958708	0.0676337761002456	0.807341033725704	1.51445642901749
0.755389456570837	0.0751050787913986	0.80841368881148	1.53715837539218
0.761459456182966	0.094831410779751	0.823629818305898	1.53629822745875
0.767529455795094	0.0919837997665586	0.816554744133414	1.56162105846286
0.773599455407223	0.076216678137138	0.815079995001075	1.55992571162156
0.779669455019351	0.0831315119064931	0.836723084279433	1.5542085303212
0.78573945463148	0.107876777189337	0.845867376524287	1.56961295256956
0.791809454243608	0.10457724082387	0.854573518132122	1.57943544353999
0.797879453855737	0.10031207749896	0.863377693605793	1.6067919748046
0.803949453467865	0.0990960326713198	0.869817846648979	1.60633460683214
0.810019453079994	0.121559009793916	0.88871017950225	1.61111397272829
0.816089452692122	0.0830796498686293	0.882529365443971	1.60324737426814
0.822159452304251	0.161524404111169	0.880021276569492	1.60629714805121
0.828229451916379	0.11980083808632	0.893286929408325	1.6424408485892
0.834299451528508	0.0983044101164006	0.895525581638973	1.63513798334694
0.840369451140636	0.163137831413629	0.901084833854386	1.6388802146332
0.846439450752765	0.114407222763694	0.915876584662855	1.6358938405443
0.852509450364893	0.166444183602989	0.925309006248111	1.66199495547481
0.858579449977022	0.156066843482458	0.921405985346988	1.64458291486071
0.86464944958915	0.141695198977775	0.935471523425032	1.69764194098845
0.870719449201279	0.174092942232245	0.946745811939284	1.72885995361754
0.876789448813407	0.170999633974514	0.942523342191225	1.72384042693487
0.882859448425536	0.181372565437207	0.963472049536499	1.70383770105629
0.888929448037664	0.167341146095175	0.954170959532317	1.72163641809178
0.894999447649793	0.231543678635365	0.959028694114716	1.72620615418601
0.901069447261921	0.18835479730797	0.964538982698521	1.74066110690673
0.90713944687405	0.192523313475088	0.973800769404311	1.70926172746586
0.913209446486178	0.225175219985452	0.994209891661035	1.76144330465408
0.919279446098307	0.194080252851636	0.98644303925663	1.75151753351745
0.925349445710435	0.215970940722338	1.00870087641345	1.77143117217383
0.931419445322564	0.216553986238743	1.00875219677544	1.77441095372633
0.937489444934692	0.226033970853771	1.01465091636022	1.81242406002593
0.943559444546821	0.220906767156238	1.0160672765093	1.77768208571403
0.94962944415895	0.240134697387325	1.01448129475749	1.79685525412203
0.955699443771078	0.221082336084747	1.03175528028355	1.82605742737324
0.961769443383206	0.244899365404444	1.04391062621266	1.82466998714529
0.967839442995335	0.27360722374692	1.05927856461236	1.80705983189125
0.973909442607463	0.253746538414107	1.05740085945219	1.82581289546883
0.979979442219592	0.268599787933915	1.04972843681598	1.87277307763175
0.98604944183172	0.248322768437472	1.06534764055007	1.87146090180993
0.992119441443849	0.246354698126515	1.07757859466339	1.8862026675788
0.998189441055978	0.265208363700556	1.09013357648352	1.88262655045337
1.00425944066811	0.268022375837741	1.09633489612606	1.92738857060274
1.01032944028023	0.293297270722927	1.08713962702016	1.91511535833423
1.01639943989236	0.311980873348228	1.10148715609828	1.90532989170273
1.02246943950449	0.274973249764635	1.10816909561256	1.90776152933784
1.02853943911662	0.35732673238793	1.10828804477026	1.90269197847863
1.03460943872875	0.340820487040259	1.12581678487373	1.91491735037986
1.04067943834088	0.318904503547122	1.13033239513431	1.94778762660612
1.04674943795301	0.334054007054543	1.13197003762954	1.95277400938082
1.05281943756513	0.337751001240635	1.15150924834941	1.95727019948418
1.05888943717726	0.34113478031452	1.14891308067418	1.94863689665065
1.06495943678939	0.344964666246775	1.16277590694357	1.98416324513317
1.07102943640152	0.343090483033966	1.16341851805499	1.96757596029587
1.07709943601365	0.340321135543625	1.16189178987551	1.98068708930142
1.08316943562578	0.33839377427203	1.17789635510625	1.99377919060543
1.0892394352379	0.383045723049377	1.1733598125452	2.01284835036499
1.09530943485003	0.388508336963962	1.17862342649464	2.03434058738113
1.10137943446216	0.389027712026958	1.19385364733628	2.00608192181281
1.10744943407429	0.339468673391072	1.20355876440133	2.0187144288532
1.11351943368642	0.386660664556261	1.21060938094536	2.00430520641675
1.11958943329855	0.362269756058618	1.21879266567582	2.05557904845376
1.12565943291068	0.387277036653598	1.2231438898998	2.05714460709928
1.1317294325228	0.390886899282607	1.24148551864649	2.07006586336646
1.13779943213493	0.399262993571744	1.24431665275283	2.05200105064587
1.14386943174706	0.430753589668153	1.23510090130112	2.1097214493924
1.14993943135919	0.426269350379293	1.26221177146186	2.11238469935194
1.15600943097132	0.400900497261089	1.2660972979327	2.09402832520226
1.16207943058345	0.413053548956796	1.27356096254316	2.09693400957943
1.16814943019558	0.415455915610868	1.27489687473038	2.10489829031683
1.1742194298077	0.437809444317039	1.28551404586107	2.10123189025155
1.18028942941983	0.405377461682878	1.28754602196624	2.1416714782051
1.18635942903196	0.419834310931893	1.30004548488024	2.15309617707759
1.19242942864409	0.406377405777321	1.2962080793628	2.11892581643166
1.19849942825622	0.451890948447427	1.30200143154147	2.16200791950601
1.20456942786835	0.44673926320709	1.31210673964472	2.16769702648739
1.21063942748048	0.437355585616239	1.32190791995194	2.18449411646369
1.2167094270926	0.447663105401111	1.32449848666922	2.16235517479602
1.22277942670473	0.43325292989417	1.33740531677792	2.19626232531247
1.22884942631686	0.435134565321947	1.35020760101645	2.1929458009347
1.23491942592899	0.490707421145613	1.35253610661542	2.19537143623235
1.24098942554112	0.508143925811263	1.36240458124803	2.21732419177713
1.24705942515325	0.492319481624341	1.36899893482476	2.25959495515514
1.25312942476537	0.444751887059786	1.35693712408073	2.23835513233006
1.2591994243775	0.514758477793854	1.38098354274108	2.27176530445528
1.26526942398963	0.511944610128117	1.37986779620659	2.25615149216107
1.27133942360176	0.527580839697074	1.38247099941202	2.24547174294872
1.27740942321389	0.486791537891636	1.391759334047	2.26513383171713
1.28347942282602	0.512250220790867	1.40115737629148	2.30047476858591
1.28954942243815	0.514757725259938	1.41302159873425	2.30540451522372
1.29561942205027	0.546417493038983	1.4206470469501	2.30541322082396
1.3016894216624	0.510435243686039	1.4196742571081	2.30422442461834
1.30775942127453	0.538412816230983	1.4166545987653	2.33755352889415
1.31382942088666	0.527921790221442	1.4336111821157	2.3150480646038
1.31989942049879	0.547734265700595	1.46136918699877	2.35306873215276
1.32596942011092	0.546631658515831	1.45165902670637	2.34056661416976
1.33203941972305	0.562522905728037	1.4461448091426	2.36982408929287
1.33810941933517	0.553860520200723	1.46517743274808	2.38116475428837
1.3441794189473	0.542585831683919	1.460448459055	2.37214262252487
1.35024941855943	0.532283345403295	1.48715159263602	2.37635538805262
1.35631941817156	0.566439413156553	1.48825185332288	2.39876574930283
1.36238941778369	0.57730775405992	1.49173299866281	2.41240113540924
1.36845941739582	0.581527873735251	1.49326835987309	2.41359610746785
1.37452941700794	0.574057968858102	1.51111044514042	2.42204735904269
1.38059941662007	0.581430381206393	1.50793954831328	2.41864633357754
1.3866694162322	0.563951619740229	1.51576719803381	2.44809188557113
1.39273941584433	0.609285526309725	1.5337256941698	2.44389879401455
1.39880941545646	0.620635939337322	1.53064836715603	2.47185801318225
1.40487941506859	0.595076381572644	1.53182348993072	2.47541139190536
1.41094941468072	0.562712217835317	1.53183412689151	2.45621806090356
1.41701941429284	0.606190327969156	1.55202499957116	2.47484062621233
1.42308941390497	0.608663954102066	1.55255241541159	2.5260063002704
1.4291594135171	0.629112754606111	1.57637035543517	2.50235158910661
1.43522941312923	0.621029541684383	1.57863112603534	2.50544840437123
1.44129941274136	0.626037563813293	1.58551861237283	2.51476780261458
1.44736941235349	0.622372365767918	1.58044170170508	2.51740115359336
1.45343941196562	0.629929564743687	1.58930263081537	2.51873105014095
1.45950941157774	0.643351418701852	1.60156024911291	2.60393563570173
1.46557941118987	0.640604506918893	1.60196596232519	2.56463714284386
1.471649410802	0.639617792217416	1.60937956437997	2.57463564519023
1.47771941041413	0.661239376477356	1.63162593875848	2.57335676939371
1.48378941002626	0.634252336839565	1.62289489922234	2.60467946116796
1.48985940963839	0.669367778499219	1.62568232953131	2.59862569632759
1.49592940925052	0.662377901108444	1.63662590364406	2.60034630117001
1.50199940886264	0.702437682141931	1.64597253289746	2.62273875334854
1.50806940847477	0.661574958360931	1.65964584452699	2.60829141888622
1.5141394080869	0.708892550831173	1.66329649514378	2.6570134850395
1.52020940769903	0.6568834796034	1.65345528577961	2.68074735072044
1.52627940731116	0.678291333759159	1.68062787809763	2.64741892657579
1.53234940692329	0.675114549871276	1.67219022798622	2.62587359796299
1.53841940653541	0.731189884169463	1.68441546367133	2.67236281843971
1.54448940614754	0.735055971048437	1.69505114628112	2.66471714817231
1.55055940575967	0.721289677366635	1.71216341288285	2.69299060777535
1.5566294053718	0.737951597098682	1.70859828814171	2.68721197953431
1.56269940498393	0.72242182894965	1.7297456063943	2.6937469797209
1.56876940459606	0.748336898819303	1.71441979176911	2.69262527872727
1.57483940420819	0.749631483010723	1.72487131855589	2.69428975830479
1.58090940382031	0.741189479394813	1.72872060845541	2.72739115044733
1.58697940343244	0.76101061331014	1.75450854798364	2.75319414256653
1.59304940304457	0.735859634555582	1.76084859780233	2.74976015841991
1.5991194026567	0.710484213182462	1.76156762245573	2.76876817324146
1.60518940226883	0.799733047274355	1.77158186854624	2.78874885816927
1.61125940188096	0.743811105936372	1.77241005512585	2.79318092105585
1.61732940149309	0.778932125610359	1.77299084632878	2.80585510981031
1.62339940110521	0.783632758229699	1.76901834345282	2.77084292181062
1.62946940071734	0.746314564022206	1.78402069004664	2.75193898191734
1.63553940032947	0.762563732484486	1.81110333853798	2.80497550548178
1.6416093999416	0.789657923216552	1.79668385709639	2.81522890430867
1.64767939955373	0.796484225829286	1.80809716616342	2.81323367829587
1.65374939916586	0.779168948424981	1.81156802411323	2.85578688404553
1.65981939877799	0.786840093575041	1.83073675280322	2.86154435593066
1.66588939839011	0.816510670824686	1.81774885168923	2.85460973203516
1.67195939800224	0.788721269824373	1.84858543176209	2.88342154870545
1.67802939761437	0.824650952189975	1.84213600580831	2.90058722944157
1.6840993972265	0.796666042607644	1.8541465666228	2.90547204245089
1.69016939683863	0.781637796351932	1.85626979181595	2.88523623161928
1.69623939645076	0.78914318296424	1.85772251468707	2.92364185331306
1.70230939606288	0.832332468482364	1.85697298035415	2.92538949205783
1.70837939567501	0.802023553673713	1.88449557559612	2.93091559669005
1.71444939528714	0.825581326402776	1.88481754549876	2.95414093323129
1.72051939489927	0.857326268510293	1.89509746179227	2.96430116309442
1.7265893945114	0.817046889601088	1.90094004904148	2.99848281606756
1.73265939412353	0.841383074837462	1.89704584939889	2.94492689841052
1.73872939373566	0.846049520682935	1.90695948125485	2.94859827317278
1.74479939334778	0.839134008163984	1.92017842605573	2.98702430107934
1.75086939295991	0.832005399991638	1.9260333805009	3.02769489308899
1.75693939257204	0.881790327362883	1.93310294269966	2.99688797845847
1.76300939218417	0.856819215529254	1.94527813390682	3.03695720081068
1.7690793917963	0.892754697169291	1.94238433064136	3.01950006322414
1.77514939140843	0.839414725398417	1.95830994044537	3.03602839775537
1.78121939102056	0.896545631054854	1.95247219407285	3.0587241007417
1.78728939063268	0.883883133798116	1.96598897529245	3.01521603324031
1.79335939024481	0.893252212520092	1.97605968634028	3.09004643083224
1.79942938985694	0.905805823459589	1.97663229032331	3.09238743810184
1.80549938946907	0.902453111269825	1.9921485774557	3.05214548732058
1.8115693890812	0.892582779540457	2.00462546003647	3.06112191199016
1.81763938869333	0.889212479014744	1.9905931170841	3.06111583228144
1.82370938830545	0.956562915702187	2.01121781914151	3.12016244379694
1.82977938791758	0.958072018870989	2.01163020773288	3.13567470282662
1.83584938752971	0.924555240824716	2.01508851784583	3.15558348980477
1.84191938714184	0.884985439149516	2.02740036694404	3.15010252422134
1.84798938675397	0.929563354441249	2.04224253894326	3.17490809135032
1.8540593863661	0.911481051453793	2.03727674205827	3.18403431931465
1.86012938597823	0.94049381233048	2.05593733835321	3.17210701108051
1.86619938559035	0.937695202951792	2.04820126294255	3.16364462151684
1.87226938520248	0.936937028551175	2.0472019069141	3.16241448839313
1.87833938481461	0.984986966667009	2.07606600225412	3.13954973424856
1.88440938442674	0.943557683316865	2.07101267153995	3.22499700709843
1.89047938403887	0.966321627371301	2.08367299190036	3.20065832321361
1.896549383651	0.942821259314943	2.08717661271904	3.21300593554652
1.90261938326313	0.972410356973959	2.1169363628722	3.2421597017704
1.90868938287525	0.99465898965554	2.10153082566617	3.2375908963075
1.91475938248738	0.975209082375104	2.11519668614811	3.24417097688646
1.92082938209951	0.976162831953608	2.12409908888857	3.26403570955488
1.92689938171164	1.00398460788935	2.13405207592779	3.28007145877188
1.93296938132377	0.988727212681511	2.13199067756123	3.29840844569904
1.9390393809359	1.00790091107321	2.12627482317271	3.30459351425761
1.94510938054802	1.00010215313885	2.14332486468202	3.30917259216275
1.95117938016015	1.02464068894252	2.1397033097475	3.2770086747716
1.95724937977228	1.02111083434209	2.15055179183816	3.32988923386655
1.96331937938441	0.98088885689478	2.16378943173423	3.33323840286149
1.96938937899654	0.979660543060398	2.15835074025185	3.31842103298439
1.97545937860867	1.05626838677837	2.17549192310791	3.32931102361149
1.9815293782208	1.03812533414696	2.18642141506565	3.34553994273299
1.98759937783292	1.04803320597959	2.18305810258176	3.34900613629778
1.99366937744505	1.03328236884878	2.20618087033405	3.39931058242111
1.99973937705718	1.02537220771097	2.22021963187616	3.35266679944646
2.00580937666931	1.01471726171721	2.20518670225141	3.3591898277069
2.01187937628144	1.00748420685152	2.21237296275559	3.42521021897316
2.01794937589357	1.03670425029994	2.2119512898816	3.38857467429704
2.0240193755057	1.03712935690341	2.2209315030665	3.43032351482271
2.03008937511782	1.05954941774094	2.22406674717913	3.45807003933356
2.03615937472995	1.07485397500008	2.23356739292803	3.43615732993375
2.04222937434208	1.04492545231783	2.23158385410753	3.4514380308257
2.04829937395421	1.07774013054473	2.26194347969291	3.45647209568027
2.05436937356634	1.08707024234901	2.25722235733133	3.49494078260593
2.06043937317847	1.04686682494464	2.26986822232755	3.43231234569318
2.06650937279059	1.08250644147935	2.28587368530951	3.46108564245172
2.07257937240272	1.10845668446688	2.27688709811317	3.47843769741768
2.07864937201485	1.12382346468624	2.29275465348371	3.48289515083802
2.08471937162698	1.09034156058813	2.29852483891557	3.58573266421089
2.09078937123911	1.0714662473857	2.31609168769065	3.52370955099545
2.09685937085124	1.14183885474047	2.31768820054353	3.53668255955159
2.10292937046337	1.11051732616539	2.32871317898566	3.51341093669951
2.10899937007549	1.11950927484732	2.33639153217657	3.53862131798114
2.11506936968762	1.07556914564682	2.32763561052797	3.58582898412766
2.12113936929975	1.1092476977633	2.35040257218646	3.57842035503763
2.12720936891188	1.12998283638682	2.3515024750849	3.5870224203841
2.13327936852401	1.15454366155793	2.35337615695044	3.60287898983496
2.13934936813614	1.1031244120594	2.35215541217506	3.5863260921183
2.14541936774827	1.12868404430378	2.36310423388516	3.60728729355081
2.15148936736039	1.16840024113782	2.37684771242556	3.62049139878368
2.15755936697252	1.13052688313651	2.3767074121484	3.69703400732773
2.16362936658465	1.12673595158792	2.37606816100989	3.62427067732387
2.16969936619678	1.1403378836576	2.39447484508081	3.63990190880135
2.17576936580891	1.16567970714969	2.39468325915278	3.64945126477818
2.18183936542104	1.16777683582459	2.4013521817385	3.67173252414146
2.18790936503316	1.19041331426065	2.4174825665125	3.65533381851158
2.19397936464529	1.15412462511539	2.42689039361497	3.65305938685734
2.20004936425742	1.19282490966973	2.43227684749903	3.68565651900123
2.20611936386955	1.18474858821461	2.44914119923141	3.71534421396124
2.21218936348168	1.14881030832567	2.43309704568422	3.70281696334349
2.21825936309381	1.21938966500681	2.447495273664	3.7184561971569
2.22432936270594	1.20748304227801	2.46104263480633	3.72698712941931
2.23039936231806	1.20459298672526	2.46105086195444	3.73926839342846
2.23646936193019	1.22019365185671	2.46002339567991	3.71996123640814
2.24253936154232	1.19888170738082	2.4835615032477	3.77804875792196
2.24860936115445	1.20738695420297	2.48317389263794	3.75547490009063
2.25467936076658	1.19533855616017	2.48248597143033	3.8058731448891
2.26074936037871	1.23250221363804	2.50964743224587	3.79061640605563
2.26681935999084	1.2313425393149	2.49542313222279	3.82394429822673
2.27288935960296	1.23281937079416	2.5123427456127	3.80073488075557
2.27895935921509	1.22180235529027	2.50884559579892	3.80626139989619
2.28502935882722	1.23276349823375	2.53550363241842	3.84181614635491
2.29109935843935	1.26101551068061	2.52120125357317	3.87021157431507
2.29716935805148	1.25620234105217	2.53833618179175	3.86199280247093
2.30323935766361	1.26808250875132	2.54077105157692	3.86761713819258
2.30930935727574	1.25578187104797	2.54530266155232	3.83149571145386
2.31537935688786	1.23258238714413	2.57698258666919	3.82432817036035
2.32144935649999	1.30376512847596	2.55981004713363	3.9229643220137
2.32751935611212	1.26771821301886	2.57037877531344	3.85488553621098
2.33358935572425	1.25697904238671	2.58005542852102	3.87590981397346
2.33965935533638	1.30507948951978	2.59477438262356	3.88237803534343
2.34572935494851	1.26401318335027	2.60311053835808	3.91948991596197
2.35179935456063	1.30137900473475	2.59065575171879	3.96302951533472
2.35786935417276	1.26905505864605	2.62005864752222	3.95345922620356
2.36393935378489	1.27807066021165	2.60700892023228	3.93655094627729
2.37000935339702	1.25114948104449	2.61426592623598	3.93969062961321
2.37607935300915	1.25957542594564	2.62269744354386	3.98004125435362
2.38214935262128	1.3028517553533	2.64269268881582	3.97850055849411
2.38821935223341	1.28821891438013	2.63622461139673	3.98415716920548
2.39428935184553	1.29831008752692	2.64110101453188	3.97711372418893
2.40035935145766	1.30447271730187	2.64756800880384	4.02371419969491
2.40642935106979	1.34532143973082	2.66371998638203	4.00093984452517
2.41249935068192	1.31959618115144	2.64890709369529	4.01184707556715
2.41856935029405	1.3150610104287	2.68448676061459	4.05024728798322
2.42463934990618	1.33950699036974	2.67341714166903	4.03098334887733
2.4307093495183	1.30202191027707	2.68884625860467	4.02616673382997
2.43677934913043	1.31883008636415	2.68197147208978	4.0462931202203
2.44284934874256	1.32904105335244	2.68927019283406	4.05732549764521
2.44891934835469	1.34536061945228	2.71156522571434	4.05882002353462
2.45498934796682	1.36535590557869	2.72394890765131	4.09000050870156
2.46105934757895	1.37637756482669	2.72311062222031	4.09150906453669
2.46712934719108	1.34485460998573	2.74107554198436	4.08748213598958
2.4731993468032	1.3323962296465	2.73030738397055	4.10842509548455
2.47926934641533	1.36641993410276	2.74733789621221	4.13438563311101
2.48533934602746	1.41008327063261	2.7498371906767	4.14677606052643
2.49140934563959	1.4131653865448	2.74726695601463	4.16447001716282
2.49747934525172	1.36006867834335	2.77810412588396	4.16611417851737
2.50354934486385	1.35603929715621	2.7739631547507	4.19549089090687
2.50961934447598	1.41033682249764	2.76464816742378	4.15697575342479
2.5156893440881	1.39141530286906	2.7729002532937	4.19778818946924
2.52175934370023	1.3830858880282	2.78682147556017	4.19920141128206
2.52782934331236	1.40322646891019	2.80263242892853	4.19380855918136
2.53389934292449	1.35484504291308	2.82216885474435	4.22392777915673
2.53996934253662	1.40687889734387	2.80895267792129	4.26650382494018
2.54603934214875	1.4427337510356	2.82963465051886	4.23710466875241
2.55210934176088	1.40652154762588	2.81550232466519	4.21898557994892
2.558179341373	1.39651959932319	2.83881415374184	4.25750399525856
2.56424934098513	1.43692119320081	2.84270622172341	4.24972934394108
2.57031934059726	1.40388420343255	2.83377801222898	4.27419357268868
2.57638934020939	1.45197034641627	2.85518272555249	4.27180153214775
2.58245933982152	1.45469217134068	2.86902745662427	4.30133270099431
2.58852933943365	1.43654496898881	2.85220401330891	4.27652336237831
2.59459933904577	1.46246173058026	2.87696856273197	4.2967007933694
2.6006693386579	1.41834333611392	2.88770021296589	4.28018354735806
2.60673933827003	1.44816098886828	2.88807937230618	4.35562229016506
2.61280933788216	1.4615999165202	2.89729808101343	4.32968643421613
2.61887933749429	1.43664244556382	2.89984308582416	4.31972900035594
2.62494933710642	1.42739525679241	2.90452518675419	4.30637485982537
2.63101933671855	1.43605039372551	2.9123819352924	4.35366088960242
2.63708933633067	1.45271549767471	2.921500078778	4.39063250772914
2.6431593359428	1.52739212538203	2.93264165548924	4.40259915323218
2.64922933555493	1.45802460082722	2.94810953871833	4.39476805581187
2.65529933516706	1.50688185654618	2.94209338922149	4.36595929291425
2.66136933477919	1.5056359181294	2.94322537772628	4.38534084103267
2.66743933439132	1.49136107010875	2.95375272166712	4.40805311106511
2.67350933400345	1.48624888860424	2.96589220396934	4.44197079454383
2.67957933361557	1.49379333763199	2.97312413357883	4.45555817648992
2.6856493332277	1.51274540867695	2.97903870115437	4.44759807146854
2.69171933283983	1.52742326290963	2.98523179163806	4.43577733182951
2.69778933245196	1.51947199911379	2.98028226830901	4.45184187752085
2.70385933206409	1.53885839730616	2.97961014863923	4.45329872187127
2.70992933167622	1.53665965891011	3.00948422241812	4.4702082996487
2.71599933128834	1.51072391788924	3.00518209713491	4.50091639419694
2.72206933090047	1.54011049658889	3.00974351107341	4.50015247489516
2.7281393305126	1.53172707057585	3.01479943623977	4.52025227586543
2.73420933012473	1.56115123612847	3.03492689665724	4.48005721428666
2.74027932973686	1.52975302645249	3.04230369375448	4.54080863043227
2.74634932934899	1.50250374864576	3.03895930070919	4.50657653738716
2.75241932896112	1.57379816077415	3.05358699252178	4.58318969598084
2.75848932857324	1.57555916403569	3.05827121150242	4.54983106429418
2.76455932818537	1.5110432950406	3.05755969945771	4.56831083259775
2.7706293277975	1.54364244209561	3.05929033152241	4.59952534302434
2.77669932740963	1.54159432111219	3.07154679926822	4.57846435561911
2.78276932702176	1.56012575651597	3.08005687613306	4.57227746217557
2.78883932663389	1.59251445325439	3.0856139324908	4.64880658734833
2.79490932624602	1.58221991150436	3.09440320397913	4.5997840187212
2.80097932585814	1.55677351224431	3.10788370195238	4.62631320283143
2.80704932547027	1.57616131200597	3.11383736983268	4.64902435581996
2.8131193250824	1.59838036734333	3.09504936090274	4.63169469202084
2.81918932469453	1.60172367278658	3.12917615175337	4.65125483129902
2.82525932430666	1.60038169206762	3.13281680081213	4.68500539590562
2.83132932391879	1.56506549277527	3.13442968963758	4.67850835405715
2.83739932353091	1.59783288964956	3.14598001451295	4.70276749468136
2.84346932314304	1.6213040212534	3.14909695897622	4.68930949214706
2.84953932275517	1.61985462301491	3.17412709244127	4.7283413182077
2.8556093223673	1.64193553948866	3.15970172960063	4.71290554287314
2.86167932197943	1.60745903293569	3.16708706344681	4.75508034176396
2.86774932159156	1.61845160980641	3.18924528500873	4.73035250441462
2.87381932120369	1.60131876236458	3.18374747054879	4.74357007165135
2.87988932081581	1.62625663761883	3.2029439495872	4.72960835123849
2.88595932042794	1.647152044722	3.20670933077993	4.77300079293836
2.89202932004007	1.66205018079394	3.20792361632269	4.79586311973723
2.8980993196522	1.61450553213217	3.22588782111382	4.81538555951705
2.90416931926433	1.64196168575738	3.20041037184709	4.79568468428208
2.91023931887646	1.66046467236628	3.21561114774952	4.82240625057949
2.91630931848859	1.69883844472749	3.22740243200922	4.7871425832844
2.92237931810071	1.60459374707186	3.24400488195579	4.84143777139518
2.92844931771284	1.68073579357804	3.23639240937292	4.81633847220985
2.93451931732497	1.68421453652035	3.26435050583105	4.83745827442043
2.9405893169371	1.7116134545513	3.25900085293167	4.86736898170466
2.94665931654923	1.63333389066645	3.27299820880204	4.84209863979585
2.95272931616136	1.68161987995402	3.27766949432911	4.90156414544455
2.95879931577349	1.64465581049369	3.28979948367357	4.89323598347944
2.96486931538561	1.67171075715909	3.29449017038292	4.87192372247141
2.97093931499774	1.70688508002963	3.30572305240614	4.87689981319004
2.97700931460987	1.67632217621943	3.29087436719909	4.88971480786762
2.983079314222	1.71973311606129	3.3191360890305	4.90960160672102
2.98914931383413	1.71833369731749	3.32197076909551	4.91581964202676
2.99521931344626	1.71708818696987	3.32177696881045	4.90576629184265
3.00128931305838	1.7089482701458	3.32356824018227	4.98303577028995
3.00735931267051	1.72202266953219	3.32622168007587	4.93464044840996
3.01342931228264	1.71431165560985	3.36611125672767	4.97000809087393
3.01949931189477	1.72569990339936	3.34869896802681	4.96963949361485
3.0255693115069	1.74535596125135	3.34315355377595	4.94762005419476
3.03163931111903	1.75425660836932	3.37605337261622	4.97023098520071
3.03770931073116	1.72484605879135	3.36559369838619	5.02347456309666
3.04377931034328	1.74862387772738	3.36108609708084	5.03706552683245
3.04984930995541	1.80201583096146	3.38449859497808	4.99099770999531
3.05591930956754	1.73561318061352	3.37897321442197	5.01786888671635
3.06198930917967	1.72486395190473	3.37970587597423	5.03296378781133
3.0680593087918	1.74475810719254	3.40091282656762	5.0937413471883
3.07412930840393	1.79004039754867	3.40541670445806	5.05560009418433
3.08019930801606	1.8108161210656	3.42626395543333	5.05046815196447
3.08626930762818	1.73273392096645	3.44466995812548	5.02732091321028
3.09233930724031	1.8024069216125	3.44084769416802	5.07695180577377
3.09840930685244	1.76652723382055	3.44646383491174	5.11850752628683
3.10447930646457	1.79200141502615	3.4435552792418	5.0592382612066
3.1105493060767	1.81019782762524	3.44585857972104	5.1340889018303
3.11661930568883	1.80503434214967	3.46065184675127	5.12115117397767
3.12268930530096	1.82396508552265	3.47305351696368	5.16439535240218
3.12875930491308	1.80511869056054	3.46706781513297	5.15929368658457
3.13482930452521	1.85129670708687	3.46930338184261	5.14398618708654
3.14089930413734	1.80475251533074	3.48382131935228	5.20753481008152
3.14696930374947	1.81860841544124	3.4981163718008	5.21451830106683
3.1530393033616	1.82874705692922	3.50961591751984	5.16146161956963
3.15910930297373	1.81091035759078	3.5041791090469	5.20015848336423
3.16517930258585	1.85893729508406	3.51823856213858	5.1897352796137
3.17124930219798	1.82870143790537	3.52459023032302	5.22329054626465
3.17731930181011	1.80289128599173	3.52427523786673	5.22099469374007
3.18338930142224	1.83747973397015	3.51846997158079	5.2191937092698
3.18945930103437	1.80086594357594	3.53167151835009	5.24049412809652
3.1955293006465	1.85246685447814	3.54793835770144	5.2708889726908
3.20159930025863	1.86692351041635	3.53957629111469	5.25667334247231
3.20766929987075	1.82790172131697	3.57850708629818	5.26985518308265
3.21373929948288	1.84768822886232	3.57578677720918	5.28087678270148
3.21980929909501	1.82133787627719	3.57890879053243	5.3327360677114
3.22587929870714	1.86625303135412	3.58078926000777	5.27342157122889
3.23194929831927	1.88703347298324	3.5981470375247	5.28931487242578
3.2380192979314	1.86985820242101	3.59728111156421	5.30373118396591
3.24408929754353	1.86350413519854	3.61139444509085	5.31953205690804
3.25015929715565	1.85737826658142	3.61616634110845	5.31379047293156
3.25622929676778	1.90908166342361	3.59599963712043	5.36965112410581
3.26229929637991	1.85325966726416	3.62024223092612	5.3392013797318
3.26836929599204	1.89870664405461	3.62153949363207	5.34605874874164
3.27443929560417	1.90743373695374	3.64377055528302	5.40716261516613
3.2805092952163	1.89941736103244	3.66979354494227	5.35654962379114
3.28657929482842	1.93115844133575	3.64947531484952	5.3602619483439
3.29264929444055	1.89116282911882	3.66258917283736	5.41086489301758
3.29871929405268	1.9290077274547	3.6745192373147	5.44811250973706
3.30478929366481	1.91581635232554	3.67391771225531	5.37155881775753
3.31085929327694	1.94736632155041	3.66142296193595	5.46536685940074
3.31692929288907	1.91048370006088	3.68597160077347	5.46271903483234
3.3229992925012	1.92960694861143	3.69063423376268	5.43349199930345
3.32906929211332	1.93730427957346	3.70381896324017	5.46920629098553
3.33513929172545	1.95949499854229	3.70845424656484	5.48645868484431
3.34120929133758	1.96083787591826	3.72575192872311	5.50928350387334
3.34727929094971	1.92264634684955	3.71685929008272	5.49369669531427
3.35334929056184	1.97935182325997	3.7317911705542	5.5409260449504
3.35941929017397	1.95254819734031	3.72730750945089	5.52523947010539
3.3654892897861	1.91078886563135	3.74240446570189	5.4968337024522
3.37155928939822	1.95464815536691	3.73803694939309	5.49774642113625
3.37762928901035	1.93484592688636	3.76468893330161	5.57089982353145
3.38369928862248	1.99863947097014	3.74409264432965	5.57598022419012
3.38976928823461	1.98306450686455	3.75676070105573	5.59334885768197
3.39583928784674	1.92539212854642	3.76785049650669	5.54632118590152
3.40190928745887	1.98221012390997	3.77798962982742	5.55935301517094
3.407979287071	2.00864357739251	3.7782920996547	5.58138294727483
3.41404928668312	1.94161476768527	3.78871496841698	5.53315758096932
3.42011928629525	2.00740187275207	3.78547927523225	5.62508626512239
3.42618928590738	2.01824977272566	3.80440265462359	5.63456586092723
3.43225928551951	1.9910150707289	3.83494321875964	5.59992498240985
3.43832928513164	2.022418256763	3.80837988448652	5.62051110540674
3.44439928474377	2.01109409539014	3.85222659828778	5.61718061851563
3.45046928435589	1.99643961196489	3.83345197939276	5.64436797735513
3.45653928396802	2.02858609283155	3.83920506995389	5.61584284456501
3.46260928358015	2.09151443544287	3.8330952841676	5.66036724831262
3.46867928319228	2.0229891436307	3.86605752363827	5.6449768817164
3.47474928280441	2.02684107170016	3.84901548808391	5.64968275007453
3.48081928241654	1.99837311970347	3.87377859261348	5.67633605440064
3.48688928202867	2.04504341279925	3.88698137485295	5.68093220455088
3.49295928164079	2.05065671984581	3.88441242994549	5.74037015122196
3.49902928125292	2.03304552038658	3.89999374820408	5.71432151694467
3.50509928086505	2.05232394618545	3.88719927441439	5.73160856341693
3.51116928047718	2.05175013883166	3.89424942236482	5.73097626978705
3.51723928008931	2.06710588161897	3.92162304043945	5.77345094804035
3.52330927970144	2.07313827267539	3.91688484476386	5.75731505194766
3.52937927931357	2.05277476198495	3.9195258628738	5.77094815958566
3.53544927892569	2.06145300475808	3.92568087753278	5.77575418536873
3.54151927853782	2.07719801871999	3.93286630341802	5.77625099898764
3.54758927814995	2.13194236677347	3.94551874794678	5.77911402130099
3.55365927776208	2.08603508190999	3.95283772192564	5.82222713105989
3.55972927737421	2.06897480175972	3.93934891703994	5.82337348140869
3.56579927698634	2.12301681255367	3.94713148725155	5.86763470972344
3.57186927659846	2.09865191801701	3.96203025966419	5.82718310309451
3.57793927621059	2.06421867744708	3.97456657993093	5.86389657474953
3.58400927582272	2.10639644169369	3.98415558440606	5.8559622084031
3.59007927543485	2.08125277556289	3.99683552055003	5.84878374653878
3.59614927504698	2.07866091712552	3.99514369971547	5.8707282159155
3.60221927465911	2.13466135546565	4.00398913564162	5.88394439844475
3.60828927427124	2.14271208974186	4.02370993631677	5.9135466185217
3.61435927388336	2.13143969148607	4.03184264711122	5.9384558118346
3.62042927349549	2.12705272623694	4.02444289671245	5.88680934746207
3.62649927310762	2.14367691620827	4.02485450220349	5.9381873777507
3.63256927271975	2.18457683299117	4.02729276729404	5.97727566591169
3.63863927233188	2.12553585346989	4.04860797624895	5.96911028304126
3.64470927194401	2.13563668333105	4.05160993965469	5.98334913563792
3.65077927155614	2.13926328210816	4.05110877061169	5.96758637206132
3.65684927116826	2.19180019903053	4.07241187422826	5.92654591390004
3.66291927078039	2.20710130263252	4.0812502179267	5.99606212939606
3.66898927039252	2.193256237389	4.07912254029173	5.95398634211686
3.67505927000465	2.16330904631544	4.09227209165336	5.99172928480371
3.68112926961678	2.13936370552495	4.08201018998581	6.00134800911661
3.68719926922891	2.23437791682465	4.11297869617405	5.99294506423921
3.69326926884103	2.20962114815329	4.10865274293427	5.97151843435887
3.69933926845316	2.17101902088616	4.12450603568001	6.04442888768203
3.70540926806529	2.17303614224732	4.13462562017659	6.06883475871247
3.71147926767742	2.20981996795704	4.11890676095887	6.07290827299138
3.71754926728955	2.18431148818076	4.13058505696177	6.07294778319814
3.72361926690168	2.20806397412577	4.13100288677336	6.11016664352608
3.72968926651381	2.21103712385524	4.1416710632206	6.06895713593644
3.73575926612593	2.20305978876994	4.14124986475879	6.10178933334639
3.74182926573806	2.18112514356721	4.16591537145901	6.08868360077341
3.74789926535019	2.22906622995694	4.16413574276655	6.14510000142145
3.75396926496232	2.22119368981205	4.17142324817424	6.15144259247544
3.76003926457445	2.22393426429027	4.16675591921272	6.1268381343934
3.76610926418658	2.24287770995396	4.17270752001274	6.16038487104333
3.77217926379871	2.20091133756043	4.19823646925857	6.15721279288515
3.77824926341083	2.24885294378453	4.19577246327795	6.1837654416983
3.78431926302296	2.25872759368121	4.20196720863787	6.13950696113943
3.79038926263509	2.24834905694861	4.19889439558487	6.15411585212144
3.79645926224722	2.28185867307574	4.19779275498526	6.24201701901595
3.80252926185935	2.25908419390078	4.24014805091063	6.19908300638196
3.80859926147148	2.28876525328919	4.23147984413142	6.23289871879889
3.8146692610836	2.25538946002021	4.24176932773329	6.27294989664669
3.82073926069573	2.24807260510798	4.25713713209099	6.22538733754158
3.82680926030786	2.30489561503005	4.28188281962906	6.239753553629
3.83287925991999	2.29120030965396	4.25653717561857	6.23527404187942
3.83894925953212	2.25753012297802	4.25533398287544	6.31542531663804
3.84501925914425	2.22342302785156	4.27722094173254	6.25909709674324
3.85108925875638	2.26423685259888	4.29236174272711	6.25808532158785
3.8571592583685	2.27447086131923	4.2882269156184	6.30976970921832
3.86322925798063	2.28034993538466	4.2838864094648	6.322642677315
3.86929925759276	2.33590431408699	4.29677075220409	6.33739043950311
3.87536925720489	2.25870978389246	4.29674958228957	6.3304809956601
3.88143925681702	2.25582313047999	4.32134929402421	6.34660010047712
3.88750925642915	2.27073800303743	4.32353097742562	6.34661084292926
3.89357925604128	2.3119854500641	4.33166948478224	6.35409344226234
3.8996492556534	2.34867498068075	4.32282370980564	6.36896281258948
3.90571925526553	2.30507158816928	4.34468285478035	6.37650955440502
3.91178925487766	2.31327062665918	4.3461742673233	6.39597222465063
3.91785925448979	2.30473532297743	4.35333128575605	6.35690440538581
3.92392925410192	2.3205421510721	4.35850868685811	6.3542153714161
3.92999925371405	2.36388368568367	4.3617275295328	6.41526510319118
3.93606925332617	2.33968350319762	4.37955671272757	6.44085861424395
3.9421392529383	2.3512069801542	4.38254285219558	6.45810955129019
3.94820925255043	2.32142497878469	4.38515310184427	6.47251198370906
3.95427925216256	2.36483094796271	4.40194393293599	6.45087746155406
3.96034925177469	2.3361490593333	4.41770393426434	6.48248691134858
3.96641925138682	2.37519573273624	4.41914752433599	6.48131805683901
3.97248925099895	2.37723576554458	4.39609150293005	6.47412066468311
3.97855925061107	2.39916647476739	4.40987988051071	6.51658564307058
3.9846292502232	2.33427555650073	4.43563637276243	6.50758829241664
3.99069924983533	2.36566864118375	4.42650582723469	6.47368772561726
3.99676924944746	2.41596465999151	4.45913690711815	6.46744107142235
4.00283924905959	2.41147425053335	4.4634563846032	6.52731244959683
4.00890924867172	2.38943026974434	4.46250217935859	6.53067777846848
4.01497924828385	2.40088634633831	4.4812630954996	6.5698407300615
4.02104924789597	2.43695871817044	4.46901047376565	6.58671528670422
4.0271192475081	2.43242186487809	4.50590548251055	6.55878892633373
4.03318924712023	2.38576023788546	4.48350677277635	6.56070772747141
4.03925924673236	2.44207783555777	4.47965236808617	6.55163787086595
4.04532924634449	2.38342958148661	4.49153104317299	6.59785397209607
4.05139924595662	2.37509031348651	4.50273216122545	6.60686687553978
4.05746924556875	2.36270533630351	4.50964760106977	6.60514723005214
4.06353924518087	2.40092067611529	4.51330625175456	6.63101614813246
4.069609244793	2.42193492385642	4.53279751484212	6.63005928306305
4.07567924440513	2.44539782769992	4.52017307578784	6.63966965617535
4.08174924401726	2.445094485943	4.53992282909733	6.67044916531956
4.08781924362939	2.42437936849006	4.56476472426041	6.67634896882503
4.09388924324152	2.44092433308768	4.53942412285692	6.62853936869486
4.09995924285364	2.48354294463284	4.56579146856391	6.69061311641838
4.10602924246577	2.40948957604623	4.58597798486475	6.66705476707501
4.1120992420779	2.48522988035645	4.56595635318949	6.6850254628955
4.11816924169003	2.45681273378212	4.58951887509236	6.71383457590986
4.12423924130216	2.4512163908721	4.60430550834862	6.75685031426675
4.13030924091429	2.43926727310412	4.60814344954041	6.70789202771707
4.13637924052642	2.49126208217501	4.61658883535616	6.70810512764914
4.14244924013854	2.49459504622205	4.62956795052355	6.72863442608752
4.14851923975067	2.49891642655113	4.60866503964489	6.75330447158748
4.1545892393628	2.48418635635792	4.64612317890445	6.77136653977531
4.16065923897493	2.49596801715136	4.61519586629796	6.76238789284092
