"mitochan"	"lwrNorm"	"medNorm"	"uprNorm"
-1.90327037354145	-2.79229929391894	-2.51427162362768	-2.24289037535814
-1.89706886147604	-2.78810724880953	-2.51133875814134	-2.23981702343443
-1.89086734941062	-2.77102134498637	-2.49491251420343	-2.22243215721455
-1.88466583734521	-2.77035236100298	-2.4926298577499	-2.21585749077541
-1.87846432527979	-2.75914665063431	-2.4843371259288	-2.21863048691799
-1.87226281321438	-2.74557332955722	-2.47481432033887	-2.19172522088219
-1.86606130114897	-2.73563705832524	-2.47211124324692	-2.1967129083321
-1.85985978908355	-2.73059697521638	-2.4583648165056	-2.18705484672152
-1.85365827701814	-2.73508801870675	-2.45452666396193	-2.1970324849629
-1.84745676495273	-2.7135993343208	-2.44041944835964	-2.17762640129015
-1.84125525288731	-2.71017371875767	-2.43728914913457	-2.17640165120107
-1.8350537408219	-2.69476741924676	-2.43560096042014	-2.15389180984085
-1.82885222875648	-2.69710424702655	-2.42113429832574	-2.15168443302765
-1.82265071669107	-2.67763962932208	-2.41662261904053	-2.12379537197954
-1.81644920462566	-2.66904024869872	-2.40646752830035	-2.13620887436746
-1.81024769256024	-2.64651689760067	-2.39232777542788	-2.1124047938593
-1.80404618049483	-2.64914570950188	-2.3949359056317	-2.12912698699618
-1.79784466842942	-2.63055537522035	-2.37451027226247	-2.10519158851201
-1.791643156364	-2.6478459664007	-2.37665217516564	-2.10871464427246
-1.78544164429859	-2.64062358684049	-2.36323066931334	-2.09147477370244
-1.77924013223318	-2.61660812876121	-2.36137526450926	-2.07011410854842
-1.77303862016776	-2.61591464001612	-2.35265534169771	-2.09797295909541
-1.76683710810235	-2.60201190279902	-2.34032917748266	-2.08346170964073
-1.76063559603693	-2.60083182102649	-2.33209669968837	-2.05059414325788
-1.75443408397152	-2.59680939270692	-2.31985762318978	-2.06706620767097
-1.74823257190611	-2.57940787580976	-2.30935532447448	-2.0449509370472
-1.74203105984069	-2.56660296237196	-2.30775938712767	-2.05652905158313
-1.73582954777528	-2.5631120798608	-2.29884756297202	-2.04662603027288
-1.72962803570987	-2.56147895409294	-2.29551221340646	-2.03127046451648
-1.72342652364445	-2.5494189404428	-2.28565543803372	-2.0093135151795
-1.71722501157904	-2.53420972906279	-2.27366578143125	-1.99863219302578
-1.71102349951362	-2.55302982423499	-2.27159506383604	-1.99157750905766
-1.70482198744821	-2.52657346170196	-2.26234900247107	-1.98095114930563
-1.6986204753828	-2.51033927478238	-2.24804626129139	-1.99653647116201
-1.69241896331738	-2.51328554327514	-2.24519538448067	-1.99166683764909
-1.68621745125197	-2.5172768319243	-2.22859518799527	-1.96070106619182
-1.68001593918656	-2.49427546758516	-2.224456594877	-1.97420700978327
-1.67381442712114	-2.48507110954538	-2.22462998515603	-1.95875827450732
-1.66761291505573	-2.49082439448581	-2.22044322423547	-1.94962023657734
-1.66141140299031	-2.47099562506302	-2.20379083272986	-1.94633372241331
-1.6552098909249	-2.46195847228137	-2.19464217409113	-1.92243054846517
-1.64900837885949	-2.45909626808715	-2.19208701047923	-1.93019383146995
-1.64280686679407	-2.45293281811547	-2.1793622583003	-1.91177370384769
-1.63660535472866	-2.43251892793412	-2.17007182161828	-1.91463208495851
-1.63040384266325	-2.4321620685767	-2.16915091029708	-1.90135129295165
-1.62420233059783	-2.43411889399993	-2.15055124939738	-1.89580482219382
-1.61800081853242	-2.4246840355396	-2.14578867561131	-1.87580621788913
-1.61179930646701	-2.41068499870405	-2.1401443973614	-1.8719140555998
-1.60559779440159	-2.39648834327027	-2.12461236873859	-1.86307682163084
-1.59939628233618	-2.38889426362323	-2.1227897747786	-1.84481026699127
-1.59319477027076	-2.38438116633572	-2.11718390254103	-1.85547713647568
-1.58699325820535	-2.37041978161936	-2.10613856165419	-1.83478596746104
-1.58079174613994	-2.36321333860968	-2.10240080441708	-1.83552805275466
-1.57459023407452	-2.36678993972751	-2.09401402680619	-1.83039942865458
-1.56838872200911	-2.3541520028226	-2.08423962367077	-1.82323832648076
-1.5621872099437	-2.35579769679375	-2.07577375141193	-1.81422978667667
-1.55598569787828	-2.3294839202913	-2.06959836416371	-1.79836978104001
-1.54978418581287	-2.32663607347644	-2.0621032312171	-1.79014792714453
-1.54358267374745	-2.32370952979747	-2.06107674301587	-1.77791224936069
-1.53738116168204	-2.31279278555831	-2.04968279207708	-1.77635350095813
-1.53117964961663	-2.30189093380647	-2.0370198656435	-1.77424507024693
-1.52497813755121	-2.29647878450052	-2.03070164213437	-1.76434703707503
-1.5187766254858	-2.28791529658327	-2.02056525847924	-1.74463720948546
-1.51257511342039	-2.2819157233617	-2.01094225766942	-1.74669186180399
-1.50637360135497	-2.26154539511522	-2.00335860981683	-1.7361048187381
-1.50017208928956	-2.25848735294245	-1.99484082080652	-1.74249705811908
-1.49397057722415	-2.24690388176978	-1.98566421438234	-1.71841464841146
-1.48776906515873	-2.26684602553165	-1.98492394049423	-1.72857642973908
-1.48156755309332	-2.23572992722743	-1.97884903922736	-1.7036160044851
-1.4753660410279	-2.23732899080858	-1.96743094165129	-1.69226033045081
-1.46916452896249	-2.22536288911825	-1.95443941848493	-1.69709161614506
-1.46296301689708	-2.20207119823421	-1.94985719191425	-1.69041752581567
-1.45676150483166	-2.21196879533189	-1.94846494476363	-1.68622504513564
-1.45055999276625	-2.20736261375117	-1.93524835794647	-1.6774700640175
-1.44435848070084	-2.18317608020974	-1.92748878975236	-1.66822566067894
-1.43815696863542	-2.17448241478555	-1.91800017430661	-1.63737795029866
-1.43195545657001	-2.18282559768019	-1.90962238309431	-1.63854578543289
-1.42575394450459	-2.16882165747386	-1.9026717310539	-1.6319762989835
-1.41955243243918	-2.14798298651103	-1.89463321413208	-1.62727043750672
-1.41335092037377	-2.14340109818582	-1.88721488889075	-1.62919695715953
-1.40714940830835	-2.1378098811357	-1.88293635488897	-1.61810566532531
-1.40094789624294	-2.12865040294857	-1.8742917934966	-1.61087764560556
-1.39474638417753	-2.12255443959819	-1.86159512605912	-1.59856541555974
-1.38854487211211	-2.12495831329651	-1.85512239310223	-1.57947414063634
-1.3823433600467	-2.10160718962726	-1.85048946024224	-1.59103747593542
-1.37614184798129	-2.10359611226071	-1.83644300373562	-1.56303177910575
-1.36994033591587	-2.103389870701	-1.8299806386193	-1.56899716138973
-1.36373882385046	-2.07837918138128	-1.82444992629508	-1.56686567461073
-1.35753731178504	-2.08471528587737	-1.81137644051758	-1.5383024660887
-1.35133579971963	-2.080394413724	-1.80599678624395	-1.52942471324653
-1.34513428765422	-2.04884398373188	-1.80354002959892	-1.53507857464324
-1.3389327755888	-2.03635041030236	-1.7904464957081	-1.51675766650828
-1.33273126352339	-2.05766562490033	-1.78640341202523	-1.52072757538439
-1.32652975145798	-2.04847923646884	-1.78345019035056	-1.5121357290821
-1.32032823939256	-2.03159159037115	-1.76995202180093	-1.50642821240578
-1.31412672732715	-2.02711888127589	-1.75915349528603	-1.51476239859721
-1.30792521526173	-2.0160111095851	-1.74791425426582	-1.48366232073109
-1.30172370319632	-2.00987728587468	-1.73914682048324	-1.4755725722648
-1.29552219113091	-1.9993857382439	-1.7383096409968	-1.47413503131631
-1.28932067906549	-1.99655170311335	-1.72522495646143	-1.45618907431862
-1.28311916700008	-1.97960063616849	-1.71519893941767	-1.46282769483742
-1.27691765493467	-1.96902708608297	-1.71159084617018	-1.43814111967191
-1.27071614286925	-1.97555166296514	-1.69662880495471	-1.43753430640358
-1.26451463080384	-1.96529386050838	-1.69413822805174	-1.43874200881533
-1.25831311873842	-1.94431253755256	-1.68827642570399	-1.43130647000915
-1.25211160667301	-1.95136562903913	-1.6813474127674	-1.40731108841798
-1.2459100946076	-1.93421760735629	-1.66922179501581	-1.41471530954588
-1.23970858254218	-1.92454647064242	-1.66710927432089	-1.40848563628788
-1.23350707047677	-1.91499606231285	-1.65971927495984	-1.38818771114668
-1.22730555841136	-1.90960772716032	-1.64814018125452	-1.37447003334105
-1.22110404634594	-1.89921951455806	-1.63940518966611	-1.38069047856397
-1.21490253428053	-1.90403647927503	-1.63174494328771	-1.37873118479396
-1.20870102221512	-1.88615032197309	-1.61868598390417	-1.35493689583329
-1.2024995101497	-1.88863353049647	-1.61020524596058	-1.35083795741142
-1.19629799808429	-1.86108740630722	-1.60815365510134	-1.34252168102425
-1.19009648601887	-1.85993136418289	-1.59493108184812	-1.33913017625343
-1.18389497395346	-1.87155431070253	-1.59646611532718	-1.32731901395473
-1.17769346188805	-1.84004994843111	-1.58666979143263	-1.32628050059922
-1.17149194982263	-1.8466521181428	-1.5721874181534	-1.30381259474418
-1.16529043775722	-1.82959408730719	-1.56854608236864	-1.29789350264422
-1.15908892569181	-1.82844753783106	-1.55194813375003	-1.30593308877495
-1.15288741362639	-1.81187443984069	-1.56001543847226	-1.29392935422328
-1.14668590156098	-1.78967009560517	-1.53816771813644	-1.28262381244096
-1.14048438949556	-1.80300131840134	-1.53273441775649	-1.26130513089445
-1.13428287743015	-1.78046359117292	-1.53021785681543	-1.27438834647374
-1.12808136536474	-1.76913454393563	-1.5196294690272	-1.2435847700016
-1.12187985329932	-1.77653050032225	-1.50874671284095	-1.2377773456361
-1.11567834123391	-1.76645457772599	-1.50724451323975	-1.24403773221564
-1.1094768291685	-1.76377857921496	-1.49580425753838	-1.2362313022254
-1.10327531710308	-1.75142023211144	-1.48621764280958	-1.23648024050862
-1.09707380503767	-1.74293857122107	-1.48045920504425	-1.21273006790897
-1.09087229297226	-1.74761236282149	-1.47477530997151	-1.22160386568802
-1.08467078090684	-1.73446276413423	-1.46568807848506	-1.21517672627147
-1.07846926884143	-1.71771310941643	-1.45811500072656	-1.20278129409068
-1.07226775677601	-1.71030470884587	-1.44432857290611	-1.18577550140497
-1.0660662447106	-1.7040242283554	-1.44699243131366	-1.1867842592226
-1.05986473264519	-1.70012755289861	-1.43404135205262	-1.15978303912457
-1.05366322057977	-1.68258803389779	-1.42639031773115	-1.1780609611349
-1.04746170851436	-1.68087787928587	-1.42073245087377	-1.1498800318744
-1.04126019644895	-1.67686472327787	-1.41246553129756	-1.14118573851035
-1.03505868438353	-1.64657769910524	-1.40129948971455	-1.13022715924397
-1.02885717231812	-1.64998967819442	-1.39440358376964	-1.1341157439944
-1.0226556602527	-1.63529887408259	-1.38683693445404	-1.12540066466599
-1.01645414818729	-1.63486403821984	-1.37315089351758	-1.1088009643312
-1.01025263612188	-1.62667872357366	-1.36386840138733	-1.09615262504592
-1.00405112405646	-1.62387996904706	-1.35912948477311	-1.088342270934
-0.99784961199105	-1.61859027667372	-1.35073468225608	-1.09959283076557
-0.991648099925636	-1.60991415291446	-1.34053834081627	-1.07824204744225
-0.985446587860222	-1.59219350956907	-1.33475368922815	-1.07071116030192
-0.979245075794809	-1.58762316617991	-1.32853785316902	-1.08269337487678
-0.973043563729395	-1.57990979938717	-1.31436037222094	-1.06425294048584
-0.966842051663981	-1.57098572101957	-1.3120303512524	-1.05738546143529
-0.960640539598568	-1.56042103672915	-1.30287668367967	-1.05054193214614
-0.954439027533154	-1.56584226656396	-1.28744667258406	-1.04110166918065
-0.94823751546774	-1.55607012639396	-1.28936706914869	-1.03544524481893
-0.942036003402327	-1.53954346198503	-1.2846726941935	-1.02443507244975
-0.935834491336913	-1.53020512211042	-1.27077236134175	-1.02092899380242
-0.929632979271499	-1.52229613505995	-1.26781258616148	-1.01168116831275
-0.923431467206086	-1.51665652637946	-1.25157927913444	-0.99584038354394
-0.917229955140672	-1.4980413667092	-1.25322292350723	-0.993299768318843
-0.911028443075258	-1.48597191488828	-1.23796161925305	-0.972980058168357
-0.904826931009844	-1.48685428044247	-1.2380340004297	-0.983472986967558
-0.898625418944431	-1.48262834500193	-1.22246229808516	-0.974051100712213
-0.892423906879017	-1.47279264679902	-1.21650230936819	-0.943962656166772
-0.886222394813603	-1.46112364937414	-1.19887021129807	-0.945203261771805
-0.88002088274819	-1.47113659285985	-1.20164919899977	-0.933236603434741
-0.873819370682776	-1.4555651519324	-1.19496000111073	-0.924128187757994
-0.867617858617362	-1.44673146648637	-1.18227366702601	-0.935354383264174
-0.861416346551949	-1.4408476663527	-1.17333921374809	-0.924208468096878
-0.855214834486535	-1.4286943577991	-1.15789175713198	-0.911517835357504
-0.849013322421121	-1.43229534551786	-1.16644833950138	-0.906454512148159
-0.842811810355708	-1.41567471728512	-1.15744314737274	-0.890717286731603
-0.836610298290294	-1.42067584608884	-1.14278096317893	-0.881725198181579
-0.83040878622488	-1.3879110171225	-1.13156311042931	-0.873821002550314
-0.824207274159467	-1.37360055547493	-1.12990092793323	-0.863692711680381
-0.818005762094053	-1.36479517969814	-1.12167129756401	-0.855290560577543
-0.811804250028639	-1.36653577621786	-1.10978225134092	-0.865326737835588
-0.805602737963225	-1.35335686699828	-1.10344555214092	-0.863715862154034
-0.799401225897812	-1.36407245809035	-1.09953394616956	-0.845170046678866
-0.793199713832398	-1.35623875789284	-1.08753040317182	-0.832824603216053
-0.786998201766984	-1.34711788419503	-1.07473810514455	-0.808132654476543
-0.780796689701571	-1.32871217361498	-1.07378601176723	-0.824339988526173
-0.774595177636157	-1.33270248564319	-1.06734260104879	-0.801773505844793
-0.768393665570743	-1.31665099038635	-1.05626941884343	-0.801687870032969
-0.76219215350533	-1.30229172489166	-1.05491235624092	-0.803011106701649
-0.755990641439916	-1.28031224339448	-1.04107890472994	-0.784408002298148
-0.749789129374502	-1.28029646358317	-1.03228784927529	-0.776675327528223
-0.743587617309089	-1.27453339019576	-1.02123025505365	-0.758477307327382
-0.737386105243675	-1.26567911362841	-1.01534664161686	-0.751692985613
-0.731184593178261	-1.25112759237792	-1.00994729267628	-0.753204841552198
-0.724983081112847	-1.27094750786622	-0.998931178786155	-0.753549238069841
-0.718781569047434	-1.26332635016293	-0.986369698503458	-0.732878620265809
-0.71258005698202	-1.23652439128484	-0.978914047765529	-0.724764697438309
-0.706378544916606	-1.24307956444828	-0.97904455190975	-0.715728091790841
-0.700177032851193	-1.22230983912476	-0.970722017174768	-0.711966812524923
-0.693975520785779	-1.21350449063852	-0.964314210135159	-0.701713538113147
-0.687774008720365	-1.22515003312974	-0.957775585948139	-0.701183452173691
-0.681572496654952	-1.18860444123105	-0.948039214573306	-0.701475370766456
-0.675370984589538	-1.19527517801439	-0.940169564494696	-0.69137874290688
-0.669169472524124	-1.19040346789959	-0.9317030535271	-0.665160889779929
-0.66296796045871	-1.18925851861376	-0.921015786226693	-0.649068723682874
-0.656766448393297	-1.16780594006659	-0.906278263335309	-0.655175086970449
-0.650564936327883	-1.1742310024852	-0.897863931438154	-0.643707154868537
-0.644363424262469	-1.15654327068591	-0.891775820108107	-0.637338982102252
-0.638161912197056	-1.14501637326478	-0.884114197216616	-0.627893729741279
-0.631960400131642	-1.13113401624472	-0.878758076499895	-0.615590983689575
-0.625758888066228	-1.13774413442232	-0.872922808894233	-0.613447353876071
-0.619557376000815	-1.10564543763006	-0.868022000527181	-0.603664092472949
-0.613355863935401	-1.09973542711355	-0.857260844076436	-0.597040335917739
-0.607154351869987	-1.11173360608065	-0.849794730343307	-0.59649595088644
-0.600952839804574	-1.09937841282352	-0.837810511993618	-0.56905644277936
-0.59475132773916	-1.10347999696794	-0.837151424749026	-0.584559565452314
-0.588549815673746	-1.06991035754783	-0.820955047364756	-0.571404350236294
-0.582348303608333	-1.07173231606191	-0.813425567258476	-0.560711941755374
-0.576146791542919	-1.05747024809886	-0.808791717013299	-0.561792796574339
-0.569945279477505	-1.05549731622093	-0.808844694758356	-0.544192054365735
-0.563743767412092	-1.04482535029003	-0.790851726085019	-0.535158655750951
-0.557542255346678	-1.05557465152468	-0.786267978880397	-0.539877817909835
-0.551340743281264	-1.03637588016595	-0.772059958108486	-0.521465969102481
-0.54513923121585	-1.04338337863588	-0.771234294733978	-0.518447315607963
-0.538937719150437	-1.01182420237056	-0.761279844333398	-0.505512772077339
-0.532736207085023	-1.00238885458484	-0.753491523928251	-0.505969518762875
-0.526534695019609	-1.00616709108825	-0.748746643589333	-0.492884756024137
-0.520333182954196	-0.997523450705437	-0.735439499784206	-0.464465978686398
-0.514131670888782	-0.980435110264439	-0.728150044619388	-0.481264868367218
-0.507930158823368	-0.993104474196089	-0.719225274223183	-0.459065577435101
-0.501728646757954	-0.981857424046544	-0.715490913537846	-0.444339469226733
-0.495527134692541	-0.955684011642012	-0.708747534084948	-0.450842838611959
-0.489325622627127	-0.949242924196356	-0.706373169919892	-0.455134915394596
-0.483124110561713	-0.945974894477842	-0.694748523490928	-0.432319274186088
-0.4769225984963	-0.935891315361105	-0.680096789519736	-0.425653321117526
-0.470721086430886	-0.926794796856943	-0.671460677239656	-0.423113695390312
-0.464519574365472	-0.923462088439988	-0.673263822460522	-0.40416650094507
-0.458318062300059	-0.920127454595926	-0.665123038751195	-0.420058092789266
-0.452116550234645	-0.915008214014528	-0.649948014539839	-0.384636648553326
-0.445915038169231	-0.894315874377531	-0.647609740982292	-0.386014482111187
-0.439713526103818	-0.888677876399984	-0.636686895450797	-0.385237951302646
-0.433512014038404	-0.878579665884217	-0.626348289870574	-0.366984905620723
-0.42731050197299	-0.877807257949925	-0.62641774087366	-0.358287834059791
-0.421108989907577	-0.850308804554654	-0.604116454817615	-0.345410966706873
-0.414907477842163	-0.863051051717323	-0.600149255627219	-0.345903358279118
-0.408705965776749	-0.860952953721241	-0.593514605059342	-0.342908155784392
-0.402504453711335	-0.837644549549918	-0.587880168345486	-0.322316364626967
-0.396302941645922	-0.845303485975988	-0.581284550133697	-0.327197415207209
-0.390101429580508	-0.823327266534526	-0.571494024524416	-0.313849514255866
-0.383899917515094	-0.805537013312784	-0.561882301085234	-0.309533478974062
-0.377698405449681	-0.816360155800703	-0.55642974878001	-0.291422019871225
-0.371496893384267	-0.810517342302815	-0.543552940509259	-0.278953389035709
-0.365295381318853	-0.78314426872441	-0.536603955610255	-0.281014298855409
-0.35909386925344	-0.788279441618768	-0.529377160860158	-0.283425165888022
-0.352892357188026	-0.77847422140348	-0.521341830712907	-0.27804097170175
-0.346690845122612	-0.773696968735506	-0.512216572118071	-0.26505974047237
-0.340489333057199	-0.775606010341941	-0.511556688301026	-0.257753418862384
-0.334287820991785	-0.750974331438414	-0.500252264626846	-0.242737431543365
-0.328086308926371	-0.747295843274066	-0.493406324758318	-0.243642923043351
-0.321884796860958	-0.730234264908604	-0.480888682482685	-0.226689042179759
-0.315683284795544	-0.73337322364468	-0.474426429047562	-0.223541904651736
-0.30948177273013	-0.722879985488334	-0.462929436572595	-0.212293864833348
-0.303280260664716	-0.716263746748528	-0.45522412916502	-0.201670980239924
-0.297078748599303	-0.70167351676075	-0.449445732274344	-0.206292984888896
-0.290877236533889	-0.689503877735911	-0.455414517322219	-0.200155782606517
-0.284675724468475	-0.682038367073544	-0.436692831704237	-0.179856786121614
-0.278474212403062	-0.679637981127414	-0.427231740846736	-0.169445970605116
-0.272272700337648	-0.676187514542633	-0.419910099001747	-0.168679112441052
-0.266071188272234	-0.668791471894058	-0.41493833826665	-0.164556352610261
-0.25986967620682	-0.67368886095575	-0.405337191446674	-0.147812628430336
-0.253668164141407	-0.639216099925385	-0.394510753857329	-0.143769972012455
-0.247466652075993	-0.646569547736543	-0.389329158541434	-0.131691121671691
-0.241265140010579	-0.637688792202267	-0.372148269371158	-0.118467990090414
-0.235063627945166	-0.624327134149371	-0.368232126837228	-0.135927744922205
-0.228862115879752	-0.602562849658601	-0.359784251285876	-0.0954547774368378
-0.222660603814338	-0.611130518885334	-0.348574755410899	-0.104389423336037
-0.216459091748925	-0.592608509515382	-0.343503264946394	-0.0853337879093386
-0.210257579683511	-0.580909393728782	-0.341823599737621	-0.097342275903272
-0.204056067618097	-0.578360700335781	-0.329317537066939	-0.0733733775424919
-0.197854555552684	-0.568934063079421	-0.319157712632148	-0.0811040349453642
-0.19165304348727	-0.560272381588536	-0.320592353425285	-0.0516929416569326
-0.185451531421856	-0.56070522285105	-0.306082289239168	-0.0318342422820048
-0.179250019356443	-0.565481350657863	-0.297820162423911	-0.0342828680787649
-0.173048507291029	-0.544244431742702	-0.288351974103649	-0.0247664963833746
-0.166846995225615	-0.535769245902746	-0.28219598760705	-0.0286618008059327
-0.160645483160202	-0.534181559966723	-0.270761956623985	-0.0242971990922124
-0.154443971094788	-0.525325688325132	-0.271304366128236	-0.0184055945023732
-0.148242459029374	-0.507154427219572	-0.262728971118972	-0.0208953388265631
-0.14204094696396	-0.503760889224013	-0.249014580552662	0.0178811426969413
-0.135839434898547	-0.501525459881339	-0.242174234428389	0.00839782612210223
-0.129637922833133	-0.495030592449857	-0.238985241544731	0.0116222898309333
-0.123436410767719	-0.49553971873414	-0.230948542958941	0.0141950324757481
-0.117234898702306	-0.459907182218862	-0.224816889836658	0.0461288085963745
-0.111033386636892	-0.466319040974209	-0.211211786705262	0.0417035465852441
-0.104831874571478	-0.466982513440693	-0.205147812165486	0.0525814776879354
-0.0986303625060645	-0.456754463320558	-0.194733373140452	0.0534819487656662
-0.0924288504406507	-0.432992273827071	-0.187654513304436	0.0645088182513057
-0.0862273383752372	-0.422585618108734	-0.175354089385955	0.0830885250417474
-0.0800258263098235	-0.432567342685184	-0.173080180411051	0.0764731243322234
-0.0738243142444097	-0.41008218245303	-0.16880247466336	0.090290907360105
-0.067622802178996	-0.406196214273006	-0.159854964482078	0.08727766869479
-0.0614212901135824	-0.401346616005227	-0.147298026677546	0.0956240536972906
-0.0552197780481687	-0.397859368729767	-0.141322525928274	0.118243049890013
-0.0490182659827549	-0.373201354409955	-0.134646506559545	0.116473849020468
-0.0428167539173414	-0.407434309008816	-0.12953176553935	0.128961441155138
-0.0366152418519277	-0.360845480320974	-0.118993850074299	0.134936587217693
-0.0304137297865139	-0.364527196619617	-0.115028725740116	0.134403977378856
-0.0242122177211002	-0.344151009429361	-0.100406286436062	0.169672694252381
-0.0180107056556866	-0.352917438522501	-0.0895791316377749	0.168402749166393
-0.0118091935902729	-0.337138223190955	-0.0841954011364797	0.162271703359949
-0.00560768152485913	-0.337288324872408	-0.0787081533733816	0.181041747886617
0.000593830540554618	-0.320427785650797	-0.0683502482373876	0.185114136522374
0.00679534260596815	-0.308839854761607	-0.0656522640516142	0.185869445300338
0.0129968546713819	-0.299232444247346	-0.0477527121642397	0.194004079526778
0.0191983667367956	-0.308059484972426	-0.0461994336564724	0.221071397443799
0.0253998788022094	-0.290102666522367	-0.0385996556534169	0.205567759790087
0.0316013908676229	-0.27735948353137	-0.0254498923508413	0.200894101037034
0.0378029029330367	-0.276160051354567	-0.0226815404169862	0.216137006473158
0.0440044149984504	-0.267159164682942	-0.011144337304787	0.233619161544886
0.0502059270638642	-0.259383387977843	-0.00190604109210402	0.24114267469817
0.0564074391292777	-0.247645514973372	0.00326776962364073	0.250375651582758
0.0626089511946915	-0.23214494439578	0.0121201983549151	0.256597069101023
0.0688104632601052	-0.227308893805892	0.0110001268537028	0.256008392897717
0.075011975325519	-0.22583570809848	0.029147563850381	0.284034131906338
0.0812134873909325	-0.225402058370398	0.0350233396391551	0.291997673186726
0.0874149994563462	-0.205033812487362	0.0506989145926838	0.291889743473963
0.09361651152176	-0.19986993910374	0.050750552658114	0.297128503961696
0.0998180235871735	-0.186513650889905	0.0578801765060001	0.318418527267651
0.106019535652587	-0.186786801669143	0.0664343164876307	0.30364776542814
0.112221047718001	-0.176807281784242	0.0736215373028232	0.320610737998769
0.118422559783415	-0.162215955260585	0.0871754909150048	0.339892577345969
0.124624071848829	-0.170216916307289	0.0919270224106624	0.334794854017924
0.130825583914242	-0.14172139161179	0.103650968931761	0.363375962886373
0.137027095979656	-0.148349088044813	0.101320145266516	0.349349207675471
0.14322860804507	-0.135234403593697	0.115145254927885	0.370437831393625
0.149430120110483	-0.12796094381002	0.122449640861344	0.361052109555972
0.155631632175897	-0.106718866263719	0.129072774777429	0.383699020283424
0.161833144241311	-0.127793772853011	0.136063520708661	0.378244553381401
0.168034656306724	-0.10658726473755	0.142060920957752	0.401532604479161
0.174236168372138	-0.0955088093079277	0.151803245704158	0.410417213336224
0.180437680437552	-0.0792008348969402	0.159211683213887	0.408735785261898
0.186639192502965	-0.0761554534647398	0.172826801000576	0.429696538119314
0.192840704568379	-0.0682880321538085	0.181119226258458	0.41768242941626
0.199042216633793	-0.0610466706047858	0.19024143829591	0.431353099875523
0.205243728699207	-0.0613900133382137	0.188104818242564	0.464104769659057
0.21144524076462	-0.0441069074106251	0.204491577314703	0.453804848479695
0.217646752830034	-0.0438575390921102	0.210092497208007	0.449003395843416
0.223848264895448	-0.0323278762803379	0.217223577254042	0.469655113591462
0.230049776960861	-0.025592302625489	0.23648812615612	0.465725067549681
0.236251289026275	-0.0201855969288962	0.235590621299276	0.493593930615568
0.242452801091689	0.000258440251064159	0.245644322739327	0.506359300923328
0.248654313157102	-0.00624202929048305	0.252218007447347	0.512454518259088
0.254855825222516	0.0131180971713466	0.254091832476367	0.500818253148103
0.26105733728793	0.0123805446917514	0.271196376329652	0.515068300073403
0.267258849353343	0.0383084142264572	0.273624012487203	0.523677612593386
0.273460361418757	0.0206683987996793	0.276764424685986	0.538495597994683
0.279661873484171	0.049738809160579	0.287419289040614	0.533445308082003
0.285863385549584	0.0373706135563284	0.300092547659082	0.562745887925835
0.292064897614998	0.0524205126728627	0.315654778719917	0.550660752467999
0.298266409680412	0.0694839278931093	0.310696383840019	0.577501054715074
0.304467921745825	0.0779968753167171	0.326890970653146	0.582895520046115
0.310669433811239	0.0873673071985113	0.328957495515489	0.587765354946099
0.316870945876653	0.0863851806546676	0.338316393195564	0.590241394539235
0.323072457942067	0.10293873999004	0.350376169504193	0.599005599734541
0.32927397000748	0.109750254744633	0.360686244401504	0.603625948806683
0.335475482072894	0.116489412411155	0.360669166034006	0.610715019053317
0.341676994138308	0.106715519389016	0.364778225548279	0.630206866898506
0.347878506203721	0.123660263791586	0.379128835655893	0.618319840391849
0.354080018269135	0.142170912946027	0.381535753154909	0.643523255967923
0.360281530334549	0.144501440987931	0.390887304763018	0.635174596541417
0.366483042399962	0.162562292164173	0.401490261993793	0.654331437692532
0.372684554465376	0.157033102846631	0.402340600863167	0.650421018095028
0.37888606653079	0.156797392829225	0.414290159975596	0.665928656743511
0.385087578596203	0.183747667342151	0.43266399018321	0.680080706505982
0.391289090661617	0.19590576615609	0.445523904971313	0.69871715780258
0.397490602727031	0.181446284850694	0.437204664545962	0.696052610534879
0.403692114792444	0.191209781199055	0.444558222818209	0.704589885535716
0.409893626857858	0.210356500415421	0.460738330061707	0.71324971282052
0.416095138923272	0.212973459083331	0.467873329758008	0.708986046098647
0.422296650988685	0.220924722030012	0.47902154295822	0.74302211075973
0.428498163054099	0.237735332792779	0.483669154429824	0.721757265770275
0.434699675119513	0.241358272431343	0.481904178397963	0.737705715361268
0.440901187184927	0.237808416461736	0.503402265337035	0.751056081655748
0.44710269925034	0.25909320477949	0.503418421069782	0.743453330946266
0.453304211315754	0.268008692247949	0.516187711430953	0.772506688677155
0.459505723381168	0.273145751236386	0.522605617643048	0.771176568402354
0.465707235446581	0.286533864088477	0.521430335938797	0.776077701886739
0.471908747511995	0.287586446538271	0.540947268634938	0.788763730080051
0.478110259577409	0.292322108498077	0.538643796957841	0.787514567963904
0.484311771642822	0.307635891829016	0.548720672983201	0.802708650942114
0.490513283708236	0.316148277177182	0.559612511151371	0.826406764384798
0.49671479577365	0.319625286610326	0.573486418550658	0.824088235274977
0.502916307839063	0.329816902940362	0.583223109586199	0.831083274223242
0.509117819904477	0.325820165993475	0.584575181017584	0.824120682230252
0.515319331969891	0.348882864684122	0.597250786892298	0.846488799202481
0.521520844035305	0.335078981669334	0.602948599018253	0.844009335005084
0.527722356100718	0.348598166542632	0.605169568609344	0.866165084011316
0.533923868166132	0.372949490693117	0.615007901980066	0.877940277265559
0.540125380231546	0.376679915939739	0.6287026779149	0.879831511854521
0.54632689229696	0.403589722806796	0.631769926283907	0.877138232928203
0.552528404362373	0.380661353540427	0.645302944678503	0.886549665456249
0.558729916427787	0.398332323067043	0.648102952208932	0.894187789855137
0.5649314284932	0.418148588807857	0.658013978970719	0.911673881743974
0.571132940558614	0.424417561666242	0.662900180054494	0.899925127319669
0.577334452624028	0.411978897621478	0.668583566842528	0.912288030497042
0.583535964689442	0.436726047588037	0.68301976452728	0.934025397825835
0.589737476754855	0.417314533226273	0.685041386388955	0.939822211726029
0.595938988820269	0.451997795047337	0.68956236711149	0.93999207225566
0.602140500885683	0.461806901521345	0.698242107241249	0.95037357279699
0.608342012951097	0.465367665619112	0.713963225247438	0.960146417318987
0.61454352501651	0.475531940983473	0.720386176665861	0.959406032815594
0.620745037081924	0.475740052091	0.729227544438525	0.976861626967812
0.626946549147338	0.499611206741212	0.738652495809274	0.982900508945217
0.633148061212751	0.509210102229797	0.748493515231622	1.00746760460563
0.639349573278165	0.493887310700095	0.754870954387749	1.00020455553965
0.645551085343579	0.520340516701121	0.762740994030014	1.01533961874628
0.651752597408992	0.52418868703484	0.76663564917428	1.01538564221636
0.657954109474406	0.518103087465163	0.78127976096211	1.03176960596648
0.66415562153982	0.550635790854972	0.789293203748041	1.03942916616969
0.670357133605233	0.537278803594349	0.795812168445511	1.04262199622737
0.676558645670647	0.55070124521075	0.793440006206947	1.06285769120309
0.682760157736061	0.551971979712707	0.805850883053399	1.06250030709567
0.688961669801474	0.567388877198074	0.812697596395751	1.06812879458648
0.695163181866888	0.574375176833714	0.82658039769378	1.08516752411399
0.701364693932302	0.569921689768404	0.830011309056072	1.08251369740122
0.707566205997715	0.591907889216011	0.843257522144079	1.09600355160709
0.713767718063129	0.592853309600558	0.854501112755627	1.10720940824581
0.719969230128543	0.613180797799102	0.858243373314516	1.11092097882127
0.726170742193957	0.622082875908704	0.863882718388263	1.11040445909834
0.73237225425937	0.634289830821859	0.87184712989511	1.12088610779787
0.738573766324784	0.610215377586621	0.878512463910887	1.13462782578334
0.744775278390198	0.629394953841285	0.8837539845959	1.12112745559071
0.750976790455611	0.63960256169288	0.891912845170707	1.14888214754592
0.757178302521025	0.65912908157792	0.907953381961187	1.14069387638483
0.763379814586439	0.661283179445068	0.908275404421888	1.16322189264601
0.769581326651852	0.690755118940205	0.920457368572322	1.16711013676656
0.775782838717266	0.668750769344142	0.928665410895474	1.1814447705484
0.78198435078268	0.690015190307718	0.933676045357986	1.18666475834769
0.788185862848093	0.68702677086704	0.934128587060942	1.18088297591326
0.794387374913507	0.706521804159045	0.95365844040942	1.19841913896469
0.800588886978921	0.697246575598931	0.953243737207424	1.2179794062941
0.806790399044334	0.717146393476549	0.967932789215255	1.22425712151891
0.812991911109748	0.724290908719171	0.969926376617488	1.20880956247829
0.819193423175162	0.740684213648952	0.982438425205895	1.24366070908327
0.825394935240575	0.744107662728088	0.993821872433294	1.25005802337914
0.831596447305989	0.756642480335578	1.00400629330863	1.25740907498173
0.837797959371403	0.762959282544087	1.01111935782269	1.25246248388639
0.843999471436817	0.762399870380691	1.01459196879834	1.27414984626718
0.85020098350223	0.770057448741973	1.02460069905564	1.27619493884237
0.856402495567644	0.789794051359209	1.03274302002761	1.26541484687043
0.862604007633058	0.795037802814773	1.03709369194442	1.30127460404968
0.868805519698471	0.79922901124106	1.04591341890467	1.29904293568308
0.875007031763885	0.809629121753839	1.05522861037017	1.30781068510942
0.881208543829299	0.80824480978262	1.06528227375583	1.31230372639182
0.887410055894712	0.8238592379952	1.07281138601512	1.32161264751587
0.893611567960126	0.832415709438597	1.08290556091468	1.33283164815966
0.89981308002554	0.83427383033766	1.08856265081993	1.33049932959252
0.906014592090953	0.851546688095045	1.10031327962718	1.35433267098503
0.912216104156367	0.846140662855156	1.10118317916202	1.34337241418156
0.918417616221781	0.840569808809019	1.11061805094175	1.34590049477475
0.924619128287195	0.870464666535346	1.11642713666738	1.38223662270068
0.930820640352608	0.884393217291317	1.12414020991563	1.36936263143868
0.937022152418022	0.877963709740279	1.1391707781755	1.39838694400019
0.943223664483436	0.898524964029445	1.1468359091933	1.40614946562324
0.94942517654885	0.907843405931969	1.15047091910192	1.40610960818578
0.955626688614263	0.906821009647872	1.15889388726847	1.41435029081494
0.961828200679677	0.922025979707664	1.16364577845308	1.4081884338897
0.96802971274509	0.932068428860896	1.18046266090862	1.44012200617082
0.974231224810504	0.942173755167493	1.19159911180789	1.43693887637647
0.980432736875918	0.940216081437084	1.19416802712876	1.44233786677704
0.986634248941332	0.9539917768822	1.20230577685997	1.45324927149898
0.992835761006745	0.93864513010272	1.21046283437756	1.46701854577591
0.999037273072159	0.973867192457383	1.22329637710254	1.48516880921685
1.00523878513757	0.975024511359757	1.22258700299927	1.45754672493981
1.01144029720299	0.985422372626781	1.23596651835418	1.48053547615749
1.0176418092684	0.99238319610347	1.2397685483668	1.48522010980852
1.02384332133381	0.999108002559842	1.25311665958009	1.49723879999534
1.03004483339923	0.999328385296164	1.24946841640839	1.51943398430963
1.03624634546464	1.00994921503913	1.25429991953709	1.5147767318489
1.04244785753005	1.01286750877949	1.26567182295204	1.51857985163662
1.04864936959547	1.02482435113845	1.27942550674103	1.52934627622099
1.05485088166088	1.04953641591829	1.28411118442002	1.53802236476265
1.0610523937263	1.05509136963167	1.2966249798999	1.54400626647698
1.06725390579171	1.03895847264307	1.29862267862673	1.55739774915
1.07345541785712	1.05521670417147	1.31234822985326	1.56650455228987
1.07965692992254	1.04859359356708	1.31958752135758	1.56099612633119
1.08585844198795	1.08511850351497	1.32881244935614	1.58022540146541
1.09205995405336	1.08331675609102	1.33467793941055	1.59162897151207
1.09826146611878	1.08526194996812	1.34613818715419	1.58535152753099
1.10446297818419	1.09411950719218	1.34971122559875	1.59575964304893
1.11066449024961	1.11464370754644	1.35360563822282	1.60230023485799
1.11686600231502	1.11417428555061	1.36768877052378	1.61975587939664
1.12306751438043	1.13079667933123	1.37197186765604	1.62182985478982
1.12926902644585	1.13206364569595	1.38614690400069	1.64233262172665
1.13547053851126	1.12555217360356	1.39777678804183	1.6356622104667
1.14167205057667	1.14399010792709	1.40305054350871	1.65686985513351
1.14787356264209	1.15601565302758	1.40475710822094	1.65155499434789
1.1540750747075	1.16394697432986	1.4140570282394	1.66140212122893
1.16027658677291	1.16936864204532	1.42768061059605	1.68609139169497
1.16647809883833	1.17877491136072	1.42747830876058	1.6924004949814
1.17267961090374	1.18131878222889	1.43430831640248	1.67776011554919
1.17888112296916	1.20446441127744	1.45736130947015	1.70223992857595
1.18508263503457	1.21042388676788	1.45483196490808	1.69617289456617
1.19128414709998	1.20524435062289	1.46142731647277	1.71011306262624
1.1974856591654	1.2279590694771	1.46988661660068	1.71809465054666
1.20368717123081	1.22678080822697	1.48120619686553	1.73159142265723
1.20988868329622	1.23254211059935	1.47929453317738	1.7354821827435
1.21609019536164	1.25112874527275	1.4948093453244	1.74551395415005
1.22229170742705	1.25998988869283	1.50432481370257	1.74621191402023
1.22849321949247	1.26343129804318	1.50543496004769	1.76151338615868
1.23469473155788	1.27101267782551	1.52140946613514	1.76690865658731
1.24089624362329	1.28784240869243	1.5336405702316	1.78128260062412
1.24709775568871	1.27830726123979	1.53431457961513	1.78713074594552
1.25329926775412	1.28667280652994	1.53862695787091	1.79140965768687
1.25950077981953	1.29945020835088	1.54797806247643	1.80103185153613
1.26570229188495	1.31053552614793	1.55756868679643	1.79879522107192
1.27190380395036	1.30932142942367	1.56235894105309	1.81406148353593
1.27810531601577	1.32944506609396	1.57231308313985	1.82628092091923
1.28430682808119	1.33687939114854	1.58247632317797	1.8280469430464
1.2905083401466	1.34017707341092	1.58402049061409	1.83988821230443
1.29670985221202	1.35585121470825	1.60094682751067	1.84297633768018
1.30291136427743	1.36391775415253	1.60824475241131	1.86565133494896
1.30911287634284	1.366547792761	1.61536962325493	1.85623801165532
1.31531438840826	1.36848527403107	1.61877551562183	1.87192310189805
1.32151590047367	1.3938657412073	1.63681293361193	1.89476606565256
1.32771741253908	1.38252269309027	1.63777141579932	1.89457823760009
1.3339189246045	1.40824203495011	1.65125471607663	1.89585667227132
1.34012043666991	1.4031546255113	1.65281198180321	1.88971501981043
1.34632194873533	1.40907213588426	1.66216620817732	1.91419291299366
1.35252346080074	1.42140075212964	1.66520842952567	1.92464983934196
1.35872497286615	1.42201767455545	1.67906866587946	1.93498729346051
1.36492648493157	1.44786735856807	1.69186251059203	1.937901333309
1.37112799699698	1.45047002432538	1.69197772249529	1.94473813406172
1.37732950906239	1.4642644000932	1.70850711068961	1.94851492079676
1.38353102112781	1.458507722552	1.71138269498254	1.95975764733916
1.38973253319322	1.47825009052204	1.71985044112655	1.97272629470992
1.39593404525864	1.4698411422901	1.72505883229881	1.974909973329
1.40213555732405	1.48368634466546	1.73677759882206	1.97807648157447
1.40833706938946	1.50107868196144	1.74077082016799	1.98995147111174
1.41453858145488	1.48541490226032	1.753772595386	1.99256620589259
1.42074009352029	1.51214651692755	1.75239822990916	2.00631340429044
1.4269416055857	1.50985957735876	1.76653785067078	2.01890636938959
1.43314311765112	1.52748330985034	1.77344248744948	2.02113011262869
1.43934462971653	1.53007589313294	1.77997690949682	2.03096216223798
1.44554614178194	1.545928670156	1.78518131221218	2.04282945723377
1.45174765384736	1.54229375096847	1.79713707252899	2.05525342575143
1.45794916591277	1.56456778758078	1.80082870991559	2.05189479823728
1.46415067797819	1.56868195783137	1.81585545555257	2.07286128402826
1.4703521900436	1.55156825708363	1.81698458605352	2.06843887075522
1.47655370210901	1.58077979369245	1.83683981780664	2.07419337613411
1.48275521417443	1.58634812529918	1.83429936392073	2.08782351113574
1.48895672623984	1.60033029119277	1.84606947153067	2.09972108847464
1.49515823830525	1.58788803234895	1.85134027899473	2.10707753205992
1.50135975037067	1.6142993274572	1.86613020574645	2.10878069346963
1.50756126243608	1.60945746985493	1.86898831776902	2.11516258088793
1.5137627745015	1.62531748829345	1.87390179464669	2.1138024497333
1.51996428656691	1.62946564928493	1.8859707739586	2.13843449075117
1.52616579863232	1.64046635775789	1.88941843625578	2.13189711497203
1.53236731069774	1.66132794069865	1.90247825775	2.15449742331337
1.53856882276315	1.6555218638792	1.91150201532667	2.16739953683664
1.54477033482856	1.68433387661322	1.91427884630178	2.16021190541549
1.55097184689398	1.6802854629651	1.92937850900798	2.16110967819991
1.55717335895939	1.69030116462794	1.93697265426216	2.1850896154647
1.5633748710248	1.67949996082786	1.93764209941084	2.19938639606455
1.56957638309022	1.70454767807647	1.94927080202419	2.20314766583478
1.57577789515563	1.69303209715764	1.9581671953388	2.20300560163754
1.58197940722105	1.70440882856473	1.9591029821487	2.21919731928497
1.58818091928646	1.72361955685261	1.96838392541747	2.22387992291626
1.59438243135187	1.70893217318052	1.98388336879574	2.23409184227076
1.60058394341729	1.74727456004111	1.99131069622841	2.22746500389475
1.6067854554827	1.75429479946097	2.0005122606854	2.2505600640285
1.61298696754811	1.75078935469597	2.00581200971597	2.24943517537026
1.61918847961353	1.75825308412631	2.00904551264988	2.26663590704064
1.62538999167894	1.77210183801791	2.02034747748095	2.25276381080317
1.63159150374436	1.77324651541116	2.0333039555246	2.2871005356039
1.63779301580977	1.7789036403565	2.03506000094935	2.29155694695959
1.64399452787518	1.78812872146923	2.0426886569442	2.28373844247882
1.6501960399406	1.78978387900979	2.05043157790825	2.29151829379715
1.65639755200601	1.80584206833427	2.06742991726286	2.30258358822214
1.66259906407142	1.82040923113808	2.0671230842112	2.31453886572014
1.66880057613684	1.83604220635544	2.07469301845534	2.32529349728896
1.67500208820225	1.83821767978388	2.07763113536349	2.33187858443914
1.68120360026766	1.84869272955633	2.09406464481707	2.34809510884168
1.68740511233308	1.8579541193687	2.10637255060913	2.35162504420184
1.69360662439849	1.84988586441915	2.10699032035856	2.36134965556535
1.69980813646391	1.85703023612381	2.11330387025325	2.37186180130933
1.70600964852932	1.87400351290482	2.11533733126477	2.37093743229058
1.71221116059473	1.88802424864428	2.13219504339729	2.37497346609542
1.71841267266015	1.88204818317854	2.14019203983494	2.39095547375088
1.72461418472556	1.8914917086872	2.14887919918654	2.41118554848153
1.73081569679097	1.9155594157117	2.16028172993876	2.41207821976034
1.73701720885639	1.91586799455453	2.1671550478584	2.40411565678351
1.7432187209218	1.90878164798334	2.16461716915556	2.41958773600364
1.74942023298722	1.93990440223443	2.18269806163107	2.42969084012021
1.75562174505263	1.9292231255702	2.18900711889478	2.42031295341587
1.76182325711804	1.945788012883	2.19919406280733	2.4543880583649
1.76802476918346	1.97155525816578	2.20581582886316	2.44465853051822
1.77422628124887	1.96358830792864	2.21028803533697	2.45733776591716
1.78042779331428	1.96377741523755	2.21819878256484	2.47347763414333
1.7866293053797	1.99169344716294	2.23247357688787	2.4776250204148
1.79283081744511	1.98859840397369	2.23665164249496	2.48291923301458
1.79903232951053	1.97644023138327	2.24676270926774	2.48612870919443
1.80523384157594	1.99630952830503	2.25106023314255	2.5029645670267
1.81143535364135	2.01769945015216	2.26391792307644	2.50887208159236
1.81763686570677	2.01776291820908	2.26882327825056	2.51994096680024
1.82383837777218	2.02195913072144	2.27460670858428	2.52151542849261
1.83003988983759	2.04637260466843	2.28513513524969	2.53833657307015
1.83624140190301	2.03431946792006	2.29008943531792	2.52761224004739
1.84244291396842	2.05127817088314	2.3024020760712	2.53358253007751
1.84864442603383	2.04704275517143	2.30593663526964	2.56865577103543
1.85484593809925	2.0563859443775	2.31536256568425	2.56540043027187
1.86104745016466	2.06746009692123	2.32553290024927	2.58093185531411
1.86724896223008	2.07678706112036	2.32764438747196	2.5816238166881
1.87345047429549	2.09949465589729	2.34669334520249	2.59290392087526
1.8796519863609	2.09666925128813	2.33807043806957	2.59966303381078
1.88585349842632	2.11665108923345	2.35306837828236	2.59814695796187
1.89205501049173	2.11546681606979	2.36932576708066	2.60850347787883
1.89825652255714	2.1252760335573	2.3694028141663	2.62504011647439
1.90445803462256	2.12252578568859	2.37571645746891	2.6255737414168
1.91065954668797	2.14169970537436	2.3832135428901	2.63250478514924
1.91686105875339	2.15269843795114	2.39273444141904	2.65149801140436
1.9230625708188	2.15226065428799	2.41125267548835	2.66472481135346
1.92926408288421	2.15213691023507	2.41171466749363	2.66557719415948
1.93546559494963	2.16357891609534	2.41643079806104	2.6674140643627
1.94166710701504	2.17634950950262	2.42623363082155	2.66067364102552
1.94786861908045	2.18899284171809	2.43694983520459	2.69161556654982
1.95407013114587	2.1819464958127	2.44892181667626	2.70036195578227
1.96027164321128	2.2148291709587	2.4543199827654	2.70338677177963
1.96647315527669	2.20767604797466	2.4531532368107	2.71346641370297
1.97267466734211	2.21369304570258	2.46174635598295	2.7191595328225
1.97887617940752	2.22675186004416	2.48153138419036	2.74603062431377
1.98507769147294	2.24405183724484	2.48582726720478	2.74200363251834
1.99127920353835	2.24695307452967	2.4961143781953	2.73206742113365
1.99748071560376	2.25814953829775	2.50027053655462	2.74645962824453
2.00368222766918	2.2505427493446	2.5045836041432	2.74882188088104
2.00988373973459	2.25623698329811	2.51158641511172	2.76652829512323
2.0160852518	2.26730078668357	2.52707531794914	2.76394703068648
2.02228676386542	2.27960926137894	2.52596241987519	2.78671204663472
2.02848827593083	2.30667460998247	2.5400782417655	2.78756304366817
2.03468978799625	2.30117729190091	2.55030193382906	2.79319594685217
2.04089130006166	2.30101585726067	2.55435847444348	2.80249967982789
2.04709281212707	2.3074170760771	2.560576612567	2.81346878311745
2.05329432419249	2.31483144742346	2.57637010023946	2.82865804275327
2.0594958362579	2.33461765741785	2.58304734697013	2.82328156406189
2.06569734832331	2.33024506861832	2.5859850300173	2.85220734772905
2.07189886038873	2.34145593652976	2.59371185131723	2.8411710702231
2.07810037245414	2.3364524098942	2.60477744651551	2.86549046234148
2.08430188451955	2.36663800233929	2.60779733791527	2.85667206036063
2.09050339658497	2.36791535683601	2.6171521921933	2.86758979239483
2.09670490865038	2.37667436157935	2.62801109426696	2.88472385581616
2.1029064207158	2.36138624442675	2.63580121232059	2.88278945864271
2.10910793278121	2.39123384184474	2.64229493322225	2.88043856585802
2.11530944484662	2.39986768843683	2.64951236918114	2.89870501863623
2.12151095691204	2.39608486258688	2.6567480753452	2.92954807092768
2.12771246897745	2.41848357294248	2.67127284103924	2.91458181703211
2.13391398104286	2.42824885108773	2.66920234432249	2.92491432667232
2.14011549310828	2.42102477581729	2.68030865105731	2.94636236567415
2.14631700517369	2.44138715095653	2.68703701520014	2.95358839458737
2.15251851723911	2.44923017778677	2.6949681683077	2.95860116751456
2.15872002930452	2.4611242938683	2.70781038389015	2.96107326999196
2.16492154136993	2.45072696766506	2.71324025014393	2.95575325398646
2.17112305343535	2.47083066104493	2.72227091767182	2.98154891540939
2.17732456550076	2.47777496827105	2.72613775301086	2.98575779400469
2.18352607756617	2.48175302263912	2.74437917913448	2.99513251326154
2.18972758963159	2.5069867881834	2.74475436894225	3.00559603680506
2.195929101697	2.4913913293066	2.75519306110967	2.99229066395777
2.20213061376242	2.51844980382631	2.76355679054015	3.03000769035455
2.20833212582783	2.51830606715523	2.7665344065417	3.01550979057057
2.21453363789324	2.52265639056049	2.77552214113612	3.02682164974351
2.22073514995866	2.53933499397184	2.78285979173091	3.03616522502258
2.22693666202407	2.53308377833998	2.79301387683134	3.0556868599875
2.23313817408948	2.5467081485717	2.79911713531425	3.05192393396707
2.2393396861549	2.54924107729386	2.81181286791803	3.05780092958802
2.24554119822031	2.56981367180937	2.81138312030742	3.06753735091292
2.25174271028573	2.55225939501888	2.82802838468479	3.0762241313866
2.25794422235114	2.57882796078918	2.83133301930646	3.08743714853284
2.26414573441655	2.58697256417287	2.8376757748995	3.09291337934303
2.27034724648197	2.60111224552504	2.857594978591	3.10753138567653
2.27654875854738	2.60611138623249	2.85701471560029	3.12099788764376
2.28275027061279	2.59914006070592	2.863917682836	3.11600387180089
2.28895178267821	2.62074930008635	2.8694715107949	3.12005811570171
2.29515329474362	2.6203517428393	2.87601915615838	3.13021901612066
2.30135480680903	2.61916319388871	2.88850996103328	3.14144237326316
2.30755631887445	2.6483795177588	2.88859558915659	3.15062394851399
2.31375783093986	2.63794376914827	2.90576102652375	3.16248482387061
2.31995934300528	2.66691180138741	2.91037043258534	3.15870427672906
2.32616085507069	2.66613033050887	2.92228813379067	3.18182570858138
2.3323623671361	2.66986023295985	2.92842734187232	3.17792155203625
2.33856387920152	2.68791241580511	2.94540167024009	3.19302830667109
2.34476539126693	2.69172995572543	2.9429217666704	3.19706350132135
2.35096690333234	2.7077517430609	2.95483131949746	3.19649158392205
2.35716841539776	2.7005020102298	2.9601370849663	3.22056816617172
2.36336992746317	2.71185701591864	2.96605315549923	3.22100546766936
2.36957143952859	2.73090938094275	2.9795917342696	3.24902898406951
2.375772951594	2.73004580243531	2.98570059369825	3.23624141245126
2.38197446365941	2.746875318405	2.9955186521309	3.25581580043264
2.38817597572483	2.75067463245466	2.99755374948495	3.22736494540611
2.39437748779024	2.74922133582726	3.00988148236911	3.25341707553035
2.40057899985565	2.75992711095117	3.02642764415221	3.26653842063626
2.40678051192107	2.76370924774773	3.02456724219101	3.27320742541633
2.41298202398648	2.79423019983815	3.03700702895856	3.26994229539449
2.41918353605189	2.79103225430849	3.04279969613035	3.29906060972479
2.42538504811731	2.79589110855217	3.05344719103547	3.2927264812801
2.43158656018272	2.80220820028791	3.0550014396427	3.30775823852335
2.43778807224814	2.81068356880144	3.06396712011644	3.32115330578056
2.44398958431355	2.82372710259725	3.07094348344338	3.32132733457125
2.45019109637896	2.84443977835673	3.09048787049588	3.33789802845923
2.45639260844438	2.83580487659583	3.09064691664435	3.34797263438056
2.46259412050979	2.8443013999926	3.10105189744943	3.35942454002628
2.4687956325752	2.85957476943596	3.10734094168593	3.37954071918392
2.47499714464062	2.8579105019792	3.1157152799162	3.37086961837225
2.48119865670603	2.87242779058114	3.11902191644815	3.38268711130989
2.48740016877145	2.86663262970454	3.12823477609973	3.39092150731275
2.49360168083686	2.88196141527482	3.13533421790392	3.39537022455361
2.49980319290227	2.89185466735855	3.14623233586932	3.397181263594
2.50600470496769	2.89827744158515	3.14896213070604	3.41142692483383
2.5122062170331	2.90823496991038	3.15645892932389	3.41194881623171
2.51840772909851	2.9053798338131	3.16719000344561	3.42432802022455
2.52460924116393	2.91754681515975	3.17410153314367	3.43337247281937
2.53081075322934	2.93788076481334	3.18485550962699	3.43346854405587
2.53701226529475	2.93554100572132	3.19616988520294	3.44194772816166
2.54321377736017	2.9487259187645	3.19164278341035	3.46189621559601
2.54941528942558	2.9613329068343	3.20988604002232	3.46406179657156
2.555616801491	2.96777349402241	3.21232564611688	3.46038672122484
2.56181831355641	2.98039208142739	3.21983608358496	3.47969884138559
2.56801982562182	2.98398231942119	3.22910636213739	3.4718416117536
2.57422133768724	2.99024722824869	3.23950303905611	3.48486727403656
2.58042284975265	2.99148233697108	3.24223408799674	3.50311684384905
2.58662436181806	3.00180835000551	3.25657547808532	3.50623752620053
2.59282587388348	3.00107522795561	3.25876913402226	3.5197005118129
2.59902738594889	3.0248736274557	3.27868075825218	3.5199115082404
2.60522889801431	3.02618773221543	3.27700547423393	3.54015336061381
2.61143041007972	3.03864211222397	3.29242104044799	3.53741229722527
2.61763192214513	3.04096856320618	3.29092708710382	3.56615426870681
2.62383343421055	3.05327504198256	3.30775767685202	3.5686501393594
2.63003494627596	3.04608031126915	3.3070949202931	3.56686101743633
2.63623645834137	3.0691491893379	3.32025328043665	3.56951696241483
2.64243797040679	3.05131835984857	3.32326319005427	3.56538181542453
2.6486394824722	3.07986543223676	3.34025756463968	3.58111582250551
2.65484099453761	3.09374637004204	3.34466488955128	3.59424705305015
2.66104250660303	3.09181586051184	3.3524461193894	3.62053162343972
2.66724401866844	3.10123235193442	3.35960521022999	3.60989951351203
2.67344553073386	3.11837543614545	3.37208327653084	3.62200060034866
2.67964704279927	3.10164295146824	3.37396920940508	3.63736238436844
2.68584855486468	3.14215034677952	3.38363815718626	3.64262208619722
2.6920500669301	3.12768539449341	3.39303221319914	3.6535146480281
2.69825157899551	3.14809788705024	3.40236035148186	3.65757378572394
2.70445309106092	3.16669730137351	3.41089867950355	3.66738309579279
2.71065460312634	3.15081879597196	3.41575545832049	3.67750207229364
2.71685611519175	3.15937237164629	3.43040157637704	3.69054809275247
2.72305762725717	3.1714305469994	3.43680323800871	3.6888020765279
2.72925913932258	3.18655688879992	3.44278466888664	3.68521160000685
2.73546065138799	3.20390917505952	3.44707328807892	3.70912719150022
2.74166216345341	3.19968587916003	3.45633437157244	3.70874265008584
2.74786367551882	3.20758895605211	3.46439597088675	3.71416790695486
2.75406518758423	3.22370242446131	3.47313906266869	3.72987166758248
2.76026669964965	3.22101343134212	3.47850223574283	3.73627867190822
2.76646821171506	3.23079596033638	3.48706796373759	3.74114832317218
2.77266972378047	3.22154645595923	3.49231256773225	3.74907795620366
2.77887123584589	3.25138229183344	3.50163006398657	3.75709506243568
2.7850727479113	3.26356564020303	3.50683957607878	3.77196946115159
2.79127425997672	3.26204736791046	3.50929182350145	3.76916691817339
2.79747577204213	3.27782791984192	3.5304433545322	3.80028977736376
2.80367728410754	3.25312716924781	3.53023874289464	3.7838946787024
2.80987879617296	3.29574309092381	3.54202791958296	3.78246596273065
2.81608030823837	3.29530011478605	3.54188461738382	3.80053473594452
2.82228182030378	3.27979561796247	3.55566948616953	3.82403588338737
2.8284833323692	3.32107006611993	3.57011940763946	3.82865991911412
2.83468484443461	3.31577353804311	3.57464710564066	3.83071216783213
2.84088635650003	3.31236113919505	3.57806595412259	3.84312843836053
2.84708786856544	3.32023648728363	3.5841978260859	3.8387319781845
2.85328938063085	3.34181350500994	3.60045790438275	3.86231650629731
2.85949089269627	3.35798961886816	3.6070463705426	3.85568825101914
2.86569240476168	3.36316939497334	3.61903230859998	3.89202238488329
2.87189391682709	3.36401272930842	3.6244369937278	3.88384463149798
2.87809542889251	3.37046281043081	3.62671118821531	3.88872828389542
2.88429694095792	3.37544900079724	3.63376195595055	3.89382386006588
2.89049845302333	3.39277371042614	3.651014430142	3.89206114353272
2.89669996508875	3.39807504792119	3.64631508661035	3.92230943499648
2.90290147715416	3.38513397585515	3.66715083573529	3.9051089673388
2.90910298921958	3.39878954902001	3.67055197238185	3.91953785597869
2.91530450128499	3.42685621198487	3.67468929873298	3.92836310806906
2.9215060133504	3.4238861994465	3.68071159112737	3.94051716528926
2.92770752541582	3.41786149249392	3.69606112054925	3.95141839799111
2.93390903748123	3.44098366114866	3.70245427546997	3.95829403917535
2.94011054954664	3.44969474392182	3.70857974746391	3.9729743711318
2.94631206161206	3.45302839085175	3.71911216996316	3.96744819287796
2.95251357367747	3.46270508316156	3.71823766380374	3.99663604982528
2.95871508574289	3.49014997291084	3.73174722224219	3.98844417790021
2.9649165978083	3.48846502367444	3.73725212374093	4.02537648877246
2.97111810987371	3.4872293529521	3.75115039472251	3.99846506255969
2.97731962193913	3.50040624093277	3.75888727087494	4.01497096116779
2.98352113400454	3.51784202396479	3.76647351822731	4.03097592345335
2.98972264606995	3.51150776051876	3.77775988334982	4.03800300862757
2.99592415813537	3.52800321140545	3.78036750035032	4.03559343891762
3.00212567020078	3.52299270099714	3.78967480884059	4.05519790935448
3.0083271822662	3.53152086189941	3.79581371953208	4.06314281476254
3.01452869433161	3.54354140688853	3.81371158652466	4.06086201137645
3.02073020639702	3.54686235396218	3.813089671608	4.0816094929684
3.02693171846244	3.55312454867592	3.81936595252618	4.08005640716191
3.03313323052785	3.58228257760343	3.8332750649411	4.09271173548425
3.03933474259326	3.5853920148335	3.8397345174622	4.09378766572209
3.04553625465868	3.58626467192424	3.84575212418953	4.10596901824005
3.05173776672409	3.5999413391609	3.85274362105138	4.11221131437457
3.0579392787895	3.60224352741246	3.86231595243605	4.12583655634671
3.06414079085492	3.61145009355048	3.87180107351152	4.12795540796551
3.07034230292033	3.62494613363866	3.87656461714624	4.12706908798423
3.07654381498575	3.62818191362314	3.88884600771581	4.15051911339658
3.08274532705116	3.62078098881896	3.89252809071015	4.1553941487279
3.08894683911657	3.64620477470016	3.90497621900204	4.15629116337816
3.09514835118199	3.64694106887125	3.91229954311126	4.16672513342881
3.1013498632474	3.65415390487545	3.92426222322782	4.18417734275272
3.10755137531281	3.67572280995094	3.92857959547403	4.17953042472174
3.11375288737823	3.67836710779763	3.9370559571564	4.19717088994052
3.11995439944364	3.69016500622555	3.93600049563903	4.20319952040969
3.12615591150906	3.68672946686317	3.94725667513539	4.20997260091932
3.13235742357447	3.69865604868307	3.95822952496163	4.22982517919205
3.13855893563988	3.69932167409365	3.96602379852846	4.22394359492438
3.1447604477053	3.71469909946588	3.97856146776759	4.24211156635518
3.15096195977071	3.73120737670952	3.98112112663994	4.24029336040915
3.15716347183612	3.7331593600835	3.99363744188243	4.2545817679948
3.16336498390154	3.73668809299261	3.99225779397492	4.24615007628029
3.16956649596695	3.74922100369147	4.01035608498925	4.25572109118418
3.17576800803237	3.76144038629801	4.01903641239529	4.2782304093704
3.18196952009778	3.76246090675372	4.02614749704378	4.28704178537661
3.18817103216319	3.77123059938584	4.0309872090155	4.30235200842812
3.19437254422861	3.78064694445339	4.0377797615875	4.29668324015901
3.20057405629402	3.78173484686855	4.0446667281402	4.31962524583958
3.20677556835943	3.80280043174596	4.05348384036765	4.31710545030525
3.21297708042485	3.79596527511007	4.06352688082839	4.31611351426966
3.21917859249026	3.81318499675113	4.07063566697939	4.33063904413757
3.22538010455567	3.82357773396616	4.07842599800859	4.32833104667517
3.23158161662109	3.83992066264194	4.08938377726859	4.35246432868027
3.2377831286865	3.8277344094805	4.09070646937913	4.35427994987244
3.24398464075192	3.83820092253244	4.09513854509381	4.36119435945709
3.25018615281733	3.8455279397466	4.10442261840883	4.3606744903208
3.25638766488274	3.84911329959487	4.11249848796213	4.37210175779598
3.26258917694816	3.87109246643079	4.12862595872795	4.3792795925561
3.26879068901357	3.85045010444959	4.12825713257942	4.39636619902027
3.27499220107898	3.871195806683	4.14324640111533	4.38531960459868
3.2811937131444	3.89538489097052	4.14617282401111	4.41050499103175
3.28739522520981	3.90519820546584	4.15825525914259	4.44093826499181
3.29359673727523	3.8967069342089	4.16914396867228	4.43057038848287
3.29979824934064	3.90620191873417	4.16828897034834	4.42772894547159
3.30599976140605	3.93486768402422	4.1813214820267	4.43212148318762
3.31220127347147	3.92596898951652	4.18733162542212	4.44153625339915
3.31840278553688	3.93048400531268	4.20118008157969	4.46018870956842
3.32460429760229	3.9343405589057	4.20355949692877	4.47762950836195
3.33080580966771	3.95366984130534	4.21881027679561	4.48146178746824
3.33700732173312	3.94900012019086	4.2191726208993	4.50153828995431
3.34320883379853	3.97015162948829	4.22256134133596	4.49344936313952
3.34941034586395	3.99371580614405	4.23994271970951	4.50466016510354
3.35561185792936	3.98649612772441	4.2460462217442	4.5063885039206
3.36181336999478	3.99368805750898	4.24280548601631	4.51856568511306
3.36801488206019	4.00271993659725	4.25931556780372	4.51720483855686
3.3742163941256	4.00062517442084	4.26737440368028	4.53091146999263
3.38041790619102	4.02351865145732	4.28408484444301	4.55854625775792
3.38661941825643	4.02842715319698	4.28613342781896	4.54032935010557
3.39282093032184	4.04046225055335	4.29618310687171	4.54851171569825
3.39902244238726	4.03313098176199	4.30173210772277	4.5600765358669
3.40522395445267	4.05852773807851	4.30726138791548	4.56159256694222
3.41142546651809	4.03466372109435	4.3174687667737	4.59371614549966
3.4176269785835	4.05824431691303	4.32501220349367	4.59491657289545
3.42382849064891	4.071564060406	4.33158438104913	4.58989481142243
3.43003000271433	4.08241078709329	4.34586597267597	4.60281976982484
3.43623151477974	4.08589913956205	4.35098934699422	4.61462055934499
3.44243302684515	4.09236869080271	4.36057241599456	4.61966703686782
3.44863453891057	4.10378045056192	4.36618622249764	4.63241311651843
3.45483605097598	4.11187032827253	4.37153908197794	4.64929013041539
3.46103756304139	4.10846947259107	4.38562982121794	4.66196000369314
3.46723907510681	4.12675610944059	4.38666913885464	4.65437482335593
3.47344058717222	4.13245432997756	4.39862495347781	4.67996950666908
3.47964209923764	4.14133913814812	4.40848240456413	4.66150686868154
3.48584361130305	4.14711302577076	4.41287652995921	4.66514003833244
3.49204512336846	4.15318695114134	4.42212973902395	4.6883707817947
3.49824663543388	4.16358421795699	4.42879794839767	4.69201894198861
3.50444814749929	4.16938024399085	4.43394900073777	4.69809399711084
3.5106496595647	4.1896904742362	4.44722770377045	4.70710411796079
3.51685117163012	4.20073374041372	4.45455031392506	4.70564728175617
3.52305268369553	4.2006775806531	4.45494308394686	4.71909899854631
3.52925419576095	4.20028998300697	4.47160592546525	4.72500557608707
3.53545570782636	4.21303939190798	4.48043281795301	4.73484654483445
3.54165721989177	4.23222511357287	4.49033090990188	4.75437085963959
3.54785873195719	4.23165617098833	4.50469135858437	4.77055291460513
3.5540602440226	4.24226168582404	4.49900037892234	4.75815896392699
3.56026175608801	4.23070673644733	4.50553382224165	4.77153509317521
3.56646326815343	4.2417664171934	4.51665562441095	4.78209373219291
3.57266478021884	4.25475988687897	4.52266915804089	4.78250531194646
3.57886629228425	4.27550633784521	4.54137716221243	4.80068086570336
3.58506780434967	4.26402145097668	4.54145198251235	4.80898975034803
3.59126931641508	4.2810189867127	4.5482217513291	4.80868267377008
3.5974708284805	4.29449992663256	4.55692755977523	4.81760254904233
3.60367234054591	4.30819615651457	4.56161463576094	4.81663741196277
3.60987385261132	4.31985288803193	4.56999592340429	4.84486197159591
3.61607536467674	4.3100399623237	4.57831535230953	4.83378898415337
3.62227687674215	4.32675977814108	4.58720680657476	4.85787496277422
3.62847838880756	4.32696429831683	4.58884342985608	4.83888379474629
3.63467990087298	4.322973249484	4.60206909966791	4.86794447797591
3.64088141293839	4.35978188840844	4.61057854162952	4.87052895388978
3.64708292500381	4.36554252800889	4.62412760409849	4.88318973438343
3.65328443706922	4.35157472451654	4.62844634240402	4.88959851292747
3.65948594913463	4.36796523482511	4.63233540912385	4.9058563997248
3.66568746120005	4.3670679456169	4.64826157380588	4.92259849309132
3.67188897326546	4.378624083324	4.64855841327843	4.92190038933907
3.67809048533087	4.39932263708673	4.66187608793622	4.92810431726627
3.68429199739629	4.40335127499507	4.66735964910086	4.9370689519223
3.6904935094617	4.40301540239255	4.6699713101799	4.94196675318119
3.69669502152711	4.42215858726896	4.67512766119184	4.95763249812213
3.70289653359253	4.42234207948583	4.6878977409177	4.97289553247514
3.70909804565794	4.43848143219247	4.69953316638199	4.97018012526149
3.71529955772336	4.4481302798351	4.70435559451343	4.97629419274271
3.72150106978877	4.43855245606683	4.71739141317016	4.99367213946799
3.72770258185418	4.45940990964344	4.7208799420571	4.97830114467466
3.7339040939196	4.46767344681399	4.73085273801195	5.01024940752122
3.74010560598501	4.46737797157341	4.73448431992299	5.0018881396041
3.74630711805042	4.4757880119754	4.7431205753888	5.00725180037545
3.75250863011584	4.48744081018699	4.75964698405255	5.01635107226263
3.75871014218125	4.49877050945246	4.75813880350925	5.03233232203709
3.76491165424667	4.50467853569479	4.77424761266551	5.02589058286838
3.77111316631208	4.52706225049827	4.7771619196641	5.02985105846231
3.77731467837749	4.51432712163299	4.78897220116057	5.04176324847753
3.78351619044291	4.53753932385997	4.79833656626951	5.05285874663205
3.78971770250832	4.53165638199115	4.80644573449002	5.07912016064077
3.79591921457373	4.55281116832413	4.81520325407448	5.06192129575934
3.80212072663915	4.5573023307256	4.8233906269545	5.09670121656821
3.80832223870456	4.56702891022697	4.8273186069575	5.08866884335729
3.81452375076997	4.57006316341695	4.83387941361637	5.09473569408522
3.82072526283539	4.56898266701153	4.84299860608769	5.125093348978
3.8269267749008	4.58021226094189	4.84739768111015	5.13469266767882
3.83312828696622	4.59034197137753	4.8617099432742	5.12968736237101
3.83932979903163	4.6121094013234	4.87074555218629	5.12673705126155
3.84553131109704	4.6095321431504	4.87141823521652	5.14313315709767
3.85173282316246	4.6221017831974	4.88808647303065	5.15323350060756
3.85793433522787	4.63642953421428	4.88981432482683	5.17421328518196
3.86413584729328	4.62816872205821	4.89977323357128	5.17363365196296
3.8703373593587	4.63985316102941	4.90760406651678	5.1738309136373
3.87653887142411	4.64364792986945	4.90980090571547	5.18405151804985
3.88274038348953	4.65864099884574	4.92205642344457	5.18589650319971
3.88894189555494	4.6556210643794	4.9323545753756	5.20987844287329
3.89514340762035	4.6538628302645	4.93673912212914	5.21630013081641
3.90134491968577	4.67559207717238	4.9438384492269	5.22187951830119
3.90754643175118	4.68747060568918	4.95556144801002	5.21718513867198
3.91374794381659	4.69396298204895	4.96522689443724	5.22736221415576
3.91994945588201	4.70227800967054	4.96831248430819	5.2337497778485
3.92615096794742	4.70122396803028	4.97524031913781	5.26382819818892
3.93235248001284	4.70688355546124	4.9877821082114	5.25571993438065
3.93855399207825	4.72065548997716	4.99811307881761	5.2688597864406
3.94475550414366	4.74725231339475	5.00324849757008	5.27763172654315
3.95095701620908	4.72893522961021	5.0157470324549	5.27224192968414
3.95715852827449	4.75769838643556	5.01773934287392	5.28370085777837
3.9633600403399	4.7501123663281	5.02359974836866	5.29160086040932
3.96956155240532	4.77212123909861	5.03610362654292	5.29544338024468
3.97576306447073	4.76246955959396	5.04317416375867	5.31429499580251
3.98196457653615	4.7812777232907	5.04419205304901	5.31611533213835
3.98816608860156	4.79266994640732	5.05124479203003	5.33240530158848
3.99436760066697	4.77734144228592	5.06694165452786	5.32544512631854
4.00056911273239	4.81344466327847	5.07492364660813	5.35465297763043
4.0067706247978	4.80746455764824	5.08297787918008	5.34900418533866
4.01297213686321	4.82440210362185	5.08948266370014	5.35651648066308
4.01917364892863	4.82217496238469	5.09467461203429	5.36645280715119
4.02537516099404	4.83643685569082	5.10429726731893	5.38405073818429
4.03157667305945	4.83484269859006	5.11657332141386	5.38507448844415
4.03777818512487	4.84775786249745	5.12094759860811	5.39890882997975
4.04397969719028	4.86413375643461	5.13114328642944	5.41565332412617
4.0501812092557	4.86261502141234	5.13465215167325	5.42026569200295
4.05638272132111	4.86460068508928	5.14290093560917	5.41432775107453
4.06258423338652	4.88634747433284	5.15668483597292	5.4184483574493
4.06878574545194	4.90570160357116	5.16290567410163	5.43891694831355
4.07498725751735	4.90251068316663	5.16591973123405	5.43957980205276
4.08118876958276	4.90835148317126	5.18318668046881	5.45546005787054
4.08739028164818	4.91565956500437	5.18332840204125	5.45279694555402
4.09359179371359	4.91808031427951	5.19477419724483	5.4658993051907
4.09979330577901	4.94290464315078	5.19901790858582	5.46428163251359
4.10599481784442	4.94525194968187	5.20415635456318	5.46998682902356
4.11219632990983	4.95245260872578	5.21919459080494	5.48657038303511
4.11839784197525	4.96571820005366	5.2272832658242	5.49379503669605
4.12459935404066	4.97267548990171	5.22814389644603	5.50253373138051
4.13080086610607	4.96108420928844	5.24494971043579	5.52368771515701
4.13700237817149	4.97529507421864	5.25133050910748	5.5245630638482
4.1432038902369	4.98917504552981	5.25628308018786	5.52864270214281
4.14940540230231	4.97544223140972	5.26130745752799	5.54411916816504
4.15560691436773	4.99305606633076	5.27452550531439	5.55590273118306
4.16180842643314	5.01046702815189	5.28558517818016	5.56056149847399
4.16800993849855	5.01724225384791	5.28590737033382	5.57438747843802
4.17421145056397	5.01491280940402	5.29443240798661	5.56230789034699
4.18041296262938	5.03876589551518	5.30728011265009	5.60087990049053
4.1866144746948	5.02342836959511	5.30910716434586	5.58481555718916
4.19281598676021	5.05269567978411	5.32505685170411	5.58996680739515
4.19901749882562	5.05461599858785	5.33294220613672	5.60622265733104
4.20521901089104	5.06015939263182	5.3373370310479	5.60354567350548
4.21142052295645	5.0877421812532	5.34187908316422	5.61714418042226
4.21762203502186	5.08558275522134	5.36060910507061	5.62469697020493
4.22382354708728	5.07751137966139	5.37143713437761	5.64210215947025
4.23002505915269	5.09651981646663	5.37090654994588	5.63151071016018
4.23622657121811	5.10834862899784	5.37715559146298	5.63340932497895
4.24242808328352	5.12216567287067	5.38561473929515	5.66709493378594
4.24862959534893	5.12135332157393	5.38800596807399	5.6752410928558
4.25483110741435	5.12083064845547	5.39553174523225	5.67421982273418
4.26103261947976	5.13746155122926	5.40477058023291	5.7002673041374
4.26723413154517	5.14601516755344	5.40988237070217	5.68632229831971
4.27343564361059	5.15903240929485	5.42216540096991	5.69669612542846
4.279637155676	5.15154813821737	5.43193643057192	5.71857811506549
4.28583866774142	5.15549409197252	5.44031990325788	5.7219057634963
4.29204017980683	5.16787592285491	5.45184319774714	5.71405231314984
