"mitochan"	"lwrNorm"	"medNorm"	"uprNorm"
-1.90327037354145	-3.28926913612166	-2.18924767309697	-1.06915801978024
-1.89688305035648	-3.27055737719605	-2.17749506497339	-1.10613193435142
-1.89049572717151	-3.27568302922727	-2.17687532272374	-1.08525714086254
-1.88410840398654	-3.2472040583437	-2.15613730446199	-1.06804721474183
-1.87772108080157	-3.23102022851826	-2.16896768830379	-1.08836790994895
-1.8713337576166	-3.251696962098	-2.15465401724045	-1.05856470128092
-1.86494643443162	-3.2264049077103	-2.14116443054936	-1.04070864948251
-1.85855911124665	-3.25264468744921	-2.13883447968145	-1.03896509997593
-1.85217178806168	-3.21054478745202	-2.13028213785568	-1.07209251100696
-1.84578446487671	-3.22528798153286	-2.11760324183661	-1.05532230211347
-1.83939714169174	-3.20733719594551	-2.12940961646007	-1.06160732572737
-1.83300981850677	-3.18223087651001	-2.10365631288072	-1.06588436240911
-1.8266224953218	-3.15093285017422	-2.10882622394613	-1.0371363906548
-1.82023517213683	-3.16037806729836	-2.11060208862228	-1.03597478356494
-1.81384784895186	-3.15614252066077	-2.09371806500073	-1.02347273298155
-1.80746052576689	-3.12743907123737	-2.09745511088615	-1.02558957359935
-1.80107320258192	-3.14010130995806	-2.08944529584014	-1.0433642497041
-1.79468587939695	-3.08760477298306	-2.06776138887058	-1.02029389411454
-1.78829855621197	-3.11310344457966	-2.04747449678521	-0.984782170671288
-1.781911233027	-3.10931803829304	-2.05207184300093	-1.02448034939417
-1.77552390984203	-3.09820973177344	-2.04661801824444	-0.979875472996076
-1.76913658665706	-3.10944751718327	-2.03412123791825	-1.01192872025035
-1.76274926347209	-3.07569353472922	-2.03128001475415	-0.991992643494199
-1.75636194028712	-3.04281077170555	-2.02038662622482	-0.988573870946214
-1.74997461710215	-3.07996423364153	-2.02497903083985	-0.988739149677944
-1.74358729391718	-3.0501382646221	-2.013562565106	-0.974464302558421
-1.73719997073221	-3.06680098604806	-2.0133864232829	-0.9817388334196
-1.73081264754724	-3.0306545260416	-1.99839097429337	-0.986991616387956
-1.72442532436227	-3.01648705520438	-2.00099792654581	-0.953755952508828
-1.7180380011773	-3.02463200359493	-1.98709669275596	-0.975273999797476
-1.71165067799232	-3.01178599953829	-1.9806280068609	-0.979700767757164
-1.70526335480735	-2.9750667072247	-1.97015591899595	-0.940854693065946
-1.69887603162238	-2.97805986423585	-1.95773447293939	-0.928187506412665
-1.69248870843741	-2.99658098681725	-1.96293808308379	-0.954946429401363
-1.68610138525244	-2.94492653891339	-1.95521557760543	-0.961159562318866
-1.67971406206747	-2.94942912389224	-1.95145078748761	-0.93971915209775
-1.6733267388825	-2.94343867092399	-1.93836313852782	-0.949005397527475
-1.66693941569753	-2.94938868729218	-1.93131821899955	-0.88411953160456
-1.66055209251256	-2.94324521353208	-1.92096116059453	-0.92562942664009
-1.65416476932759	-2.96050752617012	-1.91851600249317	-0.938333102938978
-1.64777744614262	-2.94196742918564	-1.91638683401507	-0.896557555198184
-1.64139012295765	-2.90733824996853	-1.90843674202901	-0.940836436657501
-1.63500279977268	-2.90769874107308	-1.9008812580035	-0.911640077361815
-1.6286154765877	-2.90287523172761	-1.90494356630445	-0.920004097904847
-1.62222815340273	-2.85887536081895	-1.88715323890335	-0.896745633271806
-1.61584083021776	-2.84449058206687	-1.86653293004945	-0.909869643351733
-1.60945350703279	-2.89673856396799	-1.87417356313994	-0.87611119898728
-1.60306618384782	-2.88758840597144	-1.87270818913119	-0.886975749554203
-1.59667886066285	-2.82802063208914	-1.86278531809442	-0.902524986198622
-1.59029153747788	-2.82737831178247	-1.84320372943721	-0.886481500036329
-1.58390421429291	-2.83970884775175	-1.83846880579957	-0.901320740630778
-1.57751689110794	-2.82231913972118	-1.83529229743018	-0.85865210178029
-1.57112956792297	-2.82089862704585	-1.82750588301821	-0.86131969534225
-1.564742244738	-2.77650957224853	-1.82616888357633	-0.857062318156788
-1.55835492155303	-2.78300807138339	-1.81083495177223	-0.881188156065186
-1.55196759836805	-2.78884412230718	-1.80676925740908	-0.816191656371976
-1.54558027518308	-2.76003496197223	-1.80875192074901	-0.845981417477728
-1.53919295199811	-2.7495779568291	-1.79634326733158	-0.869419747955938
-1.53280562881314	-2.76389481622627	-1.78964071705743	-0.843604568361523
-1.52641830562817	-2.78641241872174	-1.77814535640765	-0.85771898928675
-1.5200309824432	-2.70887041242096	-1.77971636835617	-0.817672041553672
-1.51364365925823	-2.72471556614365	-1.77589695831753	-0.828912336804589
-1.50725633607326	-2.71122493482789	-1.75295538351101	-0.795053590791607
-1.50086901288829	-2.68448225080903	-1.75334600442784	-0.83515978384173
-1.49448168970332	-2.67922996390063	-1.74874918951505	-0.830509089896454
-1.48809436651835	-2.68530468085002	-1.7529208474545	-0.803668449832588
-1.48170704333338	-2.68519839885967	-1.72310963701146	-0.781161653901246
-1.47531972014841	-2.72867471304414	-1.72615190652129	-0.814282389857112
-1.46893239696343	-2.66336534239442	-1.72825681580774	-0.764787550373533
-1.46254507377846	-2.65672949220329	-1.71441801336996	-0.784518054854322
-1.45615775059349	-2.62033432062275	-1.72000689764963	-0.780002861861103
-1.44977042740852	-2.63288208921688	-1.69428455149009	-0.7731628294985
-1.44338310422355	-2.61886425643167	-1.69008928415355	-0.748876945423112
-1.43699578103858	-2.59965385460825	-1.684139900442	-0.795231927462439
-1.43060845785361	-2.61184026638994	-1.69715120174978	-0.762954105224627
-1.42422113466864	-2.61985046784648	-1.66247722022353	-0.773289972572022
-1.41783381148367	-2.59689071772517	-1.66744288774753	-0.75628633920695
-1.4114464882987	-2.56761236325318	-1.65872208852627	-0.779464431272652
-1.40505916511373	-2.56723860369603	-1.65725571200078	-0.746405978377445
-1.39867184192876	-2.56379315135075	-1.65817023707563	-0.771844383603745
-1.39228451874378	-2.54714833045266	-1.63640907581711	-0.73364349357515
-1.38589719555881	-2.54084227740504	-1.61464683712898	-0.759148501175026
-1.37950987237384	-2.55651275457989	-1.63058407640065	-0.733530771510856
-1.37312254918887	-2.54372657638037	-1.60774044510659	-0.716076703830164
-1.3667352260039	-2.52614433418842	-1.61037862181354	-0.733894019769049
-1.36034790281893	-2.48948665297589	-1.60509809377995	-0.691456666307606
-1.35396057963396	-2.49083574230155	-1.59883933172012	-0.734611041108666
-1.34757325644899	-2.47703584732794	-1.58509061791181	-0.692112789456264
-1.34118593326402	-2.47086257255108	-1.58432395470807	-0.691818369440923
-1.33479861007905	-2.46481117702332	-1.5758856131783	-0.727134409077077
-1.32841128689408	-2.45076783668028	-1.55830889491281	-0.702303764128155
-1.32202396370911	-2.41886869832807	-1.56748141670872	-0.689684597074261
-1.31563664052414	-2.45800474519955	-1.55407593744972	-0.696107660237203
-1.30924931733916	-2.4105671629997	-1.55725520704592	-0.680411376904406
-1.30286199415419	-2.4221711090077	-1.54437769193376	-0.72497949382257
-1.29647467096922	-2.40780178371847	-1.52828976983057	-0.669090117132258
-1.29008734778425	-2.41245235328542	-1.52276547308313	-0.672571433678247
-1.28370002459928	-2.44486366865306	-1.52749938803808	-0.683610493020719
-1.27731270141431	-2.42894564528065	-1.5100686781746	-0.665713756831167
-1.27092537822934	-2.3853742604177	-1.51712324065904	-0.64030955691603
-1.26453805504437	-2.34151512045858	-1.50473210531544	-0.665944811640877
-1.2581507318594	-2.38604781077655	-1.50151171808881	-0.64376810366953
-1.25176340867443	-2.35874530271627	-1.49388442643488	-0.629703977761496
-1.24537608548946	-2.35544134735306	-1.48072403308584	-0.615727664946359
-1.23898876230449	-2.34672647794027	-1.47889269097801	-0.628097881983243
-1.23260143911951	-2.30991204944315	-1.46253900093654	-0.61961184765079
-1.22621411593454	-2.34900334576656	-1.46411155141619	-0.612739832287534
-1.21982679274957	-2.34601719117238	-1.43812142371455	-0.605718222723365
-1.2134394695646	-2.29275206785574	-1.45172516951444	-0.59058333713261
-1.20705214637963	-2.31142002706648	-1.43015759267728	-0.59106335717246
-1.20066482319466	-2.30342488567072	-1.43707050716457	-0.605938773482186
-1.19427750000969	-2.30535209169705	-1.43273974208034	-0.5901734951448
-1.18789017682472	-2.26349618700114	-1.42067159068879	-0.562704748768103
-1.18150285363975	-2.28203640683745	-1.42138904850386	-0.599283754809421
-1.17511553045478	-2.25397686620782	-1.41088948086596	-0.571338760085112
-1.16872820726981	-2.27501332746755	-1.39564125195555	-0.57145809476069
-1.16234088408484	-2.25286391244737	-1.38588819288813	-0.579706294659144
-1.15595356089987	-2.26196674329185	-1.3874159553109	-0.557400745452735
-1.14956623771489	-2.20247691660968	-1.38746651506767	-0.566398878950724
-1.14317891452992	-2.20378823629874	-1.36792125503934	-0.57976506157439
-1.13679159134495	-2.19498182138807	-1.37033034233681	-0.528088814903019
-1.13040426815998	-2.21498763561399	-1.35928768707085	-0.545981715812267
-1.12401694497501	-2.1836763484197	-1.34958845858658	-0.554735094294195
-1.11762962179004	-2.20331406517769	-1.35536082029506	-0.550159958171581
-1.11124229860507	-2.16148919053099	-1.33190010886356	-0.513623367500949
-1.1048549754201	-2.15730035292342	-1.33247732783674	-0.560114259933181
-1.09846765223513	-2.14396067516503	-1.33384924005206	-0.518964971499698
-1.09208032905016	-2.15027661698582	-1.30467310542085	-0.526585028260183
-1.08569300586519	-2.13632978265986	-1.30680460742438	-0.519615549611605
-1.07930568268022	-2.12603073294255	-1.30034487028644	-0.518584274292796
-1.07291835949524	-2.12050540613557	-1.30585013784276	-0.495491764136138
-1.06653103631027	-2.11750988399697	-1.29401029925576	-0.523101378944515
-1.0601437131253	-2.11699102969614	-1.27993394590173	-0.523764173285982
-1.05375638994033	-2.11591758539692	-1.27548977561894	-0.487149050090972
-1.04736906675536	-2.10754028182371	-1.26071212089126	-0.500983662229613
-1.04098174357039	-2.0515920661782	-1.27574855585956	-0.472439372839337
-1.03459442038542	-2.08351984782706	-1.25161031354206	-0.460695153466632
-1.02820709720045	-2.0435398618837	-1.25656748601103	-0.440403214542383
-1.02181977401548	-2.05140329640626	-1.24753961878659	-0.461171069405853
-1.01543245083051	-2.04920726554274	-1.22813942030753	-0.462801251055468
-1.00904512764554	-2.00493385889689	-1.23157114591812	-0.464577699164288
-1.00265780446057	-2.00923462483274	-1.21386567258022	-0.422969233450577
-0.996270481275595	-1.99115258985918	-1.21600623770379	-0.45666004233166
-0.989883158090624	-2.00317501402431	-1.20864646363507	-0.450500058103411
-0.983495834905654	-1.98190200776991	-1.19555046642354	-0.455176471178622
-0.977108511720683	-1.96109316783508	-1.19806287755856	-0.416377058349376
-0.970721188535712	-1.99772741857826	-1.18261921912292	-0.438004626915585
-0.964333865350741	-1.96557779255322	-1.17085709665421	-0.42760937131027
-0.95794654216577	-1.96240588675253	-1.16517097970174	-0.446257016251067
-0.9515592189808	-1.94095128574241	-1.16102585909324	-0.410629800575867
-0.945171895795829	-1.94456376445954	-1.15808802582744	-0.403572583830016
-0.938784572610858	-1.94793903262117	-1.15012237053756	-0.405049936765353
-0.932397249425887	-1.93536068975866	-1.14902703369888	-0.417185540788099
-0.926009926240916	-1.90696734903716	-1.13395103241812	-0.408380255230908
-0.919622603055946	-1.90104233955099	-1.13115030240117	-0.392630027507272
-0.913235279870975	-1.91372969908416	-1.12760129794592	-0.372770875047305
-0.906847956686004	-1.89894133034595	-1.11713040592136	-0.37061687497639
-0.900460633501033	-1.88283459632556	-1.1163324998703	-0.3829006051585
-0.894073310316063	-1.86886929372907	-1.09875653075995	-0.371337844127952
-0.887685987131092	-1.86432125476484	-1.09483701465717	-0.372730461716905
-0.881298663946121	-1.86186475068691	-1.09599091214656	-0.353569160370269
-0.87491134076115	-1.87765889744111	-1.07363023929604	-0.346773241351292
-0.868524017576179	-1.8668613230587	-1.07487205654421	-0.329543122350713
-0.862136694391209	-1.85079989697011	-1.07005943801237	-0.355332936976009
-0.855749371206238	-1.82800413987838	-1.06030859503582	-0.330823483829471
-0.849362048021267	-1.8094175782066	-1.05124232163863	-0.329474781287875
-0.842974724836296	-1.79632251887251	-1.04453825884522	-0.335481980192947
-0.836587401651325	-1.80055171229232	-1.0502054073412	-0.347470213714379
-0.830200078466354	-1.78670031058744	-1.0368139525274	-0.306989039864743
-0.823812755281384	-1.7571218436862	-1.03340572569597	-0.31122784615406
-0.817425432096413	-1.76092683968427	-1.0259626302885	-0.328892606021844
-0.811038108911442	-1.75752151618116	-1.00262065674294	-0.320858339911917
-0.804650785726471	-1.74418054691326	-1.00517620396793	-0.299743583001377
-0.7982634625415	-1.75229988991443	-1.00961951008794	-0.288250418925259
-0.79187613935653	-1.74001427334822	-0.998580584588153	-0.304300373840625
-0.785488816171559	-1.71837202480092	-0.992534045744278	-0.273274006623746
-0.779101492986588	-1.72310183080358	-0.979262283799815	-0.278037336418112
-0.772714169801617	-1.71266962746677	-0.970118016805782	-0.291071161839167
-0.766326846616646	-1.69277669163528	-0.968234338949541	-0.282973349714673
-0.759939523431676	-1.72262092297126	-0.958865490095566	-0.231096863836085
-0.753552200246705	-1.69007268159303	-0.944533483528555	-0.227316207411973
-0.747164877061734	-1.68636155963034	-0.945739213368018	-0.260580274825013
-0.740777553876763	-1.65138445998717	-0.944482052888903	-0.252953311929351
-0.734390230691792	-1.68205852258407	-0.930471298938041	-0.256959663446661
-0.728002907506822	-1.66975007616915	-0.920875882502322	-0.238064468258035
-0.721615584321851	-1.65124505661337	-0.905817129217982	-0.226496085702931
-0.71522826113688	-1.64022889653698	-0.913503102723491	-0.220310867654936
-0.708840937951909	-1.63667770756741	-0.903287978449919	-0.233166019298528
-0.702453614766938	-1.60892458574268	-0.902233162537946	-0.231826117657529
-0.696066291581968	-1.61240064584102	-0.883698749031506	-0.205847342303624
-0.689678968396997	-1.59535586386596	-0.893230679372025	-0.216831261023069
-0.683291645212026	-1.58269666478262	-0.867653821618932	-0.190961498311586
-0.676904322027055	-1.61546196145833	-0.870783189416329	-0.184121473878524
-0.670516998842084	-1.58499682576463	-0.866458105535313	-0.179461254057763
-0.664129675657114	-1.55642675746135	-0.847521900977619	-0.160788430592074
-0.657742352472143	-1.55312124936458	-0.852574733807563	-0.164670469283233
-0.651355029287172	-1.53769383757908	-0.85660095094861	-0.184436049082213
-0.644967706102201	-1.54799088277586	-0.839614544071177	-0.150599716930839
-0.63858038291723	-1.52827030792246	-0.835922572851055	-0.152876349013218
-0.63219305973226	-1.5646083091751	-0.82818133213578	-0.164788986746921
-0.625805736547289	-1.52486832141992	-0.815705673099819	-0.150564951524103
-0.619418413362318	-1.48527437643374	-0.812800373765998	-0.138008905370212
-0.613031090177347	-1.53036863666598	-0.803167509349822	-0.126230341248913
-0.606643766992377	-1.48669762928396	-0.796097713812004	-0.150739337722512
-0.600256443807406	-1.48133512621028	-0.790713959613955	-0.136840714397122
-0.593869120622435	-1.48106437430972	-0.782828431900487	-0.0986977359468948
-0.587481797437464	-1.45753935481202	-0.774946037646347	-0.10562178089207
-0.581094474252493	-1.45615090146044	-0.775909577472474	-0.118830953534475
-0.574707151067522	-1.46063229698609	-0.771497420864866	-0.0785620192304136
-0.568319827882552	-1.44273781937432	-0.751496403871265	-0.104569615534372
-0.561932504697581	-1.430565605917	-0.751141684911625	-0.0855018607469071
-0.55554518151261	-1.42479646396281	-0.742280563563943	-0.0828405141709481
-0.549157858327639	-1.42969006524707	-0.739049448132152	-0.0677504278618564
-0.542770535142668	-1.4113334919841	-0.72305749855011	-0.08463163767455
-0.536383211957698	-1.42250354049088	-0.718058865752734	-0.0672705779525071
-0.529995888772727	-1.4239357570253	-0.70888867562195	-0.0638972979225887
-0.523608565587756	-1.3470061273122	-0.71292098846951	-0.0629302609299369
-0.517221242402785	-1.401113816458	-0.697059665798909	-0.0458522392073551
-0.510833919217814	-1.36810355310971	-0.693290095724421	-0.0355366005183846
-0.504446596032844	-1.36416843561184	-0.684379883666676	-0.0583788469668499
-0.498059272847873	-1.38023858387319	-0.668915361199841	-0.0340730030418405
-0.491671949662902	-1.3661734340032	-0.671074890312848	-0.0428423099810794
-0.485284626477931	-1.34064653501434	-0.667096823687767	-0.0153309569732943
-0.47889730329296	-1.31505731893229	-0.661418885529588	0.0108922942672531
-0.47250998010799	-1.34292703848022	-0.646176630578257	-0.0123060567279199
-0.466122656923019	-1.32176560749039	-0.640821165834197	-0.00756963259493401
-0.459735333738048	-1.30800085165265	-0.642131366242596	0.00762255272069086
-0.453348010553077	-1.30052458303529	-0.622844446030803	0.0338216234580898
-0.446960687368106	-1.2788913816732	-0.630893827665217	0.0290257735340379
-0.440573364183136	-1.28478787303207	-0.614182350865828	0.0426754864847136
-0.434186040998165	-1.2683875889582	-0.605223194946871	0.0140915303870546
-0.427798717813194	-1.28392063416605	-0.593879562468242	0.0435990225994835
-0.421411394628223	-1.25767625927635	-0.596845896969007	0.0252024879256161
-0.415024071443252	-1.25080936226403	-0.587523655989826	0.0573169994299276
-0.408636748258282	-1.23236728735722	-0.579963227668538	0.0686115946476291
-0.402249425073311	-1.23826091950143	-0.575536688409405	0.0747331132914691
-0.39586210188834	-1.21448055052859	-0.571050625151873	0.0639468977119258
-0.389474778703369	-1.22937712109752	-0.557409055374737	0.0736673561366738
-0.383087455518399	-1.22027176216502	-0.569288074676936	0.0967298380780789
-0.376700132333428	-1.22292929718288	-0.552764620716829	0.0728356934614156
-0.370312809148457	-1.22722095961819	-0.543053774392448	0.0760003082749001
-0.363925485963486	-1.17266179714716	-0.543351044337654	0.0787670328887971
-0.357538162778515	-1.19116688004671	-0.526593574355501	0.0935946625420456
-0.351150839593545	-1.17877600241128	-0.52403470532737	0.093130817491802
-0.344763516408574	-1.21078273286087	-0.517232280455259	0.0999866128124363
-0.338376193223603	-1.17597874830126	-0.506103718986238	0.136241999957542
-0.331988870038632	-1.14479001185118	-0.498497952959453	0.145822225508674
-0.325601546853661	-1.14311461740243	-0.486995464283623	0.128134049612344
-0.31921422366869	-1.15859215496816	-0.484241971658102	0.123313271991774
-0.31282690048372	-1.14578019553155	-0.479791009385183	0.137084286237669
-0.306439577298749	-1.12527714527822	-0.471386621400647	0.167275582081089
-0.300052254113778	-1.1255834983991	-0.463850283907826	0.148798698880757
-0.293664930928807	-1.1340176694509	-0.45716194566787	0.155029382658154
-0.287277607743836	-1.13415529447004	-0.457138679988291	0.180282327813101
-0.280890284558866	-1.09866842842612	-0.453831044170423	0.169956187166665
-0.274502961373895	-1.07867941913426	-0.441003857560523	0.215008998185799
-0.268115638188924	-1.07230667384906	-0.435036236458337	0.186419443623821
-0.261728315003953	-1.0541235547837	-0.417838214542449	0.194140982422984
-0.255340991818982	-1.06341215560996	-0.418868720300479	0.208312106557606
-0.248953668634012	-1.07361239565896	-0.414886369898775	0.186937219325045
-0.242566345449041	-1.05293225975949	-0.408414112051647	0.226540415616077
-0.23617902226407	-1.04282249056044	-0.401079441599142	0.226588746334841
-0.229791699079099	-1.04220925232406	-0.400263366442403	0.251431316354203
-0.223404375894128	-1.04537328490356	-0.384538543334921	0.230048941088318
-0.217017052709158	-1.03158186484546	-0.374993992296817	0.25250664580842
-0.210629729524187	-1.00633600092871	-0.374292237928127	0.238676243263472
-0.204242406339216	-1.03462824564878	-0.36717549291396	0.274898086780616
-0.197855083154245	-1.0029388093726	-0.352972770229792	0.248782562346293
-0.191467759969274	-0.982006473193365	-0.346154657251839	0.283191074970566
-0.185080436784304	-0.976829649184875	-0.338866777253199	0.257749296073402
-0.178693113599333	-0.950972177785709	-0.335577968381251	0.292448291997692
-0.172305790414362	-0.959096903222635	-0.331057652850105	0.289918460846241
-0.165918467229391	-0.958805103839886	-0.315078755625937	0.293704572375375
-0.15953114404442	-0.931246065947738	-0.317256272542215	0.31605372925022
-0.15314382085945	-0.944485229712902	-0.297122444073761	0.312941398660913
-0.146756497674479	-0.926346416675926	-0.300713456331497	0.303575488879333
-0.140369174489508	-0.935708107278929	-0.296448943516816	0.325836385898448
-0.133981851304537	-0.908209368645026	-0.285814299878059	0.324213639134677
-0.127594528119567	-0.879588531056934	-0.278017977200315	0.346134009031453
-0.121207204934596	-0.924687585878265	-0.277740808490831	0.340877083153589
-0.114819881749625	-0.90676999472644	-0.2678680184303	0.3581788819139
-0.108432558564654	-0.895972657630581	-0.265869680588266	0.358735157580122
-0.102045235379683	-0.88647940482423	-0.254261316202917	0.364961289602373
-0.0956579121947125	-0.88117929106201	-0.248712496745627	0.346549360118183
-0.0892705890097416	-0.908674920869999	-0.238314731124226	0.38138177661455
-0.0828832658247709	-0.861436410430792	-0.231641211216715	0.400643681440556
-0.0764959426398	-0.858399426990011	-0.225380919798231	0.37797146763482
-0.0701086194548293	-0.879828852577001	-0.213912778943138	0.41025847229692
-0.0637212962698583	-0.843274314907222	-0.209035414158174	0.439448149951045
-0.0573339730848876	-0.832265361915975	-0.211208485655795	0.427463926844463
-0.0509466498999169	-0.834615645443087	-0.207675913813052	0.393301633613863
-0.044559326714946	-0.816463955720974	-0.186582298299419	0.431177700672611
-0.0381720035299753	-0.83534428435016	-0.187839172093253	0.446167922999367
-0.0317846803450044	-0.823478067815315	-0.181757847160873	0.412287730430438
-0.0253973571600337	-0.823614504844675	-0.165894458367258	0.458562350489238
-0.0190100339750627	-0.809033423518112	-0.164984083680591	0.445608092362391
-0.012622710790092	-0.780658147790973	-0.159624583134606	0.45174311568501
-0.00623538760512132	-0.807583328045788	-0.146428719193428	0.45900359056496
0.000151935579849605	-0.781243906957928	-0.156120597593661	0.472304418083035
0.00653925876482031	-0.799154486749871	-0.138610601478676	0.46393897020173
0.0129265819497912	-0.768880776171154	-0.124487080884706	0.486263380657507
0.0193139051347619	-0.753438861615741	-0.118022364086345	0.477933438117284
0.0257012283197329	-0.732965578947165	-0.113567168379795	0.500530071253632
0.0320885515047036	-0.738655167038966	-0.104762226687269	0.495271007278007
0.0384758746896743	-0.721008837122775	-0.10702641836999	0.526689697535153
0.0448631978746452	-0.737331729657576	-0.0985085883087453	0.52630183289452
0.0512505210596159	-0.695334468198317	-0.08580306335752	0.54476650755625
0.0576378442445868	-0.710477521485434	-0.0812206715973064	0.526348476767342
0.0640251674295576	-0.716232356037782	-0.0807763941232008	0.547949010303771
0.0704124906145285	-0.715798968071976	-0.0682590344623701	0.557971897368497
0.0767998137994992	-0.675597302970038	-0.0632077864901215	0.566873618322562
0.0831871369844699	-0.691272801883013	-0.0534711777628473	0.568217491243176
0.0895744601694408	-0.676290370910111	-0.0431068798993132	0.570474176064021
0.0959617833544115	-0.659879775303927	-0.0388620754996946	0.579721593082526
0.102349106539382	-0.64010119570918	-0.03226679625899	0.59068245078808
0.108736429724353	-0.670611272141478	-0.0354756597614586	0.596763835562818
0.115123752909324	-0.64860743280658	-0.0293878261759994	0.604044965003292
0.121511076094295	-0.638720876150408	-0.0179711565612093	0.598333602738973
0.127898399279266	-0.65260906160986	0.000873121062816796	0.603274250743034
0.134285722464236	-0.646915160723693	0.000964046308858624	0.623057361224197
0.140673045649207	-0.620659740722369	0.00738996874184129	0.651832782550028
0.147060368834178	-0.637806588644037	0.00986985390106921	0.63223001966948
0.153447692019149	-0.593670387839947	0.0149641258888074	0.640512192960173
0.159835015204119	-0.631124305331367	0.0285814478147178	0.66772641758706
0.16622233838909	-0.609479322227876	0.0353041115419777	0.668462604133421
0.172609661574061	-0.607255362044281	0.0370714522755353	0.673577403379207
0.178996984759032	-0.578985833801535	0.0545039246800598	0.677442641568821
0.185384307944003	-0.589894949806499	0.0516983762622713	0.714533523616624
0.191771631128974	-0.592467794412299	0.056188791384391	0.696701450111781
0.198158954313945	-0.557082802727864	0.0620519737995843	0.695981505846962
0.204546277498915	-0.560575807764962	0.0751883464691113	0.68858112501812
0.210933600683886	-0.553088730330728	0.0874871902263972	0.714128135681465
0.217320923868857	-0.543000084770743	0.0849218971553552	0.739029201712842
0.223708247053827	-0.532464880026618	0.102649961572842	0.763160168911889
0.230095570238798	-0.536645234186533	0.10918900766249	0.739017745589833
0.236482893423769	-0.51103090433925	0.106411149604881	0.743794971779025
0.24287021660874	-0.514013351018064	0.113210364569532	0.788755998017424
0.249257539793711	-0.523834813683215	0.132668271684019	0.743632838722183
0.255644862978682	-0.49887146057495	0.118045638799768	0.785285406417616
0.262032186163653	-0.481052019057325	0.129763495402537	0.803560258713206
0.268419509348623	-0.489562756649168	0.147626658507374	0.79292707725413
0.274806832533594	-0.479338550307973	0.147725608362457	0.801557895617191
0.281194155718565	-0.467776918168715	0.149902028154377	0.770654680232835
0.287581478903536	-0.46358121303598	0.163078341868306	0.819221675747176
0.293968802088506	-0.449138018529298	0.180790755506833	0.833921650594291
0.300356125273477	-0.449571585409998	0.169132086941032	0.851612294473595
0.306743448458448	-0.444200885068712	0.174472446660981	0.806352560415946
0.313130771643419	-0.476307599434921	0.184382184748821	0.850364544358681
0.31951809482839	-0.450924770113866	0.196931190225382	0.856324023298412
0.32590541801336	-0.439320463660271	0.205732588773848	0.893481555945543
0.332292741198331	-0.425928092931986	0.204386908772396	0.876588602801861
0.338680064383302	-0.434387652241676	0.215322655051673	0.859372014810489
0.345067387568273	-0.407613019679648	0.215050460366854	0.879167701705111
0.351454710753244	-0.413845181053748	0.231050580007953	0.910435426930356
0.357842033938214	-0.393409555107673	0.246192746654164	0.894707499844817
0.364229357123185	-0.378907265726067	0.242405752610268	0.931775740108056
0.370616680308156	-0.372889831642102	0.254322402155983	0.922313829498459
0.377004003493127	-0.386224122804751	0.257857362636057	0.929458117824084
0.383391326678097	-0.39343586521872	0.261605488642747	0.921655733112727
0.389778649863068	-0.372243894316424	0.271782160728664	0.933977295593813
0.396165973048039	-0.370850739933547	0.275331599490557	0.953691631519753
0.40255329623301	-0.382929521713719	0.28370628022179	0.935138461784756
0.408940619417981	-0.367875371003623	0.295744944847946	0.962501871987029
0.415327942602952	-0.33348754023131	0.296301476278647	0.976608472807461
0.421715265787922	-0.333116352000922	0.30253880722708	0.985083885346
0.428102588972893	-0.351033871267271	0.312187653805445	0.988313710470215
0.434489912157864	-0.34104827875476	0.31912794472348	0.983943110107026
0.440877235342835	-0.301624384959948	0.322573678702943	0.988402472318878
0.447264558527805	-0.332523483375244	0.34356506273015	1.02384808614041
0.453651881712776	-0.2996403451001	0.346608232671401	0.998705879594439
0.460039204897747	-0.290336135662716	0.336973459888692	1.01750981403484
0.466426528082718	-0.308035490466634	0.35485752668399	1.034101663316
0.472813851267689	-0.298277259367663	0.370363888641319	1.03876412552431
0.47920117445266	-0.292093975297659	0.36537767204382	1.04264449587391
0.485588497637631	-0.271243008516941	0.379443169759773	1.04551673513421
0.491975820822601	-0.244852371371715	0.374565003923593	1.06703914380344
0.498363144007572	-0.29450071667309	0.378684421397389	1.08526183377632
0.504750467192543	-0.275407820099062	0.392810278460119	1.09620505472774
0.511137790377513	-0.270055765970423	0.398889110136624	1.11916525248212
0.517525113562484	-0.244999042832554	0.403504430756083	1.11509183121551
0.523912436747455	-0.259187283365713	0.418746116902387	1.11977238078423
0.530299759932426	-0.24077040914255	0.421810721642582	1.09542110307323
0.536687083117397	-0.240124729354236	0.427718056220668	1.12207358991662
0.543074406302368	-0.231961383594826	0.442304858113576	1.13947773769679
0.549461729487339	-0.23471754913382	0.441893070486843	1.10840008866131
0.555849052672309	-0.230039820769332	0.449818894115161	1.14318647607092
0.56223637585728	-0.203248452802251	0.449403979430093	1.13810710820321
0.568623699042251	-0.181618233514877	0.459647478077536	1.17199122130207
0.575011022227222	-0.198053634714388	0.473659199303433	1.1744728771394
0.581398345412192	-0.223290088537375	0.486204213745238	1.19800301493903
0.587785668597163	-0.181640886290471	0.483685560170781	1.16583043589789
0.594172991782134	-0.176735155078345	0.491769846863998	1.20483398085572
0.600560314967105	-0.173141152483088	0.501737896398134	1.21172554097848
0.606947638152076	-0.189879613780215	0.490640362622775	1.20715235730375
0.613334961337046	-0.168303621076199	0.512488451491281	1.22084711169834
0.619722284522017	-0.142039768797041	0.51510975286137	1.22767522609027
0.626109607706988	-0.160470203628911	0.519597775463234	1.24869736810378
0.632496930891959	-0.163681851158525	0.531986902424716	1.2511196881364
0.63888425407693	-0.160305024229817	0.526555392071121	1.27546875322466
0.6452715772619	-0.12757333959845	0.546477439348393	1.27785220165548
0.651658900446871	-0.12256288338386	0.548412004131634	1.2669530197786
0.658046223631842	-0.126208677364462	0.560804413061941	1.30924291615536
0.664433546816813	-0.138681961915799	0.564516238858107	1.29897216302443
0.670820870001783	-0.0999625353140204	0.572831094274785	1.27948180052478
0.677208193186754	-0.110197853734414	0.569388492938849	1.33064730821465
0.683595516371725	-0.112442318978009	0.581616448573793	1.31441102962861
0.689982839556696	-0.0853076517298148	0.593306532491148	1.32150025946762
0.696370162741667	-0.0790582190426422	0.596076275507722	1.32466571214694
0.702757485926638	-0.0757744269666013	0.603189977891941	1.34634313738562
0.709144809111609	-0.0826438978241278	0.620768948177538	1.36581677369563
0.715532132296579	-0.0862465034706368	0.620509531052567	1.35233065776439
0.72191945548155	-0.0614921772053167	0.624582806785823	1.38703575207265
0.728306778666521	-0.0921074975330442	0.633258866857977	1.36855455256308
0.734694101851491	-0.0533191901664984	0.642298593962298	1.39020830895706
0.741081425036462	-0.0685146284801667	0.646867730122715	1.38286811626434
0.747468748221433	-0.0398484428317817	0.644707673756451	1.39268358473167
0.753856071406404	-0.0510643026405939	0.657172606349258	1.39897837986827
0.760243394591375	-0.055352940677306	0.667801478682511	1.40207649975658
0.766630717776346	-0.0412248790484157	0.676142050003763	1.43209011338249
0.773018040961317	-0.0270987777279303	0.681944102493969	1.43600282482625
0.779405364146287	-0.0241306573173735	0.684643801652017	1.45262509324842
0.785792687331258	-0.0187835985818997	0.699824495061248	1.45641564705842
0.792180010516229	0.00388670443973797	0.699982930948471	1.453990129803
0.7985673337012	-0.0107019866213844	0.712553942991729	1.49187629278051
0.80495465688617	0.0192458577178688	0.721797234281143	1.48261955026426
0.811341980071141	-0.00253529614300634	0.728433785657321	1.47707179914181
0.817729303256112	-0.00528271873406252	0.725042513247707	1.49870601068853
0.824116626441083	0.00275128069746072	0.730809003458071	1.54057501231212
0.830503949626054	0.024239264306238	0.743686578450153	1.49550088450214
0.836891272811024	0.0331603562525957	0.743335914107237	1.50046358119385
0.843278595995995	0.030985395102212	0.753000235420195	1.5292483572991
0.849665919180966	0.0334467945552319	0.757552624623346	1.54618944831184
0.856053242365937	0.0313708938939031	0.766325263515415	1.55764388031608
0.862440565550908	0.0344146987217681	0.771556944953687	1.55121638333228
0.868827888735878	0.0730791877974084	0.793085315362245	1.57084353787931
0.875215211920849	0.0541756662242363	0.797869875234742	1.56027432910778
0.88160253510582	0.0514819496960801	0.795445747182952	1.57250543773043
0.887989858290791	0.0859899741796673	0.79959870503756	1.59199541040906
0.894377181475762	0.0639385098429706	0.809026140810254	1.58832542534393
0.900764504660732	0.0802060786877249	0.828473433825674	1.63048126242662
0.907151827845703	0.0732470883764783	0.825151775713339	1.59848829423772
0.913539151030674	0.106928047332875	0.819242859304313	1.63206360389899
0.919926474215645	0.101286014018603	0.85313075111023	1.6478288757613
0.926313797400616	0.0781507908599464	0.849866620919171	1.61629308745814
0.932701120585587	0.0901399456829332	0.851359915852011	1.62945186661725
0.939088443770557	0.0903112452347038	0.864382185756972	1.68671073571482
0.945475766955528	0.125152280986937	0.86779978819137	1.67444270890602
0.951863090140499	0.106359954484986	0.864512178244635	1.68411925470125
0.95825041332547	0.130336060013892	0.881906105363283	1.67951882944
0.96463773651044	0.124892939371987	0.891162100038357	1.67211444615273
0.971025059695411	0.116355982386894	0.885315502849815	1.7179667981515
0.977412382880382	0.119375753706902	0.904304679138301	1.71399300162691
0.983799706065353	0.173889450985287	0.906977592465029	1.72364356160185
0.990187029250324	0.142337319209999	0.906680511257196	1.7225924907466
0.996574352435295	0.16121657565182	0.924873108847047	1.73936100487261
1.00296167562027	0.15018561928789	0.91903655743174	1.76794996581487
1.00934899880524	0.17331265306398	0.930746054513056	1.78351714658362
1.01573632199021	0.132735748677417	0.946907611269492	1.78588631146789
1.02212364517518	0.145050420246167	0.952931719877304	1.80354140939462
1.02851096836015	0.184470483713763	0.955077709093489	1.76866178612643
1.03489829154512	0.177604874101903	0.966360758785842	1.8007858090218
1.04128561473009	0.191991015400593	0.967266185347027	1.80604192968499
1.04767293791506	0.19897139453501	0.983181503236447	1.81105722820253
1.05406026110003	0.195471332316277	0.980726583349585	1.83827044971241
1.060447584285	0.169284843499637	0.988561002504033	1.81988858138198
1.06683490746997	0.198048191629418	0.994528973165144	1.86116990185866
1.07322223065494	0.205262265203128	1.00884824419951	1.82636733442427
1.07960955383991	0.215939392964616	1.00094800803335	1.84520112727775
1.08599687702489	0.180572266637501	1.01340394692627	1.86471713137325
1.09238420020986	0.218092981203936	1.02904144546875	1.87122242339477
1.09877152339483	0.249287835503446	1.0320576661473	1.90289269942994
1.1051588465798	0.227314405073809	1.03655070400402	1.90206188258259
1.11154616976477	0.255368568166104	1.04249560939645	1.93019451368719
1.11793349294974	0.214508000694852	1.0488636548903	1.92773131392888
1.12432081613471	0.262452019967311	1.05649500737169	1.91758663508656
1.13070813931968	0.246054949979962	1.06021098922511	1.92516129493347
1.13709546250465	0.259786114112918	1.07155025817343	1.95493077220971
1.14348278568962	0.292063572551559	1.07345698238119	1.97368168967785
1.14987010887459	0.288003124386633	1.08606071806176	1.95405196181494
1.15625743205956	0.268774994236004	1.08808079027313	1.96470830752817
1.16264475524454	0.278182391861382	1.10717576353503	1.94949299563719
1.16903207842951	0.252832048214224	1.1033871228784	1.96805169491706
1.17541940161448	0.273525037854804	1.11638332360077	2.0168188286702
1.18180672479945	0.322225126915648	1.11805068469199	1.98822413452961
1.18819404798442	0.287737901319396	1.13649308198744	1.97477234877476
1.19458137116939	0.286088128863951	1.1352118023513	2.02165137994522
1.20096869435436	0.294464389063448	1.14443377471521	2.02468590458349
1.20735601753933	0.304648821601231	1.15918947415843	2.04457941524387
1.2137433407243	0.307187869184557	1.1494051271868	2.05377218371728
1.22013066390927	0.310244028872642	1.1517963073923	2.05879001537208
1.22651798709424	0.330388796765466	1.17177757955578	2.05638535276678
1.23290531027921	0.361077895152632	1.16982261506196	2.06522349376247
1.23929263346418	0.313003421396835	1.18402388166669	2.07754807336894
1.24567995664916	0.331906891269007	1.1966231832269	2.06083781715785
1.25206727983413	0.333641569266144	1.20020903518097	2.10693297461412
1.2584546030191	0.327989796105147	1.19700334059534	2.11140037986502
1.26484192620407	0.363727095213357	1.2134778788892	2.09796494569982
1.27122924938904	0.360817323844112	1.2148006633315	2.10963212147596
1.27761657257401	0.351844579479669	1.22025472988199	2.12500490945448
1.28400389575898	0.34120649083197	1.22538003630236	2.15288433895298
1.29039121894395	0.377626545200946	1.23397767125959	2.17319575408929
1.29677854212892	0.358514339929311	1.23658556659148	2.17273717873407
1.30316586531389	0.388276422813073	1.25913928485893	2.14180636918386
1.30955318849886	0.384448653947147	1.25472467710684	2.19642348879645
1.31594051168383	0.389466959328062	1.26609714710417	2.22648517326895
1.32232783486881	0.411664083992466	1.27311891563309	2.20407274128694
1.32871515805378	0.375041117643994	1.27183356183458	2.23776786746522
1.33510248123875	0.420982635823621	1.28597537105669	2.20363935368872
1.34148980442372	0.404483851819334	1.2905931368534	2.23525082082606
1.34787712760869	0.386386324962361	1.29333693895867	2.19981312792462
1.35426445079366	0.431088271424328	1.31822922110379	2.2176903458159
1.36065177397863	0.392771015751625	1.30958897323829	2.23514720919563
1.3670390971636	0.41650278774487	1.31474181304754	2.23454543754721
1.37342642034857	0.435929990335527	1.32083751056783	2.25515387151471
1.37981374353354	0.412035021444184	1.32811021769168	2.27281755650827
1.38620106671851	0.412791737498673	1.33798823151136	2.30154883438465
1.39258838990348	0.41303218309085	1.34921527482348	2.29345005422431
1.39897571308846	0.425592745177416	1.35464669758795	2.30650110649674
1.40536303627343	0.47287379098294	1.35573992738976	2.32015962730609
1.4117503594584	0.469027084534322	1.37024010688735	2.31916434015706
1.41813768264337	0.459618283125472	1.3661716380355	2.36938769135009
1.42452500582834	0.464093105189307	1.38783295103741	2.32914652242091
1.43091232901331	0.485185309815358	1.37967000026732	2.34982545404798
1.43729965219828	0.480453804733966	1.39095706887534	2.37953604479222
1.44368697538325	0.47762666690103	1.40492935974031	2.38005480077285
1.45007429856822	0.493643239028816	1.40731766305048	2.39680876396631
1.45646162175319	0.493513337639425	1.41113406836775	2.38283037422636
1.46284894493816	0.517289165426147	1.43193909922976	2.39838174628072
1.46923626812313	0.498072272625227	1.43011348340666	2.44806438065935
1.4756235913081	0.499886585665371	1.43329406699524	2.41456610448355
1.48201091449308	0.539434411282535	1.42944254421859	2.42497036018162
1.48839823767805	0.511503565121733	1.44482882014131	2.42534482802849
1.49478556086302	0.511244990075482	1.45362664843237	2.42854910455704
1.50117288404799	0.504596373761552	1.45284273467781	2.43166287893159
1.50756020723296	0.552312692299917	1.46453450505597	2.46518805015859
1.51394753041793	0.533883941315772	1.47349164394803	2.46770398716292
1.5203348536029	0.557267630887481	1.47728519375588	2.48092255573942
1.52672217678787	0.548183346661051	1.49152427924337	2.47305726485853
1.53310949997284	0.549251269124543	1.49962609730958	2.51658140945746
1.53949682315781	0.546740756055875	1.49612082566399	2.51081370370444
1.54588414634278	0.54267841823792	1.50449823152731	2.50067947703362
1.55227146952775	0.566798291502753	1.52802322867781	2.57080225324671
1.55865879271272	0.570311855041959	1.53602904507487	2.54898054201757
1.5650461158977	0.563893240572742	1.52242967574948	2.5282909139349
1.57143343908267	0.566077509635627	1.55509550372274	2.53564153942534
1.57782076226764	0.583446201303954	1.55133367099486	2.55841387591547
1.58420808545261	0.606344413429496	1.53746310744767	2.5932307697523
1.59059540863758	0.569455189062469	1.55902388180085	2.5647291669213
1.59698273182255	0.56594038873259	1.57099766320515	2.59772544467218
1.60337005500752	0.599922720918108	1.56542786673641	2.58775804430019
1.60975737819249	0.577590698699961	1.5925513188773	2.619836441944
1.61614470137746	0.629047088939765	1.58085900678615	2.651848068852
1.62253202456243	0.594866063241483	1.59605933384209	2.62130425980771
1.6289193477474	0.576962068308431	1.60650157801336	2.63279006400175
1.63530667093237	0.60445014724502	1.60985411387869	2.60496544925769
1.64169399411735	0.613916007271279	1.61949131964237	2.64968850065238
1.64808131730232	0.621393326660354	1.63548481589325	2.67792933827404
1.65446864048729	0.620562353329147	1.64630767304011	2.63203910100636
1.66085596367226	0.657325717127463	1.64319011652065	2.66917395613356
1.66724328685723	0.637804656297268	1.64630845493375	2.75082220369791
1.6736306100422	0.631983451938736	1.64641690444009	2.72152867166768
1.68001793322717	0.646299949400737	1.65890821409534	2.69661121299056
1.68640525641214	0.647865073103545	1.66014565741123	2.77206310397875
1.69279257959711	0.647183483337453	1.66384795656036	2.72324183482804
1.69917990278208	0.644327141519757	1.6743134396238	2.73572035348784
1.70556722596705	0.654513152094765	1.67527205884614	2.77349828538257
1.71195454915202	0.671020352892838	1.69477686345348	2.75287675988327
1.71834187233699	0.657948380227615	1.69435092590683	2.7961427891576
1.72472919552197	0.697687860155051	1.7025551120786	2.77428367039408
1.73111651870694	0.64547575379197	1.69637525310618	2.79158452665088
1.73750384189191	0.686202611577706	1.71746027424214	2.81053569612536
1.74389116507688	0.665350429808984	1.72347721564248	2.81372462856286
1.75027848826185	0.691145149153542	1.73521341793605	2.79579178101444
1.75666581144682	0.710612749437947	1.73834700068329	2.84336995257979
1.76305313463179	0.675565775796081	1.75329870815611	2.8317582575577
1.76944045781676	0.698013321136802	1.74128144387971	2.83541770290566
1.77582778100173	0.709246872144284	1.75920609994398	2.85973350989118
1.7822151041867	0.67896009555992	1.77729163744469	2.85230755018679
1.78860242737167	0.717506489891347	1.78000915370272	2.88497316915718
1.79498975055664	0.723324591314902	1.77237272115272	2.88945866397163
1.80137707374162	0.689161510565119	1.78548319436033	2.88482423240504
1.80776439692659	0.730774866628883	1.78611606890333	2.8896001291083
1.81415172011156	0.74416440423049	1.80658541378069	2.9087597835028
1.82053904329653	0.724771561644424	1.81367284986133	2.92179310426073
1.8269263664815	0.754721417842761	1.80576408054371	2.94050358224312
1.83331368966647	0.757204084447048	1.83276674711071	2.92231975919017
1.83970101285144	0.756870708068681	1.84421625014421	2.95281466724754
1.84608833603641	0.728462621860448	1.8353966026135	2.97433200589334
1.85247565922138	0.752755297740031	1.84561868143513	2.97866249507914
1.85886298240635	0.789595534522693	1.85062451964083	2.99125351161464
1.86525030559132	0.755603760031578	1.85904326696967	2.986208365169
1.87163762877629	0.781278638208166	1.85898840675223	3.0008728609105
1.87802495196126	0.769647483084772	1.87730102760109	3.02250605180681
1.88441227514624	0.801294802123419	1.87905754300512	3.03539448876309
1.89079959833121	0.780938081602861	1.88153345915396	3.02620250826834
1.89718692151618	0.775457846785147	1.88743338742026	3.02761554786455
1.90357424470115	0.813565028643423	1.89501920598503	3.08103609262932
1.90996156788612	0.809806129479557	1.91047923893915	3.06789232013815
1.91634889107109	0.775088354127759	1.90504419677711	3.06704428285162
1.92273621425606	0.807534286819423	1.91460929810945	3.04274746712373
1.92912353744103	0.823168950812672	1.93685601368992	3.06709236806773
1.935510860626	0.812109977832888	1.92733296525882	3.08925895489069
1.94189818381097	0.82689592574978	1.94627841151854	3.09387365920302
1.94828550699594	0.828571978323061	1.95293166163033	3.13379376793868
1.95467283018091	0.795755803391826	1.95050481799081	3.1243024887624
1.96106015336589	0.811603518274948	1.96653960183867	3.10917066686794
1.96744747655086	0.847773054869141	1.95233453915542	3.11701651802452
1.97383479973583	0.82874524139153	1.97910064430831	3.14658683724945
1.9802221229208	0.834335212728523	1.98007387710411	3.17393341086221
1.98660944610577	0.847910572344273	1.98256547370537	3.18024479830884
1.99299676929074	0.832577526123397	1.98933909189599	3.21934387820152
1.99938409247571	0.876271958187457	2.00032331087701	3.1790346758988
2.00577141566068	0.831061828930269	2.00909246270172	3.20138180079905
2.01215873884565	0.841476468918024	2.0064655227272	3.21140592450414
2.01854606203062	0.830345029880449	2.01091664816552	3.24573700472244
2.02493338521559	0.858918363010614	2.02876720618186	3.21805688135405
2.03132070840056	0.881613185946286	2.02777048034161	3.23855808725929
2.03770803158553	0.852789035897451	2.03962779202405	3.22148650951688
2.04409535477051	0.882937443890287	2.04529258140688	3.21995675313711
2.05048267795548	0.885762552922382	2.05891181413022	3.23910260406833
2.05687000114045	0.909447104948789	2.05780565401726	3.28953762035359
2.06325732432542	0.899466366470208	2.07061173075996	3.30258601934029
2.06964464751039	0.902859424195571	2.07634004985532	3.30588493873984
2.07603197069536	0.9167959878041	2.0891046536478	3.30315480081734
2.08241929388033	0.882000421722031	2.0948422806513	3.33182350862355
2.0888066170653	0.918775848266764	2.09701415720336	3.32624451271034
2.09519394025027	0.895348158286405	2.09372984881033	3.33443355346505
2.10158126343524	0.915923133379922	2.11338093468667	3.37443033873252
2.10796858662021	0.912117893883569	2.13142529057973	3.34798171058038
2.11435590980518	0.916358709857764	2.13040436383074	3.37008573524603
2.12074323299016	0.916175754856294	2.14146824649605	3.38957325365743
2.12713055617513	0.949628521507805	2.13746788910988	3.37332936948648
2.1335178793601	0.949309164940993	2.15057826951643	3.40362382503331
2.13990520254507	0.932182072305243	2.15690196741692	3.42741354374332
2.14629252573004	0.923692528856757	2.16534471088477	3.43431542030436
2.15267984891501	0.950519312869996	2.16731452436834	3.41250072855154
2.15906717209998	0.956440808116151	2.16637197725162	3.41097966679404
2.16545449528495	0.954141050023304	2.18291556932608	3.43339680888629
2.17184181846992	0.933432061244105	2.18856979287237	3.46237655113349
2.17822914165489	0.962798478712316	2.18910740818574	3.49063897978325
2.18461646483986	0.965591343930301	2.19916479108693	3.44524262861079
2.19100378802483	0.983744804386346	2.19732209792728	3.51622537552131
2.1973911112098	0.995185960719648	2.22636982177738	3.49663779435981
2.20377843439478	1.0247921593663	2.22345037999629	3.51217268956396
2.21016575757975	0.985687748778335	2.22619968447781	3.50778041808228
2.21655308076472	1.0184089646813	2.23330056206304	3.49977797534012
2.22294040394969	0.985724396684773	2.24050779350477	3.48841046340877
2.22932772713466	0.992153048478924	2.24559562511677	3.53577605888876
2.23571505031963	1.00021831193737	2.25247429376938	3.55595542037796
2.2421023735046	0.991772547285089	2.25965683800411	3.54950408669724
2.24848969668957	1.00875646284249	2.26539725306362	3.57012257577939
2.25487701987454	1.01305643636161	2.28154936243937	3.61120259467382
2.26126434305951	1.02797437390832	2.29573866502804	3.60126136692233
2.26765166624448	1.03878498320539	2.29131108321772	3.60006611533816
2.27403898942945	1.02479977865263	2.29796374008526	3.59385432827914
2.28042631261442	1.02977017014236	2.31398122647347	3.63402559250474
2.2868136357994	1.01284966616851	2.30809008461322	3.62189822209538
2.29320095898437	1.07158182205179	2.32270515596803	3.64315262861512
2.29958828216934	1.03303812264716	2.31489714377741	3.63052243912394
2.30597560535431	1.05385013792932	2.33897507784411	3.66973338858659
2.31236292853928	1.06850231041	2.33380119233497	3.68058928112658
2.31875025172425	1.06629146930555	2.3322360381293	3.67460591381608
2.32513757490922	1.04268402814331	2.35274599086208	3.64325464504846
2.33152489809419	1.06049253063506	2.35928557593827	3.66081783825424
2.33791222127916	1.03374349228628	2.36723837657157	3.69668015160946
2.34429954446413	1.05800974486502	2.37897853433108	3.73300388281084
2.3506868676491	1.07830323201018	2.38805117804202	3.69622871709803
2.35707419083408	1.09648410774226	2.39287871085549	3.74336710682715
2.36346151401905	1.04772456524283	2.39001410001011	3.7415404886869
2.36984883720402	1.07851461578394	2.40539920020232	3.73890059342404
2.37623616038899	1.11020602779516	2.41743394376082	3.73871247382775
2.38262348357396	1.14987381847721	2.39462482516235	3.76232018799963
2.38901080675893	1.106176278193	2.40564206010393	3.79174301526437
2.3953981299439	1.10766986998444	2.43236804316021	3.76119447882724
2.40178545312887	1.12126491867713	2.45302437774208	3.79472711823297
2.40817277631384	1.14226607032952	2.43841314568014	3.82166196440923
2.41456009949881	1.12094772130212	2.44366507654112	3.82209192606002
2.42094742268378	1.10059431666457	2.4635797806171	3.82012909427326
2.42733474586875	1.12531875863021	2.47113554569322	3.85236686066715
2.43372206905372	1.135356031923	2.46629535087168	3.84340658485498
2.4401093922387	1.08668861908122	2.49480699422295	3.91192005353538
2.44649671542367	1.14538278274092	2.47413607740067	3.86139947699908
2.45288403860864	1.11801545542967	2.48173454970932	3.89389335442529
2.45927136179361	1.15047398114996	2.49763201151612	3.88446153866136
2.46565868497858	1.15077245404181	2.51550734111636	3.91248765927618
2.47204600816355	1.17724606888599	2.51561050603698	3.90071815322528
2.47843333134852	1.15524554565857	2.51268071510333	3.92315170906957
2.48482065453349	1.14166403147641	2.52417764039881	3.9293835983365
2.49120797771846	1.13685479869973	2.53217361271907	3.93431694460712
2.49759530090343	1.17690520524787	2.53714662491069	3.93799788553198
2.5039826240884	1.18366035203449	2.56427545803544	3.948626014622
2.51036994727337	1.19492509273019	2.5499954961294	3.9550676599984
2.51675727045835	1.20004716098465	2.55996577414122	3.95895157295093
2.52314459364332	1.19849591943295	2.58035055731138	3.96787033927094
2.52953191682829	1.22528211960162	2.57449821980194	4.02663262521246
2.53591924001326	1.1737994929375	2.60013311676388	3.98108249200617
2.54230656319823	1.17358616918012	2.58019321561614	3.97325907089517
2.5486938863832	1.21538673790698	2.60260159836865	4.03678530879712
2.55508120956817	1.2126037635305	2.60584568207492	4.01566448133713
2.56146853275314	1.19863151485922	2.61468135785728	4.0108580824463
2.56785585593811	1.20814512358527	2.62045924729494	4.02420857768118
2.57424317912308	1.18055260352598	2.60754778212427	4.06706913995462
2.58063050230805	1.22476487361882	2.62470907108256	4.04112398707814
2.58701782549302	1.20132960217328	2.63218045583438	4.05021437736111
2.59340514867799	1.24031744117469	2.63715743668945	4.04094029951079
2.59979247186297	1.2209936711931	2.64946935973455	4.06866702333814
2.60617979504794	1.23470471838439	2.67720213444461	4.10429925428476
2.61256711823291	1.21312593501055	2.66785613378816	4.12213741530015
2.61895444141788	1.25268624244473	2.66444074093153	4.12906137161682
2.62534176460285	1.25156071817025	2.66647690224147	4.11573391641433
2.63172908778782	1.24504974223703	2.67757846085746	4.14125361714027
2.63811641097279	1.27806954925457	2.70247152279391	4.16414526422896
2.64450373415776	1.25481228820422	2.70974446248203	4.15192578988765
2.65089105734273	1.29013188341405	2.7091082430063	4.16344294942658
2.6572783805277	1.28174091319086	2.71274498754751	4.17799612234364
2.66366570371267	1.25135405651961	2.72852295865712	4.20755762465414
2.67005302689764	1.2883601698986	2.73353376151263	4.15291943761332
2.67644035008262	1.27572424788594	2.72434675060084	4.23535517486852
2.68282767326759	1.33190378939966	2.75165916280774	4.22935641262457
2.68921499645256	1.32070635742219	2.74465271046594	4.23294735607447
2.69560231963753	1.31960523887789	2.75450391901524	4.21771276316849
2.7019896428225	1.29962060275563	2.75109629943764	4.24743523106585
2.70837696600747	1.29716390999606	2.76776532641577	4.26198096203128
2.71476428919244	1.28200456734443	2.78243954528702	4.26308449333182
2.72115161237741	1.29806782052754	2.77715638100754	4.29715416766853
2.72753893556238	1.32386333222766	2.80145872026354	4.26689137066447
2.73392625874735	1.27667121608284	2.79196334139764	4.28734548646087
2.74031358193232	1.32425363266943	2.80440538836922	4.28827226071044
2.74670090511729	1.28098172746246	2.82411763501491	4.33122799841563
2.75308822830226	1.31825384601221	2.82323582781432	4.35243616043104
2.75947555148724	1.31391574998062	2.81710349574993	4.34141840808277
2.76586287467221	1.34412945334409	2.83888699924699	4.3387078316451
2.77225019785718	1.31435394635644	2.8291972538245	4.34310959448341
2.77863752104215	1.30698387588132	2.8326935515122	4.37530439786789
2.78502484422712	1.36909433456821	2.85008406275607	4.39813492488274
2.79141216741209	1.31979208096038	2.86778746761326	4.38823762669206
2.79779949059706	1.33271015830494	2.87206001037724	4.39686072436223
2.80418681378203	1.40028199648136	2.87487618428357	4.39653937716587
2.810574136967	1.34154799785798	2.8693434787729	4.41509431126429
2.81696146015197	1.34763368462057	2.8941682980146	4.38770113038318
2.82334878333694	1.33658710697936	2.90286436010816	4.44699067899966
2.82973610652191	1.3626851738079	2.89580611507909	4.44849180737313
2.83612342970688	1.41300626670866	2.90368089157479	4.43700095137673
2.84251075289186	1.37656243776311	2.92944227722025	4.45802362111111
2.84889807607683	1.36470118137242	2.91562404569058	4.48204111658986
2.8552853992618	1.38670569205547	2.94273393132519	4.4640806137586
2.86167272244677	1.38645460896962	2.92602788157897	4.46923667438725
2.86806004563174	1.44027538622373	2.95424857448272	4.48768401201046
2.87444736881671	1.4233357625522	2.93894442550066	4.48032648908589
2.88083469200168	1.39690799250073	2.94961536078077	4.53915958321709
2.88722201518665	1.41564395032387	2.96963335445501	4.5393088194042
2.89360933837162	1.43381106332311	2.96172665922908	4.5315268068463
2.89999666155659	1.39397393977855	2.97953698626611	4.55168250942634
2.90638398474156	1.44038172628613	2.99833735895226	4.59638374369567
2.91277130792653	1.44009884994346	2.99090372344955	4.57602426652162
2.9191586311115	1.44068392287537	3.00177774786179	4.57880685744965
2.92554595429648	1.38360981678715	3.00170917383755	4.57669070071647
2.93193327748145	1.46696330687083	3.01128642538047	4.62928267907503
2.93832060066642	1.45785817534591	3.01816161513302	4.60123949720826
2.94470792385139	1.3962528598087	3.043188662746	4.6245154624297
2.95109524703636	1.50211618409914	3.03624789805325	4.60222514627387
2.95748257022133	1.47169954946425	3.03139574278455	4.64252355188092
2.9638698934063	1.39823919249887	3.04455721606822	4.63793306450204
2.97025721659127	1.42985783718885	3.05827268581184	4.65214582884013
2.97664453977624	1.46357432063641	3.07040030716781	4.69485316310368
2.98303186296121	1.433455217916	3.06298494625433	4.65697469298485
2.98941918614618	1.4392343998591	3.07344893664509	4.65124107325253
2.99580650933115	1.44652510034136	3.08418795776463	4.73204357466487
3.00219383251613	1.49229986164856	3.08360477812862	4.69583309697305
3.0085811557011	1.47705170182774	3.10133793254745	4.71472910216114
3.01496847888607	1.46218085141444	3.09565591380239	4.70715437710897
3.02135580207104	1.47823301045972	3.10079901934142	4.72388017621684
3.02774312525601	1.49434764965888	3.12014025649487	4.75823273899967
3.03413044844098	1.49985460106629	3.11684092975269	4.76754265462813
3.04051777162595	1.47659775235336	3.12128000010758	4.77812554690301
3.04690509481092	1.50205211345774	3.14778792605551	4.77598838677935
3.05329241799589	1.47648145041038	3.14707147149465	4.79645901971728
3.05967974118086	1.48294670067287	3.14704176496354	4.7939811450583
3.06606706436583	1.49711146652172	3.17023454800007	4.80274721457415
3.0724543875508	1.49053508867971	3.16737753585394	4.79204218977769
3.07884171073578	1.52783009955517	3.18183931460077	4.79829968331322
3.08522903392075	1.53673154677178	3.18202183782868	4.81492554237658
3.09161635710572	1.53714299377092	3.18297575573095	4.85247498682206
3.09800368029069	1.54003474353778	3.18365265671894	4.82553745258747
3.10439100347566	1.54649350846329	3.19880107986861	4.84489788019912
3.11077832666063	1.54822621922557	3.21434260814136	4.85602788116571
3.1171656498456	1.58496130023056	3.21632597909936	4.86423144184262
3.12355297303057	1.58557020099666	3.22758060438615	4.92166179352327
3.12994029621554	1.56563602541019	3.23736742224414	4.90661050809805
3.13632761940051	1.54894324116272	3.23065898028158	4.91005330670503
3.14271494258548	1.57129449491728	3.24633377775138	4.8999394100371
3.14910226577045	1.5692329525656	3.23698349214805	4.89369484101516
3.15548958895542	1.57904311417388	3.24190942066591	4.95764830289383
3.1618769121404	1.5205508357284	3.26190333535829	4.92336262615219
3.16826423532537	1.59363594292906	3.2593768243356	4.93113492474995
3.17465155851034	1.59531306170337	3.27274217269161	4.9887704642923
3.18103888169531	1.57004111840358	3.29244322724708	4.98178274416693
3.18742620488028	1.61299458885798	3.27771745948478	4.95754800650717
3.19381352806525	1.59981556639913	3.29292888867579	5.01158877891434
3.20020085125022	1.60913613170912	3.29914238633935	5.01148821594943
3.20658817443519	1.60470892999369	3.2990768806782	4.99828015881465
3.21297549762016	1.61389303111599	3.31232217838885	5.01477556471655
3.21936282080513	1.60703204123395	3.32232507835278	5.02812968324885
3.2257501439901	1.62346978290275	3.32792303268816	5.0243656496777
3.23213746717507	1.6158388673828	3.333917961354	5.0654810231198
3.23852479036005	1.58237292683908	3.33974406148768	5.03524551326066
3.24491211354502	1.61465129401807	3.36745571917131	5.09091245899573
3.25129943672999	1.64601393533436	3.36513600186091	5.04230554845304
3.25768675991496	1.59611487193433	3.3684759726366	5.08099201486241
3.26407408309993	1.63763174158025	3.37270336836695	5.09230844823336
3.2704614062849	1.65742590795696	3.37481068436768	5.12298050397271
3.27684872946987	1.652122664141	3.3660731793897	5.11475925106102
3.28323605265484	1.6632976560079	3.38659633533095	5.12872759204649
3.28962337583981	1.67220948825976	3.39158546218687	5.13043479943737
3.29601069902478	1.65615096933695	3.40959194294098	5.14448014157878
3.30239802220975	1.66190995675608	3.41470969283743	5.23082052656171
3.30878534539472	1.71116630801795	3.4249768105944	5.15961394621407
3.3151726685797	1.65620113369752	3.42492773434016	5.23316544728189
3.32155999176467	1.67612427785833	3.43895122071848	5.22164668310543
3.32794731494964	1.68499274205171	3.44912288149837	5.2105443860979
3.33433463813461	1.70658464696917	3.46356099350079	5.23205265766173
3.34072196131958	1.68983413329119	3.45029560275986	5.22607974808928
3.34710928450455	1.6570322032463	3.45491167584196	5.25791893702399
3.35349660768952	1.6666272830029	3.48217558431939	5.23960291864408
3.35988393087449	1.67806551481046	3.48762940388397	5.25309913651554
3.36627125405946	1.7097650886821	3.47675235980005	5.26507541315461
3.37265857724443	1.71851041058608	3.48831788636474	5.26544522764588
3.3790459004294	1.69770245602247	3.48255975386759	5.25238210374956
3.38543322361437	1.72120857907166	3.50493238950902	5.27258983199428
3.39182054679934	1.69584722306677	3.52418084991903	5.30638736531517
3.39820786998432	1.67595355512851	3.51802354847968	5.31259381121944
3.40459519316929	1.65997499968173	3.5246793379131	5.35133803381736
3.41098251635426	1.74607033807591	3.53582305511823	5.38996703308478
3.41736983953923	1.75620030680007	3.53225926627831	5.3445018244693
3.4237571627242	1.7022223805867	3.53001600653295	5.31943227546786
3.43014448590917	1.80588358143741	3.54111332081685	5.3739481925597
3.43653180909414	1.74540067934928	3.5566655398748	5.40708677037579
3.44291913227911	1.79981035807536	3.56389522507249	5.38310130182552
3.44930645546408	1.71939713733049	3.57084078980221	5.3771442951699
3.45569377864905	1.76320746662735	3.59130088141114	5.43125533076466
3.46208110183402	1.77648086771824	3.59202113811804	5.4001311280626
3.46846842501899	1.73022800989884	3.6066798314386	5.3753779412851
3.47485574820396	1.7426040682714	3.59112325429831	5.38634628003632
3.48124307138894	1.76080837493978	3.62784295429323	5.4494500607478
3.48763039457391	1.77087271345347	3.61471096226945	5.42874065456783
3.49401771775888	1.7923693239787	3.62370174244684	5.46101574755646
3.50040504094385	1.78869492357726	3.6291520887387	5.46958568716891
3.50679236412882	1.75108825968119	3.63236354555841	5.45961563376534
3.51317968731379	1.75630362778359	3.64960539111725	5.49132629872197
3.51956701049876	1.79182415474599	3.64286104079649	5.46544921697356
3.52595433368373	1.79843934136811	3.66526294410611	5.50634168271315
3.5323416568687	1.80413140639766	3.66087160568393	5.50752342066075
3.53872898005367	1.79978040043054	3.67252581964397	5.4986300082359
3.54511630323864	1.7830226441001	3.67381627521084	5.53322712563083
3.55150362642361	1.78066151355737	3.67851927032154	5.52400083366678
3.55789094960859	1.81261172342864	3.69818660595564	5.54900053336853
3.56427827279356	1.82283022859935	3.6860276985198	5.55987198285455
3.57066559597853	1.84331554169137	3.7109957758063	5.5748771257131
3.5770529191635	1.81305539599498	3.70467827431304	5.59298513117775
3.58344024234847	1.84747248668818	3.72360347120531	5.5890077645906
3.58982756553344	1.8760808200702	3.72162955258443	5.56193298723077
3.59621488871841	1.83792450683684	3.73262734073861	5.59789062374975
3.60260221190338	1.83367321124348	3.74452771086286	5.6005715659154
3.60898953508835	1.84588552452038	3.76195808990582	5.59981340702279
3.61537685827332	1.84586473812038	3.75512724769719	5.68088351677459
3.62176418145829	1.84869025211978	3.77435525530836	5.67668075889338
3.62815150464326	1.8717514144575	3.77185982570853	5.65403106176605
3.63453882782823	1.8852471025342	3.76633075230184	5.67608514448106
3.64092615101321	1.88425194072438	3.77307417640899	5.68055735989544
3.64731347419818	1.87474369030858	3.80365847887133	5.69121726746639
3.65370079738315	1.86432306312274	3.80338774132622	5.68587171902641
3.66008812056812	1.87922936603854	3.80751977135515	5.69934961217923
3.66647544375309	1.8322041155015	3.79649434970387	5.7029623065083
3.67286276693806	1.923540209575	3.80774789050175	5.75156237517942
3.67925009012303	1.91618490582388	3.81511582593012	5.73993245936018
3.685637413308	1.91382060008991	3.81261827885502	5.78437396325005
3.69202473649297	1.92885352305361	3.82770881139613	5.76278665754281
3.69841205967794	1.90035737734068	3.83823473256341	5.74361764411954
3.70479938286291	1.92367331369871	3.84332017043787	5.79684066386907
3.71118670604788	1.90877914990173	3.87062500626735	5.80210985717875
3.71757402923286	1.92311707279215	3.85433441407053	5.7617985210564
3.72396135241783	1.88164847797061	3.8693272873166	5.81993050786923
3.7303486756028	1.94411363125626	3.87501983866305	5.84613859211566
3.73673599878777	1.93155142110688	3.8730604633122	5.84582048985866
3.74312332197274	1.93955860367049	3.89969937801329	5.82263686662127
3.74951064515771	1.91415942370549	3.88956348567187	5.80734909837679
3.75589796834268	1.95167698782674	3.90510494906714	5.84698715770031
3.76228529152765	1.92390757237676	3.89468372423413	5.88844501599397
3.76867261471262	1.93970531570357	3.91926760650462	5.85436830056821
3.77505993789759	1.9372808129447	3.91027789238818	5.85882071892544
3.78144726108256	1.93405371397488	3.92779830879778	5.93471214888043
3.78783458426753	1.96099589745669	3.9503768336001	5.93060345044661
3.7942219074525	1.92719335509545	3.94312063229447	5.89873946216723
3.80060923063748	2.00304086181216	3.95554976577163	5.91636974581756
3.80699655382245	1.96231221206669	3.97565770526089	5.93808031960548
3.81338387700742	1.96611165217135	3.98235883732552	5.94097256903056
3.81977120019239	1.97348500848774	3.97240054260506	5.92475407271974
3.82615852337736	1.98822119753301	3.99650367580385	5.94717772162169
3.83254584656233	1.96842440455003	3.98116331269178	5.99819362827421
3.8389331697473	1.93434146689962	3.98956099262288	5.97346739846463
3.84532049293227	1.98725857998337	3.9865557938336	5.95867531277988
3.85170781611724	1.99305191003478	4.01680976126042	6.01041666094187
3.85809513930221	1.97966386401915	4.00827579284974	5.96783323711163
3.86448246248718	1.97854463296149	4.02558306398582	6.00176131391598
3.87086978567215	2.0008488535284	4.03771759765024	6.01470643233463
3.87725710885713	1.97314308687515	4.02702478580185	6.08235355149898
3.8836444320421	2.04456168191093	4.04021889615757	6.064045422322
3.89003175522707	2.02867627045769	4.06248618912092	6.08934401011595
3.89641907841204	1.99769291013838	4.04694298053675	6.07690819453545
3.90280640159701	2.02328081949563	4.05603664736677	6.06957702669138
3.90919372478198	2.03644332942788	4.06568335654993	6.10944003230091
3.91558104796695	2.03562596393755	4.08308839874977	6.10619462898868
3.92196837115192	2.05184354764906	4.08198301529353	6.09147332572188
3.92835569433689	2.04382354407624	4.08791972624555	6.1027484772846
3.93474301752186	2.01591420113659	4.09596618338527	6.1303196919179
3.94113034070683	2.04747664897199	4.10654331345346	6.12593974070934
3.9475176638918	2.01086821556535	4.12407084726664	6.13479425032477
3.95390498707678	2.09380700956686	4.10763200164795	6.16876367275527
3.96029231026175	2.07849206936291	4.12072401116168	6.1329301537419
3.96667963344672	2.10516796240688	4.14105972948178	6.20162494907812
3.97306695663169	2.08941976782997	4.12852922044648	6.20178952951934
3.97945427981666	2.00838260990546	4.13999539806536	6.22174013779493
3.98584160300163	2.07397904368709	4.15984216935985	6.22609548778206
3.9922289261866	2.0609442605707	4.16216416207156	6.2878792990631
3.99861624937157	2.09545037930118	4.17116548468738	6.20846669658153
4.00500357255654	2.0582746078797	4.19200927271312	6.25008751246809
4.01139089574151	2.12633559162231	4.19133871054074	6.27561329768849
4.01777821892648	2.09358811123053	4.20820562158075	6.25284545430449
4.02416554211145	2.10482907335903	4.19914317126916	6.26544417268346
4.03055286529642	2.06030498397318	4.19635527372723	6.31213083490225
4.0369401884814	2.1221159101415	4.20986665454955	6.28962878264178
4.04332751166637	2.1250700875388	4.23201163840511	6.27241359466034
4.04971483485134	2.08797241337505	4.24485940306719	6.30692323360503
4.05610215803631	2.10862362983581	4.20951356500265	6.2826454336941
4.06248948122128	2.1582876937538	4.2451713290262	6.3107529416673
4.06887680440625	2.09772944024114	4.23850549501226	6.31499868285066
4.07526412759122	2.12028709432077	4.26008309318915	6.35590173616542
4.08165145077619	2.1393744031765	4.25269838772265	6.3611252356317
4.08803877396116	2.12695227619104	4.26659374572004	6.39085380249918
4.09442609714613	2.09796969608128	4.2816267861144	6.32980820220046
4.1008134203311	2.1214488320562	4.2721749947876	6.37930930172068
4.10720074351607	2.11950291267678	4.28966174069994	6.4160021328403
4.11358806670104	2.13605261673615	4.28000146230947	6.37197427026569
4.11997538988602	2.12764192477362	4.303997029132	6.40952596218379
4.12636271307099	2.12449777278865	4.32266755835973	6.43230900138263
4.13275003625596	2.131189966331	4.30244200798938	6.43828220885023
4.13913735944093	2.16457538203923	4.33468780388773	6.44326605249904
4.1455246826259	2.18310903523527	4.32893506507499	6.40961810018376
4.15191200581087	2.13920439477708	4.34193603190938	6.45576083559283
4.15829932899584	2.19030830016299	4.34754230834652	6.44774585430937
4.16468665218081	2.16270358996566	4.35746164643696	6.50525338338936
4.17107397536578	2.17069053160074	4.36270359455697	6.49636627345623
4.17746129855075	2.19653976187514	4.3459082411015	6.45248802785945
4.18384862173572	2.15632510311803	4.37639191717129	6.49934317345772
4.19023594492069	2.23599472348591	4.35958974696587	6.51231866754854
4.19662326810566	2.22715993552055	4.3940953141939	6.54815719642058
4.20301059129064	2.21326873499312	4.3916474167281	6.5805981822733
4.20939791447561	2.22903154975605	4.37503695614762	6.52001021411014
4.21578523766058	2.21202936954252	4.40822106358595	6.56341457082583
4.22217256084555	2.23504001284231	4.42046795193061	6.51730252433362
4.22855988403052	2.2437265813172	4.42629685822002	6.54142959313715
4.23494720721549	2.26226657602596	4.41005272206886	6.57705873012065
4.24133453040046	2.22745331916446	4.43309219793294	6.56747271917343
4.24772185358543	2.23166464956376	4.42317126575386	6.63652270394654
4.2541091767704	2.24395785472193	4.4554761387827	6.67479156373855
4.26049649995537	2.1976399490758	4.4607996607949	6.63549036615297
4.26688382314034	2.2299911524788	4.45182863908737	6.62789518543911
4.27327114632532	2.22043339286364	4.47195358253727	6.64468456104235
4.27965846951029	2.23959651934656	4.47477245608105	6.6492712213025
4.28604579269526	2.24495861902839	4.47585933575378	6.67018375450186
4.29243311588023	2.29032597581031	4.46972131191745	6.65779596405669
4.2988204390652	2.26429291448542	4.4911079422395	6.69171795376557
4.30520776225017	2.28705156081969	4.50824041823232	6.72297433796283
4.31159508543514	2.27610577235276	4.50336775878681	6.69048719139518
4.31798240862011	2.30850640027221	4.50904932149242	6.72716613782594
4.32436973180508	2.28212879334595	4.5114964081734	6.72240835381393
4.33075705499005	2.28368268915672	4.53529047851019	6.7593207398568
4.33714437817502	2.36850205185954	4.51575637281362	6.76793662974689
4.34353170135999	2.2546497554357	4.53081516345739	6.70664099928001
4.34991902454497	2.31109989624047	4.54173531450129	6.77952714648623
4.35630634772994	2.26080740933365	4.5518651359531	6.77255959430088
4.36269367091491	2.28646158403218	4.56414097134832	6.8096933469452
4.36908099409988	2.27856102718241	4.58102376284252	6.7993637317058
4.37546831728485	2.26975538238715	4.57596562592268	6.76806658248875
4.38185564046982	2.31357512568948	4.58158195747244	6.80454898491347
4.38824296365479	2.30150649699696	4.58997888434626	6.85646533634851
4.39463028683976	2.30105688571912	4.60817940011324	6.85390621050727
4.40101761002473	2.32092088650526	4.61596493458363	6.85876633358685
4.4074049332097	2.28213513978184	4.61085722325883	6.86881995423732
4.41379225639467	2.3250547824602	4.61716720256557	6.87855123900473
4.42017957957964	2.33307770837414	4.6196822183964	6.86430256738524
4.42656690276461	2.34673232945533	4.62430818187521	6.85353672934791
4.43295422594958	2.36978906569852	4.61854641785834	6.87583584711475
4.43934154913456	2.33597443751228	4.64084713532313	6.9173660559797
4.44572887231953	2.35783392909294	4.66026004533059	6.89553184585809
4.4521161955045	2.36039756188787	4.64821779317795	6.92189717908291
4.45850351868947	2.36967380358627	4.68066846889683	6.90518633251949
4.46489084187444	2.34589329238134	4.68666713075198	6.93054579875341
4.47127816505941	2.40221090703804	4.6876767482919	6.95831132379845
4.47766548824438	2.34755010954919	4.69592641262979	6.93038657616212
