"mitochan"	"lwrNorm"	"medNorm"	"uprNorm"
-1.90327037354145	-3.53411393612294	-2.40026570346555	-1.28558711856704
-1.89675012620563	-3.47885296264257	-2.38739813722086	-1.31764625968334
-1.89022987886982	-3.49598130252988	-2.37118184177636	-1.27748293622198
-1.88370963153401	-3.4819332838312	-2.37468911158886	-1.29700535851637
-1.87718938419819	-3.48528016429272	-2.36976676094676	-1.26709919162639
-1.87066913686238	-3.48563447861795	-2.35808797798932	-1.27051725004401
-1.86414888952656	-3.442100380391	-2.35027715608135	-1.25109349935626
-1.85762864219075	-3.44248791237845	-2.33849455714402	-1.25611570433067
-1.85110839485494	-3.41401898293541	-2.33090819652352	-1.24209860422615
-1.84458814751912	-3.41158955003146	-2.33229291092384	-1.26836783302592
-1.83806790018331	-3.40960577261969	-2.30289898723711	-1.25769839976227
-1.83154765284749	-3.37953484619731	-2.30269014381953	-1.24655726570031
-1.82502740551168	-3.40969278763333	-2.30382502640528	-1.2025779614835
-1.81850715817587	-3.38283656627849	-2.29731625740436	-1.2074045231851
-1.81198691084005	-3.40658499938059	-2.28808466762152	-1.24570606116351
-1.80546666350424	-3.35923601748679	-2.28330971590664	-1.20363389739428
-1.79894641616842	-3.3643429413192	-2.260244398915	-1.23645433112023
-1.79242616883261	-3.38289634129903	-2.26981398548279	-1.21230231894867
-1.7859059214968	-3.31269851027035	-2.25720067082317	-1.19126463163393
-1.77938567416098	-3.29952777147609	-2.2467881425117	-1.21117722050352
-1.77286542682517	-3.30649921393069	-2.23118168342124	-1.19166066625923
-1.76634517948935	-3.26816672328072	-2.23220092903868	-1.17789380577448
-1.75982493215354	-3.32392510951677	-2.21481262928152	-1.15062482219333
-1.75330468481773	-3.26135150349052	-2.21549535922188	-1.19326065220009
-1.74678443748191	-3.27471002880885	-2.20422736134826	-1.19225997918591
-1.7402641901461	-3.27112604565037	-2.21120071559559	-1.14705870309778
-1.73374394281028	-3.2360542294274	-2.19489275106221	-1.14964729418467
-1.72722369547447	-3.23850280337068	-2.18441578014229	-1.15545092738075
-1.72070344813866	-3.22027526685041	-2.18259977475029	-1.13802130075367
-1.71418320080284	-3.18202657031055	-2.16870154879169	-1.16392204685241
-1.70766295346703	-3.23864302872766	-2.15222699883891	-1.11799079434981
-1.70114270613121	-3.18004836604844	-2.14546909875488	-1.10235119575536
-1.6946224587954	-3.20782967442536	-2.13100452798941	-1.15387667554021
-1.68810221145959	-3.17509246782159	-2.13000616900551	-1.11526677474169
-1.68158196412377	-3.16665753328404	-2.11604667783206	-1.11252597629793
-1.67506171678796	-3.13927971089442	-2.11562673916266	-1.101095599995
-1.66854146945214	-3.19854469107216	-2.11481696516794	-1.07481717721628
-1.66202122211633	-3.11505631316356	-2.108004519083	-1.0682928576054
-1.65550097478052	-3.09713337355673	-2.09718503566623	-1.09332929737151
-1.6489807274447	-3.12874821516365	-2.07300891067298	-1.11326925037117
-1.64246048010889	-3.07655506577391	-2.08256080267288	-1.07657141676821
-1.63594023277307	-3.07420898607715	-2.07767602180684	-1.07687714910384
-1.62941998543726	-3.1004937207421	-2.06489930568943	-1.06701570379782
-1.62289973810145	-3.05731135174073	-2.05546001864517	-1.06941511211392
-1.61637949076563	-3.05672374295398	-2.04546823942653	-1.05205195069438
-1.60985924342982	-3.02800597562852	-2.04206011328269	-1.06259479481648
-1.603338996094	-3.04583019508239	-2.01982855849776	-1.06007925853776
-1.59681874875819	-3.01178368013704	-2.02090288711982	-1.01340782404582
-1.59029850142237	-3.01090454859361	-2.00732891463391	-1.02782678538149
-1.58377825408656	-3.02381660594329	-2.00498335617848	-1.06913823733632
-1.57725800675075	-2.98759964352487	-2.0078672845594	-1.04325462144715
-1.57073775941493	-2.97164562325898	-1.99537772842051	-1.02296686315969
-1.56421751207912	-2.95931467845745	-1.98894830554146	-1.03643455479254
-1.5576972647433	-2.97577293058612	-1.96640156811097	-1.02157319347923
-1.55117701740749	-2.92578988092364	-1.96721460412126	-1.01407346957602
-1.54465677007168	-2.94429732978825	-1.95754032837944	-0.957021927080073
-1.53813652273586	-2.9339013876137	-1.94422988915657	-0.982723514181353
-1.53161627540005	-2.95292147332882	-1.95128104248739	-0.991725494405522
-1.52509602806423	-2.91405849170786	-1.92771027094969	-0.963469881753317
-1.51857578072842	-2.87453811795215	-1.92525729224854	-0.955691948863334
-1.51205553339261	-2.85862094648878	-1.91866940361857	-0.97647241917655
-1.50553528605679	-2.9006871894384	-1.91096235413035	-0.943243178307424
-1.49901503872098	-2.84584324440066	-1.90649119418363	-0.964006388830887
-1.49249479138516	-2.86564202912973	-1.89600221244364	-0.951764112786423
-1.48597454404935	-2.84321527035911	-1.89468810831162	-0.953983286152061
-1.47945429671354	-2.81399827018492	-1.88488120008712	-0.95923447310332
-1.47293404937772	-2.81605223079367	-1.86301761986356	-0.927785853019593
-1.46641380204191	-2.83150743652526	-1.87080891882964	-0.930321710871739
-1.45989355470609	-2.81383128553097	-1.85612149036807	-0.914187439975753
-1.45337330737028	-2.81699066566616	-1.83976241738985	-0.906098144545439
-1.44685306003447	-2.78036197762939	-1.84794677168798	-0.890463584010434
-1.44033281269865	-2.80448104750051	-1.82575508005855	-0.898578674933216
-1.43381256536284	-2.77225805325427	-1.8127220011828	-0.937925203171194
-1.42729231802702	-2.75346206287245	-1.81064653768414	-0.896928077170677
-1.42077207069121	-2.75206683978844	-1.81416496523108	-0.897033225899902
-1.4142518233554	-2.76683604483381	-1.80383050998256	-0.853522620061597
-1.40773157601958	-2.73998144787753	-1.78054482354333	-0.894989198175434
-1.40121132868377	-2.68186147636631	-1.79221057237187	-0.898000167244643
-1.39469108134795	-2.70386836881294	-1.77895364169084	-0.865920879064271
-1.38817083401214	-2.68556112646182	-1.75035487314915	-0.869467951667672
-1.38165058667633	-2.68068269472999	-1.7612266172215	-0.862417165443963
-1.37513033934051	-2.66914177899785	-1.75174068872957	-0.858185282165642
-1.3686100920047	-2.68800307500943	-1.75596327062419	-0.837620896788914
-1.36208984466888	-2.64798414857691	-1.73806935143448	-0.830296330601798
-1.35556959733307	-2.61402733108366	-1.7228933956268	-0.852189877007993
-1.34904934999726	-2.6404221473454	-1.7146226872214	-0.875005835932418
-1.34252910266144	-2.62148378500399	-1.70937208867064	-0.822736546460578
-1.33600885532563	-2.62807420120104	-1.69208827424855	-0.806567458468326
-1.32948860798981	-2.60281613010174	-1.68871453009597	-0.79704933108266
-1.322968360654	-2.6174548087406	-1.682719437472	-0.841113529090952
-1.31644811331819	-2.57693565528116	-1.67079690358635	-0.791194850844235
-1.30992786598237	-2.59576288247257	-1.6796722933451	-0.813241344503369
-1.30340761864656	-2.55246972307341	-1.66755048518535	-0.77290564965925
-1.29688737131074	-2.54814980419953	-1.64742816568623	-0.771560900675012
-1.29036712397493	-2.54146503425544	-1.63637610506288	-0.746458340378227
-1.28384687663911	-2.5495613382838	-1.64402852014709	-0.782544395317701
-1.2773266293033	-2.5367251069163	-1.6159182953334	-0.775493539925988
-1.27080638196749	-2.48463609553509	-1.61704794836099	-0.787889837460088
-1.26428613463167	-2.50366518388729	-1.61640870554554	-0.783755312151339
-1.25776588729586	-2.49987592691374	-1.60239347121821	-0.733425526554575
-1.25124563996004	-2.47932960299175	-1.5944441551744	-0.723978624111425
-1.24472539262423	-2.49189811461357	-1.59229761542011	-0.728731885698636
-1.23820514528842	-2.46859197711228	-1.5761882833128	-0.737996335996216
-1.2316848979526	-2.4465283526956	-1.56992822142931	-0.716910584412801
-1.22516465061679	-2.48059306911272	-1.56345199921493	-0.716731883091026
-1.21864440328097	-2.43601030558484	-1.5531723208513	-0.718289515684556
-1.21212415594516	-2.42993685366061	-1.54242208300768	-0.705545112053207
-1.20560390860935	-2.41621736400704	-1.54336849787083	-0.729348944768984
-1.19908366127353	-2.41752191128408	-1.53614223413539	-0.701063811088967
-1.19256341393772	-2.3631490779729	-1.52836577442215	-0.690392669458548
-1.1860431666019	-2.38948974966995	-1.52005597697569	-0.684697002780758
-1.17952291926609	-2.38716419626791	-1.49783258320837	-0.692509535032159
-1.17300267193028	-2.38719325339488	-1.5121762327926	-0.674958745841441
-1.16648242459446	-2.35006768075488	-1.48454516424449	-0.659305414740803
-1.15996217725865	-2.32400010156771	-1.47724727319046	-0.64831358374259
-1.15344192992283	-2.32148626889657	-1.48454443558124	-0.642364288342551
-1.14692168258702	-2.32384368602047	-1.48024554910068	-0.672448767229079
-1.14040143525121	-2.30406086532877	-1.45489748559633	-0.673041025923004
-1.13388118791539	-2.33255201844548	-1.45157320231133	-0.634962515529177
-1.12736094057958	-2.26809764346326	-1.45572328140866	-0.643044191267429
-1.12084069324376	-2.29085647125807	-1.43223141487291	-0.603583939199253
-1.11432044590795	-2.26982181208767	-1.42470326551311	-0.645307227417465
-1.10780019857214	-2.26551285198525	-1.42370135093153	-0.591318975609242
-1.10127995123632	-2.2678175692794	-1.40263656075188	-0.6283042807024
-1.09475970390051	-2.23972704282329	-1.39938286404574	-0.600574952826196
-1.08823945656469	-2.21009526446697	-1.39365789449398	-0.599319254627232
-1.08171920922888	-2.23508894627978	-1.38026818188567	-0.59460876245812
-1.07519896189307	-2.18239224354054	-1.38982461156925	-0.59986715237128
-1.06867871455725	-2.19262729648657	-1.37329886475677	-0.583543673593986
-1.06215846722144	-2.19735930393358	-1.35750447725478	-0.579819771545438
-1.05563821988562	-2.1842353502182	-1.37030617413585	-0.555055840871491
-1.04911797254981	-2.1870050157656	-1.34415119268955	-0.570698711340595
-1.042597725214	-2.18052648717949	-1.33505005874503	-0.544845643886636
-1.03607747787818	-2.13874288440935	-1.32756689931408	-0.569534671319375
-1.02955723054237	-2.13340226119325	-1.3180004676108	-0.548455788524062
-1.02303698320655	-2.12445528064922	-1.3124593939158	-0.538899167066115
-1.01651673587074	-2.12184369523846	-1.29635289576735	-0.527270611834691
-1.00999648853493	-2.0910045693137	-1.2975468775368	-0.512321997880056
-1.00347624119911	-2.09718521328131	-1.29184252718375	-0.539026533254414
-0.996955993863297	-2.104688472017	-1.2788937584228	-0.518323254734559
-0.990435746527483	-2.08175674335857	-1.27019202528797	-0.520029941417235
-0.983915499191669	-2.09659045192049	-1.27374921972663	-0.520191874766731
-0.977395251855855	-2.02484140150581	-1.25211598102924	-0.497965393534807
-0.970875004520041	-2.04549801737402	-1.25455105053205	-0.497877610198129
-0.964354757184227	-2.05403938686691	-1.24074440786698	-0.491668267190747
-0.957834509848413	-2.06461685844737	-1.2308967286593	-0.477029463297732
-0.951314262512599	-2.00417153011643	-1.21981933932545	-0.476810882006568
-0.944794015176785	-2.02570664104993	-1.21759662874313	-0.481403217057337
-0.938273767840971	-2.02157530908256	-1.21341777075487	-0.452245318185456
-0.931753520505157	-1.98279448048079	-1.200084629535	-0.473020693376938
-0.925233273169343	-1.97593770595425	-1.19846756392372	-0.461889350698646
-0.918713025833529	-1.98165441725977	-1.18040044157358	-0.44156107890269
-0.912192778497715	-2.00227588699474	-1.18768927055946	-0.45049334385279
-0.9056725311619	-1.94984012327428	-1.17430641261286	-0.41245493734328
-0.899152283826086	-1.93549479403319	-1.15373895988118	-0.428988153195403
-0.892632036490272	-1.92645169923829	-1.1499961309891	-0.390538380932671
-0.886111789154458	-1.93210822289173	-1.15106837055984	-0.39755488058794
-0.879591541818644	-1.91241066598014	-1.14152671181204	-0.373159169023645
-0.87307129448283	-1.94951005427415	-1.12753769299122	-0.412503276103322
-0.866551047147016	-1.88629822194038	-1.11513094675817	-0.400737624162107
-0.860030799811202	-1.8756416305423	-1.11458198162832	-0.400984153166245
-0.853510552475388	-1.86745160126513	-1.10461419507069	-0.382885982447616
-0.846990305139574	-1.89122746672062	-1.09915272647626	-0.372298906326475
-0.84047005780376	-1.87020919424278	-1.09307721854983	-0.380854793064533
-0.833949810467946	-1.86527744572811	-1.07741567922398	-0.33174044240204
-0.827429563132132	-1.82777330490789	-1.07812274855168	-0.349223211587078
-0.820909315796318	-1.79045486243198	-1.06410049317191	-0.332487554011218
-0.814389068460504	-1.8410399756736	-1.05977527725472	-0.343110529023082
-0.80786882112469	-1.83068825606268	-1.05079644863725	-0.359067222435966
-0.801348573788876	-1.7886026006394	-1.04628428597453	-0.328432122798891
-0.794828326453062	-1.80383941444526	-1.03376374499361	-0.336083413622955
-0.788308079117248	-1.77200689848356	-1.03520432422002	-0.311274484761738
-0.781787831781434	-1.77806161801788	-1.02223290429107	-0.281333198651063
-0.77526758444562	-1.75920606303064	-1.00867942214671	-0.286471792076504
-0.768747337109805	-1.77258324067384	-0.99656811265242	-0.298311617668633
-0.762227089773992	-1.73085340759529	-0.998206441172544	-0.291211206757861
-0.755706842438177	-1.76033082687594	-0.984545168404461	-0.302933258185739
-0.749186595102364	-1.70944278005606	-0.98193142977096	-0.278615053148029
-0.742666347766549	-1.7260878652043	-0.973132403425717	-0.303564138239697
-0.736146100430735	-1.7257768934924	-0.962456919469768	-0.244429714375869
-0.729625853094921	-1.68366860432996	-0.955120671910736	-0.237215246909897
-0.723105605759107	-1.68861757998905	-0.94485419063791	-0.249051022520359
-0.716585358423293	-1.69593102640023	-0.939243152376536	-0.222979033926884
-0.710065111087479	-1.6387967861958	-0.930876317921769	-0.225879449722871
-0.703544863751665	-1.66173321179379	-0.917478321887551	-0.220024878899322
-0.697024616415851	-1.63338112149486	-0.906608013751279	-0.220553070231685
-0.690504369080037	-1.65491758572058	-0.897619836221494	-0.205921888911512
-0.683984121744223	-1.61721884777735	-0.89775472136547	-0.194869155622297
-0.677463874408409	-1.63683916074552	-0.886208885570089	-0.201611156480341
-0.670943627072595	-1.62129500400343	-0.881396630799414	-0.199980001520645
-0.664423379736781	-1.60755708475934	-0.881065522790438	-0.184472187858476
-0.657903132400967	-1.58888268369735	-0.864872370115816	-0.188855356006965
-0.651382885065153	-1.58428271254971	-0.856711074534191	-0.165110939579851
-0.644862637729339	-1.5596423894795	-0.849804102421778	-0.171926070650889
-0.638342390393525	-1.55777366876626	-0.837168198480291	-0.157555357384198
-0.631822143057711	-1.58864239437483	-0.838317110411392	-0.164852706551366
-0.625301895721897	-1.53921625096435	-0.812927167611945	-0.152113681824738
-0.618781648386083	-1.53473792487446	-0.821571564754865	-0.121201482399982
-0.612261401050268	-1.52207554047459	-0.800969693303033	-0.139140688249242
-0.605741153714455	-1.51732008524613	-0.799654359745056	-0.119665343454671
-0.59922090637864	-1.51109003786192	-0.785412917838851	-0.14230379687255
-0.592700659042826	-1.50248202530624	-0.78317045033393	-0.0883882380845687
-0.586180411707012	-1.51125696308871	-0.779921318364984	-0.100298555715774
-0.579660164371198	-1.46696928364983	-0.772242402876145	-0.114169433647453
-0.573139917035384	-1.50747866619206	-0.763280076739218	-0.0983902609562676
-0.56661966969957	-1.47710975019688	-0.752137487813135	-0.107965707469868
-0.560099422363756	-1.44077665438133	-0.748640382195117	-0.0985583942764749
-0.553579175027942	-1.44142938055951	-0.746308759453226	-0.089492470206902
-0.547058927692128	-1.43328910567495	-0.72822557584464	-0.0851440056849402
-0.540538680356314	-1.38466973261891	-0.727065795208283	-0.0795878875821155
-0.5340184330205	-1.40799216351511	-0.706585181820279	-0.0475979476766308
-0.527498185684686	-1.41594492502155	-0.713415369733676	-0.0527727905343074
-0.520977938348872	-1.40890551277388	-0.708218945033578	-0.0296288627822289
-0.514457691013058	-1.37347661309255	-0.689577700705856	-0.03591493696731
-0.507937443677244	-1.3678969985875	-0.682854393924323	-0.0500804055457478
-0.50141719634143	-1.37999928618773	-0.670500169628811	-0.0153225020499587
-0.494896949005616	-1.3588945280438	-0.664930428330994	-0.000500728957935838
-0.488376701669802	-1.36656636735457	-0.657503509247543	-0.0295010107982394
-0.481856454333988	-1.34439855082866	-0.644239235096304	-0.0069924687448123
-0.475336206998174	-1.33501180140292	-0.644366598454412	0.00636889751477059
-0.46881595966236	-1.34151969063608	-0.641025743853647	0.00597301898539205
-0.462295712326546	-1.30588771939789	-0.624741380131312	0.0239437957606826
-0.455775464990732	-1.30030192894496	-0.61711308838028	0.0140143415828811
-0.449255217654917	-1.26938058875252	-0.618293349735393	0.0341495784935721
-0.442734970319103	-1.30052649896015	-0.603726555546399	0.0365759842212834
-0.436214722983289	-1.28392209882547	-0.585622832691254	0.0592894151523331
-0.429694475647475	-1.25411240957489	-0.584350081305966	0.0692916564020745
-0.423174228311661	-1.25288152380026	-0.579287705887704	0.0806005459227903
-0.416653980975847	-1.26773985063162	-0.572062645789512	0.068676176082747
-0.410133733640033	-1.22508023098593	-0.564061664764723	0.068974683073637
-0.403613486304219	-1.2442881298899	-0.554897467466657	0.0949930831990114
-0.397093238968405	-1.22087452096612	-0.543805429207747	0.0756877331460443
-0.390572991632591	-1.22344662006934	-0.538973838028481	0.107492484495563
-0.384052744296777	-1.19789153727331	-0.527478723544586	0.0976833055901646
-0.377532496960963	-1.19771664161119	-0.519883507475416	0.104133769124187
-0.371012249625149	-1.19121334485659	-0.513785220293527	0.124576235408694
-0.364492002289335	-1.16813972327737	-0.497103519273877	0.10387352244614
-0.357971754953521	-1.16764863262603	-0.497622422582319	0.134875081468199
-0.351451507617707	-1.16079996362849	-0.492359568451072	0.142886694276739
-0.344931260281893	-1.13309105895816	-0.480144882495572	0.150326894437845
-0.338411012946079	-1.16930148632685	-0.472119046290019	0.166169786393041
-0.331890765610265	-1.15800064130681	-0.468339829143069	0.147301907776116
-0.325370518274451	-1.11819193522354	-0.460870195134349	0.158713142552378
-0.318850270938637	-1.09548569963118	-0.449988617859832	0.158394510628747
-0.312330023602823	-1.12051449737191	-0.436646124556929	0.149894623402103
-0.305809776267008	-1.10068181086375	-0.435908145759346	0.221512640819682
-0.299289528931195	-1.08420151029263	-0.427000175789293	0.187455189096633
-0.29276928159538	-1.07733435446182	-0.403262877666403	0.196443962193788
-0.286249034259566	-1.05795267833892	-0.41201184251179	0.200998168584059
-0.279728786923752	-1.05033692688385	-0.407134848990807	0.196482572401862
-0.273208539587938	-1.03562175290453	-0.403943151192306	0.24994992615804
-0.266688292252124	-1.06149821353766	-0.38403883447476	0.240721046848521
-0.26016804491631	-1.02612287224638	-0.371557988510577	0.256476892866297
-0.253647797580496	-1.04223220273736	-0.370556440311906	0.261903329990453
-0.247127550244682	-1.03560973664103	-0.360666812067801	0.270335436939386
-0.240607302908868	-1.04217023601274	-0.349483479560863	0.238333890568149
-0.234087055573054	-1.0191032072294	-0.351929445278382	0.26430140386186
-0.22756680823724	-0.996870083501706	-0.339839144130661	0.280193965441015
-0.221046560901426	-0.991472885816317	-0.324909975411516	0.304835906096659
-0.214526313565612	-0.969458233598785	-0.318817793115241	0.303650527306289
-0.208006066229798	-0.948800299100179	-0.314108642383942	0.298535507133577
-0.201485818893984	-0.964138688086633	-0.306519121113847	0.315619507169068
-0.19496557155817	-0.961469920734281	-0.299427820094507	0.304405789306321
-0.188445324222356	-0.930408800291863	-0.295431937437209	0.311764398890493
-0.181925076886542	-0.930814511801057	-0.275895491464067	0.344160129981079
-0.175404829550728	-0.925111041588323	-0.272808980558324	0.339603296798369
-0.168884582214914	-0.917606673585236	-0.25733238913904	0.359070407681511
-0.1623643348791	-0.899679664162624	-0.251237523546613	0.351085341115811
-0.155844087543286	-0.887090867040333	-0.252249401195394	0.340202801140498
-0.149323840207471	-0.916789589639418	-0.241504119388941	0.360713309441113
-0.142803592871658	-0.855671699428138	-0.231837149746561	0.407214093737609
-0.136283345535843	-0.865403092190038	-0.222540620647189	0.390200586281022
-0.12976309820003	-0.889212250206377	-0.212840545004275	0.392803830720522
-0.123242850864215	-0.880201395629105	-0.216060287588832	0.410409284814026
-0.116722603528401	-0.840578205599794	-0.203880441125316	0.415487197907313
-0.110202356192587	-0.852907740235095	-0.187729635423669	0.414821774461319
-0.103682108856773	-0.829932746614808	-0.185055431916962	0.422033699367982
-0.0971618615209593	-0.850476394889456	-0.172293773936511	0.4629299995745
-0.0906416141851452	-0.830661462200998	-0.165749159233723	0.444214333860924
-0.084121366849331	-0.816918203920775	-0.165162684786754	0.444589385387692
-0.0776011195135171	-0.801253192102558	-0.159660383323156	0.463277216964965
-0.071080872177703	-0.783233462129786	-0.147491776267233	0.464914258925668
-0.0645606248418891	-0.794543471283932	-0.130464104009016	0.505240271999064
-0.0580403775060749	-0.769459021229957	-0.121489730022995	0.477528491263208
-0.0515201301702608	-0.789485134774858	-0.123698024071829	0.484851103053835
-0.0449998828344469	-0.783786688350174	-0.114027859496723	0.515811301714822
-0.0384796354986328	-0.752940869325376	-0.107849746345793	0.525678907642431
-0.0319593881628188	-0.733026536932903	-0.0905520326572615	0.506047239968432
-0.0254391408270047	-0.734570168995205	-0.0841677417231035	0.502942791840985
-0.0189188934911908	-0.723974634032448	-0.0876579162129782	0.512480940448797
-0.0123986461553767	-0.705431594415696	-0.0627038658966033	0.522063160411905
-0.00587839881956254	-0.711482982541151	-0.0559175581565233	0.536239121618757
0.000641848516251375	-0.69258935827719	-0.0634054228665929	0.54379151510617
0.00716209585206551	-0.685582563391214	-0.0420999133597647	0.567256418745501
0.0136823431878794	-0.686707762471654	-0.02670975983891	0.566367460225826
0.0202025905236936	-0.671982984948982	-0.0329539338069264	0.586846384964276
0.0267228378595077	-0.66447273173071	-0.0190307183380326	0.592935441976383
0.0332430851953216	-0.66012414262517	-0.0201902877885579	0.606310482875271
0.0397633325311357	-0.639340333452643	-0.00457942734772256	0.606947876618704
0.0462835798669496	-0.622740091021898	0.00616095029042286	0.623073495146704
0.0528038272027638	-0.644172469425359	0.00425954257462137	0.634612770259058
0.0593240745385779	-0.629990530458639	0.0119292734545976	0.621766825225458
0.0658443218743918	-0.595249976972465	0.0151127916954661	0.635665213958691
0.072364569210206	-0.629405504752789	0.0305956690082529	0.654104558138165
0.0788848165460199	-0.637183268120033	0.0379940694087879	0.640059900468972
0.085405063881834	-0.613988175429535	0.0433734390576757	0.653371908641733
0.0919253112176479	-0.608358301899038	0.0542322308522251	0.644868196866012
0.098445558553462	-0.561677257510941	0.0612227183732674	0.692174799796221
0.104965805889276	-0.57766251855598	0.0677573752608547	0.707378919537597
0.11148605322509	-0.550066026725451	0.0777362203540737	0.72349674606123
0.118006300560904	-0.551073372071032	0.0908220262519975	0.715115829107412
0.124526547896718	-0.546754932074873	0.0984290191933576	0.722384945509082
0.131046795232532	-0.558760886165797	0.106238950578739	0.737805754230972
0.137567042568346	-0.54401566127027	0.10838899542251	0.713720481447994
0.144087289904161	-0.531616662572586	0.125106930105747	0.764044424114088
0.150607537239974	-0.538392041556768	0.126986839335543	0.732066163683692
0.157127784575788	-0.523778006879922	0.133253981861056	0.754250468669719
0.163648031911602	-0.517562004739172	0.132181623900493	0.760847525186692
0.170168279247417	-0.487858979416751	0.155818622799727	0.765073393241951
0.176688526583231	-0.505325005768916	0.167957841505588	0.793432336339279
0.183208773919044	-0.485323176839758	0.153001152257115	0.806193672249831
0.189729021254859	-0.48522199173535	0.175771868723004	0.794391857379492
0.196249268590673	-0.508311326299147	0.187469249327902	0.793162266228987
0.202769515926487	-0.460104763938834	0.19764130695962	0.796023195057912
0.209289763262301	-0.438119828736682	0.209379923128683	0.829852974835328
0.215810010598115	-0.452435937840416	0.207867009908756	0.840049120480407
0.222330257933929	-0.467428466931558	0.218313919507588	0.834418412197023
0.228850505269743	-0.41719677647583	0.217066291560036	0.834383339787358
0.235370752605557	-0.408262762221513	0.239422377016901	0.8654642377452
0.241890999941371	-0.427447030926403	0.24260425833369	0.881974779713748
0.248411247277185	-0.423065037432258	0.255482869372302	0.880429733701585
0.254931494612999	-0.389089985295022	0.260686925465452	0.913641422890234
0.261451741948813	-0.396447260195923	0.262882677870802	0.905532207767066
0.267971989284627	-0.360533940093392	0.277485630913567	0.915638835122948
0.274492236620441	-0.369872041884395	0.267810587709958	0.928473176925554
0.281012483956255	-0.391150138633197	0.281146347290767	0.925140515948031
0.287532731292069	-0.358503619252074	0.283612890108189	0.947229936264445
0.294052978627883	-0.365017680317056	0.306566792632017	0.936579246128498
0.300573225963698	-0.333285793440936	0.311300510326589	0.949837368060598
0.307093473299511	-0.351260855687719	0.310671136958209	0.943148982473455
0.313613720635325	-0.354007787854623	0.324115116725485	0.971295995568428
0.320133967971139	-0.326095948372965	0.337896199403088	0.970322221136865
0.326654215306954	-0.303301420231985	0.345424574181208	0.97512722326878
0.333174462642768	-0.313539664124169	0.347893761629456	0.960094819201092
0.339694709978581	-0.322430344192287	0.34612662030588	0.996583642467611
0.346214957314396	-0.321865866968566	0.36308700469291	1.00369688165687
0.35273520465021	-0.276410770484783	0.378701427003929	1.03736614498252
0.359255451986024	-0.295288138091958	0.387954717906963	1.00774884231144
0.365775699321838	-0.310826514505914	0.386895222070552	1.04416245769322
0.372295946657652	-0.277021349324368	0.399943881915229	1.06423987852837
0.378816193993466	-0.279560596914611	0.40929803570946	1.04254876405092
0.38533644132928	-0.284250389558751	0.417844395204854	1.04618194586789
0.391856688665094	-0.26157420914113	0.419188176709056	1.09786719905094
0.398376936000908	-0.255288775638409	0.441783277719504	1.08371516458123
0.404897183336722	-0.234413454922022	0.429298552439672	1.0839228719967
0.411417430672536	-0.24524106380837	0.45310547110386	1.09489718384903
0.41793767800835	-0.227891912649306	0.456161868614573	1.09098753788878
0.424457925344164	-0.2334987742349	0.471602386923408	1.12492699546733
0.430978172679978	-0.199318865868595	0.485940907603406	1.1226940699173
0.437498420015792	-0.208733879203918	0.481570473843708	1.14349383676485
0.444018667351606	-0.207075816827138	0.472498262423682	1.16937269024641
0.45053891468742	-0.201394902933817	0.478094962787531	1.15798476197936
0.457059162023234	-0.191325910931612	0.514708707326704	1.15551252052712
0.463579409359049	-0.183763991426037	0.519464312213263	1.17680747091837
0.470099656694862	-0.153842892602494	0.513240703742067	1.18038144350054
0.476619904030676	-0.179145980660198	0.527135966390379	1.17770037936685
0.483140151366491	-0.147246436027639	0.530015545134076	1.18572918306327
0.489660398702305	-0.162678888762413	0.539754707035304	1.21784748915135
0.496180646038119	-0.10890000209074	0.556968968476118	1.23380530226042
0.502700893373933	-0.138876767266185	0.56199409581613	1.21618869601712
0.509221140709747	-0.104986559237333	0.564164025119315	1.24474476041897
0.515741388045561	-0.117812641073365	0.578220797846344	1.31042634696417
0.522261635381375	-0.111445700412975	0.583863516736821	1.26403902345098
0.528781882717189	-0.108301149406362	0.594755668565024	1.28093234107735
0.535302130053003	-0.0857988525998771	0.600610842245647	1.24406257796612
0.541822377388817	-0.116417780298062	0.614109051304664	1.29270971412257
0.548342624724631	-0.106084069874123	0.620698542541564	1.2885471115608
0.554862872060445	-0.0814979856766652	0.627620481233082	1.31616290525052
0.561383119396259	-0.0726405145080554	0.632734220940309	1.32564196541814
0.567903366732073	-0.0482652336473977	0.643672222021788	1.29962089391647
0.574423614067887	-0.0676677051034242	0.638009495062398	1.34460063935906
0.580943861403701	-0.0741875294891219	0.652512058654462	1.34960121597493
0.587464108739515	-0.0370345120321179	0.657343864194748	1.35626545953263
0.593984356075329	-0.0393962321088035	0.67117304044635	1.35691302354915
0.600504603411143	-0.0490752387442616	0.675425141312145	1.36871501424316
0.607024850746957	-0.0180340003257915	0.686654855287422	1.38932855620735
0.613545098082771	-0.0203335578496366	0.697634400739463	1.38393071136778
0.620065345418586	0.00933950753612229	0.705854187559447	1.40063583746874
0.626585592754399	0.00402675989891366	0.710546707021206	1.38106266318961
0.633105840090213	-0.00940638601829675	0.723001043051384	1.43230898833908
0.639626087426028	0.0334406372070862	0.724930510784822	1.40304794502961
0.646146334761842	0.0111388006950282	0.737009171281063	1.42630666093458
0.652666582097656	0.00723564506760993	0.750862601746331	1.42380327488108
0.65918682943347	0.0195598175236477	0.755607338147546	1.45612341458733
0.665707076769284	0.0256685328478855	0.757230979876358	1.44243937897013
0.672227324105098	0.0421780096515188	0.766899941765445	1.48956185691042
0.678747571440912	0.0594646195415008	0.776833606395765	1.5024427804538
0.685267818776726	0.0470602399766214	0.786003125066342	1.49795613029993
0.69178806611254	0.0743244682814173	0.795127341849772	1.49418039015004
0.698308313448354	0.0841985551901939	0.794254867742348	1.51443537262624
0.704828560784168	0.0748852114255514	0.806094646055194	1.51199543608109
0.711348808119982	0.0771924215899765	0.825510176099572	1.52055117234498
0.717869055455796	0.0872602689466329	0.820591540520986	1.54462805803633
0.72438930279161	0.0928869050975888	0.827976828382226	1.55364146591255
0.730909550127424	0.0999336550850817	0.844342463531891	1.55573630784669
0.737429797463238	0.121989802660209	0.84893965151159	1.57188012768173
0.743950044799052	0.124138582778952	0.863702845226314	1.55497061647665
0.750470292134866	0.14815776987823	0.863243055447922	1.60475875835929
0.75699053947068	0.136275909672958	0.85725652805016	1.61146441168009
0.763510786806494	0.134841708889839	0.874258842982407	1.61186906121499
0.770031034142308	0.159736317303752	0.881363453775274	1.62420380684042
0.776551281478123	0.165287100433381	0.89605392872516	1.61380121807576
0.783071528813937	0.135555059717844	0.904149287961039	1.65024113462039
0.78959177614975	0.14488072006828	0.922450676926656	1.66762897705061
0.796112023485565	0.188186892864392	0.925612068860897	1.65129480588904
0.802632270821379	0.167907848803096	0.921711075484689	1.67559058575124
0.809152518157193	0.199623510032198	0.934428590359515	1.65085142142976
0.815672765493006	0.189538154238726	0.956328745942134	1.68451275674259
0.822193012828821	0.154458360354462	0.952267261115323	1.68609781940903
0.828713260164635	0.219839806051283	0.951321215552706	1.68901697650231
0.835233507500449	0.183510629627953	0.957359368908324	1.72107326922088
0.841753754836263	0.209218056987348	0.982732676184684	1.71985217419811
0.848274002172077	0.224793711862107	0.987680398134	1.74124447307936
0.854794249507891	0.256391045262164	0.998820783149446	1.74983016433954
0.861314496843705	0.253658204092784	1.0109483119727	1.77342852820407
0.867834744179519	0.24696256093787	1.00502940314137	1.74546543900097
0.874354991515333	0.247995851635692	1.01507967508031	1.76662007369951
0.880875238851147	0.22989900029917	1.02373476802311	1.78388912936009
0.887395486186961	0.243951869524667	1.02735223992885	1.79176114265056
0.893915733522775	0.265631735297769	1.0428455045984	1.78657100019474
0.900435980858589	0.259347989790805	1.04770838251296	1.79659706970648
0.906956228194403	0.256508961564496	1.05405047965969	1.85243826795193
0.913476475530217	0.279821788736377	1.06605559252743	1.84128681112206
0.919996722866031	0.274776934111939	1.07136905671087	1.8457232435511
0.926516970201845	0.317218385182308	1.08465733075448	1.89879926506219
0.93303721753766	0.280663344351686	1.08867873521142	1.87261337581599
0.939557464873474	0.292951592599513	1.08852672709276	1.86150255548957
0.946077712209287	0.285361247849673	1.10502670955277	1.88464391491874
0.952597959545102	0.301782506316698	1.10603976255327	1.90849161054572
0.959118206880916	0.321841517279266	1.12396815353893	1.91139228324871
0.96563845421673	0.324796784794556	1.12637988822424	1.92586697763656
0.972158701552544	0.331434334982941	1.12794042087482	1.89526939751011
0.978678948888358	0.347709837223161	1.13826553007608	1.9547404150877
0.985199196224172	0.365812179641334	1.15535323277532	1.91818681424355
0.991719443559986	0.375323015060784	1.1580850475571	1.96461683266796
0.9982396908958	0.362564103969887	1.16246992526763	1.98802447421338
1.00475993823161	0.353426147370586	1.18142303824511	1.99383730607259
1.01128018556743	0.362797177886388	1.17798390742488	1.99201168057223
1.01780043290324	0.404421211482993	1.18343401542366	2.00494958978832
1.02432068023906	0.398180119386088	1.20523934912929	2.01740786122143
1.03084092757487	0.406038125285366	1.21451984217864	2.00420399550092
1.03736117491068	0.421097022069646	1.21934399811956	2.02112468896929
1.0438814222465	0.41381044301125	1.21683499194188	2.01456026858978
1.05040166958231	0.403229733956312	1.23273801308261	2.04342371988301
1.05692191691813	0.43571633055461	1.24261864941301	2.06131485135798
1.06344216425394	0.430769454284231	1.24590543538844	2.07729612278466
1.06996241158975	0.424506845715488	1.2463598086212	2.0743018311639
1.07648265892557	0.455772290923102	1.26816665464242	2.07655703339993
1.08300290626138	0.438275622204455	1.27473542461709	2.10780847186285
1.0895231535972	0.462270960286544	1.27783046109849	2.1007853393725
1.09604340093301	0.464627696177245	1.29470001481576	2.091227651507
1.10256364826882	0.442880864457867	1.28389905218959	2.09401818140553
1.10908389560464	0.460100030621376	1.30070579704583	2.1389147260864
1.11560414294045	0.466121501626478	1.30812876243336	2.15668097960316
1.12212439027627	0.47002522344984	1.31032269476854	2.14317444654968
1.12864463761208	0.475676366126901	1.32612745874251	2.16543288247939
1.13516488494789	0.485755352610236	1.32965993559428	2.15722361949402
1.14168513228371	0.485709325511749	1.33891611274752	2.17613430018686
1.14820537961952	0.501440612957767	1.35105339621665	2.21327934726088
1.15472562695534	0.471865761567897	1.36321754368259	2.19619114292727
1.16124587429115	0.511042255174787	1.360710428292	2.19976541925112
1.16776612162696	0.501176949747014	1.37178788102532	2.24986805345074
1.17428636896278	0.521374027752291	1.38935082918355	2.2446856540396
1.18080661629859	0.531410024939579	1.38924372254414	2.25862269610835
1.18732686363441	0.522403314030116	1.38763210113472	2.23603488516141
1.19384711097022	0.530546267986617	1.39414685274438	2.25065884996578
1.20036735830604	0.539290181650879	1.40942638048344	2.26842147582125
1.20688760564185	0.546461551027105	1.42391912420219	2.29373372741059
1.21340785297766	0.566067504470133	1.42656437336114	2.28617712748995
1.21992810031348	0.538972772261063	1.44401387103583	2.33045612347241
1.22644834764929	0.585959386380718	1.44412071212399	2.3317036437646
1.23296859498511	0.592519111013038	1.44726894371362	2.33117573356141
1.23948884232092	0.565067711821347	1.46090611904213	2.33151760528727
1.24600908965673	0.579519568639492	1.46055381153714	2.34307429969751
1.25252933699255	0.586117914243452	1.48538586672377	2.35741928571418
1.25904958432836	0.592728248472004	1.48445854107676	2.37886977687626
1.26556983166418	0.589327825653636	1.49958648805757	2.38910686207555
1.27209007899999	0.627794825939696	1.4980524818338	2.39791769878771
1.2786103263358	0.61807945057373	1.5102739805927	2.44133657510353
1.28513057367162	0.618460758968331	1.52903347300668	2.41256827082427
1.29165082100743	0.636516067695933	1.52418428220615	2.43168603981848
1.29817106834325	0.594268368809381	1.52579592905328	2.43047324908456
1.30469131567906	0.642092136676171	1.5413600257335	2.43205376371255
1.31121156301487	0.653553190658151	1.53641193141042	2.47448499841018
1.31773181035069	0.626747191796591	1.55004479468877	2.48697982964755
1.3242520576865	0.647800926487797	1.57106316607902	2.50062386429683
1.33077230502232	0.65716697424149	1.56405219408793	2.48890581868911
1.33729255235813	0.683489184289064	1.58670283661124	2.49534929037171
1.34381279969394	0.665488670412861	1.58554858853456	2.52538387272483
1.35033304702976	0.709690047626804	1.58288952467202	2.50517090359166
1.35685329436557	0.678413921121399	1.6088841141373	2.53591833831288
1.36337354170139	0.686562810331071	1.61020726101233	2.53608486543167
1.3698937890372	0.707255589846068	1.62406475583306	2.54891336624862
1.37641403637301	0.681772960815387	1.63967748114801	2.56039634452733
1.38293428370883	0.727573102553544	1.62725507376835	2.56884906992648
1.38945453104464	0.72464015057832	1.64678098614517	2.56336518255895
1.39597477838046	0.750667880846746	1.64770214243072	2.57064689043063
1.40249502571627	0.746215528984033	1.66793765008584	2.60561812356494
1.40901527305208	0.732548894157942	1.65989498690822	2.61126906981236
1.4155355203879	0.772865421625991	1.67454496873976	2.62980804564005
1.42205576772371	0.7125544762756	1.68213608542527	2.65488672255749
1.42857601505953	0.756419035150036	1.69233531806774	2.65453897983405
1.43509626239534	0.751539288705402	1.69666937104819	2.6700745211473
1.44161650973115	0.769381465773344	1.70727641424005	2.62359959362098
1.44813675706697	0.793888716174398	1.71566423513244	2.70591918491002
1.45465700440278	0.795159710164565	1.71998187040968	2.66756148260062
1.4611772517386	0.772329607647845	1.74100777298951	2.6863798434099
1.46769749907441	0.77303784389578	1.74571225928738	2.67633394768673
1.47421774641023	0.763910294564368	1.74192532340397	2.73340709655227
1.48073799374604	0.798725308975358	1.76106024348702	2.75946801660084
1.48725824108185	0.825923501739716	1.75650645138152	2.70681929337609
1.49377848841767	0.807743017534919	1.77309963150938	2.73273212944109
1.50029873575348	0.790323454776413	1.78989605424518	2.75388704786161
1.5068189830893	0.822645868307315	1.77948171706278	2.78442350010187
1.51333923042511	0.834499149203902	1.7977897353498	2.82247717781585
1.51985947776092	0.799595348573642	1.80098268757746	2.75598163016586
1.52637972509674	0.855870727920975	1.80498351967775	2.81317383633948
1.53289997243255	0.842575387544881	1.82313766476662	2.83643781162776
1.53942021976837	0.836336399998672	1.81626321457783	2.84408908165481
1.54594046710418	0.82621990813291	1.84591379150552	2.84314511362412
1.55246071443999	0.908730341458194	1.84639999210681	2.83849707770555
1.55898096177581	0.870093205042777	1.85080004992231	2.84785761256594
1.56550120911162	0.867381765304729	1.87512987588324	2.89507750369895
1.57202145644744	0.859643497769026	1.86916670421717	2.8987841211471
1.57854170378325	0.860560667870216	1.87323270854433	2.91775866476058
1.58506195111906	0.907790799939629	1.88028206181366	2.89455575300127
1.59158219845488	0.844936109157293	1.89080322346629	2.90692826941471
1.59810244579069	0.901982630418904	1.89617630629865	2.91988562273296
1.60462269312651	0.87586627385136	1.90506207099694	2.93408955553662
1.61114294046232	0.915191284173986	1.92191078093452	2.97461352345187
1.61766318779813	0.892795138966788	1.9195793425878	2.94819113935159
1.62418343513395	0.903350892085325	1.92924563279903	2.95681779694155
1.63070368246976	0.945014551882838	1.93785519802218	2.99452566068598
1.63722392980558	0.928748512101843	1.95083652132377	2.98352108392318
1.64374417714139	0.915508876807665	1.95358878007017	2.99089389754783
1.6502644244772	0.942834258477189	1.96122708098107	2.99304391443656
1.65678467181302	0.952807656744637	1.97790514420327	3.01121894482767
1.66330491914883	0.961926325275292	1.98581615654954	3.05883130748263
1.66982516648465	0.963586339038393	1.98406235542596	3.01086725666027
1.67634541382046	0.945766184347124	1.99557887428951	3.01819845401414
1.68286566115627	0.953958223425515	1.99494708031357	3.08446767855188
1.68938590849209	0.996008357788379	2.00444922353457	3.05442691446875
1.6959061558279	0.950239635982794	2.02334914961501	3.1043118800061
1.70242640316372	1.00112798722511	2.02527453664404	3.11494422815789
1.70894665049953	0.96342282269877	2.04473725528295	3.08928029008205
1.71546689783534	0.984768823524789	2.04585496341576	3.11982183448375
1.72198714517116	1.01195946368954	2.05142458223235	3.12179616954906
1.72850739250697	1.01270666819808	2.06369810048673	3.1284184479753
1.73502763984279	1.02354517875665	2.06468127258842	3.15930732989018
1.7415478871786	1.01411389092487	2.07399778060447	3.15298232859247
1.74806813451441	1.03144683596112	2.08851203099109	3.16684010975785
1.75458838185023	1.05943449288843	2.10281668077584	3.17730391579225
1.76110862918604	1.05476810344319	2.09258733471189	3.17650934797486
1.76762887652186	1.05767785385451	2.10435533064678	3.205838152829
1.77414912385767	1.03459215712832	2.11054336616531	3.20959353816992
1.78066937119348	1.02457173934845	2.12277540087553	3.24321278832766
1.7871896185293	1.0595887264981	2.13554886770298	3.25461361013308
1.79370986586511	1.06023291188777	2.13773561848034	3.21459595399396
1.80023011320093	1.07844968750589	2.14588806882462	3.28000574216872
1.80675036053674	1.0750223295722	2.15939904809587	3.25478755734198
1.81327060787256	1.06360867551141	2.16091769148614	3.27993321056593
1.81979085520837	1.09239887056918	2.16653233056435	3.29284217018878
1.82631110254418	1.07356263595729	2.18221702757276	3.30620415762063
1.83283134988	1.08358165565512	2.17941963753085	3.31957496819514
1.83935159721581	1.11300254405566	2.18948248294508	3.32060088953981
1.84587184455163	1.10564812190258	2.19990535429795	3.37656703168227
1.85239209188744	1.12213149837475	2.21061867825787	3.33631032306295
1.85891233922325	1.14111169727645	2.20623360769772	3.35389731530861
1.86543258655907	1.09842651834775	2.22061344236138	3.36124354464803
1.87195283389488	1.08587086170701	2.23044480106416	3.35594354962745
1.8784730812307	1.13676601733036	2.24640922805468	3.38149470849244
1.88499332856651	1.14667298846513	2.25589442681218	3.38866585403146
1.89151357590232	1.127823938437	2.26274231690442	3.38484834233525
1.89803382323814	1.13998676225567	2.26065490874314	3.38067445001878
1.90455407057395	1.13852528159172	2.26679142190013	3.42535067777888
1.91107431790977	1.17156719761748	2.28482948898348	3.43138518589827
1.91759456524558	1.1775710927779	2.29437328477188	3.43649952226355
1.92411481258139	1.1667105983826	2.30453592953446	3.42660414774372
1.93063505991721	1.16726333138431	2.30201197233365	3.48165218592613
1.93715530725302	1.16725119170848	2.31438066403398	3.46281204872477
1.94367555458884	1.17646859519881	2.30899853891883	3.48084150022956
1.95019580192465	1.21588464860136	2.32476409921391	3.48029138970085
1.95671604926046	1.22036806883461	2.34250695311174	3.51650100829398
1.96323629659628	1.15375235171012	2.33923387610661	3.51560804353777
1.96975654393209	1.21722461815285	2.36610619114626	3.55301202021729
1.97627679126791	1.22633891484184	2.37174501670226	3.54472005721492
1.98279703860372	1.20756026356234	2.3706003753015	3.51498238053967
1.98931728593953	1.21283760822955	2.37483599014165	3.56497718459625
1.99583753327535	1.20070546724784	2.38581080788346	3.55511369133481
2.00235778061116	1.20777378780469	2.40551271186813	3.61559178581754
2.00887802794698	1.225087304663	2.41613928582934	3.59691034196384
2.01539827528279	1.23746520822625	2.41855284481946	3.59506631163873
2.0219185226186	1.25757028216312	2.42423109914418	3.59231428863957
2.02843876995442	1.2767100535582	2.43225353312009	3.63708416682111
2.03495901729023	1.24860297044998	2.43714866343835	3.64683238118986
2.04147926462605	1.24999448252209	2.44040813066358	3.67656701250094
2.04799951196186	1.24168373655186	2.44598382419507	3.67076847750175
2.05451975929767	1.24942698290942	2.45719440315367	3.67404176845792
2.06104000663349	1.2886100465451	2.46060279799466	3.64801585655599
2.0675602539693	1.28489207415148	2.46815888622244	3.67429446111458
2.07408050130512	1.2831631973265	2.48403373518355	3.68258042745676
2.08060074864093	1.31404370387532	2.48877878905162	3.73919802325342
2.08712099597674	1.31663394563972	2.48812535420831	3.70080466720371
2.09364124331256	1.30404356089587	2.51069244987207	3.72477656164935
2.10016149064837	1.28606594434156	2.52392211523726	3.76955466776743
2.10668173798419	1.31149177927925	2.52814644950778	3.80210117079982
2.11320198532	1.32804464855796	2.53415014034487	3.77371584654396
2.11972223265582	1.33863125455062	2.54105056557754	3.75689101242407
2.12624247999163	1.31525455899821	2.55658511569499	3.76438872125547
2.13276272732744	1.33503791635437	2.54506220574623	3.79142421819229
2.13928297466326	1.33982570554739	2.56372712309229	3.80443008847589
2.14580322199907	1.36405710527163	2.56854592812529	3.83958752948131
2.15232346933489	1.30565057522937	2.58031890214622	3.83503326129925
2.1588437166707	1.32777625219712	2.58054306587169	3.83298718726196
2.16536396400651	1.35285445901645	2.60507061881646	3.85023110276646
2.17188421134233	1.38045990063354	2.6066727286882	3.88222284080851
2.17840445867814	1.37075494775014	2.60391133393775	3.88173168948668
2.18492470601396	1.39906807299504	2.62561184697727	3.89937636777824
2.19144495334977	1.37447353128968	2.62047223108155	3.91407537959141
2.19796520068558	1.37481178443398	2.63765994366692	3.90219840135832
2.2044854480214	1.4100559451223	2.64087344523019	3.89815745606053
2.21100569535721	1.42182441735878	2.65467832666148	3.92594608827812
2.21752594269303	1.38029914133094	2.6637707392381	3.95352313335546
2.22404619002884	1.40557269673639	2.65758857628091	3.95917153905213
2.23056643736465	1.40979253811033	2.66758577852156	3.95816801174664
2.23708668470047	1.40829260937149	2.68545518344867	3.97908623286886
2.24360693203628	1.4217184580665	2.7033035341447	3.99757322614783
2.2501271793721	1.43454550672919	2.71052304073054	3.99546990302042
2.25664742670791	1.45278679251339	2.71340259783171	4.00816993463726
2.26316767404372	1.41875901089603	2.70447648278431	4.01147771928251
2.26968792137954	1.45438508233059	2.72587742112643	4.03110504917053
2.27620816871535	1.48286603699508	2.73512491727378	4.00709170175482
2.28272841605117	1.45869325492582	2.73996737808916	4.02872841152319
2.28924866338698	1.47452025528218	2.74027240256302	4.05356726766175
2.29576891072279	1.46016470044319	2.76500659990956	4.05812307093363
2.30228915805861	1.4586847714161	2.7613833984991	4.05907878150887
2.30880940539442	1.49748870425214	2.77070417070867	4.08504649175343
2.31532965273024	1.53137903928061	2.77836794955827	4.09691384867795
2.32184990006605	1.51416906331651	2.79930159826205	4.10452485842675
2.32837014740186	1.49495817437006	2.79709144503271	4.10325972178207
2.33489039473768	1.48237774097725	2.79692954774395	4.1281903874379
2.34141064207349	1.51500184717596	2.81046615010452	4.12175251222523
2.34793088940931	1.508573830361	2.8072274904468	4.14952461934359
2.35445113674512	1.52610588329793	2.83042535488312	4.15958353645923
2.36097138408093	1.5325056077117	2.8363577601285	4.16154202816932
2.36749163141675	1.56682392851136	2.84942361056051	4.2152416702157
2.37401187875256	1.52244465413758	2.85270074124455	4.15187315580859
2.38053212608838	1.52409929245045	2.8488908284194	4.22993167491351
2.38705237342419	1.54065257800306	2.8639262126614	4.26309010062902
2.39357262076	1.56197895809224	2.87590810201832	4.1864756723504
2.40009286809582	1.53399025734895	2.88944678679573	4.23684427275239
2.40661311543163	1.56556342532822	2.89820954479315	4.2554334286029
2.41313336276745	1.57839127411595	2.90542747953957	4.26362952771248
2.41965361010326	1.56683577924033	2.89833299484355	4.28868667015053
2.42617385743908	1.57661849463595	2.90965768076935	4.29033672685637
2.43269410477489	1.55231858676532	2.90351265251924	4.29629071421593
2.4392143521107	1.57815648274506	2.94833675129434	4.30408842942162
2.44573459944652	1.62189572437541	2.93055346968797	4.30055405301674
2.45225484678233	1.59029760432779	2.9398918209547	4.35844736614328
2.45877509411814	1.61294690151157	2.95007476851689	4.32298395955623
2.46529534145396	1.61741991255816	2.95815618971562	4.38716593458005
2.47181558878977	1.62485067385825	2.97286069381732	4.36212578436466
2.47833583612559	1.6447740671934	2.9579833388295	4.37940283576533
2.4848560834614	1.62419113581994	2.98085252432627	4.35509521285814
2.49137633079722	1.62141843858504	2.99150929796499	4.39204029159056
2.49789657813303	1.63911774090522	3.00059090464256	4.37666260395628
2.50441682546884	1.63554000438849	3.01537997265603	4.38828787386048
2.51093707280466	1.63353387618858	3.03009827645334	4.42865823785233
2.51745732014047	1.67619875767541	3.03444076132077	4.44212984303368
2.52397756747629	1.65911157542119	3.02831950066893	4.44025604116129
2.5304978148121	1.68845415276082	3.03941294887089	4.45591350615905
2.53701806214791	1.67725758258656	3.03765262213219	4.4763119324666
2.54353830948373	1.65990173458645	3.05172154733777	4.43780998911882
2.55005855681954	1.678880085182	3.06333030817114	4.47728417863698
2.55657880415536	1.66318195600352	3.083401335615	4.54051350817562
2.56309905149117	1.66988858749707	3.09401169531316	4.53090511424361
2.56961929882698	1.70668111599605	3.09937571930543	4.55895251112406
2.5761395461628	1.66188603608602	3.11742729955025	4.52159433700245
2.58265979349861	1.69832610731085	3.12698005064666	4.53194650022897
2.58918004083443	1.70174955840419	3.12287811496894	4.56523911279389
2.59570028817024	1.75919899119707	3.11032549469765	4.53570309193085
2.60222053550605	1.71992848910412	3.12701705498801	4.56520663936057
2.60874078284187	1.71296940867315	3.13978097679079	4.61455230209026
2.61526103017768	1.72468865564558	3.14952009265108	4.62167506057173
2.6217812775135	1.74206483018174	3.15691709615224	4.60242280552905
2.62830152484931	1.70710643534865	3.1698826179453	4.58248637648499
2.63482177218512	1.70630086216119	3.16513213017416	4.60329668874754
2.64134201952094	1.71395292944737	3.18026686463853	4.63850762313282
2.64786226685675	1.73523532105822	3.19063916992075	4.6400322156681
2.65438251419257	1.73992240305023	3.18979879370871	4.64734876244908
2.66090276152838	1.76530973348844	3.21473298510508	4.69571514830844
2.66742300886419	1.76697587552106	3.20449170984536	4.65451068943013
2.67394325620001	1.80313045551081	3.22115614853692	4.68374164172431
2.68046350353582	1.76505695175293	3.22507021299121	4.73957019007166
2.68698375087164	1.78610106262915	3.2410177150168	4.6882608013714
2.69350399820745	1.79377984489437	3.23515697349433	4.74468312703896
2.70002424554327	1.80556569840323	3.25909370411924	4.76450563424457
2.70654449287908	1.80887309063095	3.25583420880157	4.7475964062928
2.71306474021489	1.83441617084641	3.27635166888147	4.77085524358053
2.71958498755071	1.84210852538003	3.28074821062438	4.78404872632687
2.72610523488652	1.77984991549056	3.2731921255289	4.79846546959167
2.73262548222234	1.81705520534148	3.28994486959871	4.810434102167
2.73914572955815	1.85196510568661	3.29888808934997	4.8100024152332
2.74566597689396	1.81365013311673	3.29134368879855	4.80249815272393
2.75218622422978	1.82634150497724	3.31219014168195	4.86921529968169
2.75870647156559	1.83613406398005	3.32138900794616	4.83018906790556
2.76522671890141	1.83973534659315	3.34158458461322	4.82454293942578
2.77174696623722	1.84055219044815	3.34756810399767	4.85666942012613
2.77826721357303	1.8871305459874	3.33871898407027	4.85613288757463
2.78478746090885	1.84083797575893	3.34010124041766	4.85476864739687
2.79130770824466	1.87801807177407	3.36483746911983	4.84704940848712
2.79782795558048	1.88168577755074	3.36897716222869	4.87735584638264
2.80434820291629	1.85588965494351	3.35526775315705	4.90344281058568
2.8108684502521	1.84042282769621	3.39340145443605	4.92267961144788
2.81738869758792	1.86691941636734	3.38724841862257	4.91920803436761
2.82390894492373	1.88846547593595	3.40462504438577	4.95817283682146
2.83042919225955	1.91829746598401	3.40981096812148	4.97098786653205
2.83694943959536	1.9614669097122	3.42080392900294	5.00198987414535
2.84346968693117	1.88699521408358	3.43957076742851	4.98401273575144
2.84998993426699	1.92059869210962	3.43369660358607	4.99481820792402
2.8565101816028	1.9091184716557	3.44900924505203	4.99423884753584
2.86303042893862	1.89709891905382	3.45954254158216	5.02548753870842
2.86955067627443	1.90994294634966	3.45102254983477	5.00112718022712
2.87607092361024	1.89790471967578	3.44871539263475	5.08098640960085
2.88259117094606	1.93350999777029	3.47871478565997	5.07122025357478
2.88911141828187	1.9446007226913	3.49099253954723	5.06159639223217
2.89563166561769	1.9103730759278	3.4939198596686	5.07185649389292
2.9021519129535	1.98372257468616	3.51347831461742	5.0948660193929
2.90867216028931	1.99101523604361	3.51862481203389	5.12122719558712
2.91519240762513	1.94799723227898	3.51499956761347	5.07735226281318
2.92171265496094	1.97584005607075	3.53314874683989	5.10731054113452
2.92823290229676	1.97673237653523	3.52892544350188	5.13884897647916
2.93475314963257	1.95032990174399	3.52718740545958	5.0957295700687
2.94127339696838	2.02316458930736	3.54453770678983	5.1308879213514
2.9477936443042	1.99927441609213	3.55372776705909	5.1550621242411
2.95431389164001	2.01355347664509	3.55853521034812	5.1425214930163
2.96083413897583	1.9838539888335	3.56842354154762	5.22418703790955
2.96735438631164	2.00683502434747	3.57560490205723	5.17561453673493
2.97387463364745	2.01419581442343	3.58640244377343	5.22048038012307
2.98039488098327	2.01344403137044	3.60277593463392	5.20748381005741
2.98691512831908	2.06678664064973	3.6131688100721	5.23931418441629
2.9934353756549	2.04185587535958	3.61609000154145	5.2205548689583
2.99995562299071	2.01720222581633	3.63178947597829	5.26004060585461
3.00647587032653	2.03694950035191	3.61388578564133	5.19935632749748
3.01299611766234	2.04252173122322	3.64594420956416	5.28491081871954
3.01951636499815	2.08709695937502	3.64243639548434	5.31209222948395
3.02603661233397	2.04244873772999	3.64603174694919	5.23988388278916
3.03255685966978	2.02710606131927	3.65492136209561	5.27967330603385
3.0390771070056	2.05966353867179	3.67421314011842	5.29107111202244
3.04559735434141	2.10209960362368	3.65449807680054	5.32317744117286
3.05211760167722	2.07008012712865	3.69542752186493	5.29117244710358
3.05863784901304	2.09339050788515	3.70069146821215	5.34748902787301
3.06515809634885	2.07645818798186	3.70244699184965	5.34340387278379
3.07167834368467	2.07399074292374	3.70970151492807	5.35228752168816
3.07819859102048	2.11469744079763	3.70098270117392	5.3728675939599
3.08471883835629	2.08479751606557	3.71420815111633	5.40519039329198
3.09123908569211	2.08474027385665	3.72840864145186	5.37343094326722
3.09775933302792	2.10725928190477	3.74498799587106	5.41164633082888
3.10427958036374	2.15139583480285	3.75367122346112	5.42898504214552
3.11079982769955	2.11861142818514	3.76624928360018	5.43110262999318
3.11732007503536	2.06823955604973	3.75995260419098	5.44385481579215
3.12384032237118	2.10906801501164	3.77099799040355	5.46901983005147
3.13036056970699	2.12391747810131	3.77195367181653	5.42689138196745
3.13688081704281	2.16042302724738	3.79986492736823	5.48777387178458
3.14340106437862	2.16966465032834	3.79705309333386	5.44436450363091
3.14992131171443	2.18054008984072	3.80443749536126	5.47592386737641
3.15644155905025	2.13516954479213	3.80338607431636	5.50846368708469
3.16296180638606	2.16397957707782	3.82037108110636	5.5435268006716
3.16948205372188	2.16278470147295	3.82130299985845	5.49323484542145
3.17600230105769	2.20296293529587	3.8170750655863	5.54107596338139
3.1825225483935	2.17559666642884	3.84203362647262	5.50390103578891
3.18904279572932	2.18078788367848	3.85151016547209	5.5205478284256
3.19556304306513	2.16686382913947	3.85754221882873	5.54636510630657
3.20208329040095	2.15338316360553	3.86342252174129	5.58644057464755
3.20860353773676	2.22024008236556	3.880363642319	5.58690816723348
3.21512378507257	2.21467324848847	3.8854885739424	5.54438592638621
3.22164403240839	2.19081054932173	3.8821216502487	5.58643871660838
3.2281642797442	2.24208516106688	3.90481208707458	5.61178998785842
3.23468452708002	2.23851646928769	3.92375941380488	5.60177319496065
3.24120477441583	2.26322393569482	3.90216503124578	5.60729288636804
3.24772502175164	2.23641148235541	3.92995479197021	5.6531618193152
3.25424526908746	2.25364682919186	3.93074591613149	5.66820804806228
3.26076551642327	2.23527937616383	3.94200427826234	5.69480653430163
3.26728576375909	2.25634055111096	3.92949558867913	5.71728966131206
3.2738060110949	2.24205214784291	3.97191834313665	5.70853166226739
3.28032625843071	2.23454482750158	3.96689301307742	5.74034225527861
3.28684650576653	2.25601934557833	3.97036173195607	5.72410020647346
3.29336675310234	2.22448492447975	3.97035665823867	5.73684186947545
3.29988700043816	2.28158202815137	3.98829732960248	5.7461826249777
3.30640724777397	2.284162459795	3.99238757282145	5.72870947607735
3.31292749510978	2.28443795680034	3.99353081711456	5.79691150804285
3.3194477424456	2.25838734399144	4.00683870726675	5.78592479129479
3.32596798978141	2.25709510495556	4.0254514189509	5.81317925368672
3.33248823711723	2.26185091705989	4.02221626144504	5.81293068579606
3.33900848445304	2.34024635480515	4.03535661172114	5.80841293248953
3.34552873178885	2.31948113043918	4.03749848336535	5.8349950063997
3.35204897912467	2.32333816509911	4.04562993764699	5.84449351167337
3.35856922646048	2.31023074701173	4.06121397577256	5.84338822828864
3.3650894737963	2.3478514130235	4.07905071398387	5.88140875157109
3.37160972113211	2.32381841117717	4.09237339766941	5.89652154527004
3.37812996846793	2.37720584549687	4.07398360505478	5.87816603659594
3.38465021580374	2.3735455789796	4.09427355902112	5.86078745594169
3.39117046313955	2.3345699271777	4.10967253594109	5.94677188897651
3.39769071047537	2.34396408090344	4.09396591069747	5.90873458630681
3.40421095781118	2.30744405982916	4.10861429040029	5.88706041084275
3.410731205147	2.33797308508941	4.12413514711553	5.92169191643772
3.41725145248281	2.30053571299	4.12309827005397	5.89610992386205
3.42377169981862	2.34428413124321	4.1443795659654	5.93990454863189
3.43029194715444	2.41181367071735	4.15681124621706	5.98285872000424
3.43681219449025	2.34639734903232	4.15767954964748	5.99123300056436
3.44333244182607	2.36249493158629	4.15677147272252	5.9930940771723
3.44985268916188	2.36283362221456	4.16739392303349	6.04429465743127
3.45637293649769	2.38674879113011	4.17235793909484	6.01807963914951
3.46289318383351	2.39715597015699	4.18637826350553	6.04078406467081
3.46941343116932	2.43069840462927	4.19462300700543	5.96611908871059
3.47593367850514	2.41607713877067	4.19033244868957	6.06462817290067
3.48245392584095	2.41002672557703	4.20888185844602	6.04077718918157
3.48897417317676	2.38507008097226	4.21244145946147	6.08214394725283
3.49549442051258	2.39671427767914	4.22852354510414	6.03631906444152
3.50201466784839	2.40296474059344	4.2331217636224	6.0923631355298
3.50853491518421	2.45663719629785	4.24920841053572	6.07325251528023
3.51505516252002	2.4419597548633	4.26505494002954	6.05711455868244
3.52157540985583	2.4522800657243	4.26408695633987	6.12051157059737
3.52809565719165	2.44483208649636	4.26250336428142	6.09514519958676
3.53461590452746	2.44922851695234	4.26952473742246	6.15059491378025
3.54113615186328	2.4542195174243	4.28872925355547	6.12535836479004
3.54765639919909	2.45211981463091	4.29416299911463	6.16326242504092
3.5541766465349	2.44880096601783	4.31358658629658	6.14778200443694
3.56069689387072	2.49637831403615	4.30652818955136	6.19361200757573
3.56721714120653	2.4934393786672	4.32220571475914	6.18244437398826
3.57373738854235	2.48406993844742	4.3188242387185	6.19839330371996
3.58025763587816	2.48688987658144	4.34393794772084	6.24335492358973
3.58677788321397	2.4897954662913	4.34841987094833	6.20949436082473
3.59329813054979	2.4914106569054	4.34565076621605	6.20270220476546
3.5998183778856	2.50305464657438	4.33847409380177	6.22959332438852
3.60633862522142	2.53564721164549	4.36532845826126	6.28387791665061
3.61285887255723	2.52137211127281	4.36582009314359	6.28953001994615
3.61937911989304	2.53261847128169	4.37524868349879	6.27471213155555
3.62589936722886	2.51772175806931	4.39609708239026	6.34905304106562
3.63241961456467	2.49817712029346	4.39248916978877	6.25443866829476
3.63893986190049	2.48830328349587	4.40882956011496	6.29624422541763
3.6454601092363	2.52167528488937	4.41650935254219	6.33817309757787
3.65198035657212	2.5301600495248	4.42416143546725	6.36687542035916
3.65850060390793	2.53719806109791	4.43565176651634	6.31120249344116
3.66502085124374	2.49882292326754	4.44533029247129	6.33309103388568
3.67154109857956	2.54162415285934	4.43437156005687	6.37513511985196
3.67806134591537	2.56103150985667	4.44633334388725	6.39794702687307
3.68458159325119	2.51983409152639	4.44864865727927	6.4194137208256
3.691101840587	2.53756148026558	4.46445097826168	6.39258841499051
3.69762208792281	2.59849270640716	4.47659342956094	6.39218165441282
3.70414233525863	2.5593497002871	4.48306266362853	6.41526809871951
3.71066258259444	2.64536716032594	4.49751265130441	6.43585865502427
3.71718282993026	2.58366030264713	4.49531117914447	6.46413177566608
3.72370307726607	2.618682652227	4.50369361087119	6.49048420034058
3.73022332460188	2.62672300817079	4.51058868594626	6.49828972562377
3.7367435719377	2.59868985034384	4.51813697637858	6.49380171122815
3.74326381927351	2.65255292455638	4.52979631531648	6.50839631005295
3.74978406660933	2.63883463330413	4.52960324815514	6.50427784485018
3.75630431394514	2.58710217233241	4.55760340834901	6.5253479165365
3.76282456128095	2.61602738031196	4.5624323235952	6.50057520889364
3.76934480861677	2.62033822208029	4.56779834293333	6.54746277907338
3.77586505595258	2.63765536277667	4.56039720610318	6.53396232343112
3.7823853032884	2.67367634119927	4.57526886988448	6.51069851138305
3.78890555062421	2.64718341091389	4.56743356102382	6.5605897509604
3.79542579796002	2.6772375590753	4.58586927272665	6.58008444911886
3.80194604529584	2.67956965908149	4.5848413937332	6.59376602409596
3.80846629263165	2.65624671388084	4.62421833396985	6.57637150023528
3.81498653996747	2.67934110926742	4.61988267710485	6.62351660641755
3.82150678730328	2.65422494572538	4.63703322609815	6.62560097155888
3.82802703463909	2.67716821840635	4.64715959825914	6.66370329586123
3.83454728197491	2.68103673054817	4.66274428806245	6.64283912218085
3.84106752931072	2.69250328338955	4.64731984864585	6.62032965389574
3.84758777664654	2.65287827527005	4.66305401786641	6.68864428272481
3.85410802398235	2.71679945316873	4.66382539603687	6.70431694303767
3.86062827131816	2.74120990559872	4.6688977475689	6.64372925680183
3.86714851865398	2.70006801836949	4.69763020855211	6.70266116570402
3.87366876598979	2.68800369806602	4.69680871800865	6.71569060859857
3.88018901332561	2.74034755298614	4.70211572783018	6.75547151792904
3.88670926066142	2.75647617634151	4.71165963604161	6.7353458749919
3.89322950799723	2.74877830432341	4.70770133230376	6.7069159618002
3.89974975533305	2.76955922596396	4.72110311596996	6.74457049535202
3.90627000266886	2.76394549445004	4.73445864280763	6.76721550243723
3.91279025000468	2.71934029598622	4.72860048282265	6.79679693412054
3.91931049734049	2.74883512318463	4.74050203426519	6.77218359058087
3.9258307446763	2.74512190289972	4.7518269599742	6.79165366617371
3.93235099201212	2.78383796712448	4.76660856549225	6.79834667226348
3.93887123934793	2.76144790774143	4.7752196572875	6.79498669492366
3.94539148668375	2.77906705601294	4.80894339341732	6.84088817886516
3.95191173401956	2.80313380974808	4.78294014620797	6.79824719742489
3.95843198135538	2.77638009277814	4.81387914767618	6.83940845429477
3.96495222869119	2.76643806162463	4.8077996499596	6.90215174242752
3.971472476027	2.78185744786928	4.82856336645768	6.86488219751339
3.97799272336282	2.76696234249585	4.83223078491552	6.92811723249308
3.98451297069863	2.81112288761565	4.84120439140468	6.90651370113841
3.99103321803444	2.83782342593484	4.82551145429678	6.89299911168275
3.99755346537026	2.81022937020097	4.85143968395897	6.90851606363397
4.00407371270607	2.78608651445496	4.85359910906561	6.95505719109666
4.01059396004189	2.81258254747281	4.85513339555918	6.90823601036897
4.0171142073777	2.82556355411168	4.85103054617541	6.96106998246642
4.02363445471352	2.8121408355668	4.87283538217062	6.98719416033213
4.03015470204933	2.81128583064486	4.90078943074618	6.9991047093882
4.03667494938514	2.86623894693443	4.89799461128209	6.96792729520839
4.04319519672096	2.8968118483739	4.90117826834525	6.99359916377897
4.04971544405677	2.83088479666341	4.89575102420902	7.00222865588389
4.05623569139258	2.82316641643365	4.91734889115961	7.00143085284182
4.0627559387284	2.90114591618115	4.91149012013834	7.05381663846814
4.06927618606421	2.83972137111025	4.92951792252827	7.03936840386553
4.07579643340003	2.89433104314739	4.94677534823865	7.02247320774331
4.08231668073584	2.84870372285176	4.9631113765858	7.06378783752501
4.08883692807166	2.88911493922567	4.96673819101539	7.07029073581121
4.09535717540747	2.88305330373664	4.97226714973189	7.10626678049236
4.10187742274328	2.93178981032058	4.95812252944505	7.08132042745573
4.1083976700791	2.88632570609669	4.99951116511831	7.06204053836883
4.11491791741491	2.88208556589906	4.99265297105959	7.11096344418844
4.12143816475073	2.90737764694906	5.00185281671123	7.13050606646443
4.12795841208654	2.93788016348019	5.00747964034276	7.12353785329885
4.13447865942235	2.92775180509741	5.01569643699794	7.18907340993912
4.14099890675817	2.93207922934506	5.03154517254892	7.106213815094
4.14751915409398	2.92633853315683	5.05279598542242	7.1826471210638
4.1540394014298	2.97539194964454	5.03691363024574	7.17429536055425
4.16055964876561	2.90633261168986	5.02820924900335	7.18498591194397
4.16707989610143	2.97895578205072	5.0624853168658	7.23130540815101
4.17360014343724	2.96349083487078	5.05165667695852	7.2287669419498
4.18012039077305	2.97593087846852	5.07067947129042	7.22845915198042
4.18664063810887	3.0055002531843	5.06516360896559	7.19093346498161
4.19316088544468	2.94914922862682	5.08322571588059	7.25278776263873
4.19968113278049	2.96293114551591	5.0850055683336	7.26357448461949
4.20620138011631	2.95034139936013	5.09409734746247	7.25816736947007
4.21272162745212	2.95536448286125	5.11865630408434	7.3417583718194
4.21924187478794	2.99765444015909	5.11422461764672	7.31265440718858
4.22576212212375	3.00519246027166	5.12143417743143	7.40940363616651
4.23228236945956	2.97555609523468	5.12022044750526	7.2801915856293
4.23880261679538	3.02044301465203	5.16750463614564	7.30164112740249
4.24532286413119	2.99556400784146	5.1499056604484	7.37177522576543
4.25184311146701	3.00783853714086	5.17003865328236	7.35489197305305
4.25836335880282	3.01805637200525	5.16055572984102	7.36808805722837
4.26488360613864	2.99547845877997	5.17387367945183	7.37870754849966
4.27140385347445	2.95115919271966	5.17780271845178	7.38752780122321
4.27792410081026	3.04009175194093	5.20086658235543	7.38994595396767
4.28444434814608	3.06935050925942	5.21253160349182	7.42021939881668
4.29096459548189	3.05192252800863	5.19581731497733	7.40945450386538
4.2974848428177	3.02019536847065	5.24904837625351	7.43947471715002
4.30400509015352	3.08868508171025	5.20873358744428	7.48920150477843
4.31052533748933	3.04987297761289	5.24127410873049	7.48863076967762
4.31704558482515	3.03371177332966	5.24356391517769	7.45559234236768
4.32356583216096	3.05575418083118	5.24440787510985	7.50893471528809
4.33008607949678	3.04486150541504	5.23301402590113	7.49272929148948
4.33660632683259	3.07975955867039	5.25971740279982	7.51021673261424
4.3431265741684	3.07290051693847	5.27077594668527	7.50862262235374
4.34964682150422	3.05733003667552	5.28758663280523	7.50415074678769
4.35616706884003	3.12092247332704	5.27819200778626	7.51212029630815
4.36268731617585	3.07470848053703	5.30797976611202	7.53713435700231
4.36920756351166	3.07803907966883	5.30861231292035	7.50182676910221
4.37572781084747	3.0674690035647	5.31411511697242	7.57372511495997
4.38224805818329	3.09716546949373	5.31394103871321	7.57237904436794
4.3887683055191	3.07098080481249	5.32248621076769	7.61418548860307
4.39528855285492	3.07617399813728	5.32336296007748	7.53366561634046
4.40180880019073	3.15045799650167	5.33422963506928	7.56542549430554
4.40832904752654	3.10941162462677	5.35546728340004	7.63167866490342
4.41484929486236	3.17715111011424	5.35959616126878	7.62976929829725
4.42136954219817	3.13824656556283	5.37209748267284	7.61183239054239
4.42788978953399	3.0868580878096	5.39197292962078	7.69690326458646
4.4344100368698	3.14002927343049	5.38147360968326	7.6684676725744
4.44093028420561	3.11767294197474	5.39981240638636	7.71193119690941
4.44745053154143	3.14789286404444	5.4051137338807	7.68973088603949
4.45397077887724	3.19143284922948	5.41159348538062	7.71309442583765
4.46049102621306	3.09196158406059	5.4339494940389	7.72205545636341
4.46701127354887	3.20296801117634	5.43495029462999	7.71083987698792
4.47353152088468	3.14937235808981	5.44934664187874	7.70902109630312
4.4800517682205	3.18361881503958	5.43735253841604	7.74015373186196
4.48657201555631	3.13799923691738	5.43270789865559	7.74660259012631
4.49309226289213	3.14385525536319	5.44877644429005	7.7295160546801
4.49961251022794	3.17611672124322	5.45757942486804	7.76323502724004
4.50613275756375	3.17620534087701	5.46381822751329	7.8264816414728
4.51265300489957	3.14747991066588	5.48446281519594	7.77266952969933
4.51917325223538	3.174880496027	5.50246720663343	7.83505722653371
4.5256934995712	3.20500788941389	5.50207196123368	7.81559247421413
4.53221374690701	3.2107156571006	5.50215007078008	7.88691938247265
4.53873399424283	3.15567048161294	5.52611768748721	7.84122613528614
4.54525424157864	3.26718429704198	5.53021749342294	7.85934452432865
4.55177448891445	3.1998237420387	5.52755006754248	7.84886629559152
4.55829473625027	3.23893482494503	5.54504071866819	7.91869213579072
4.56481498358608	3.28472079989661	5.53261459303988	7.9171347118433
4.57133523092189	3.24949314959645	5.55372723389924	7.88990183484
4.57785547825771	3.24234834317603	5.5602813932589	7.92771952308775
4.58437572559352	3.28614452199798	5.57438882485712	7.91448329051916
4.59089597292934	3.25901655329758	5.58836357720261	7.9908451445005
4.59741622026515	3.24668243363761	5.5822285636277	7.95928016662479
4.60393646760097	3.25462982461357	5.59296396662705	7.95276076767382
4.61045671493678	3.30848188849572	5.60833038404267	7.95306467279964
