"mitochan"	"lwrNorm"	"medNorm"	"uprNorm"
-1.90327037354145	-3.00378967561179	-1.91075183595266	-0.810603854969366
-1.89755293934577	-2.98931333124523	-1.89436266960993	-0.79250872399314
-1.8918355051501	-2.9727733041295	-1.90222699535224	-0.800533979942742
-1.88611807095443	-2.95803072933474	-1.88687634578053	-0.802924491259332
-1.88040063675875	-2.94449642289146	-1.88095166981037	-0.779733968786975
-1.87468320256308	-2.91251162983971	-1.87079340044087	-0.762812246408597
-1.8689657683674	-2.97566922117188	-1.87147497665622	-0.773297568935727
-1.86324833417173	-2.92043315120979	-1.86819450854365	-0.731506952647601
-1.85753089997605	-2.91101284331429	-1.85502511294414	-0.783041270569957
-1.85181346578038	-2.90609902328686	-1.85570770138912	-0.771312102401527
-1.8460960315847	-2.89411713043382	-1.85226929808719	-0.744504197851306
-1.84037859738903	-2.8941266505956	-1.83106960653936	-0.737752794166796
-1.83466116319335	-2.86907177933197	-1.84374822987283	-0.730718213913277
-1.82894372899768	-2.89134520484653	-1.83487720390037	-0.741703247068634
-1.82322629480201	-2.89934577620354	-1.83040052047991	-0.753938551597608
-1.81750886060633	-2.83899846228699	-1.81857265889257	-0.749874063327427
-1.81179142641066	-2.87604093762982	-1.8209023509034	-0.743307306557598
-1.80607399221498	-2.79535634556467	-1.79787806293228	-0.706915184239248
-1.80035655801931	-2.83622220775779	-1.8003350967483	-0.701099553411566
-1.79463912382363	-2.81645493680195	-1.79995335967961	-0.737521747191993
-1.78892168962796	-2.85999048140878	-1.78479440223364	-0.720409188418934
-1.78320425543228	-2.80051377589945	-1.78279905440982	-0.737030111158364
-1.77748682123661	-2.77986378465129	-1.76960252817699	-0.713635075423191
-1.77176938704093	-2.79686831594563	-1.77654706762684	-0.689153218749812
-1.76605195284526	-2.83967393926686	-1.76499128043995	-0.698595706151256
-1.76033451864959	-2.80735390352187	-1.75288979600564	-0.703384617110304
-1.75461708445391	-2.74392246116961	-1.74829355130857	-0.688675867306475
-1.74889965025824	-2.76994637001019	-1.75331826954258	-0.665293107469531
-1.74318221606256	-2.75328851097111	-1.73522118131967	-0.670222101357323
-1.73746478186689	-2.76201750389529	-1.73439913887267	-0.68017890875716
-1.73174734767121	-2.72067140405253	-1.72881112248678	-0.666928611941501
-1.72602991347554	-2.73994139592383	-1.71572835010479	-0.677516007049231
-1.72031247927986	-2.72873794606348	-1.72307916416225	-0.658198860192542
-1.71459504508419	-2.67498041933406	-1.71660977738399	-0.702996840482437
-1.70887761088851	-2.69459834405947	-1.69640024392584	-0.641206178589326
-1.70316017669284	-2.70213459134826	-1.69958363007689	-0.644089385157204
-1.69744274249717	-2.72415394091394	-1.70038638796271	-0.651222581845685
-1.69172530830149	-2.70298004151514	-1.68348895686406	-0.661147200194881
-1.68600787410582	-2.68252118957136	-1.68665384449328	-0.660082245061096
-1.68029043991014	-2.65995162859566	-1.66783703673289	-0.630831757486717
-1.67457300571447	-2.6600790842022	-1.66650583849957	-0.618671611263727
-1.66885557151879	-2.66235250130037	-1.66074482566162	-0.664828820252299
-1.66313813732312	-2.65220828090741	-1.66078474403811	-0.646521817674291
-1.65742070312744	-2.63755254803857	-1.64864437771732	-0.63073257526208
-1.65170326893177	-2.61606633424177	-1.64130980523905	-0.644498444532011
-1.64598583473609	-2.60578455346768	-1.63912748544666	-0.617379304541948
-1.64026840054042	-2.59947200867735	-1.62788286063079	-0.627985475237114
-1.63455096634475	-2.59845212304871	-1.63104887330415	-0.630831388731027
-1.62883353214907	-2.59857548686044	-1.62028168130984	-0.622973883858693
-1.6231160979534	-2.57790674432095	-1.61711233753781	-0.607230405665458
-1.61739866375772	-2.56531236434452	-1.61185252499928	-0.608153304607761
-1.61168122956205	-2.54129557284225	-1.6012659346408	-0.569524981033599
-1.60596379536637	-2.56571814399782	-1.60508519928359	-0.600753231501299
-1.6002463611707	-2.55205300978928	-1.59471425411545	-0.577259078451177
-1.59452892697502	-2.57144441906683	-1.58345688738491	-0.58031519230168
-1.58881149277935	-2.52822068620682	-1.5669045648496	-0.564179543549852
-1.58309405858367	-2.53796356389047	-1.57160842893785	-0.565293035421519
-1.577376624388	-2.50990170419585	-1.56962487561854	-0.557572468303834
-1.57165919019233	-2.49958885188671	-1.56721498230207	-0.573592331336529
-1.56594175599665	-2.52142727996941	-1.56313759291567	-0.573755538980739
-1.56022432180098	-2.48267065161394	-1.54922013486515	-0.569264063588263
-1.5545068876053	-2.49975519453279	-1.54210303312094	-0.539930168145118
-1.54878945340963	-2.46337804740375	-1.54149648197833	-0.564222661077014
-1.54307201921395	-2.48094970009344	-1.52996857479206	-0.553287521234928
-1.53735458501828	-2.45752910100138	-1.5236315738456	-0.557318248836055
-1.5316371508226	-2.46707914571438	-1.52485728225984	-0.545824994465629
-1.52591971662693	-2.43565516298191	-1.51818481512035	-0.54573921538343
-1.52020228243125	-2.44634686373156	-1.5139591117536	-0.545272042286526
-1.51448484823558	-2.42237861391379	-1.50703443804779	-0.52793642582082
-1.50876741403991	-2.43227106343304	-1.49827204892358	-0.517609723018508
-1.50304997984423	-2.4363284312979	-1.49030813379497	-0.516423012141583
-1.49733254564856	-2.42410138360456	-1.47589001399618	-0.5380459636033
-1.49161511145288	-2.41295108443454	-1.47398145804364	-0.556040867580328
-1.48589767725721	-2.39632107222132	-1.47694062433015	-0.531818262594561
-1.48018024306153	-2.38098584445174	-1.46460538411476	-0.507865095744504
-1.47446280886586	-2.37826827658677	-1.46759789922863	-0.55034782090527
-1.46874537467018	-2.35844247347759	-1.45365531151144	-0.505469633457616
-1.46302794047451	-2.3587378726043	-1.4478563964953	-0.478073614359524
-1.45731050627883	-2.36807102498892	-1.43698701507368	-0.487691351390132
-1.45159307208316	-2.34813288201232	-1.43907093455721	-0.496240886325901
-1.44587563788749	-2.37794127514299	-1.43189805766059	-0.518806325141163
-1.44015820369181	-2.33038080938284	-1.43273347240153	-0.463985383448183
-1.43444076949614	-2.3398705054696	-1.40966598020738	-0.467045679685651
-1.42872333530046	-2.2904981739474	-1.41110856921673	-0.484967393739494
-1.42300590110479	-2.31272227807418	-1.3989548641704	-0.464683698607635
-1.41728846690911	-2.27776267604245	-1.40260782443604	-0.493419204812388
-1.41157103271344	-2.29644821150217	-1.38926588388083	-0.484841415924827
-1.40585359851776	-2.27437569924398	-1.39883520688067	-0.497086862608134
-1.40013616432209	-2.25592134213933	-1.37254056772017	-0.483445237791144
-1.39441873012641	-2.28608127579971	-1.37634554162412	-0.469635734904304
-1.38870129593074	-2.24113396172605	-1.36429250106614	-0.45550228349286
-1.38298386173507	-2.25486861661338	-1.36515536479786	-0.419142929775524
-1.37726642753939	-2.22067682770803	-1.3568375639401	-0.461501949905633
-1.37154899334372	-2.25494086749372	-1.35308687741807	-0.438550445357734
-1.36583155914804	-2.23681942971207	-1.33954781071777	-0.447430508414386
-1.36011412495237	-2.20040958185975	-1.34693498928454	-0.442203026740704
-1.35439669075669	-2.20748557866439	-1.33506839891873	-0.419904440083353
-1.34867925656102	-2.21191959879917	-1.33547905682037	-0.425600003606182
-1.34296182236534	-2.21581609603316	-1.31878783731359	-0.424230457051392
-1.33724438816967	-2.20338309282786	-1.32066430244016	-0.456904667407368
-1.33152695397399	-2.16796606099456	-1.30650798034923	-0.415754954936017
-1.32580951977832	-2.16263136141026	-1.31122311691446	-0.398930822786753
-1.32009208558265	-2.16742542342748	-1.298271110385	-0.398720840873711
-1.31437465138697	-2.1495184513168	-1.28846572038014	-0.40926421166395
-1.3086572171913	-2.14225092103327	-1.28125747086313	-0.379258172324118
-1.30293978299562	-2.15654224167525	-1.27114208629557	-0.390244217039757
-1.29722234879995	-2.11363770490644	-1.28477521515658	-0.386338242821029
-1.29150491460427	-2.13523199673834	-1.27125928925349	-0.410241108992657
-1.2857874804086	-2.10553794809137	-1.2573460564533	-0.387598309991071
-1.28007004621292	-2.08600374355395	-1.25479047102734	-0.388085345367436
-1.27435261201725	-2.10873216233188	-1.25172074835462	-0.376635089226414
-1.26863517782157	-2.0903822307772	-1.23420106119239	-0.395320631416375
-1.2629177436259	-2.0734076523738	-1.23912235004688	-0.356726112300344
-1.25720030943023	-2.07836936941688	-1.23453704187218	-0.372263148168636
-1.25148287523455	-2.06246918507369	-1.21841168032367	-0.354889657085406
-1.24576544103888	-2.07682763562622	-1.21632447375552	-0.37540270846389
-1.2400480068432	-2.04815708707596	-1.22116377661714	-0.360080928564902
-1.23433057264753	-2.04724131272691	-1.19860074413662	-0.342987607064223
-1.22861313845185	-2.02440070095898	-1.2007760953302	-0.364392141993359
-1.22289570425618	-2.04383822516559	-1.19985773465438	-0.328254084337743
-1.2171782700605	-2.0024384514872	-1.19871447723033	-0.340909640539817
-1.21146083586483	-2.04177936046961	-1.18069881070716	-0.353400721371708
-1.20574340166915	-1.98578588412091	-1.17297927885243	-0.325247984937923
-1.20002596747348	-1.98684027439417	-1.16762686772194	-0.345646647619129
-1.19430853327781	-1.99671065403179	-1.16344905586487	-0.32203594209556
-1.18859109908213	-1.97332262621325	-1.15883021477104	-0.310420166778135
-1.18287366488646	-1.97079015559487	-1.15395066292377	-0.317700832785196
-1.17715623069078	-1.98931393137658	-1.14570395968157	-0.309824816360541
-1.17143879649511	-1.94874816416365	-1.14810994591159	-0.326702690415546
-1.16572136229943	-1.94405054496152	-1.14290348867061	-0.294242264854091
-1.16000392810376	-1.93666337813024	-1.12998673092796	-0.303799517005943
-1.15428649390808	-1.95118411965353	-1.11863070624476	-0.293460226230677
-1.14856905971241	-1.92488228807878	-1.11098889501867	-0.259563717819969
-1.14285162551673	-1.91254979615034	-1.10691282122705	-0.274436612354539
-1.13713419132106	-1.90355348556167	-1.10769351080551	-0.294036452322197
-1.13141675712539	-1.89917511037242	-1.09441525205923	-0.257322484333692
-1.12569932292971	-1.89422314419571	-1.09620119707792	-0.292577023628095
-1.11998188873404	-1.90705320172715	-1.09408001444371	-0.248596737855698
-1.11426445453836	-1.87975849316181	-1.08077997148587	-0.278868391565534
-1.10854702034269	-1.89119891076303	-1.06460606945723	-0.251970938732368
-1.10282958614701	-1.88326820998592	-1.07076409490044	-0.244951389369576
-1.09711215195134	-1.86958631874208	-1.07452020778763	-0.25633967258017
-1.09139471775566	-1.83984209111836	-1.05955609821191	-0.23751051244755
-1.08567728355999	-1.85139952485085	-1.04521354899489	-0.245816949733497
-1.07995984936431	-1.86221307448923	-1.0478634904233	-0.240618113186098
-1.07424241516864	-1.82494269485319	-1.03942167953615	-0.237121984970999
-1.06852498097297	-1.81509147605822	-1.02985415217916	-0.208018668933562
-1.06280754677729	-1.8060008970435	-1.0267987106606	-0.212228635902148
-1.05709011258162	-1.79765826110352	-1.02410411132112	-0.226509669717287
-1.05137267838594	-1.79484010705685	-1.02570916092494	-0.211735198583851
-1.04565524419027	-1.7744801505091	-1.00318080331858	-0.20075846300927
-1.03993780999459	-1.79997694071907	-1.0115274615798	-0.245131250341241
-1.03422037579892	-1.78941912287581	-0.99881095743469	-0.223116307472353
-1.02850294160324	-1.75423747666071	-0.990084796696895	-0.202888089479574
-1.02278550740757	-1.74322407908179	-0.997291330958637	-0.202963500907625
-1.01706807321189	-1.72755077361509	-0.972483259971257	-0.2124435763737
-1.01135063901622	-1.73033750783066	-0.969711268870789	-0.201885938550698
-1.00563320482055	-1.72927135042445	-0.964175522481351	-0.202127510424244
-0.999915770624871	-1.71161082309279	-0.968548279671921	-0.188514264944897
-0.994198336429197	-1.7245060882291	-0.957045378277218	-0.20991842484675
-0.988480902233522	-1.70379631105078	-0.94890217336051	-0.167709597650082
-0.982763468037848	-1.72479799425633	-0.946005390420998	-0.159054994047554
-0.977046033842173	-1.67398415958331	-0.937850747147886	-0.163768056632741
-0.971328599646498	-1.71419327533954	-0.926919024929253	-0.174986837275674
-0.965611165450824	-1.69208757293154	-0.934659918771217	-0.155707871753684
-0.959893731255149	-1.67127353128511	-0.918770626267113	-0.177438514776789
-0.954176297059475	-1.65990236418146	-0.915786454929733	-0.158336483777684
-0.9484588628638	-1.64950170393073	-0.909759858992266	-0.162372356682617
-0.942741428668126	-1.65783032577547	-0.909957598481398	-0.122169131145181
-0.937023994472451	-1.62320320484155	-0.894373857078276	-0.140069426474217
-0.931306560276777	-1.64354216558543	-0.886690917180544	-0.14776684422742
-0.925589126081102	-1.64184724247958	-0.879888850152342	-0.124858617194308
-0.919871691885428	-1.63041360678674	-0.872995931783338	-0.123769514057538
-0.914154257689753	-1.59175062006656	-0.879846668093343	-0.150629304055478
-0.908436823494078	-1.59246452884921	-0.863099971952677	-0.123714779656638
-0.902719389298404	-1.59015175936475	-0.866047753422568	-0.125575294442864
-0.897001955102729	-1.58221650424057	-0.854496815863201	-0.094644078361973
-0.891284520907055	-1.60950005944327	-0.844148823565108	-0.102221056479091
-0.88556708671138	-1.57878237891205	-0.848704981519588	-0.0948774337334596
-0.879849652515706	-1.56305367263699	-0.839264584958167	-0.0872781905451393
-0.874132218320031	-1.56898188725355	-0.831405857545612	-0.106369612031622
-0.868414784124357	-1.55023185415073	-0.825355696321808	-0.09957102677117
-0.862697349928682	-1.55408547623898	-0.808907528311592	-0.0789422662797137
-0.856979915733008	-1.52348177498663	-0.815348140788813	-0.08300967737261
-0.851262481537333	-1.51791279921959	-0.814050037848219	-0.0770078291993761
-0.845545047341658	-1.51646666862216	-0.787738963444322	-0.0587442487297431
-0.839827613145984	-1.52051000365294	-0.793210971142794	-0.0541447987565455
-0.834110178950309	-1.48342095132861	-0.782559757664433	-0.0417280216207162
-0.828392744754635	-1.52146808608361	-0.790182627236047	-0.0735918948179229
-0.82267531055896	-1.49104845054909	-0.772507203870765	-0.0829673487563525
-0.816957876363286	-1.49139769379379	-0.769738507626256	-0.059124092369443
-0.811240442167611	-1.46295634306873	-0.765852478232892	-0.0664130536089154
-0.805523007971937	-1.45672212351889	-0.761669452893124	-0.0418618723345375
-0.799805573776262	-1.46307849717314	-0.751645045186213	-0.0416640709598412
-0.794088139580588	-1.48368265681185	-0.738412603812856	-0.0415213299093535
-0.788370705384913	-1.46116420281271	-0.743054443045143	-0.0334429297438688
-0.782653271189238	-1.46778754080374	-0.736535982369676	-0.0196044635414112
-0.776935836993564	-1.4539388706633	-0.730073249732587	-0.00526310505277363
-0.77121840279789	-1.43768083105163	-0.728134539090211	-0.0151985672982172
-0.765500968602215	-1.44681239423709	-0.719115648062788	-0.0160495155823467
-0.75978353440654	-1.40690830504161	-0.711684626245813	0.00857969427883306
-0.754066100210866	-1.38348786461553	-0.711973322530387	-0.0147638355227034
-0.748348666015191	-1.39250593928135	-0.699654201594951	-0.00913160355776126
-0.742631231819517	-1.38714005900849	-0.694954603673664	0.0136983343445479
-0.736913797623842	-1.38781034795695	-0.693003363731267	0.0169250385375853
-0.731196363428168	-1.34234606427128	-0.670814238443266	0.00401134003707779
-0.725478929232493	-1.38921979495101	-0.683918575085962	-0.0120622993909169
-0.719761495036819	-1.35055717857356	-0.669149286278601	0.036813908346819
-0.714044060841144	-1.35039101813391	-0.657275854296415	0.0196337185361723
-0.70832662664547	-1.32696484656454	-0.657411196278172	0.0151461798544805
-0.702609192449795	-1.33582606869809	-0.638368160905117	0.0407353288403542
-0.69689175825412	-1.34478774450582	-0.649159108211774	0.0511750461507911
-0.691174324058446	-1.32968411399142	-0.63545820405868	0.0501964181538779
-0.685456889862771	-1.3144857127378	-0.634621135028857	0.052927620840538
-0.679739455667097	-1.28936274206543	-0.625871653536517	0.0522310625476749
-0.674022021471422	-1.3064032376044	-0.621916638411589	0.054138819526126
-0.668304587275748	-1.29100500154658	-0.610883811697991	0.0579674224062169
-0.662587153080073	-1.31713466814804	-0.607335084181666	0.0612672226933918
-0.656869718884399	-1.27215862085317	-0.604840484618518	0.0982001298348485
-0.651152284688724	-1.26890965416027	-0.598007871344362	0.0535693063151369
-0.645434850493049	-1.2808960128777	-0.594124733600852	0.0865692948416256
-0.639717416297375	-1.25577111980724	-0.584548628234051	0.0989273771537363
-0.6339999821017	-1.23945471475769	-0.571693884959233	0.10490585516914
-0.628282547906026	-1.23750129936184	-0.574253131095441	0.080425065009343
-0.622565113710351	-1.25533488523761	-0.577240780198451	0.122381674795095
-0.616847679514677	-1.24889943669117	-0.565209015423971	0.109285144552843
-0.611130245319002	-1.22064165634633	-0.556424645689469	0.0997534542542892
-0.605412811123328	-1.22628201984216	-0.545112233500823	0.126744317086926
-0.599695376927653	-1.19857165403028	-0.540786289513821	0.105726215680131
-0.593977942731978	-1.186486046151	-0.537802393017346	0.0996037610901253
-0.588260508536304	-1.17359480218278	-0.535638981650147	0.102384348982517
-0.58254307434063	-1.19578671417148	-0.521961104942788	0.140284228980492
-0.576825640144955	-1.18834524386582	-0.525434906192838	0.125391009586356
-0.57110820594928	-1.17422355239199	-0.510471316321823	0.1334711472659
-0.565390771753606	-1.17755402919609	-0.505853742760771	0.149044496150949
-0.559673337557931	-1.1597215962839	-0.507893979971085	0.152556083177565
-0.553955903362257	-1.1387434950051	-0.491530230356841	0.127512273615779
-0.548238469166582	-1.14396243340263	-0.483754573849095	0.136018333172254
-0.542521034970908	-1.12716088478717	-0.48447884491896	0.171031931688515
-0.536803600775233	-1.12699295073216	-0.477380433639925	0.150774673717837
-0.531086166579559	-1.12836602095614	-0.472284496485189	0.189354294119315
-0.525368732383884	-1.14399730344071	-0.464830442920889	0.190226865116954
-0.51965129818821	-1.1145847019228	-0.459678128118599	0.185259105958131
-0.513933863992535	-1.11134350251757	-0.444806759779521	0.191664200401818
-0.50821642979686	-1.0880333333552	-0.447630837568727	0.172085587312985
-0.502498995601186	-1.09384005109347	-0.440291792367478	0.204436750645525
-0.496781561405511	-1.07765241844604	-0.434803522632913	0.207575239825241
-0.491064127209837	-1.08117211490282	-0.43177715583884	0.192164809803664
-0.485346693014162	-1.08536288377032	-0.423501905115938	0.219854120032232
-0.479629258818488	-1.07600728486461	-0.412898222828852	0.215046124041148
-0.473911824622813	-1.0510962311699	-0.40345053425882	0.217362676335397
-0.468194390427139	-1.04772874391703	-0.412735343622749	0.252275975112778
-0.462476956231464	-1.03859990989524	-0.393492386952095	0.214798540995536
-0.45675952203579	-1.0248167871024	-0.386100951406785	0.228484983699689
-0.451042087840115	-1.02410179361643	-0.38080979011614	0.23913656230585
-0.44532465364444	-1.02850726931174	-0.379414086472025	0.253702353158957
-0.439607219448766	-1.02988745515397	-0.369106554624377	0.254221692335184
-0.433889785253091	-1.01456649929289	-0.367146684695054	0.251786258062375
-0.428172351057417	-0.992290721608992	-0.362363964236583	0.240812450466198
-0.422454916861742	-0.979557826910955	-0.359650824843072	0.256796969893822
-0.416737482666068	-1.00127598045524	-0.346639087779147	0.258639047791557
-0.411020048470393	-0.987029529843806	-0.342347835401107	0.280075853372686
-0.405302614274719	-0.974550476106194	-0.330029975291147	0.26173746411899
-0.399585180079044	-0.96159322245113	-0.322371653647624	0.263336346571156
-0.39386774588337	-0.972175260204888	-0.322694619618385	0.319407227319754
-0.388150311687695	-0.956123981608242	-0.325745964673344	0.275500574798208
-0.38243287749202	-0.956392147413165	-0.320729301844691	0.27973606467441
-0.376715443296346	-0.95619896144643	-0.30685148613281	0.285388096125823
-0.370998009100671	-0.937187255791281	-0.301302844623112	0.311011259344977
-0.365280574904997	-0.91181322615794	-0.297390561192773	0.286593100498019
-0.359563140709322	-0.901096330999274	-0.293174796446314	0.314365762673983
-0.353845706513648	-0.925534878202113	-0.279558317125359	0.319886945438845
-0.348128272317973	-0.897507638403679	-0.274150099279554	0.321349319971987
-0.342410838122299	-0.883732160106336	-0.255433439137979	0.354035624509771
-0.336693403926624	-0.901825095127427	-0.259312037526919	0.339926747432688
-0.33097596973095	-0.866194763065456	-0.257246673291417	0.351020662095991
-0.325258535535275	-0.877470534598875	-0.257250277843728	0.339594556162533
-0.319541101339601	-0.876434896322168	-0.247065078687713	0.346122279246132
-0.313823667143926	-0.865311495071412	-0.240903830604657	0.359317219971608
-0.308106232948251	-0.859264198482639	-0.231929607942443	0.342234247321232
-0.302388798752577	-0.884051824710769	-0.222617747933297	0.366960249618017
-0.296671364556902	-0.84911984832297	-0.220585208426341	0.375159306385294
-0.290953930361228	-0.827213889799709	-0.216388001351779	0.385573925141203
-0.285236496165553	-0.849582856796567	-0.216123319768041	0.387586274438135
-0.279519061969879	-0.82559981897543	-0.202078786654737	0.395609332954653
-0.273801627774204	-0.802946767579585	-0.197426878870343	0.403653612949904
-0.26808419357853	-0.826630775547238	-0.189295986865529	0.381578210042643
-0.262366759382855	-0.798869270283746	-0.187257610815129	0.39953588269376
-0.256649325187181	-0.777067700838437	-0.189403945841636	0.424301671088048
-0.250931890991506	-0.783254479496266	-0.166864642833439	0.401801595164511
-0.245214456795831	-0.774933316005517	-0.168037738971786	0.416619777379444
-0.239497022600157	-0.77024911155358	-0.16020645413933	0.428456679955318
-0.233779588404482	-0.775967898949027	-0.152445677229509	0.438113433535504
-0.228062154208808	-0.774423071465473	-0.152352791816224	0.43536739299173
-0.222344720013133	-0.752175675002019	-0.150198167270995	0.445303961750117
-0.216627285817459	-0.77597737613955	-0.134055127842244	0.443650039863918
-0.210909851621784	-0.753916332574676	-0.124072557083427	0.4356956082585
-0.20519241742611	-0.735281322200646	-0.121935497790498	0.474337145774104
-0.199474983230435	-0.732298057262135	-0.112867765315775	0.46883159798121
-0.19375754903476	-0.734078594792794	-0.105955251957779	0.465418905016855
-0.188040114839086	-0.734326379579498	-0.114285115988797	0.467786971850818
-0.182322680643412	-0.715562891076012	-0.10664059998933	0.480427004893816
-0.176605246447737	-0.712620452962155	-0.0968331621091448	0.484125120509622
-0.170887812252062	-0.713629952793895	-0.0935561029456592	0.47996974734709
-0.165170378056388	-0.700334541351949	-0.0787898182081869	0.494173691831936
-0.159452943860713	-0.682622895647445	-0.0809753196340869	0.516670553476249
-0.153735509665039	-0.680279643324069	-0.0686413914740009	0.50138544587539
-0.148018075469364	-0.69405224130074	-0.0689057499656537	0.520137668451307
-0.14230064127369	-0.678485457643843	-0.0618770156372533	0.532688385576014
-0.136583207078015	-0.650646905058587	-0.043659128747525	0.532433269868948
-0.130865772882341	-0.648211900402772	-0.054791535105806	0.546003761379784
-0.125148338686666	-0.65910046410389	-0.0411429591378477	0.521096149947057
-0.119430904490992	-0.650489735190515	-0.0342177174713309	0.54448250398179
-0.113713470295317	-0.648548548077513	-0.0355147200026626	0.557025010876334
-0.107996036099642	-0.646522564033988	-0.0213441044424232	0.562867929819272
-0.102278601903968	-0.647674597097528	-0.0243409275801333	0.559405808736423
-0.0965611677082934	-0.616534123946156	-0.0092404992237722	0.562505357791671
-0.0908437335126189	-0.638098683017299	-0.0061680960165549	0.571549191580962
-0.0851262993169442	-0.607045973111751	-0.00136624989309945	0.604897501528798
-0.0794088651212697	-0.584940571754617	0.00415267572327386	0.576059863512659
-0.0736914309255952	-0.60900304080378	0.00514499990773121	0.573461410581331
-0.0679739967299207	-0.610815605990515	0.0113297172394685	0.588208964392651
-0.0622565625342462	-0.593835725830587	0.0327941855972538	0.59777608857713
-0.0565391283385714	-0.59942415792258	0.0276825667048811	0.616920484925174
-0.0508216941428969	-0.565719254634576	0.0325794570881788	0.612175811979134
-0.0451042599472224	-0.561895244005165	0.0351358711235617	0.623628499023876
-0.039386825751548	-0.549673058100971	0.0499845870264999	0.608881094809581
-0.0336693915558735	-0.570938466012904	0.0510751793123677	0.625731818215161
-0.0279519573601987	-0.56018567199105	0.0581706918755918	0.62751801025241
-0.0222345231645242	-0.558224313497413	0.0684914091640615	0.6644506780504
-0.0165170889688497	-0.522354571090489	0.0754529744532157	0.643026455368468
-0.0107996547731752	-0.549554222315569	0.0750666571898753	0.641960173250427
-0.00508222057750074	-0.511538485532964	0.0812431038394093	0.679636890731758
0.00063521361817398	-0.529798246263318	0.100013248523868	0.669067353726338
0.00635264781384848	-0.534754730295137	0.0949807566803315	0.662772742119077
0.012070082009523	-0.534242751050432	0.0991972442909737	0.668297863454781
0.0177875162051975	-0.506658605387345	0.110320153392474	0.677673238197184
0.023504950400872	-0.488268022475209	0.111487707845439	0.715487876865896
0.0292223845965467	-0.481130834872453	0.114538786579891	0.69626309068733
0.0349398187922212	-0.495581118403284	0.11637508795065	0.697626765812672
0.0406572529878957	-0.498828537556509	0.132320037630626	0.738543561838639
0.0463746871835702	-0.476624346928755	0.141167650049238	0.71752518436902
0.0520921213792447	-0.47058622581369	0.14483538004409	0.725736861118107
0.0578095555749194	-0.471370087205304	0.149263655075596	0.720494572845442
0.0635269897705939	-0.467641637589683	0.159748718232738	0.735525938848919
0.0692444239662684	-0.448352985252809	0.153269171097495	0.738806167792672
0.0749618581619429	-0.432699791540141	0.174359249344593	0.733159926353521
0.0806792923576174	-0.449428243365356	0.173387106832821	0.770934122116938
0.0863967265532921	-0.447477067366704	0.181138345638461	0.74912319010028
0.0921141607489666	-0.435596623672356	0.189559402741389	0.786176497885698
0.0978315949446413	-0.431715931546764	0.189095098360478	0.769478209891776
0.103549029140316	-0.417957605722356	0.19610915742223	0.744357923584985
0.10926646333599	-0.422219428843784	0.197927811764256	0.753624862256391
0.114983897531665	-0.418509025239418	0.210954240511559	0.793176084544105
0.120701331727339	-0.400312214076364	0.207703313866378	0.824501925256401
0.126418765923014	-0.365768182477385	0.220089118219805	0.796358854227597
0.132136200118688	-0.384130988763677	0.218878944470402	0.801081324249417
0.137853634314363	-0.367980365799304	0.229126045000205	0.807097857279575
0.143571068510037	-0.400178963500835	0.234048547041622	0.840537613386737
0.149288502705712	-0.393778720447841	0.243839418031893	0.821829806458581
0.155005936901387	-0.373635131890713	0.241500507194915	0.846748146752623
0.160723371097061	-0.37907794928495	0.258395955212001	0.813698996313264
0.166440805292736	-0.339313396740447	0.253709657611374	0.838838173378052
0.17215823948841	-0.361552878046507	0.265867909194471	0.858033131247027
0.177875673684085	-0.347207987793932	0.274261184668591	0.863410612585881
0.183593107879759	-0.329223220866146	0.286459310537772	0.885095785681944
0.189310542075434	-0.315060984489294	0.290230363146291	0.890191023377981
0.195027976271108	-0.349715158541443	0.290396446661469	0.897549310098289
0.200745410466783	-0.316836330112433	0.303003532531845	0.901735675341275
0.206462844662457	-0.305211742201571	0.299372770122933	0.897289839762724
0.212180278858132	-0.31625944810611	0.309742950521991	0.876608942958893
0.217897713053806	-0.295806117076262	0.320362311636056	0.902035904266795
0.223615147249481	-0.300704097467795	0.330187397447899	0.901075240905548
0.229332581445155	-0.275051893407644	0.324941965142026	0.910424917432547
0.23505001564083	-0.301862508839792	0.337749785558257	0.9475189473443
0.240767449836505	-0.280129423837945	0.335887286355343	0.926063198219819
0.246484884032179	-0.297804520583667	0.346227872642275	0.933576549113712
0.252202318227854	-0.285724456514015	0.350262393986862	0.920323626959647
0.257919752423528	-0.278354783682224	0.361020324937385	0.92742906277482
0.263637186619203	-0.289889885550903	0.373640697813566	0.95185991095421
0.269354620814878	-0.268131055980262	0.365019954434989	0.972670793681344
0.275072055010552	-0.230917863291566	0.37442784061955	0.959615350617776
0.280789489206227	-0.247939289608061	0.384493785755775	0.988499506475636
0.286506923401901	-0.230972262756087	0.392252375411524	1.00186053068501
0.292224357597576	-0.223748182581412	0.40039881819706	0.976745167446718
0.29794179179325	-0.246238729156948	0.398242325866292	1.0017640933276
0.303659225988925	-0.24178645941183	0.403746314659781	0.996199469729344
0.309376660184599	-0.243194275212382	0.403542839182701	0.975221697115198
0.315094094380274	-0.235311549947116	0.416904708115027	0.999540107414883
0.320811528575948	-0.206248788392092	0.428696041062143	1.02367838255036
0.326528962771623	-0.199097638149502	0.432942639163842	1.00852501234392
0.332246396967297	-0.190790973307045	0.435887098156451	1.03845122278206
0.337963831162972	-0.197542592937288	0.433485046558819	1.04456561882252
0.343681265358646	-0.188732933054318	0.450169165577513	1.06766925204446
0.349398699554321	-0.166662450035725	0.449541160239977	1.05576997165954
0.355116133749996	-0.221112561206183	0.46386758973976	1.07339210401028
0.36083356794567	-0.183938152119777	0.472151268080846	1.05117567429092
0.366551002141345	-0.15287846086615	0.468893653404454	1.07389374113835
0.372268436337019	-0.161348863359767	0.476089649936385	1.06663390392393
0.377985870532694	-0.16962818068109	0.479131374888253	1.10347502586848
0.383703304728368	-0.154402087250071	0.493618109708576	1.13366643753632
0.389420738924043	-0.142989040369448	0.499548217944316	1.09441730122237
0.395138173119717	-0.144659687316408	0.50609970937383	1.09895201396259
0.400855607315392	-0.15458163687307	0.514427057800883	1.13859775177562
0.406573041511066	-0.106282515728445	0.5120103628298	1.11640688291307
0.412290475706741	-0.126456307622635	0.516866859529133	1.13100591963269
0.418007909902415	-0.141839218044148	0.527352918512343	1.15056631021445
0.42372534409809	-0.140351162839504	0.5359695702098	1.1417017284143
0.429442778293764	-0.103886672565831	0.544872384948	1.15445437202332
0.435160212489439	-0.117999132187967	0.540517835963757	1.15381928032586
0.440877646685114	-0.0933391508214707	0.547234742189768	1.16308449652457
0.446595080880788	-0.118879438971985	0.56137630549368	1.16250466244044
0.452312515076463	-0.0678627312699303	0.558181550128224	1.16025404077113
0.458029949272137	-0.104070827401375	0.571519105966998	1.1843374057258
0.463747383467812	-0.0889898277991264	0.580021986009462	1.19310997908782
0.469464817663487	-0.0852778070796114	0.571075663370087	1.21160762647822
0.475182251859161	-0.0476920616989474	0.579940951631273	1.20051142356267
0.480899686054836	-0.0897984329368056	0.598520352038949	1.22107370094921
0.48661712025051	-0.0369093193699285	0.591532077517164	1.2108019035807
0.492334554446185	-0.0648359312625175	0.592795323256879	1.20979968662917
0.498051988641859	-0.0643693040777908	0.600378786481658	1.23910288346748
0.503769422837534	-0.0684571034675853	0.619735125042547	1.24127391717378
0.509486857033208	-0.041364245527368	0.630209005072368	1.23058450835213
0.515204291228883	-0.0351013269677513	0.626292183310858	1.26673951796745
0.520921725424557	-0.0530148265950013	0.637181515870181	1.28710494976406
0.526639159620232	-0.0488834097177726	0.648195537140765	1.24792330110627
0.532356593815906	-0.0399005102934052	0.659204781593127	1.28742630956991
0.538074028011581	-0.0314852290500279	0.647865755081344	1.27954903044353
0.543791462207255	-0.00964536821924637	0.647726518768185	1.30766716277515
0.54950889640293	-0.00557278603541747	0.662175867810891	1.30618598483916
0.555226330598605	-0.0322902590212541	0.65694814695414	1.32366035823379
0.560943764794279	-0.0415903897981378	0.674242828628141	1.31227274670168
0.566661198989954	0.0197498415058701	0.680438798020774	1.34827447747651
0.572378633185628	-0.00322358426774856	0.68039257119857	1.32978910292097
0.578096067381303	-0.00619576391724199	0.693343502965712	1.30880342807346
0.583813501576977	0.0136843867409701	0.702589352453372	1.32775836465131
0.589530935772652	0.00948389325774213	0.714691686326254	1.35530146108371
0.595248369968326	0.0250299467770736	0.723973889886558	1.35050497999432
0.600965804164001	0.0146350948007165	0.715507436987582	1.35835086976423
0.606683238359675	0.0534187635869618	0.7282076642746	1.34943832553083
0.61240067255535	0.0260275240877872	0.725958426964927	1.35440309738019
0.618118106751024	0.0235212814608002	0.735440125203025	1.39852506033464
0.623835540946699	0.042600865604472	0.742487263756725	1.3818295205083
0.629552975142373	0.0500606208196175	0.753551247872299	1.42228194708695
0.635270409338048	0.0472183229222253	0.744859502967954	1.40620792338378
0.640987843533723	0.0382000292298474	0.766937103086925	1.41922780279829
0.646705277729397	0.0391157469136577	0.762185192820622	1.41363951796428
0.652422711925072	0.0516789495094953	0.766437325777958	1.42866556320119
0.658140146120747	0.0530939833992529	0.771034281669994	1.43675007543695
0.663857580316421	0.0516978694814816	0.781832013752851	1.45832673555681
0.669575014512096	0.0878122459539328	0.784384704984607	1.47009697715509
0.67529244870777	0.0957599374305901	0.7906165806787	1.44694286492322
0.681009882903445	0.0900689083455991	0.796236226950391	1.447742167286
0.686727317099119	0.0830800021344738	0.814323633820504	1.47697173082729
0.692444751294794	0.0992494017409643	0.820694624883842	1.46983647253722
0.698162185490468	0.111255965788625	0.817473022889937	1.48098815893135
0.703879619686143	0.121727003747989	0.826240077723122	1.48355565794944
0.709597053881817	0.0980980630040144	0.838747499233545	1.49599365358587
0.715314488077492	0.12537666915051	0.839279472143441	1.54261490964318
0.721031922273166	0.0921214305659089	0.84747673539495	1.49631308705053
0.726749356468841	0.129567464127528	0.853500141278148	1.52668444663312
0.732466790664515	0.128281505374243	0.85976262252983	1.52006167204201
0.73818422486019	0.130413035957084	0.861513746340516	1.54630696556562
0.743901659055865	0.135362237832341	0.857520374752875	1.52487564178986
0.749619093251539	0.145054652842059	0.872513266159651	1.5398404108239
0.755336527447214	0.153322418226519	0.874985186125862	1.55820898749727
0.761053961642888	0.140922746419988	0.895182289167709	1.57578718948782
0.766771395838563	0.160811672242529	0.88708161386358	1.58729299320192
0.772488830034237	0.156839714327315	0.902895761874071	1.60174571080041
0.778206264229912	0.17966977816501	0.89670646463909	1.61166286595425
0.783923698425586	0.157723420795566	0.907140611039899	1.59290330245766
0.789641132621261	0.146647380648195	0.919277714821953	1.61137463634009
0.795358566816935	0.170321147503525	0.920762903972095	1.61094709685107
0.80107600101261	0.216217141423631	0.937333711482903	1.64361732866195
0.806793435208284	0.154187415224078	0.933351229337067	1.62935712381481
0.812510869403959	0.218721322415302	0.932296373418572	1.63500650043275
0.818228303599633	0.176057394458657	0.944558216762714	1.64977143452942
0.823945737795308	0.243938044100978	0.954671895045649	1.64746928436335
0.829663171990983	0.186959326222993	0.958632287644963	1.64672865549443
0.835380606186657	0.221759074950331	0.959784953946886	1.65200442653142
0.841098040382332	0.208057014168721	0.970744835212297	1.67275433436657
0.846815474578006	0.218917943316607	0.979564072710766	1.69787070688967
0.852532908773681	0.254874533669273	0.980371458359331	1.71251520295602
0.858250342969356	0.234020412295293	0.983555184282411	1.70341238958653
0.86396777716503	0.24957380026643	0.979950629501978	1.66762227379223
0.869685211360705	0.245712109306122	0.99310014065178	1.70612206755102
0.875402645556379	0.244067793203497	1.00823746431094	1.73072528270138
0.881120079752054	0.259438074632821	1.01145371758343	1.75938788857488
0.886837513947728	0.26666387371861	1.01275711830415	1.74493404346753
0.892554948143403	0.268303623181961	1.02186068291524	1.74310527308239
0.898272382339077	0.251072942781426	1.03370399252687	1.76301836067732
0.903989816534752	0.262816273679934	1.02787902786806	1.74751088994175
0.909707250730426	0.264199926980036	1.04558817502371	1.75280863717351
0.915424684926101	0.270412438050398	1.04604988747104	1.7648160063715
0.921142119121775	0.271264021012287	1.0549759350827	1.78941036390215
0.92685955331745	0.278147043032148	1.06148054389965	1.77946121840799
0.932576987513124	0.292361586380943	1.06781019267869	1.78886818161939
0.938294421708799	0.306252625482255	1.06684545428161	1.79906100002927
0.944011855904474	0.319421762235058	1.07765134598852	1.82365910589507
0.949729290100148	0.303561604299511	1.07842951238464	1.80518597416266
0.955446724295823	0.307021172494963	1.09002944853469	1.82975068282598
0.961164158491497	0.322256058481986	1.09818449939744	1.84154879640163
0.966881592687172	0.338933306610053	1.1057125424478	1.85679082682114
0.972599026882846	0.315413334230728	1.10834698792483	1.83891400559421
0.978316461078521	0.317254130518659	1.12141933094042	1.83568495321451
0.984033895274195	0.332041094527148	1.11946866110519	1.85839031603047
0.98975132946987	0.321193567947039	1.13364273111119	1.85297235870682
0.995468763665544	0.323875341110983	1.13138830852336	1.84219311947529
1.00118619786122	0.351498321416747	1.12521445124109	1.88295765408204
1.00690363205689	0.359650769026799	1.14410638201995	1.88302060927452
1.01262106625257	0.349382475793957	1.15029639417219	1.89912446227358
1.01833850044824	0.339116829891338	1.14913017827343	1.89023841734735
1.02405593464392	0.373900110432255	1.1643978290118	1.9254050277384
1.02977336883959	0.361286643645357	1.16916210525594	1.92894860213981
1.03549080303527	0.346988674215187	1.17849770686174	1.92502163550376
1.04120823723094	0.37498260973542	1.17492002808833	1.9561616599309
1.04692567142662	0.36347060632434	1.18484360686075	1.95072678068132
1.05264310562229	0.418981063617226	1.19660611372647	1.960082928954
1.05836053981796	0.408699023530504	1.20333650727076	1.9808629827246
1.06407797401364	0.394121908019743	1.2023427381472	1.99779287978791
1.06979540820931	0.394580354258313	1.20693856007363	1.93800589735744
1.07551284240499	0.395461995042117	1.21359235845123	1.977836013819
1.08123027660066	0.373425316537063	1.22108755827712	1.99005946798511
1.08694771079634	0.384173739661673	1.22936546956335	2.01171479829729
1.09266514499201	0.423032811974259	1.233142905547	2.00247181031503
1.09838257918769	0.42207013606409	1.23647766211185	2.01225994103148
1.10410001338336	0.422089064551159	1.24591766550914	2.04193355084161
1.10981744757904	0.420513892800541	1.24136336639777	2.03005251779531
1.11553488177471	0.439137404282347	1.26673084119285	2.03952502490296
1.12125231597038	0.400785283801152	1.26008290319985	2.05725740340626
1.12696975016606	0.427554761455716	1.26768900524167	2.05161308382816
1.13268718436173	0.424822115696579	1.26416102328095	2.06304367800752
1.13840461855741	0.440562443835604	1.28014868767334	2.07620870118961
1.14412205275308	0.448022112430749	1.28615688277239	2.08081931716405
1.14983948694876	0.433753352973448	1.29325286752119	2.08814242601549
1.15555692114443	0.423562894438103	1.29560866203703	2.09348238859901
1.16127435534011	0.452438685447198	1.30107698025756	2.11797812328583
1.16699178953578	0.469159138268746	1.30834648644748	2.11746301252642
1.17270922373146	0.439244561047233	1.31174433761938	2.12717963318645
1.17842665792713	0.430571467047999	1.326292003167	2.12222278636289
1.1841440921228	0.48317715111052	1.33484366286461	2.13597968512845
1.18986152631848	0.479339723683592	1.32837287471772	2.16754054134325
1.19557896051415	0.505549191999356	1.33384640543564	2.13044051142205
1.20129639470983	0.482485718654152	1.35071155634268	2.16956115108759
1.2070138289055	0.491107363889343	1.35328267877771	2.14622704384798
1.21273126310118	0.503082967588348	1.35622521501318	2.17201880669162
1.21844869729685	0.49802344379431	1.37031094551735	2.17374461432303
1.22416613149253	0.502071106159187	1.36245086699488	2.20308525337718
1.2298835656882	0.517593092459082	1.37972947511419	2.22813252035974
1.23560099988388	0.509546720555423	1.37846630127263	2.18726611291968
1.24131843407955	0.49275396541595	1.39350132503693	2.20642682992539
1.24703586827522	0.51914290483858	1.39175015371151	2.22001502294339
1.2527533024709	0.503630371752776	1.39654788795583	2.22823141052456
1.25847073666657	0.543427965387319	1.40981806377774	2.27030650870405
1.26418817086225	0.529863787714248	1.41592711167696	2.25061852990796
1.26990560505792	0.555442353112877	1.42297696953922	2.26226909646354
1.2756230392536	0.545259809095478	1.4263356426088	2.26904304349365
1.28134047344927	0.556917598748722	1.42780277293661	2.28817246911674
1.28705790764495	0.554198335395324	1.42428927822587	2.30089709075555
1.29277534184062	0.533729160514309	1.4409271158172	2.28991388406435
1.2984927760363	0.539981948041054	1.45567776883253	2.27096063750004
1.30421021023197	0.568371015955016	1.45203043586418	2.30084484566609
1.30992764442764	0.571936951113335	1.45682562140627	2.28628676107829
1.31564507862332	0.582204788059317	1.47205276807599	2.32703960731727
1.32136251281899	0.570989246552924	1.46961492932455	2.30980714391468
1.32707994701467	0.594887040092862	1.47821434707822	2.36371700466449
1.33279738121034	0.599856508438537	1.4787430876733	2.32109552563409
1.33851481540602	0.576157829536574	1.49219403494125	2.36052779858698
1.34423224960169	0.569639882268185	1.49553511565053	2.35740607759766
1.34994968379737	0.595687671260234	1.49656723663601	2.36777257998305
1.35566711799304	0.582225031448267	1.5216150755129	2.35641502318797
1.36138455218871	0.57177929953857	1.51489679917052	2.38807344251308
1.36710198638439	0.596112679803846	1.52272820571483	2.37274751417352
1.37281942058006	0.606313453857231	1.52649511257572	2.39705283507414
1.37853685477574	0.621704617602977	1.5361003592162	2.38592281171524
1.38425428897141	0.61006123385339	1.54785242628532	2.41485499763027
1.38997172316709	0.586706573256912	1.55246939843766	2.43685883536121
1.39568915736276	0.611476044926233	1.5482422952861	2.41450374037687
1.40140659155844	0.63750777908632	1.5464919140409	2.44877708821197
1.40712402575411	0.653096591485586	1.55621282642262	2.44345784396308
1.41284145994979	0.613819613848512	1.55551706263906	2.45323195332462
1.41855889414546	0.651384131506747	1.58466904630718	2.46258997584713
1.42427632834114	0.6506743750899	1.57995985265028	2.49011105084107
1.42999376253681	0.666858850119152	1.58832657119639	2.49091264158695
1.43571119673248	0.654754062546834	1.59785580038428	2.48889526129028
1.44142863092816	0.639831458712439	1.6003127541781	2.49341980560256
1.44714606512383	0.655863321664317	1.59568797602699	2.50749039410273
1.45286349931951	0.674676459315243	1.60966867352202	2.49513489336491
1.45858093351518	0.666381931721808	1.62239166829679	2.5191947013284
1.46429836771086	0.677442123210974	1.61880501112457	2.52959513127529
1.47001580190653	0.713861203485594	1.62988484738198	2.55786987784736
1.47573323610221	0.664771278077662	1.62643449741985	2.55077332770507
1.48145067029788	0.678633174913252	1.6426655128497	2.56203795430209
1.48716810449356	0.68620821705707	1.65123629835516	2.54826138955658
1.49288553868923	0.706401218235815	1.65468947623411	2.56750613131221
1.4986029728849	0.693469429330212	1.66580280886148	2.56751858346548
1.50432040708058	0.684337969485408	1.66906745380904	2.56997316262267
1.51003784127625	0.732358315073241	1.67087234876798	2.57199122268829
1.51575527547193	0.686310518979721	1.67721586682606	2.59271238400582
1.5214727096676	0.711273321559678	1.68132708297837	2.59201608040875
1.52719014386328	0.726482671848211	1.69084769550411	2.61753645579773
1.53290757805895	0.696323539346811	1.70676493765742	2.5887914491777
1.53862501225463	0.741314002778187	1.70294251588871	2.62013716748912
1.5443424464503	0.727113490817244	1.7101060218352	2.62687087961308
1.55005988064597	0.730628815581645	1.71007608231332	2.66761415197116
1.55577731484165	0.754060491359565	1.72255636429795	2.66859257355179
1.56149474903732	0.715107198813064	1.7322922117878	2.65690262176943
1.567212183233	0.742681857715313	1.73597206931785	2.66697719713112
1.57292961742867	0.722557084903117	1.73774527306675	2.68045139666183
1.57864705162435	0.759969897997698	1.73212157434086	2.67283314581618
1.58436448582002	0.797123623694894	1.74842171632925	2.67643116375092
1.5900819200157	0.728436070217213	1.75440493036339	2.72868071673705
1.59579935421137	0.748768416964223	1.767146545682	2.71058586335426
1.60151678840705	0.750139002313859	1.77102909059339	2.72384547912966
1.60723422260272	0.749551730143148	1.78379235076822	2.71091348575587
1.6129516567984	0.743011484107618	1.76757334579253	2.72460811010253
1.61866909099407	0.780934876519313	1.78676012187492	2.71387143874993
1.62438652518974	0.787818172683238	1.7828334814856	2.74055543097614
1.63010395938542	0.770701724781118	1.79770766087593	2.74978368669178
1.63582139358109	0.789163617792507	1.80187268428026	2.77107402368275
1.64153882777677	0.786571361751809	1.79651554455583	2.78882358088828
1.64725626197244	0.78791616665485	1.81976831176002	2.76947582390754
1.65297369616812	0.765279265499777	1.82222883591419	2.81635116907036
1.65869113036379	0.788681318974614	1.82914654321975	2.79803502909191
1.66440856455947	0.809346122970334	1.83329764982403	2.80835245501889
1.67012599875514	0.796475508464137	1.82554774169737	2.82135995425172
1.67584343295082	0.79821803095404	1.84530353135108	2.83142072015853
1.68156086714649	0.818223748749161	1.86452219554963	2.83114687432812
1.68727830134216	0.805206113294795	1.86412789537884	2.85404858015718
1.69299573553784	0.828423495996026	1.86838723048877	2.83585603813055
1.69871316973351	0.796700102944571	1.87249024644186	2.87342074553545
1.70443060392919	0.837237084252445	1.88121617310114	2.88604953309446
1.71014803812486	0.88463938217023	1.87536044273918	2.85467882720851
1.71586547232054	0.828558219464045	1.89203605016215	2.88498819262655
1.72158290651621	0.851536273093327	1.87886411312335	2.88270603465794
1.72730034071189	0.83817903545302	1.89180347388878	2.89489516223886
1.73301777490756	0.833465941706873	1.90806772233659	2.89335947259565
1.73873520910323	0.846846718755715	1.90429462416273	2.93778912599209
1.74445264329891	0.824287192779955	1.91211932647148	2.96982452735161
1.75017007749458	0.878212708119103	1.92980225994212	2.95715975227401
1.75588751169026	0.851045870586899	1.9264384890725	2.93749507299945
1.76160494588593	0.889030427126423	1.93655358870626	2.94484529885362
1.76732238008161	0.879546411424341	1.93235479689158	2.96861907291963
1.77303981427728	0.825725164743832	1.94109827153849	2.99073779109356
1.77875724847296	0.88598550848206	1.96097915779158	2.96478851788194
1.78447468266863	0.903300748353225	1.9623062024341	2.98927204369186
1.79019211686431	0.883262632829415	1.96879904389526	3.01468078415833
1.79590955105998	0.903299122111977	1.96654320750228	2.99210338807062
1.80162698525566	0.871443257767954	1.98921569565198	2.99984087592334
1.80734441945133	0.926631374001087	1.98414504369194	3.02961148437416
1.813061853647	0.910183632887283	1.98307004215713	3.00712795258266
1.81877928784268	0.889944186610804	1.99283636509426	3.02948381223159
1.82449672203835	0.89662099260206	1.99261980909005	3.05534913891796
1.83021415623403	0.922795255043417	1.99354647493842	3.0382502725109
1.8359315904297	0.914365330091898	2.01123053677391	3.04077010685642
1.84164902462538	0.921138009547298	2.02050584235942	3.03225857450274
1.84736645882105	0.911534985387496	2.02165221984012	3.06140871464747
1.85308389301673	0.916129301128533	2.03049776691588	3.09716026670893
1.8588013272124	0.959558731391453	2.03354555275961	3.11082893560212
1.86451876140807	0.947619224279606	2.03915806739976	3.0866189687206
1.87023619560375	0.946971597099549	2.0512147624287	3.10006175806203
1.87595362979942	0.949039636047195	2.06189294854043	3.07771153864996
1.8816710639951	0.931544696868195	2.0568948406153	3.11133708928463
1.88738849819077	0.957422867233982	2.0740753588006	3.11629389770722
1.89310593238645	0.949340823613049	2.07581332315706	3.14150391977905
1.89882336658212	0.958971414939031	2.07278150831069	3.130570743358
1.9045408007778	0.944213890080737	2.07482334089614	3.13550180857345
1.91025823497347	0.963501336253147	2.08329949359373	3.15933001596608
1.91597566916915	0.988668754250316	2.0954862689409	3.1618061153966
1.92169310336482	0.975370539301578	2.09802434755177	3.18660115299773
1.9274105375605	0.952401031729107	2.11224603310489	3.1769602426399
1.93312797175617	0.957891474546857	2.11019617767974	3.19599536329112
1.93884540595184	0.962283379306456	2.10969618652834	3.19309630286137
1.94456284014752	1.01181431858628	2.1257812679641	3.19391812838552
1.95028027434319	0.987436089347822	2.13849995689874	3.21896173686517
1.95599770853887	1.00009090847894	2.13067679700951	3.22881860092873
1.96171514273454	0.996526170534171	2.13488184056276	3.23067126766515
1.96743257693022	1.01414688935845	2.15278240181984	3.25203069786517
1.97315001112589	0.992258655337917	2.16139865733133	3.23048336420112
1.97886744532157	1.0139379862468	2.16138174282565	3.23209668093176
1.98458487951724	1.00052695341089	2.17523874716719	3.24734673723215
1.99030231371291	1.04616610446731	2.1724886849507	3.25423703090836
1.99601974790859	1.00062466022309	2.18098205882048	3.26515677074987
2.00173718210426	0.989086715229921	2.1819625410884	3.29778512777413
2.00745461629994	1.05120720377136	2.20097664023328	3.31008365020378
2.01317205049561	1.05587830373293	2.20267633206234	3.32809750585852
2.01888948469129	1.03370254216674	2.20670287989977	3.29596755088898
2.02460691888696	1.03447177206594	2.21133595915219	3.32346669129102
2.03032435308264	1.06232407497954	2.21922034132039	3.33889933936791
2.03604178727831	1.02159817730064	2.22607212174003	3.32199175126575
2.04175922147399	1.05471396083854	2.22362337009325	3.31872679682489
2.04747665566966	1.08008804690917	2.2302254367491	3.35721543727963
2.05319408986533	1.06024556637753	2.24110484364927	3.37533699921806
2.05891152406101	1.06203016898771	2.24604073875638	3.36979431608145
2.06462895825668	1.06004399180881	2.25333125720974	3.37678860168038
2.07034639245236	1.04522567844453	2.24121167415774	3.40007505687793
2.07606382664803	1.0692968601564	2.25785547808841	3.38090696663804
2.08178126084371	1.05923642017744	2.26932560596213	3.42659870038467
2.08749869503938	1.07687136815169	2.28359670327072	3.3962027357039
2.09321612923506	1.05636405080254	2.27914389376461	3.40433540060163
2.09893356343073	1.08609168438674	2.28793468049017	3.43261034463818
2.10465099762641	1.09981057718897	2.31142060410453	3.43711828738826
2.11036843182208	1.08196368590887	2.29309925348051	3.43267594917024
2.11608586601775	1.11932971402071	2.30998063138163	3.44679381015499
2.12180330021343	1.09384769346668	2.29790330812199	3.43340019658868
2.1275207344091	1.0988255509675	2.3189609985397	3.44560873794351
2.13323816860478	1.10036381472108	2.32378271568511	3.49663755894559
2.13895560280045	1.1325353601955	2.31439286552859	3.48976652387599
2.14467303699613	1.13722698882806	2.33377522249672	3.49330304888592
2.1503904711918	1.14029278361329	2.34484807485853	3.46900740273922
2.15610790538748	1.15509194654349	2.33398194104641	3.48152698613611
2.16182533958315	1.11104603829339	2.36531381716965	3.50527145548333
2.16754277377883	1.14506051434425	2.35538622114897	3.5180078916782
2.1732602079745	1.1202345853183	2.36970217038739	3.53314301148218
2.17897764217017	1.1144559449606	2.37543367094663	3.57479315252442
2.18469507636585	1.15810004180787	2.37144423924795	3.51650135769263
2.19041251056152	1.14723114174474	2.3835497206873	3.53968412904782
2.1961299447572	1.11692753487444	2.38748382211946	3.56521116948671
2.20184737895287	1.14969936687245	2.39215076773825	3.59057289426483
2.20756481314855	1.14007689678749	2.4038170232593	3.56740820920187
2.21328224734422	1.15892800359083	2.40505089471379	3.57593545223003
2.2189996815399	1.17385236745768	2.41483637937254	3.59969643271515
2.22471711573557	1.15277584905142	2.42253357008017	3.59370754911119
2.23043454993125	1.16446371858213	2.42517026211478	3.58718726418942
2.23615198412692	1.16345055990382	2.43121312959408	3.6147935428038
2.2418694183226	1.1751353285132	2.43979947024453	3.6303112907855
2.24758685251827	1.17420612824305	2.45148607271106	3.62282804443888
2.25330428671394	1.16637237986332	2.4393252172919	3.64742913306025
2.25902172090962	1.20116901941029	2.464829814404	3.64904622442179
2.26473915510529	1.20798812050201	2.46066190459041	3.67293818425772
2.27045658930097	1.18652292145023	2.45900633347319	3.66324801289556
2.27617402349664	1.1833081692301	2.4782738582216	3.68060606401677
2.28189145769232	1.19074963400158	2.47753519557824	3.67015129814837
2.28760889188799	1.20745497452966	2.49032729687478	3.70565481392186
2.29332632608367	1.22935297245783	2.49021346252621	3.68765785476305
2.29904376027934	1.21353899603064	2.48358445934952	3.7126040895519
2.30476119447501	1.24173700434577	2.50749163131494	3.69900339011443
2.31047862867069	1.22024057819346	2.51542001078252	3.72181618108443
2.31619606286636	1.22224863026357	2.5244321004508	3.72264907334233
2.32191349706204	1.25606506345627	2.52844308803404	3.7827915517257
2.32763093125771	1.25482295488324	2.52415182391556	3.73703398523501
2.33334836545339	1.25874279896659	2.53576622736893	3.71248354718041
2.33906579964906	1.23212975896427	2.53209493494026	3.77494877435647
2.34478323384474	1.26501929796798	2.55056235793981	3.77334400508584
2.35050066804041	1.25951226887939	2.55149723880381	3.7760825338555
2.35621810223609	1.26076502574649	2.54480739107048	3.7691238416782
2.36193553643176	1.24087848166157	2.55656860861607	3.82280600659183
2.36765297062743	1.26267125853521	2.55546977142082	3.80306834372149
2.37337040482311	1.26015033592739	2.56770161171595	3.83336042206986
2.37908783901878	1.28106258820143	2.58961717382934	3.83832198493648
2.38480527321446	1.30121003614294	2.59336767713895	3.82821017004565
2.39052270741013	1.26308506002943	2.60110527933825	3.8387205753318
2.39624014160581	1.26640675322116	2.59883057566327	3.85130245775313
2.40195757580148	1.28642882218507	2.59948948956599	3.85020760660218
2.40767500999716	1.27005058861738	2.609946769781	3.88024995260749
2.41339244419283	1.28076556969755	2.63018949556305	3.84705680321301
2.41910987838851	1.29194956469095	2.60831711424457	3.89352679860803
2.42482731258418	1.30228701277772	2.6226222422973	3.87807051350704
2.43054474677985	1.3088362677268	2.63576608672508	3.89495072775094
2.43626218097553	1.30270354888733	2.64490533587983	3.92658299009519
2.4419796151712	1.28477576446399	2.64898895133087	3.9398679082304
2.44769704936688	1.32778640743357	2.65316180564091	3.91105781657497
2.45341448356255	1.32440612289571	2.65532346944319	3.92384239449308
2.45913191775823	1.32281344284797	2.66506301533586	3.9669024165332
2.4648493519539	1.31880732767154	2.67171431676966	3.96040095933071
2.47056678614958	1.32604761438935	2.68473559149933	3.94282736605891
2.47628422034525	1.34447786915743	2.68086530905714	3.94214452365419
2.48200165454093	1.37552421884234	2.69309686237628	3.93875271564102
2.4877190887366	1.36655677124296	2.69758172490958	3.97551609803193
2.49343652293227	1.3387574103349	2.70131845355128	4.00553250587315
2.49915395712795	1.35383394007525	2.70662087985535	4.02029844947642
2.50487139132362	1.34520325367797	2.71707831123539	4.02499638026432
2.5105888255193	1.34506508809422	2.71136401133539	4.02324416192941
2.51630625971497	1.35126498976703	2.72364624755729	4.04867551956495
2.52202369391065	1.36707126999295	2.72500862261835	4.04090693801914
2.52774112810632	1.35278513135558	2.73803443456302	4.0373047995103
2.533458562302	1.34917050750097	2.73767285356418	4.07288690771377
2.53917599649767	1.41237797505604	2.76873269754224	4.05013090574952
2.54489343069335	1.38825224312697	2.75686758665767	4.07111350212631
2.55061086488902	1.40894052260618	2.76118198123278	4.05441828968671
2.5563282990847	1.41901766187731	2.75982328928044	4.04256782785423
2.56204573328037	1.38227559324107	2.7788754769746	4.09109330265377
2.56776316747604	1.40764311029718	2.78249527345946	4.10547072766277
2.57348060167172	1.38297277625605	2.78842585112536	4.09988796089484
2.57919803586739	1.44076762773067	2.79174351697525	4.13128003082873
2.58491547006307	1.41855665300496	2.79162426041826	4.0919779825416
2.59063290425874	1.39716494522712	2.79285230718857	4.1310005159206
2.59635033845442	1.41136628155661	2.81845739006188	4.13316551873715
2.60206777265009	1.41065034171406	2.80404588659953	4.17211456691174
2.60778520684577	1.41140630569444	2.82127737127631	4.14069593927573
2.61350264104144	1.42450552419801	2.8379910087341	4.16109542592178
2.61922007523711	1.43194805613071	2.82784221404996	4.16402099558679
2.62493750943279	1.43481508698764	2.84663193016303	4.16730517758641
2.63065494362846	1.41076041312984	2.84618240501805	4.20097230827579
2.63637237782414	1.42901609420945	2.86201781786528	4.17861278116108
2.64208981201981	1.45266868328949	2.85511937584292	4.19796084408333
2.64780724621549	1.47081922878087	2.85224633357826	4.21527199105365
2.65352468041116	1.42520139525574	2.87738399596269	4.22282700015066
2.65924211460684	1.46319146169113	2.87528120716127	4.22588103268118
2.66495954880251	1.44809453899618	2.87703089444694	4.26979651020328
2.67067698299819	1.45512102338239	2.88210895619203	4.23711165832467
2.67639441719386	1.4653171439613	2.90703596144589	4.26245641311111
2.68211185138953	1.49288527521982	2.90395600832793	4.26472692725804
2.68782928558521	1.4655593768888	2.90970846864459	4.27231421232304
2.69354671978088	1.4406437605658	2.90217600023816	4.30931367238457
2.69926415397656	1.4801708569638	2.91365209138523	4.27257511828264
2.70498158817223	1.46625168421856	2.92631712943373	4.2797147992498
2.71069902236791	1.4916614319717	2.92327297228314	4.32530726424702
2.71641645656358	1.50792056289071	2.93863521984071	4.34700035549466
2.72213389075926	1.45846609355189	2.93971153504914	4.29425469588502
2.72785132495493	1.48896794538628	2.93883528917409	4.32549062247371
2.7335687591506	1.51422140222511	2.95095930710821	4.3398604426779
2.73928619334628	1.49184525241093	2.96831385636989	4.34358494219749
2.74500362754195	1.52715784069872	2.96187837055296	4.35709748845789
2.75072106173763	1.51104676850834	2.97296570916045	4.37654870558155
2.7564384959333	1.48291939486029	2.98005749725417	4.34980796758974
2.76215593012898	1.50902082352897	2.98324503039106	4.38949673997518
2.76787336432465	1.53382244457651	2.98333686707413	4.39470877310153
2.77359079852033	1.54333628310138	2.99856403786803	4.40198123126952
2.779308232716	1.57145429322545	3.00197986646127	4.42918383453821
2.78502566691168	1.51336010826639	3.00929842154003	4.40695803475722
2.79074310110735	1.53830489922586	3.00276155157659	4.45705212296747
2.79646053530303	1.54370742197138	3.0102432634487	4.42008816701404
2.8021779694987	1.53494888194867	3.01606225385662	4.4505183648442
2.80789540369437	1.54413145315001	3.04064532122382	4.48554729935357
2.81361283789005	1.57702311099472	3.02821825149936	4.46665711722613
2.81933027208572	1.56883223928952	3.02535034523281	4.46855047521994
2.8250477062814	1.54648575977715	3.03876871301289	4.47285775626077
2.83076514047707	1.54793378057051	3.074212894159	4.48507209382664
2.83648257467275	1.5860282767892	3.067777569494	4.49826171244305
2.84220000886842	1.59442161954034	3.07982361626164	4.51644471091848
2.8479174430641	1.55568365761773	3.0739854096379	4.50334737121044
2.85363487725977	1.55769185741604	3.08092115589337	4.50752050373606
2.85935231145545	1.57510028130521	3.07739829722721	4.52341271954988
2.86506974565112	1.58902286057734	3.10360231159474	4.53798823346241
2.8707871798468	1.58286973898414	3.08232020659352	4.53768006985617
2.87650461404247	1.55773142022891	3.10100907243141	4.52538426677708
2.88222204823814	1.59014074541122	3.11729346738765	4.56105840943535
2.88793948243382	1.56498339757159	3.12225964507687	4.57665575710931
2.89365691662949	1.63312942155812	3.10561868139288	4.58105289773394
2.89937435082517	1.59785539244969	3.13098907044259	4.57519609971456
2.90509178502084	1.60107714692912	3.13031192674756	4.58875718564363
2.91080921921652	1.60956504130798	3.13669114052088	4.60633814370878
2.91652665341219	1.62552108634383	3.14485303000999	4.60376402176649
2.92224408760787	1.60981827172215	3.13851404516684	4.63280415618303
2.92796152180354	1.60173998975803	3.16034460711852	4.61046486633993
2.93367895599921	1.63035365949256	3.15796969708454	4.62475855684622
2.93939639019489	1.63801381474438	3.16895574768514	4.61721335785992
2.94511382439056	1.63974932556584	3.15540767619816	4.64322621736217
2.95083125858624	1.65274547746708	3.16606200156412	4.62676497635384
2.95654869278191	1.62753738941749	3.16515981743597	4.67132788600652
2.96226612697759	1.64674573258544	3.19858271612564	4.67244991635685
2.96798356117326	1.64714428640415	3.20061713266045	4.65754994491556
2.97370099536894	1.635486687309	3.19837287618103	4.69906688605465
2.97941842956461	1.64105073357334	3.20753833324678	4.65777697900736
2.98513586376029	1.67338789495492	3.22179669845809	4.71540037796987
2.99085329795596	1.68086071905409	3.22131455430945	4.69442289199596
2.99657073215163	1.71020565540727	3.22052775416639	4.67481088236864
3.00228816634731	1.65263595575129	3.22644814710444	4.73382815700628
3.00800560054298	1.68353279499563	3.2356171725141	4.73721773830209
3.01372303473866	1.68748698966677	3.25421848926721	4.7399255663168
3.01944046893433	1.69774143617312	3.25192113835068	4.74994020308306
3.02515790313001	1.66899067630664	3.2454845608141	4.7683733515633
3.03087533732568	1.69335157114572	3.25766750171861	4.7429309231105
3.03659277152136	1.70726972230507	3.2692013844247	4.75713400076268
3.04231020571703	1.69627402218441	3.27747146662932	4.76548262869863
3.0480276399127	1.7300067306019	3.28714056688359	4.82792074599976
3.05374507410838	1.70357740747983	3.27786446809023	4.81554790741736
3.05946250830405	1.71417853453806	3.29197397011041	4.82462063493928
3.06517994249973	1.69227731933473	3.29789237932484	4.80490458076522
3.0708973766954	1.73497728476561	3.29368619253535	4.82465233970731
3.07661481089108	1.7115475955997	3.31165464900965	4.84322950953944
3.08233224508675	1.6719434936773	3.32381747864789	4.82192147686085
3.08804967928243	1.70848041306152	3.3075736591812	4.8342926113757
3.0937671134781	1.7226383904897	3.32712142834593	4.90920359207949
3.09948454767378	1.70409258197309	3.34535320949046	4.86942294370516
3.10520198186945	1.71482727469557	3.33972483352283	4.89603027677817
3.11091941606513	1.72869688293156	3.35006704247818	4.89459616575766
3.1166368502608	1.72812865022148	3.35113354426552	4.89115438395069
3.12235428445647	1.73209879187073	3.37009360455273	4.91667807852712
3.12807171865215	1.737246695636	3.36501074800095	4.91535549112769
3.13378915284782	1.71813323946238	3.37391635065904	4.90385431455736
3.1395065870435	1.73072073764403	3.38291944557904	4.91575772897204
3.14522402123917	1.77960127536229	3.38275086859172	4.92419530043514
3.15094145543485	1.77374312179902	3.38429778109182	5.00562203314019
3.15665888963052	1.77321832743635	3.39004884352686	4.95150848708071
3.1623763238262	1.76025501283264	3.39898133233864	4.96407577685667
3.16809375802187	1.78895503228443	3.40107014055491	4.95287825154137
3.17381119221755	1.79694646014466	3.41725951445014	4.93752428757788
3.17952862641322	1.81099387283492	3.41071969682609	4.94930025550666
3.18524606060889	1.79163931805235	3.42013195914901	4.98475525882624
3.19096349480457	1.81889298914548	3.43188702098743	5.01733727178008
3.19668092900024	1.78833829201739	3.42654022247372	4.98566072799395
3.20239836319592	1.79377640008378	3.42867936854307	5.01145142148553
3.20811579739159	1.80425344773872	3.4305205045476	5.03289813535987
3.21383323158727	1.81026116672488	3.44951791644376	5.05256011853867
3.21955066578294	1.80806010716985	3.4696988490352	5.04064906593143
3.22526809997862	1.78078511000949	3.46081270564246	5.05950807902371
3.23098553417429	1.81199178200378	3.46555190468677	5.02653008972484
3.23670296836997	1.83115992167793	3.47609566852647	5.03791911937553
3.24242040256564	1.84839400091458	3.48104166469675	5.07323458605626
3.24813783676131	1.83707440127973	3.48912096263053	5.08020632816943
3.25385527095699	1.85660946849676	3.49003568783323	5.11427527499294
3.25957270515266	1.80552767219356	3.49826912091085	5.10165896990893
3.26529013934834	1.85496763433729	3.49858563870251	5.15242491273088
3.27100757354401	1.86180946909076	3.50098792890964	5.12038224762155
3.27672500773969	1.85871311029545	3.51769711890503	5.17170432039483
3.28244244193536	1.81267783698618	3.51860322955688	5.09851286559067
3.28815987613104	1.87590222703952	3.52839008182691	5.15404245576343
3.29387731032671	1.85663540843895	3.53838450560151	5.16534928510699
3.29959474452239	1.83442730577039	3.5368392476474	5.15649793117863
3.30531217871806	1.88207786230888	3.53361904126112	5.17301947728325
3.31102961291373	1.8591566510003	3.5578715937517	5.19069184600582
3.31674704710941	1.90870284939869	3.56815395619442	5.18921554204928
3.32246448130508	1.89293714199349	3.56601660104913	5.21498095197807
3.32818191550076	1.87299843151424	3.56966685908861	5.21158031365725
3.33389934969643	1.91501725008035	3.57585859741089	5.21604400444783
3.33961678389211	1.89177889474248	3.58863657795062	5.19819454120475
3.34533421808778	1.85414321874811	3.57549711828796	5.23277405949044
3.35105165228346	1.90513680105549	3.60780498205797	5.29477436246401
3.35676908647913	1.88324932042069	3.6083780013856	5.27860176226427
3.36248652067481	1.89639849169418	3.6027203131991	5.27094136519187
3.36820395487048	1.93951690733155	3.62270523483503	5.27668453570882
3.37392138906615	1.90028211557226	3.60598853941504	5.26104709616404
3.37963882326183	1.91887996923081	3.63343569807028	5.30357646212033
3.3853562574575	1.87667115989512	3.63650482013246	5.26422301089128
3.39107369165318	1.91722335587738	3.63672095439962	5.27892478906843
3.39679112584885	1.90881856999914	3.64069645177361	5.29508279014663
3.40250856004453	1.92390760670177	3.64944714320427	5.28280366360297
3.4082259942402	1.93103010300218	3.66315904426277	5.26513898515516
3.41394342843588	1.94968310130791	3.66545715497711	5.29451498804896
3.41966086263155	1.93126994996043	3.65794456382049	5.34043743552867
3.42537829682722	1.92905934885243	3.65213172242206	5.35012876040138
3.4310957310229	1.94612750551767	3.68709662563716	5.33736703714115
3.43681316521857	1.9375456625469	3.68596630504054	5.3693500097005
3.44253059941425	1.92753793116136	3.6932652027358	5.3677877424602
3.44824803360992	1.91488973217599	3.70096913769747	5.40943442778793
3.4539654678056	1.94840852344505	3.7049247060806	5.3747882619272
3.45968290200127	1.94875731043239	3.70002069784613	5.39177232092239
3.46540033619695	2.01012516893298	3.70953916713112	5.42510892745698
3.47111777039262	1.96262929146985	3.71875271448115	5.41595253411597
3.4768352045883	1.97229620882598	3.71927576579876	5.43707830652148
3.48255263878397	1.99862503659737	3.73283463731979	5.42168465157005
3.48827007297964	1.96630877534271	3.73125326861474	5.44560560893465
3.49398750717532	1.97279015271301	3.71908370029457	5.46063585846692
3.49970494137099	1.96248078312723	3.74517012815807	5.42615102586381
3.50542237556667	1.97086256791399	3.75323910503215	5.46736058034754
3.51113980976234	2.00226552672647	3.7546632460931	5.47913337990667
3.51685724395802	2.0041767731253	3.78047005870026	5.45845701230437
3.52257467815369	2.01784093347917	3.76045056529524	5.49030263879229
3.52829211234937	2.01030151920201	3.76599273897381	5.50076450092261
3.53400954654504	1.98660996844826	3.78377831208967	5.52490738986931
3.53972698074072	2.02159256608206	3.79308563967125	5.53692643755495
3.54544441493639	2.0102178070267	3.79944435580507	5.53256034734263
3.55116184913207	2.02525721942952	3.78706957300192	5.53551687917438
3.55687928332774	2.01283604017054	3.82065099769812	5.49675569650991
3.56259671752341	2.03474412600294	3.81637800666713	5.4888014626997
3.56831415171909	2.00583776493341	3.81246725163344	5.53111426482065
3.57403158591476	1.99415488732784	3.84200470000856	5.58643237735684
3.57974902011044	2.05038397707034	3.83041316170061	5.6052060204801
3.58546645430611	2.08300480346522	3.82663954052737	5.61248779441912
3.59118388850179	2.02321625371336	3.83813638582446	5.57468643870915
3.59690132269746	2.05472194752249	3.83498284883855	5.58610126302212
3.60261875689314	2.02519953944022	3.8596774430495	5.60980243610498
3.60833619108881	2.07022799557362	3.85661513620532	5.60660322642196
3.61405362528449	2.04293736988815	3.86267548195393	5.6040173600351
3.61977105948016	2.06654170735173	3.86441494035329	5.68932730932949
3.62548849367583	2.05465798262947	3.88254749161865	5.61460764676431
3.63120592787151	2.10047029544425	3.88132190575568	5.66022550857507
3.63692336206718	2.07218374783429	3.89489763501568	5.67726888666989
3.64264079626286	2.07819331664378	3.89892798313196	5.64300305604086
3.64835823045853	2.11413904408147	3.90569140903321	5.64180597526973
3.65407566465421	2.11848756687505	3.90676391047295	5.6959898428227
3.65979309884988	2.11071793139631	3.91014718520709	5.69480488897345
3.66551053304556	2.13536289791263	3.91578559277065	5.7004423953701
3.67122796724123	2.09956194120035	3.93538659872833	5.69170210717567
3.67694540143691	2.08339793883415	3.93530041859295	5.74258587752085
3.68266283563258	2.11851292779143	3.93948910976249	5.69921768524799
3.68838026982825	2.12288617234609	3.93178811687992	5.71804925520625
3.69409770402393	2.13221730297422	3.94939439623447	5.74818866383605
3.6998151382196	2.08700615025276	3.95291329502514	5.76717290038265
3.70553257241528	2.12081308599792	3.962517659436	5.73625831540515
3.71125000661095	2.12592530377273	3.97963261795686	5.75730758138628
3.71696744080663	2.15055295724323	3.9678821053398	5.80410042121677
3.7226848750023	2.11430611264936	3.99088045005043	5.78728207897218
3.72840230919798	2.14757505034494	3.98361657053446	5.81578882441967
3.73411974339365	2.14100042959072	3.97094837767022	5.79815913694375
3.73983717758932	2.13849746149791	3.99086265840379	5.78128965750095
3.745554611785	2.15170644402363	4.00184856330295	5.79435836326232
3.75127204598067	2.13238657888184	4.00448338714226	5.82792953137255
3.75698948017635	2.13746658959933	4.01481725727473	5.82985279744778
3.76270691437202	2.15356880090141	4.02826859455384	5.8731358702926
3.7684243485677	2.15176483596521	4.0190660572651	5.83017616256123
3.77414178276337	2.1296221376695	4.03597909013924	5.82790908001422
3.77985921695905	2.12756135721124	4.04194286760347	5.88592941159193
3.78557665115472	2.16741196713142	4.04795857925299	5.87841882691212
3.7912940853504	2.22754170753445	4.05321159937426	5.92345089795435
3.79701151954607	2.16854027676954	4.04244108622865	5.91040737289116
3.80272895374174	2.16452207268313	4.0608614948646	5.87452681794042
3.80844638793742	2.20976542423781	4.07310926495229	5.88892933270682
