"mitochan"	"lwrNorm"	"medNorm"	"uprNorm"
-1.90327037354145	-2.5167757075978	-2.21436798032363	-1.91457741765172
-1.89617175054776	-2.5027745746916	-2.19549579375384	-1.91517859323231
-1.88907312755408	-2.49372626347885	-2.18496941275872	-1.88938905826215
-1.88197450456039	-2.49914408652197	-2.17950092959296	-1.8877079305958
-1.8748758815667	-2.45013426641539	-2.16974743717023	-1.86062877575757
-1.86777725857302	-2.48541938973083	-2.16582488681035	-1.87232223868761
-1.86067863557933	-2.45177642394218	-2.15654299643229	-1.8725882827734
-1.85358001258564	-2.443118692806	-2.15101846167623	-1.85748770173185
-1.84648138959196	-2.44537660573131	-2.14458332591849	-1.84141334855294
-1.83938276659827	-2.41729359147663	-2.13848012512335	-1.83266904488446
-1.83228414360459	-2.42881455600771	-2.13379592389056	-1.83755905738815
-1.8251855206109	-2.41411852656179	-2.11165407173308	-1.81499860138825
-1.81808689761721	-2.39803759402692	-2.10919115629412	-1.80319646180431
-1.81098827462353	-2.40249594688929	-2.09939151342684	-1.80993001200559
-1.80388965162984	-2.38499759573286	-2.09606192265182	-1.78210290288825
-1.79679102863615	-2.37640505486901	-2.08772230647126	-1.7801784587881
-1.78969240564247	-2.35624617006941	-2.07139311984437	-1.7756496136407
-1.78259378264878	-2.36698592327594	-2.0653499006073	-1.77552396503072
-1.77549515965509	-2.35225536343494	-2.056468522085	-1.76847150831606
-1.76839653666141	-2.34188306101204	-2.04747032101976	-1.73901260154436
-1.76129791366772	-2.34735630748173	-2.0406342684634	-1.75045364263207
-1.75419929067404	-2.35664510434079	-2.03774425357012	-1.73759662852555
-1.74710066768035	-2.3156686014853	-2.01876065451191	-1.73260082226132
-1.74000204468666	-2.33969399851231	-2.01468404265614	-1.71809561787658
-1.73290342169298	-2.30928843457496	-2.00528475254887	-1.71695990885288
-1.72580479869929	-2.30256282067405	-1.99860690786349	-1.70869780557303
-1.7187061757056	-2.27783380447206	-1.98941366735407	-1.69251981816013
-1.71160755271192	-2.29465442675912	-1.9827263549817	-1.69024762473146
-1.70450892971823	-2.26200285585529	-1.97439818067059	-1.68345834795169
-1.69741030672454	-2.2707913619967	-1.96849862680564	-1.66039191859932
-1.69031168373086	-2.24382467528057	-1.95728936731972	-1.66945222119984
-1.68321306073717	-2.24192159949716	-1.94388133556256	-1.64378502823884
-1.67611443774349	-2.22656716284789	-1.93206705728479	-1.64267620210563
-1.6690158147498	-2.23696025231269	-1.93079656051723	-1.65845247838021
-1.66191719175611	-2.23231967223071	-1.92307517153038	-1.63051733618753
-1.65481856876243	-2.18678743938551	-1.91408506130593	-1.62241011964946
-1.64771994576874	-2.2070787455975	-1.90820208248259	-1.6190927161946
-1.64062132277505	-2.18513186013182	-1.90274235025887	-1.61888057522278
-1.63352269978137	-2.19221410645086	-1.89116332461478	-1.60546478580401
-1.62642407678768	-2.17348726911965	-1.88167266572195	-1.58509675493223
-1.61932545379399	-2.16054278600276	-1.87490406598255	-1.57496650834082
-1.61222683080031	-2.14847715545316	-1.86708407817162	-1.5640037818163
-1.60512820780662	-2.14585997319836	-1.85874476039306	-1.5598701292548
-1.59802958481294	-2.1285091967563	-1.84665686789267	-1.55233820160406
-1.59093096181925	-2.13869227302915	-1.84579732389941	-1.54787031234589
-1.58383233882556	-2.1217869456104	-1.83279246688692	-1.54676275695283
-1.57673371583188	-2.10855502398044	-1.82047753029308	-1.53742011039481
-1.56963509283819	-2.09863120986515	-1.81211770779773	-1.51944547998015
-1.5625364698445	-2.08343565446591	-1.80657086556336	-1.4983852180212
-1.55543784685082	-2.08721493072913	-1.80145206449314	-1.50067392804975
-1.54833922385713	-2.07150311908235	-1.7836021674885	-1.49120301612884
-1.54124060086344	-2.07219490368998	-1.78080517423512	-1.48581570473222
-1.53414197786976	-2.05809813589732	-1.77445826572512	-1.49137540181715
-1.52704335487607	-2.05710085017583	-1.7574489473317	-1.4627635896112
-1.51994473188239	-2.03489043622029	-1.75092934451179	-1.44934531665261
-1.5128461088887	-2.04630343641261	-1.75449411311345	-1.45317502313924
-1.50574748589501	-2.04183667599336	-1.73571935896105	-1.4583657433433
-1.49864886290133	-2.02310740510997	-1.73403696079505	-1.43647953978904
-1.49155023990764	-2.01002345808697	-1.72751702473611	-1.42910630516121
-1.48445161691395	-2.02024295420968	-1.71252155752644	-1.4258419543665
-1.47735299392027	-1.97733487994431	-1.69817243458655	-1.41634720271187
-1.47025437092658	-1.98013596518349	-1.69444529948563	-1.40764572264429
-1.46315574793289	-1.97712488936148	-1.68941434877484	-1.41755346237312
-1.45605712493921	-1.95965804016645	-1.68506258761762	-1.38101976891314
-1.44895850194552	-1.95179215534975	-1.6682751557378	-1.39758036641766
-1.44185987895184	-1.95332359652345	-1.65761296035964	-1.36522099303965
-1.43476125595815	-1.93693034264447	-1.64857500908556	-1.36803369501043
-1.42766263296446	-1.93285132329414	-1.64548245996961	-1.35846929105084
-1.42056400997078	-1.93865961470841	-1.64104331090335	-1.36031839638892
-1.41346538697709	-1.91982897917512	-1.62761435713937	-1.34172641905688
-1.4063667639834	-1.90132366954539	-1.62400820954048	-1.3374146813848
-1.39926814098972	-1.90626992991572	-1.60411342289385	-1.32092101716087
-1.39216951799603	-1.88549758769993	-1.60703380181487	-1.31483281430427
-1.38507089500234	-1.88203167709252	-1.59471672575876	-1.30050393332522
-1.37797227200866	-1.88865311320674	-1.58681216880029	-1.30025182602654
-1.37087364901497	-1.88421442228001	-1.58268926849106	-1.30127237146745
-1.36377502602129	-1.85782383649231	-1.56810504689624	-1.2834010193229
-1.3566764030276	-1.8468265735982	-1.55467658142687	-1.26966547515356
-1.34957778003391	-1.8404294803875	-1.54935201006523	-1.27957340706888
-1.34247915704023	-1.82446977209944	-1.54424512808067	-1.25570347242092
-1.33538053404654	-1.82739545965664	-1.53353023446403	-1.24584230205978
-1.32828191105285	-1.83599202450951	-1.53121856929884	-1.2214884525441
-1.32118328805917	-1.80070631157014	-1.51522379415106	-1.22025851080978
-1.31408466506548	-1.7829539280459	-1.50748274631068	-1.23632831674587
-1.30698604207179	-1.79607037943632	-1.5003224414272	-1.2015410741716
-1.29988741907811	-1.78820705462067	-1.49804367861293	-1.2202767714591
-1.29278879608442	-1.78155137029314	-1.48934395375974	-1.21266430986874
-1.28569017309073	-1.76624313065489	-1.47795650383129	-1.18976595507147
-1.27859155009705	-1.75931816772364	-1.47575033445785	-1.18672655966693
-1.27149292710336	-1.74181953391065	-1.4664804115692	-1.18406420260942
-1.26439430410968	-1.72858691896347	-1.4472765303965	-1.15983786760361
-1.25729568111599	-1.72689005228072	-1.43440142108155	-1.15297594384168
-1.2501970581223	-1.72095392760322	-1.43437831434936	-1.1672120966485
-1.24309843512862	-1.72424883890851	-1.43213044761503	-1.13596770873313
-1.23599981213493	-1.69262055998454	-1.42009814719983	-1.13457807586065
-1.22890118914124	-1.69048893301729	-1.41114262415362	-1.11620173288528
-1.22180256614756	-1.67636709725616	-1.39493080586645	-1.11617487032613
-1.21470394315387	-1.67094722869013	-1.38989442256228	-1.12200588715792
-1.20760532016019	-1.67597479910538	-1.38801286471052	-1.09447752782382
-1.2005066971665	-1.64245503315932	-1.37217118409203	-1.09152383815429
-1.19340807417281	-1.64708607081064	-1.3721942588747	-1.09588660517319
-1.18630945117913	-1.63735000088353	-1.35495044528022	-1.06595917224982
-1.17921082818544	-1.63935570005297	-1.35439306835031	-1.05996078763133
-1.17211220519175	-1.6434378311164	-1.34721438415755	-1.05386826356476
-1.16501358219807	-1.60560817290571	-1.3326382988336	-1.05678068345529
-1.15791495920438	-1.59334961183077	-1.3147396366316	-1.03441226008581
-1.15081633621069	-1.61372012358176	-1.32357130056728	-1.04252089855397
-1.14371771321701	-1.59974501217533	-1.31255047834579	-1.02584658998744
-1.13661909022332	-1.58542486108204	-1.29908360329525	-1.00111621061439
-1.12952046722963	-1.57361708792343	-1.29478171724302	-1.01158457779587
-1.12242184423595	-1.57081300253213	-1.28436481454369	-1.01037041184305
-1.11532322124226	-1.54330711562935	-1.27330284739883	-1.00586572752522
-1.10822459824858	-1.55057365200212	-1.26902406570918	-0.99866966044398
-1.10112597525489	-1.53084246240612	-1.26179174867014	-0.975056470979586
-1.0940273522612	-1.53598240417882	-1.25202352161204	-0.965455122640555
-1.08692872926752	-1.52529752168882	-1.24229534142087	-0.980586585611568
-1.07983010627383	-1.51701807932066	-1.22877670111344	-0.951085519317019
-1.07273148328014	-1.49880614304305	-1.22898521436681	-0.956039620420732
-1.06563286028646	-1.49966904927513	-1.21531684918049	-0.924199982896094
-1.05853423729277	-1.48496499337104	-1.20659711523389	-0.928802033819036
-1.05143561429909	-1.48646156652884	-1.20588753994538	-0.922471700572436
-1.0443369913054	-1.47788766603641	-1.19674302580193	-0.904296565459025
-1.03723836831171	-1.46180847422614	-1.18375231095066	-0.904944809466405
-1.03013974531803	-1.46099990648752	-1.17756347154768	-0.897506680024826
-1.02304112232434	-1.46340065880972	-1.17196803448828	-0.887351526778983
-1.01594249933065	-1.43481737909412	-1.1564309412544	-0.873801992694049
-1.00884387633697	-1.41797910552529	-1.15067934414134	-0.858095810105173
-1.00174525334328	-1.41608553039657	-1.13884293576219	-0.855849193541323
-0.994646630349594	-1.42249106802772	-1.12997197471469	-0.871888581763757
-0.987548007355908	-1.41167231419577	-1.12656869999502	-0.855241081654914
-0.980449384362221	-1.41623559277328	-1.12063758395647	-0.85077989634936
-0.973350761368535	-1.38308158186813	-1.10710772982022	-0.831342597741408
-0.966252138374849	-1.37854398983963	-1.095777174419	-0.807702333340412
-0.959153515381162	-1.37298156217287	-1.089774548266	-0.798990232167043
-0.952054892387476	-1.34642214748584	-1.08601017082663	-0.790778436113928
-0.944956269393789	-1.34874800862633	-1.07183692186313	-0.790154806798936
-0.937857646400103	-1.34395571851903	-1.06343568533113	-0.789412160715012
-0.930759023406417	-1.31735834075449	-1.05430280382423	-0.775869395252057
-0.92366040041273	-1.33958999526877	-1.05268139207746	-0.759559730848366
-0.916561777419044	-1.32013921522194	-1.02993865700902	-0.743910385806839
-0.909463154425358	-1.30590118365369	-1.0334608821223	-0.755210416563256
-0.902364531431671	-1.29085006571352	-1.0256454175176	-0.744110726732556
-0.895265908437985	-1.29458625707147	-1.02047732125719	-0.740303090059824
-0.888167285444299	-1.29046869713416	-1.00739833303823	-0.716170746228969
-0.881068662450612	-1.26773624598918	-0.998346745713618	-0.702943764528543
-0.873970039456926	-1.27656739004844	-0.989798276559538	-0.723777113086318
-0.866871416463239	-1.24812232015449	-0.978941691686889	-0.703477074545497
-0.859772793469553	-1.24947515972781	-0.974165728895822	-0.690707136389719
-0.852674170475867	-1.24172342009826	-0.967122291100561	-0.684095224798505
-0.84557554748218	-1.24079696608034	-0.965223694048561	-0.700073759412697
-0.838476924488494	-1.20857319297031	-0.951477059677524	-0.66921965188145
-0.831378301494808	-1.20281054057941	-0.933625268010851	-0.656298477697344
-0.824279678501121	-1.21124126506611	-0.93129157240418	-0.657148766461932
-0.817181055507435	-1.18391151753936	-0.918235567825757	-0.644450099537122
-0.810082432513749	-1.18177045745387	-0.916663305408903	-0.64258770028232
-0.802983809520062	-1.17948951397524	-0.897698317721354	-0.632928270561941
-0.795885186526376	-1.16466021964521	-0.892546128327977	-0.630133241888425
-0.788786563532689	-1.15462866482267	-0.890004020411457	-0.61999399455228
-0.781687940539003	-1.14800999016642	-0.88473050441281	-0.602682428788795
-0.774589317545317	-1.15595247190576	-0.872246561417491	-0.601592649935758
-0.76749069455163	-1.13802146917028	-0.869913281043159	-0.58823382435052
-0.760392071557944	-1.11736121762818	-0.856724842967139	-0.598838279156918
-0.753293448564258	-1.12155044373906	-0.842341087079718	-0.576528450242606
-0.746194825570571	-1.11964513605874	-0.840528791894662	-0.566474461669682
-0.739096202576885	-1.10910401601261	-0.83361410537822	-0.555085659785665
-0.731997579583198	-1.09134725114936	-0.820910517461208	-0.546077291030919
-0.724898956589512	-1.08559612646939	-0.816424974356613	-0.554455484209147
-0.717800333595826	-1.0809168478075	-0.807202710246243	-0.535991911739059
-0.710701710602139	-1.06781837874803	-0.798700082656894	-0.52153594278245
-0.703603087608453	-1.07478657825628	-0.791724520981539	-0.495962788850679
-0.696504464614767	-1.05630325902387	-0.775855155211163	-0.511701026383419
-0.68940584162108	-1.05469216915805	-0.770788215731744	-0.504832264621502
-0.682307218627394	-1.03107948991327	-0.762388233416905	-0.493900100724843
-0.675208595633707	-1.02079232218612	-0.758235281257908	-0.493004771854133
-0.668109972640021	-1.02549072924236	-0.746182389535926	-0.473414858445113
-0.661011349646335	-1.00168181196143	-0.73752863192718	-0.46008962156547
-0.653912726652648	-1.01439909219959	-0.727217799521456	-0.448377980927745
-0.646814103658962	-0.997485328118066	-0.726179207143365	-0.46199361476781
-0.639715480665276	-0.982789443940061	-0.710821697009927	-0.421859920422933
-0.632616857671589	-0.969777481469711	-0.703796637896662	-0.430764979723888
-0.625518234677903	-0.97264486105246	-0.698075512490109	-0.418044986899478
-0.618419611684217	-0.961200024649588	-0.685136004462748	-0.41260200390315
-0.61132098869053	-0.951148838296345	-0.673814051333974	-0.411078260655576
-0.604222365696844	-0.943042244036903	-0.674887538377231	-0.387364463790797
-0.597123742703157	-0.949702335835052	-0.671890782389037	-0.393894595401016
-0.590025119709471	-0.924592363252634	-0.655456483023281	-0.374397731035203
-0.582926496715785	-0.918870451822188	-0.650385018180911	-0.366171674960364
-0.575827873722098	-0.910461463686067	-0.634649804820769	-0.363429175232979
-0.568729250728412	-0.901223843489778	-0.623048950214799	-0.356650681669296
-0.561630627734726	-0.888446506632188	-0.616106640347269	-0.354654947151343
-0.554532004741039	-0.86565415504607	-0.616228203770874	-0.349902101864123
-0.547433381747353	-0.878943727334153	-0.601381298944212	-0.334128010852847
-0.540334758753667	-0.865148430340303	-0.603081418575506	-0.332782890328739
-0.53323613575998	-0.853502795082748	-0.582596738634093	-0.304727337651799
-0.526137512766294	-0.846398318290674	-0.582168014264339	-0.315705929835456
-0.519038889772607	-0.846172005603781	-0.567477164931012	-0.298259698709374
-0.511940266778921	-0.81730951225364	-0.560143651082525	-0.302797295889933
-0.504841643785235	-0.815803878359628	-0.55035105905176	-0.291110786296128
-0.497743020791548	-0.80886291276001	-0.542264535198824	-0.275202737599593
-0.490644397797862	-0.816521409667334	-0.538880272314752	-0.278473775514585
-0.483545774804176	-0.795306631298755	-0.526477550650745	-0.253962522146031
-0.476447151810489	-0.794175179735712	-0.521909599499659	-0.265815676038424
-0.469348528816803	-0.773565750437423	-0.509946268706652	-0.246070431165126
-0.462249905823116	-0.774805526902154	-0.497872182760665	-0.223344817543
-0.45515128282943	-0.764907643532852	-0.501795935222199	-0.23468719217909
-0.448052659835744	-0.745822426746581	-0.484104068092272	-0.203623884345384
-0.440954036842057	-0.735367759108785	-0.474211355337945	-0.202200277647243
-0.433855413848371	-0.749827122657702	-0.468070678691904	-0.205395335594874
-0.426756790854685	-0.737337523068259	-0.46197247525686	-0.195328347787089
-0.419658167860998	-0.712255315751694	-0.450412413188504	-0.184182443274498
-0.412559544867312	-0.703673015860961	-0.44248831992373	-0.16642537204092
-0.405460921873626	-0.700911928499785	-0.432620222233333	-0.158315307538621
-0.398362298879939	-0.695949722962537	-0.423052866646345	-0.138446548520656
-0.391263675886253	-0.681406282152388	-0.412301728825956	-0.161849084924371
-0.384165052892566	-0.677653249450653	-0.4053184439541	-0.140133269900728
-0.37706642989888	-0.674649689146171	-0.394436475195442	-0.140457752546027
-0.369967806905194	-0.66620735052789	-0.393959028224227	-0.131520616944698
-0.362869183911507	-0.654983295300979	-0.387905884798693	-0.120706877448315
-0.355770560917821	-0.646037134089394	-0.381910507867855	-0.107270794542838
-0.348671937924135	-0.621971519669453	-0.370656748608911	-0.12629864777144
-0.341573314930448	-0.624063624401305	-0.359793571583639	-0.0984824178599217
-0.334474691936762	-0.623537208158108	-0.351109201197016	-0.0932247742212199
-0.327376068943076	-0.597997942712083	-0.345586882560474	-0.0707600711997291
-0.320277445949389	-0.596191095922409	-0.343893870395127	-0.0802152566130532
-0.313178822955703	-0.59050591736833	-0.331402932897615	-0.0548999892642433
-0.306080199962016	-0.586768818826157	-0.317417778515212	-0.0579671258665989
-0.29898157696833	-0.586657182413386	-0.303040658034755	-0.0496715071074109
-0.291882953974644	-0.573437350936702	-0.305748405914082	-0.0223378035467776
-0.284784330980957	-0.559704762842444	-0.291067507463554	-0.0309419044093419
-0.277685707987271	-0.572880616328867	-0.27987170250759	-0.0159912535142961
-0.270587084993585	-0.523357001885327	-0.274449493862071	-0.0163352136504288
-0.263488461999898	-0.541858227418919	-0.265765169231089	-0.00925693056380236
-0.256389839006212	-0.51002225851238	-0.257808558453686	0.00532168036388386
-0.249291216012526	-0.506369465077961	-0.249619072793404	0.00952566323596796
-0.242192593018839	-0.50126196704954	-0.243292800811492	0.0155539016794125
-0.235093970025153	-0.491152744186418	-0.236269102804767	0.0283791948801365
-0.227995347031466	-0.494630770543803	-0.22901730303233	0.0375186686487852
-0.22089672403778	-0.476008002366128	-0.215909850467106	0.0503701275602128
-0.213798101044094	-0.473125242645146	-0.210078158510742	0.057924516738159
-0.206699478050407	-0.456870001013341	-0.200668975414307	0.0788031567245364
-0.199600855056721	-0.467472753409737	-0.195586320308624	0.0704111276350916
-0.192502232063035	-0.453907903474717	-0.188371104723765	0.0700908773077256
-0.185403609069348	-0.434376955854454	-0.174622720781853	0.0859514886272383
-0.178304986075662	-0.430836622489532	-0.159462147346383	0.0945352117756383
-0.171206363081976	-0.423831517580968	-0.159699450793317	0.106441591842278
-0.164107740088289	-0.413995366599922	-0.149658431914604	0.108143086306404
-0.157009117094603	-0.410575378537779	-0.143396300527821	0.12212815039643
-0.149910494100916	-0.391072014519623	-0.130810924207958	0.123080525644848
-0.14281187110723	-0.384883761600141	-0.12636809859875	0.137664322216967
-0.135713248113544	-0.381987400942219	-0.119028248509507	0.145096173925928
-0.128614625119857	-0.362484278944978	-0.107771202331386	0.146186198197257
-0.121516002126171	-0.362003497670593	-0.0976248427534627	0.170907163386013
-0.114417379132485	-0.36275723076789	-0.090747879494569	0.183769068846333
-0.107318756138798	-0.340148093612423	-0.0874371783061509	0.181849977295098
-0.100220133145112	-0.326320124124207	-0.0642872855400107	0.206014720354081
-0.0931215101514256	-0.328661305124373	-0.0672326953843621	0.198623752226842
-0.0860228871577391	-0.314904085721118	-0.0536109415052703	0.195716790626215
-0.0789242641640526	-0.315208819163868	-0.0458154963702055	0.225470241813604
-0.0718256411703664	-0.310358736127394	-0.038297390156676	0.225606879957335
-0.0647270181766799	-0.289567293507953	-0.0295548777725351	0.216935481649907
-0.0576283951829937	-0.291631022629802	-0.0262400424543225	0.242633047474586
-0.0505297721893072	-0.290043361806708	-0.01693710609291	0.237696782631945
-0.043431149195621	-0.255481165253506	-0.00605225751800066	0.250397916787899
-0.0363325262019345	-0.24533935490782	0.0106341260746237	0.261818373886462
-0.0292339032082483	-0.243944752541383	0.00621469039676276	0.285366434587615
-0.0221352802145618	-0.243464195662533	0.0198033590337374	0.271167101460543
-0.0150366572208753	-0.215730869019518	0.033923812609862	0.297901406427639
-0.00793803422718908	-0.216803533026001	0.0302086842065089	0.296482992614043
-0.000839411233502618	-0.219278914960984	0.0428062304153132	0.300010816684605
0.00625921176018363	-0.203377009248357	0.0568076063591676	0.335035802131781
0.0133578347538701	-0.199348718435588	0.0630268457703434	0.307318736173247
0.0204564577475563	-0.208064082186291	0.0715748426463084	0.340679330334197
0.0275550807412428	-0.182479405433019	0.0797501901416024	0.351475318079604
0.034653703734929	-0.173065061354779	0.0838018676720862	0.342524956290486
0.0417523267286155	-0.164466762134056	0.0888601622459282	0.355200229280075
0.048850949722302	-0.155324327798728	0.0965042272814075	0.354272970937144
0.0559495727159882	-0.140797910212721	0.102985762646447	0.371090970418148
0.0630481957096747	-0.152438688028382	0.116706847856989	0.381044620766265
0.0701468187033609	-0.132066495068388	0.131656195869591	0.385575575645628
0.0772454416970474	-0.129209840652703	0.136284055786614	0.40648380464923
0.0843440646907336	-0.115808134761344	0.149123068577289	0.406768852659977
0.0914426876844201	-0.103303547764956	0.151894069916099	0.409098227791418
0.0985413106781063	-0.112823074091929	0.158910184516655	0.420664935722816
0.105639933671793	-0.0775190002833959	0.169963983556552	0.420351393720787
0.112738556665479	-0.0631168672384832	0.174239866953532	0.436932869535906
0.119837179659166	-0.068608169305646	0.188543315716266	0.444156753717814
0.126935802652852	-0.0623686548913153	0.200927301155363	0.452879682858202
0.134034425646538	-0.04507109011361	0.19649607681933	0.456126082219784
0.141133048640225	-0.0496215852319834	0.213423740273496	0.474797179462961
0.148231671633911	-0.030832963093525	0.217679380980777	0.46047421145346
0.155330294627597	-0.0247665309027992	0.224840254831786	0.487159623796782
0.162428917621284	-0.0084119518782189	0.236718823633102	0.49547860169964
0.16952754061497	-0.00739119815138701	0.246275795011588	0.512402040795124
0.176626163608657	0.00134285483939084	0.250593260645935	0.510734883238225
0.183724786602343	0.00605225266485568	0.267010621318377	0.517357289538459
0.190823409596029	0.0142702151126218	0.264973370870065	0.547092805464219
0.197922032589716	0.0262708000813653	0.28288141229234	0.546298710297075
0.205020655583402	0.02532940352662	0.29283887196003	0.536160647615115
0.212119278577088	0.0389521086245839	0.299851217251014	0.567407367804768
0.219217901570774	0.0504412443683289	0.304087131048845	0.558948041845507
0.226316524564461	0.0459190550457376	0.318534556343394	0.578823125691714
0.233415147558147	0.0575060412093456	0.327276555987279	0.587084295215981
0.240513770551834	0.0758137336911942	0.333073745752211	0.604345386305405
0.24761239354552	0.0856479277742698	0.338934956084501	0.580777083913491
0.254711016539206	0.100004927015404	0.347153978456923	0.610949299062087
0.261809639532893	0.104490075636798	0.357589579632483	0.606565289634802
0.268908262526579	0.0996885928179975	0.359354969375177	0.620484818650586
0.276006885520266	0.104051855416582	0.37231130979545	0.628534640233214
0.283105508513952	0.123822870780078	0.383111708252097	0.641375263190442
0.290204131507638	0.112371084449309	0.386685137356884	0.645088259784713
0.297302754501325	0.134401568115406	0.393329910736167	0.655029773167894
0.304401377495011	0.149885444074272	0.404403740565544	0.669586449402813
0.311500000488698	0.15889401781168	0.411799176809813	0.67152381510765
0.318598623482384	0.164904065983134	0.425980920864172	0.66405072515298
0.32569724647607	0.175239070392514	0.428393465595278	0.693309886721015
0.332795869469757	0.178791942161766	0.4344565192661	0.685926040641768
0.339894492463443	0.184439400806262	0.446907529457249	0.707992003888524
0.346993115457129	0.199307843089508	0.452808552342077	0.711411212725069
0.354091738450816	0.218408929131456	0.462773566751792	0.707421301076466
0.361190361444502	0.201701678385111	0.477077664128643	0.715916980353143
0.368288984438188	0.236319432439283	0.485250214275318	0.740477756031362
0.375387607431875	0.227281104769764	0.488970662219393	0.736375441207044
0.382486230425561	0.240192394451977	0.501617562166846	0.747745895359504
0.389584853419247	0.250048539779119	0.508373955122412	0.765989925444091
0.396683476412934	0.257838073713268	0.514703512007912	0.764720787193975
0.40378209940662	0.254235611545183	0.521875332777502	0.782788064236037
0.410880722400306	0.269850779432215	0.529262517233417	0.782919468668643
0.417979345393993	0.279278715273242	0.535164444015436	0.810291207077379
0.425077968387679	0.29307243488504	0.548214915016979	0.789656261243146
0.432176591381366	0.289802576019828	0.561580778931977	0.808707386222618
0.439275214375052	0.314663639113731	0.564642637538927	0.816603401324739
0.446373837368738	0.325118790511679	0.576142588341591	0.821836698741937
0.453472460362425	0.332610941468709	0.57812383162092	0.841281822038707
0.460571083356111	0.33141890033018	0.590716711587062	0.850245239231515
0.467669706349798	0.344098743476502	0.594963102953227	0.851783562498296
0.474768329343484	0.352987961797272	0.609391929747308	0.87288144402905
0.48186695233717	0.361243979671567	0.614426876420568	0.869891888612033
0.488965575330857	0.365535083879401	0.619704211138155	0.882270303130756
0.496064198324543	0.378122272957345	0.627624424604821	0.882822343561801
0.50316282131823	0.391309376272941	0.643996989535205	0.906872342771774
0.510261444311916	0.401862428871358	0.650088930423532	0.907902925658774
0.517360067305602	0.414944053127027	0.656765277850079	0.906987861863136
0.524458690299288	0.423661170060308	0.661705808642065	0.921178070095467
0.531557313292975	0.408577781369483	0.670910702121006	0.937109881489202
0.538655936286661	0.425214004799949	0.681852620721992	0.937485074729947
0.545754559280347	0.443990041995153	0.686512240641406	0.952325087098037
0.552853182274034	0.445577657868693	0.69446605316312	0.949896894850585
0.55995180526772	0.450752228602927	0.705165122892974	0.959386458136013
0.567050428261407	0.464487612995324	0.726063861516736	0.975215724281142
0.574149051255093	0.476025606381497	0.719736698403209	0.992153129456019
0.581247674248779	0.489893050516186	0.737594135840425	0.979792725117823
0.588346297242466	0.479222087521776	0.748719479273051	0.999483715902262
0.595444920236152	0.489844623942637	0.752384801370142	1.01489365523774
0.602543543229838	0.490497108223516	0.756033586559594	1.00796769239379
0.609642166223525	0.501528459845967	0.766927986020122	1.02591841334465
0.616740789217211	0.518647466568343	0.777799053404805	1.02770168119452
0.623839412210898	0.522562414494688	0.785058348139629	1.03782599022753
0.630938035204584	0.52761053405388	0.794452936493095	1.04961868124437
0.63803665819827	0.544846589885111	0.800009584114707	1.07083583355443
0.645135281191957	0.551221322945221	0.803773253303885	1.05277562353636
0.652233904185643	0.563078563644912	0.820579334183766	1.06911236857817
0.65933252717933	0.57215309822635	0.834577341009161	1.09142262831572
0.666431150173016	0.576850371666403	0.831451956167232	1.08399876225734
0.673529773166702	0.587306148205482	0.841745396537203	1.09417356586313
0.680628396160389	0.594050315332747	0.853456275785702	1.10021791008589
0.687727019154075	0.609443207804728	0.859728306270646	1.10638813865833
0.694825642147761	0.623582022596614	0.866583478854845	1.12334513990496
0.701924265141447	0.634989111574695	0.874545085866308	1.13659780451798
0.709022888135134	0.626782594228077	0.88663468407033	1.13093227306229
0.71612151112882	0.644116502309768	0.888314338383916	1.15537644130949
0.723220134122507	0.64662558576556	0.897390058820916	1.15045920016078
0.730318757116193	0.649448866612097	0.910322161832612	1.15432740274825
0.737417380109879	0.674615342501907	0.917344397112486	1.19264576741867
0.744516003103566	0.686650000121994	0.924272894068483	1.18210245043095
0.751614626097252	0.676553329800708	0.933571556210387	1.18612009884303
0.758713249090939	0.680189049146069	0.93973413427703	1.1886914000681
0.765811872084625	0.692107973092238	0.950742813803732	1.2100362539638
0.772910495078311	0.693105651605177	0.959691150887759	1.20398506866394
0.780009118071998	0.719994989959471	0.970981456949057	1.22263147163043
0.787107741065684	0.720379531523744	0.976264717454614	1.23593995199797
0.79420636405937	0.732773688361242	0.989530358764303	1.22947656382476
0.801304987053057	0.739743149862954	0.993455372021702	1.24310701535192
0.808403610046743	0.753034947385153	1.00128288726237	1.24971965224568
0.81550223304043	0.755695285685625	1.0127899845485	1.27518501646343
0.822600856034116	0.761372201263243	1.01489718831812	1.26732418265847
0.829699479027802	0.775790037749414	1.02667892625914	1.29320034574054
0.836798102021489	0.782755669508197	1.03849154653344	1.29599006424245
0.843896725015175	0.793083840714621	1.03933754439228	1.27966189631094
0.850995348008861	0.797929434521915	1.05766113613835	1.30036112823666
0.858093971002547	0.814133625756473	1.06500710146363	1.32363860876904
0.865192593996234	0.809996859492642	1.06373008650047	1.30507597542273
0.87229121698992	0.820386756961453	1.07330490344771	1.33256468925319
0.879389839983607	0.827706400914845	1.07694243154412	1.32150073957697
0.886488462977293	0.844272479577822	1.09827977096428	1.36373626800642
0.893587085970979	0.845747232332359	1.10530391866692	1.36057417041237
0.900685708964666	0.862487581627758	1.11635714594976	1.36725820494883
0.907784331958352	0.87131556165384	1.12213527767312	1.36028728982487
0.914882954952039	0.863124439966404	1.12222871077386	1.37053326176377
0.921981577945725	0.893339303760244	1.13231935956144	1.38421373918157
0.929080200939411	0.889948222566176	1.14735322225254	1.39235258473621
0.936178823933098	0.903729039506482	1.15853321720948	1.40037870072713
0.943277446926784	0.908467958902376	1.1596185999953	1.4163212837978
0.95037606992047	0.906152810978109	1.16121795497245	1.42763496934833
0.957474692914157	0.925961273008855	1.17820806214583	1.42943475885202
0.964573315907843	0.935847511512589	1.18548565911406	1.4407443356223
0.97167193890153	0.941628303404755	1.19309086165363	1.45606504952257
0.978770561895216	0.956330956605504	1.19559732694548	1.45360577352143
0.985869184888902	0.946880550256283	1.21197575706411	1.463315041551
0.992967807882589	0.96783335143676	1.21827735374042	1.46483996052542
1.00006643087628	0.981918239280893	1.22194756325157	1.47121961365346
1.00716505386996	0.986639191387987	1.23570732835782	1.49515695068984
1.01426367686365	0.995304677381151	1.24547001889062	1.49883658894612
1.02136229985733	0.999860806328067	1.25875498499867	1.51264130558222
1.02846092285102	1.0096896505448	1.26176691091173	1.50749488626898
1.03555954584471	1.01751664803378	1.27180977188609	1.51008610319516
1.04265816883839	1.02962695948715	1.28055848675858	1.53889520421912
1.04975679183208	1.03766975279818	1.29426259628555	1.54761831230036
1.05685541482577	1.05566233056395	1.3012102478656	1.5423092603024
1.06395403781945	1.0670708375638	1.30969661748549	1.55107258716506
1.07105266081314	1.05342444614534	1.3189979275764	1.56742219527088
1.07815128380682	1.07765431926489	1.32179193977285	1.56773795524254
1.08524990680051	1.08375715604294	1.33256733289449	1.57672030145134
1.0923485297942	1.08628265772096	1.33801668920456	1.58815468441062
1.09944715278788	1.10829021366194	1.34382216534662	1.60699413952935
1.10654577578157	1.10232296563322	1.3596822529717	1.59945608443346
1.11364439877526	1.12045381941856	1.36437609981114	1.60213955878755
1.12074302176894	1.1248993847782	1.37183194780197	1.63685296552355
1.12784164476263	1.12554621070509	1.38088061709223	1.61826096736111
1.13494026775632	1.12718021798039	1.39350085753318	1.65409878791786
1.14203889075	1.15608077609048	1.39722208628824	1.64736413147692
1.14913751374369	1.14984907461047	1.40335904180081	1.65875027898375
1.15623613673738	1.16140132852808	1.41000383054993	1.65862844616488
1.16333475973106	1.18154648055473	1.42709266504938	1.66716020199473
1.17043338272475	1.16762203589992	1.42679997558776	1.68305651717589
1.17753200571843	1.18132050900943	1.43815660009984	1.68445217961491
1.18463062871212	1.18770151230054	1.44875734815113	1.69665035168519
1.19172925170581	1.18775714883424	1.45121805340212	1.69847865591068
1.19882787469949	1.2149184599732	1.46486236717883	1.72146932031238
1.20592649769318	1.21317941897741	1.47517370385755	1.73133189275832
1.21302512068687	1.23383723658649	1.48865348945678	1.74070752166023
1.22012374368055	1.23798719860114	1.48357888885361	1.74744342872718
1.22722236667424	1.24787648778881	1.49822465880978	1.7500816582885
1.23432098966793	1.24946899327905	1.50347134131595	1.74909725443959
1.24141961266161	1.26172546032197	1.5145567930606	1.77020021827517
1.2485182356553	1.25865377857169	1.52121965026988	1.77396675748037
1.25561685864898	1.28443064531775	1.53345719791968	1.79929864656886
1.26271548164267	1.28521126246217	1.540272090776	1.79044724479334
1.26981410463636	1.29801954568637	1.54810705208408	1.79332416752289
1.27691272763004	1.30250872241238	1.55284894056648	1.80724886046282
1.28401135062373	1.303754050758	1.56215312144806	1.8131614706721
1.29110997361742	1.31855908669475	1.5734029891212	1.82828238508056
1.2982085966111	1.3419214786009	1.58275335287976	1.842333748984
1.30530721960479	1.33746444082577	1.59073817628958	1.84530747746246
1.31240584259848	1.33580964673597	1.60091697072586	1.84862881751633
1.31950446559216	1.35796915484993	1.60294077171194	1.84416600983852
1.32660308858585	1.36758983384711	1.61966739412496	1.87718419359361
1.33370171157953	1.36294549512625	1.62027815078996	1.87675182738057
1.34080033457322	1.38893785305557	1.63463287910888	1.88280479085766
1.34789895756691	1.39599468562068	1.64311395202105	1.88383780848496
1.35499758056059	1.40469607378986	1.64990887422516	1.89904115862197
1.36209620355428	1.40125992625538	1.65764231532193	1.89789094977552
1.36919482654797	1.41380151369077	1.66563613147094	1.91703349050882
1.37629344954165	1.42033174311633	1.67672841816607	1.9392314776328
1.38339207253534	1.42052514404203	1.68218192208981	1.93740157093486
1.39049069552903	1.44222105985785	1.6904516471103	1.93878924369642
1.39758931852271	1.44927999708739	1.69983180532934	1.95409144825141
1.4046879415164	1.44535217211317	1.70436650276247	1.95812607585407
1.41178656451008	1.45873732942545	1.72359230455508	1.96157214076728
1.41888518750377	1.47690944386586	1.7266704414825	1.9816799018907
1.42598381049746	1.48440357911973	1.73584584747639	1.99982654517633
1.43308243349114	1.48749099673684	1.73636334860632	1.99684195191389
1.44018105648483	1.48965418536483	1.75159304486745	1.99848041662094
1.44727967947852	1.51575875213329	1.75487960679908	2.01262432015955
1.4543783024722	1.51573459097283	1.76656712732329	2.02673270352453
1.46147692546589	1.51792722574499	1.77483567373963	2.04305175954345
1.46857554845958	1.52881875955582	1.78575994144625	2.04327947670124
1.47567417145326	1.54853927141152	1.79840939526318	2.04867497567237
1.48277279444695	1.54654244056039	1.79537106987867	2.0474001497033
1.48987141744063	1.55484672177391	1.8124014043192	2.05264747137085
1.49697004043432	1.57758595299269	1.81801413032239	2.05972897416626
1.50406866342801	1.59397072524834	1.82510268853787	2.09034839146452
1.51116728642169	1.57462559306627	1.83261844099339	2.07852446581518
1.51826590941538	1.59835255883144	1.84540539985366	2.09408228430877
1.52536453240907	1.59659913569549	1.84865137179698	2.1069338628975
1.53246315540275	1.60045602205165	1.85338125485226	2.10040489112406
1.53956177839644	1.62049738035641	1.86994814974107	2.12182763116862
1.54666040139013	1.61715808113848	1.87548663679913	2.1340161056574
1.55375902438381	1.6301081320387	1.88237265490591	2.12411926596295
1.5608576473775	1.64601600777592	1.89495890573154	2.13725196742777
1.56795627037118	1.65278257520976	1.89987154036446	2.14787816276884
1.57505489336487	1.65276260617832	1.90666335395589	2.15645692886652
1.58215351635856	1.66484302041371	1.92417546879889	2.17181010348191
1.58925213935224	1.67674540718085	1.92119806947074	2.17423918334122
1.59635076234593	1.69375872909576	1.93426863474728	2.18842975421276
1.60344938533962	1.68856089415683	1.94634596463951	2.18724235729813
1.6105480083333	1.69946467021383	1.9497706081725	2.2099811323849
1.61764663132699	1.71583464092768	1.95932888772141	2.19845282656462
1.62474525432068	1.70523768897113	1.96749077984955	2.21864569545789
1.63184387731436	1.72615727198453	1.97265225288347	2.23313596549602
1.63894250030805	1.72795485095445	1.98845978867123	2.23116070531753
1.64604112330173	1.7529312584329	1.99153633999456	2.24894532944233
1.65313974629542	1.73212443834645	2.0004745342033	2.25301246952136
1.66023836928911	1.76760702255867	2.01612660913358	2.26462886304825
1.66733699228279	1.77910932095196	2.01976845812397	2.26828556918816
1.67443561527648	1.77586129886933	2.02844093893971	2.28028660958862
1.68153423827017	1.79026548109399	2.03657016324782	2.2902632087376
1.68863286126385	1.7950029047106	2.04229621812692	2.28959088907653
1.69573148425754	1.80001181786148	2.05378364688945	2.31498639289661
1.70283010725123	1.81647010539772	2.05905585245291	2.3118694126586
1.70992873024491	1.82532513574791	2.07230510994922	2.33349395195082
1.7170273532386	1.82886631640717	2.08023664105988	2.32356849369641
1.72412597623228	1.85401751336633	2.08596436520802	2.33998370315746
1.73122459922597	1.83675682343045	2.08632733473454	2.34991870298429
1.73832322221966	1.84748054586208	2.09535266260312	2.33986658757812
1.74542184521334	1.86425868436945	2.11184744772956	2.35054106113288
1.75252046820703	1.8666848101583	2.11823846946453	2.35947648192818
1.75961909120072	1.87640803592272	2.12834161202751	2.37287452364351
1.7667177141944	1.87139821005281	2.14019684428707	2.40017593799472
1.77381633718809	1.90878112011166	2.15663278281989	2.40070113867243
1.78091496018178	1.91631259381782	2.15591782863852	2.41818976570248
1.78801358317546	1.91421229063263	2.16161893221253	2.41167453418915
1.79511220616915	1.92863371268937	2.16672001623377	2.4263805857912
1.80221082916283	1.92766476834261	2.17839398244904	2.42951047036915
1.80930945215652	1.92310403173562	2.18751974970643	2.43522125629273
1.81640807515021	1.94823412485866	2.20201784221554	2.44718342896734
1.82350669814389	1.95928163295334	2.20869827259576	2.44495876192722
1.83060532113758	1.97162544624063	2.20945745695042	2.46944949015747
1.83770394413127	1.97432156357282	2.21785303556092	2.4656511256833
1.84480256712495	1.97182423077966	2.23519643645784	2.4903192461185
1.85190119011864	1.9750622068034	2.23593397402814	2.4807903736266
1.85899981311233	1.99085483345579	2.24839593562222	2.50884763421484
1.86609843610601	2.00116734953372	2.25885376709343	2.51119863890652
1.8731970590997	2.0059337754662	2.25563065293869	2.51237823270218
1.88029568209338	2.00781394742632	2.26961077248897	2.53212407121911
1.88739430508707	2.03429119990265	2.27906289487358	2.51156038910531
1.89449292808076	2.03506625517163	2.29245419496109	2.55871689052776
1.90159155107444	2.05862673597104	2.29842219274854	2.53402313196623
1.90869017406813	2.04305978362391	2.30286337369261	2.556437811641
1.91578879706182	2.06972438205307	2.31578528798178	2.55166243824861
1.9228874200555	2.06940365004689	2.32753163792613	2.57459527731119
1.92998604304919	2.07610692206786	2.33295141907115	2.57768223273418
1.93708466604288	2.08945421027842	2.33650294070876	2.59822330462234
1.94418328903656	2.1015068801722	2.34382029195099	2.59319137855309
1.95128191203025	2.09700109908449	2.35728205541051	2.61272976548127
1.95838053502393	2.11533538862842	2.3656020052547	2.62154608080763
1.96547915801762	2.12381556503643	2.37287893037598	2.6254354658229
1.97257778101131	2.12294313287687	2.3750361697108	2.63042444335382
1.97967640400499	2.13394654855276	2.38773838410929	2.64776420172996
1.98677502699868	2.15162840831288	2.39833090628484	2.6517235940782
1.99387364999237	2.15529717296978	2.40401530505037	2.64238510251666
2.00097227298605	2.14853806675271	2.41337771533925	2.67404806150699
2.00807089597974	2.1657114559081	2.41784727701206	2.66050786797307
2.01516951897343	2.17575771723243	2.42846433536091	2.67563493472041
2.02226814196711	2.1978931228045	2.43966704420742	2.68126613300479
2.0293667649608	2.18822165618968	2.4436001664958	2.69573608374001
2.03646538795448	2.20523723131806	2.45981635741399	2.70537328567069
2.04356401094817	2.2129154046795	2.46750115659736	2.72178039284614
2.05066263394186	2.2271634338452	2.4659525310652	2.72079660839209
2.05776125693554	2.23329465692847	2.48385244725913	2.73185547967243
2.06485987992923	2.24762923366748	2.48950337410698	2.73455284119062
2.07195850292292	2.25101150751583	2.50378166187397	2.76257993834197
2.0790571259166	2.25076985626247	2.51204694000287	2.77658672984305
2.08615574891029	2.25699452466921	2.51307656835023	2.75955694292193
2.09325437190398	2.2789307876247	2.52202784988572	2.77802830507722
2.10035299489766	2.28427579062354	2.53073418691486	2.76533636986948
2.10745161789135	2.28865713064811	2.53990529795445	2.78908692145791
2.11455024088503	2.30645559453383	2.55944699352151	2.80436361794631
2.12164886387872	2.30446662829801	2.55427307190574	2.82496644707584
2.12874748687241	2.30609652644246	2.56046816756618	2.83884401051173
2.13584610986609	2.30515931949596	2.57504913695345	2.81920755439358
2.14294473285978	2.33309369099076	2.58157031988683	2.8215228822676
2.15004335585347	2.32985261572487	2.59258057580498	2.84222841756332
2.15714197884715	2.33553329397842	2.591998544795	2.85268496669813
2.16424060184084	2.35625241747191	2.60848031139004	2.84971396291939
2.17133922483453	2.37871651006899	2.62489145025434	2.87563784906495
2.17843784782821	2.36101322691796	2.62312742006413	2.87764578497436
2.1855364708219	2.38526489834907	2.63583834270492	2.8839974026541
2.19263509381558	2.37706518662585	2.64919575244339	2.89166324534024
2.19973371680927	2.39469858947248	2.64853722627412	2.90194122909141
2.20683233980296	2.3970845808705	2.66114414780403	2.9015730754162
2.21393096279664	2.42078823788097	2.66953493420794	2.903760984567
2.22102958579033	2.42660854958549	2.67709873888204	2.92514288567781
2.22812820878402	2.42663739093748	2.68054711320971	2.93030657973121
2.2352268317777	2.44086522902254	2.69344314030545	2.93602196606614
2.24232545477139	2.45102255093153	2.69793676961966	2.95339361667524
2.24942407776508	2.45986095567159	2.70787306632483	2.95664840207627
2.25652270075876	2.45821500962046	2.71348981239693	2.96336216979497
2.26362132375245	2.47014879228902	2.72620468787501	2.96649257899428
2.27071994674613	2.4829681067809	2.73048577639725	2.97889944597302
2.27781856973982	2.48528733058266	2.73656096089055	2.99809016155405
2.28491719273351	2.508173690409	2.75348888918501	3.00554747451033
2.29201581572719	2.50203129989785	2.75811968879917	3.01068829854055
2.29911443872088	2.51244840791216	2.76855121381387	3.00300997983712
2.30621306171457	2.53162800394577	2.78374613743305	3.0306574160256
2.31331168470825	2.52349130777814	2.78159541238719	3.04492596011219
2.32041030770194	2.53425151970331	2.79052556283522	3.04934043275461
2.32750893069563	2.53399659537172	2.80254222275876	3.05904415571301
2.33460755368931	2.54331064592021	2.80722799173883	3.06586039294393
2.341706176683	2.56910037323417	2.82126333181488	3.0901149530314
2.34880479967668	2.5845532831929	2.8311099129809	3.06994472493443
2.35590342267037	2.57774980798016	2.83283395874514	3.09763047993729
2.36300204566406	2.58899819796061	2.84046538138515	3.08026657993366
2.37010066865774	2.58026574763329	2.84509149866236	3.09414697835727
2.37719929165143	2.59646275508727	2.86035840061727	3.11639884342382
2.38429791464512	2.5955696651316	2.86688667481934	3.11921318941197
2.3913965376388	2.61341052654083	2.87633628748651	3.13000676473763
2.39849516063249	2.62549111424313	2.87872256599396	3.12523876885887
2.40559378362618	2.62243792404609	2.88076827578255	3.13394623156239
2.41269240661986	2.64754230436312	2.90164669456732	3.14923746407248
2.41979102961355	2.65769376319846	2.90967120801637	3.16290209567929
2.42688965260723	2.66174445687827	2.9192670534498	3.1693913234898
2.43398827560092	2.68812256722079	2.92695895550552	3.19061335426789
2.44108689859461	2.66054217597443	2.92925673376586	3.19055864198772
2.44818552158829	2.68753740435008	2.94205509801957	3.19253084556768
2.45528414458198	2.69615114977282	2.95655101073502	3.2197588886953
2.46238276757567	2.71125694746741	2.96026948533226	3.21535538800906
2.46948139056935	2.71755624641686	2.96443688225374	3.22203544683488
2.47658001356304	2.72214612497776	2.97601730057677	3.22136396838581
2.48367863655673	2.7411886387742	2.98125023699459	3.23573372767136
2.49077725955041	2.72571613542496	2.99150262275937	3.24797559191067
2.4978758825441	2.76037464684645	3.01159963736519	3.25982636435299
2.50497450553778	2.75134836445408	3.01472812727716	3.26651423467786
2.51207312853147	2.77500091650749	3.02188693748524	3.28158794993582
2.51917175152516	2.77653611971808	3.02912637439967	3.28660141845753
2.52627037451884	2.77092172506174	3.03513731402422	3.29184460022926
2.53336899751253	2.7902621442056	3.04612981057225	3.29683834852088
2.54046762050622	2.80479936099721	3.05124331647512	3.29767793771598
2.5475662434999	2.81915071861494	3.06302987361588	3.31733534323668
2.55466486649359	2.81303264049475	3.06924170856705	3.33042959286621
2.56176348948728	2.8184245381348	3.07756393227998	3.33770232102787
2.56886211248096	2.83791348903127	3.09299922912171	3.35215467174187
2.57596073547465	2.84553880687526	3.09503297602019	3.34438311252674
2.58305935846834	2.85566567369378	3.10706963078749	3.36994106110627
2.59015798146202	2.8483678715514	3.10958022884645	3.36316114626942
2.59725660445571	2.85759375568617	3.12201359285941	3.37407817757864
2.60435522744939	2.85886553266144	3.12853473936656	3.38704805233157
2.61145385044308	2.86654668922903	3.13250297842316	3.39141822267591
2.61855247343677	2.89161338385462	3.15055193200742	3.40208024288087
2.62565109643045	2.89244965562945	3.15284328246065	3.40940311440527
2.63274971942414	2.91680707573093	3.16445440760772	3.41789718071589
2.63984834241783	2.91409416977175	3.17014764218699	3.43571276827702
2.64694696541151	2.91595805731228	3.17155793297867	3.43067280350524
2.6540455884052	2.92683425185979	3.19252882545019	3.44428505041379
2.66114421139888	2.93800879521011	3.19321197746493	3.45726078736035
2.66824283439257	2.94387336712398	3.20442349114344	3.45849741577646
2.67534145738626	2.95373488076654	3.21922561388991	3.47297488314178
2.68244008037994	2.96871083266418	3.22383620373246	3.47398629945556
2.68953870337363	2.97023849422046	3.22682202155195	3.48153746540563
2.69663732636732	2.98308573828516	3.2373510935795	3.49558706972863
2.703735949361	2.97532638048105	3.24435425187797	3.50138156646564
2.71083457235469	2.99712382501177	3.25561227159781	3.50570178972673
2.71793319534838	3.01762861152364	3.26357561358872	3.51650377425111
2.72503181834206	3.02321694075689	3.27883181625941	3.53332162952792
2.73213044133575	3.02339034653435	3.27897714382705	3.54148081075929
2.73922906432943	3.03056645666027	3.28772284493464	3.54047295473632
2.74632768732312	3.0411869566225	3.30040972622567	3.5661380091767
2.75342631031681	3.05264359060976	3.30472342749371	3.54583877274506
2.76052493331049	3.07011365974392	3.31916476403854	3.57174835139054
2.76762355630418	3.07113133626117	3.31544337891735	3.58962024192451
2.77472217929787	3.06619437224708	3.32892675169216	3.59935529350416
2.78182080229155	3.07819015961289	3.33197858059312	3.60184455212691
2.78891942528524	3.07732723842068	3.34997371610388	3.59823181262544
2.79601804827893	3.09368027871948	3.35959820329654	3.61625257328131
2.80311667127261	3.11903686670441	3.3648725968672	3.6195944785419
2.8102152942663	3.11218642804661	3.37569987069941	3.62489847128657
2.81731391725998	3.11903955236567	3.37734759351375	3.63882125683543
2.82441254025367	3.11774468619328	3.40081142243778	3.64379249456459
2.83151116324736	3.13739795611172	3.3999689349939	3.64687474342507
2.83860978624104	3.14204998587294	3.40739708698169	3.66602274115355
2.84570840923473	3.1643804939327	3.40862422537601	3.67222361380522
2.85280703222842	3.16887403559514	3.42332548103932	3.6865189524276
2.8599056552221	3.17791066044623	3.42776236978099	3.70284035998122
2.86700427821579	3.17641722236529	3.45016192358738	3.71242050483879
2.87410290120948	3.19754380340888	3.44917844775545	3.71018846288582
2.88120152420316	3.18229490810811	3.4493500126743	3.71181411673826
2.88830014719685	3.21514402687465	3.46924247646793	3.72777191796043
2.89539877019054	3.20752002093007	3.47669005572306	3.74350886923241
2.90249739318422	3.2161468080227	3.47804316978352	3.73472382938326
2.90959601617791	3.23881883283245	3.48895190052357	3.74867115668391
2.91669463917159	3.22985295455985	3.49770052525885	3.75401511444625
2.92379326216528	3.23269337329519	3.50744486885649	3.76710725061961
2.93089188515897	3.25958787846007	3.51988009120863	3.76950267903861
2.93799050815265	3.26017681145557	3.51376708137263	3.78455648624475
2.94508913114634	3.28897587261431	3.52998981408012	3.79064217586888
2.95218775414003	3.26180482088642	3.53602301885657	3.79965569166972
2.95928637713371	3.28610216533289	3.54792531545213	3.81006597399874
2.9663850001274	3.31745951211837	3.55778568698578	3.81905418530036
2.97348362312108	3.29308543964664	3.56722913936091	3.83051238515376
2.98058224611477	3.31057574740872	3.57847904629891	3.84078054452356
2.98768086910846	3.33294860497966	3.58174846198302	3.84275625270597
2.99477949210214	3.33225813550826	3.59111479988804	3.84069172782418
3.00187811509583	3.34802067033577	3.60037642439025	3.86552996348419
3.00897673808952	3.35200800496439	3.61089792735674	3.85352746498063
3.0160753610832	3.34968670473266	3.62223146073609	3.88074463728152
3.02317398407689	3.37949278522651	3.63190500391357	3.88826624133858
3.03027260707058	3.37466449654544	3.63290151705014	3.88346497343008
3.03737123006426	3.39495853864707	3.64763137940199	3.89948845948737
3.04446985305795	3.38586356717111	3.64547194852584	3.91318266921063
3.05156847605163	3.38931324493518	3.65973642866181	3.92156849838853
3.05866709904532	3.40930493872454	3.65936009627791	3.92109976596481
3.06576572203901	3.41987090510486	3.67315717853339	3.94047761862119
3.07286434503269	3.42609770640898	3.67611812253999	3.94854954619363
3.07996296802638	3.44058408432176	3.69573810732012	3.94813650190727
3.08706159102007	3.43281864962793	3.70400827979318	3.96475248583273
3.09416021401375	3.45080909400274	3.7151477916694	3.97678868335873
3.10125883700744	3.45165464156354	3.70880182354469	3.97877293096223
3.10835746000113	3.47069716138049	3.72744909378598	3.99659711464039
3.11545608299481	3.47665036291823	3.7403642276576	4.00053381060269
3.1225547059885	3.47281900733355	3.74195082387987	3.9955378096573
3.12965332898219	3.49428696055763	3.75767114646738	4.02065721509771
3.13675195197587	3.49795232350618	3.76311378918367	4.01567428192601
3.14385057496956	3.49643621267565	3.76546567474925	4.03481892574619
3.15094919796324	3.50531993515736	3.7752356435837	4.05257802325964
3.15804782095693	3.52094953741185	3.78269296221047	4.03317054256391
3.16514644395062	3.53162959352076	3.79483072678257	4.0561467471118
3.1722450669443	3.54458957449408	3.80344935285889	4.05863278145907
3.17934368993799	3.5465157001335	3.81310113462078	4.07771870411733
3.18644231293168	3.54177722438665	3.81472414420589	4.07376794961683
3.19354093592536	3.58081393416621	3.82777292427863	4.09340953850238
3.20063955891905	3.58861112484331	3.83998240489341	4.09667612243365
3.20773818191274	3.57586411311052	3.84837285525091	4.11130419131448
3.21483680490642	3.57888306996976	3.85373958888344	4.11321778436275
3.22193542790011	3.60594810346003	3.8596980641144	4.11261415408709
3.22903405089379	3.59256101108804	3.87171209072689	4.1275839952414
3.23613267388748	3.61296065386404	3.87555838085594	4.14375166339973
3.24323129688117	3.63357303815105	3.88211102212929	4.14708883620139
3.25032991987485	3.6347196924248	3.90086407394854	4.16570278190803
3.25742854286854	3.64548444649465	3.90257542768362	4.17183853041221
3.26452716586223	3.64081287114903	3.90948605458612	4.17385008395455
3.27162578885591	3.6509364988303	3.92167326169327	4.18395285673527
3.2787244118496	3.65451030137077	3.93037983065814	4.18771465946715
3.28582303484328	3.68110166671185	3.94084648236111	4.2175880421673
3.29292165783697	3.69407722524016	3.94463448278891	4.21322270185005
3.30002028083066	3.68986630176948	3.94775208818163	4.21155967267351
3.30711890382434	3.69553817496519	3.95796468945873	4.23259289802736
3.31421752681803	3.70450706504724	3.96547534002193	4.22286085388539
3.32131614981172	3.69393674474696	3.97554666391859	4.25085547504716
3.3284147728054	3.70656720003559	3.98426171337817	4.2494697255599
3.33551339579909	3.73310218342547	3.98698892366226	4.25425341597177
3.34261201879278	3.73291273528708	4.00046719950079	4.28104502041648
3.34971064178646	3.73636540224354	4.01273379389219	4.25799317732911
3.35680926478015	3.7583709930554	4.02443115380866	4.28178152833888
3.36390788777383	3.75820388246382	4.03199988339505	4.28920384020244
3.37100651076752	3.76287679116041	4.03602148093974	4.29126569534672
3.37810513376121	3.77447715799103	4.04965795646422	4.32397204117021
3.38520375675489	3.79207300947121	4.05534335150878	4.2984976291214
3.39230237974858	3.80714728749809	4.05606761520651	4.32062791667498
3.39940100274227	3.79665185785183	4.06791369882361	4.34820304831874
3.40649962573595	3.81275834426783	4.07999857744062	4.3385364850201
3.41359824872964	3.81862464123245	4.08880792203196	4.35405094305988
3.42069687172333	3.81971210292791	4.09769999262693	4.36842958047034
3.42779549471701	3.82195962889431	4.10337631202321	4.37993737216447
3.4348941177107	3.83548660879613	4.11295102296561	4.38737593485266
3.44199274070439	3.86025547895474	4.11747262463058	4.39229256929631
3.44909136369807	3.86054676488717	4.12272365397498	4.39263607446138
3.45618998669176	3.88036319914445	4.14034007926911	4.40821614153236
3.46328860968544	3.87113743641264	4.14806414788907	4.39957989545012
3.47038723267913	3.88395456012493	4.15242794751137	4.42538030862759
3.47748585567282	3.87944926897101	4.1567607963796	4.4294116103808
3.4845844786665	3.90621647783699	4.17166984592727	4.44869724539278
3.49168310166019	3.9178081190587	4.17416732141207	4.4368260008436
3.49878172465388	3.91080690296881	4.18404541657709	4.45960801429345
3.50588034764756	3.93673965134741	4.19969479045163	4.45879413592381
3.51297897064125	3.92943585427684	4.21078409709521	4.46942375753229
3.52007759363494	3.94611693729093	4.20945528072825	4.48763013415383
3.52717621662862	3.95078558064741	4.22559504231834	4.48607053209647
3.53427483962231	3.9633301800629	4.23086882840818	4.50560986965452
3.54137346261599	3.95844924391203	4.23735354866673	4.51600490404937
3.54847208560968	3.98073749488608	4.24969033278027	4.51722127204493
3.55557070860337	3.98160602445362	4.25197080665112	4.52403723898483
3.56266933159705	3.98247529867172	4.26605250918588	4.54524042980655
3.56976795459074	3.98424530878851	4.27821286876915	4.52896209980955
3.57686657758443	4.01065521750563	4.2830309226415	4.5556948431029
3.58396520057811	4.03241126518578	4.29594895895445	4.56293068470891
3.5910638235718	4.02662305326261	4.30369124091359	4.57359427117695
3.59816244656548	4.0280160708067	4.30926119001609	4.58199420095224
3.60526106955917	4.02577476138611	4.30680246511857	4.58001821769039
3.61235969255286	4.04368163005809	4.31720475105512	4.59951224305746
3.61945831554654	4.07137131692312	4.33457644691295	4.59724391285513
3.62655693854023	4.06218465392548	4.33594436139323	4.60721645578002
3.63365556153392	4.07534128738603	4.34998526186153	4.61228481617254
3.6407541845276	4.0797790631514	4.35958121876839	4.62669665408669
3.64785280752129	4.08445906949697	4.36418271801552	4.63103402778866
3.65495143051498	4.10243500095479	4.37330576981277	4.64955067714363
3.66205005350866	4.10948136282971	4.37713907042621	4.65535203367965
3.66914867650235	4.10233359594442	4.38913683471571	4.66910547139548
3.67624729949603	4.11673592696665	4.39470178712156	4.6599431118065
3.68334592248972	4.13229412255326	4.40481586061086	4.68528336287328
3.69044454548341	4.12151349676731	4.41563510865413	4.67972734660031
3.69754316847709	4.14411416337479	4.42496373477689	4.68833563643798
3.70464179147078	4.15111437294606	4.4343570158086	4.70830109728786
3.71174041446447	4.16286981674247	4.44366142595226	4.71605532308675
3.71883903745815	4.17942483538289	4.45051161661837	4.72620864593267
3.72593766045184	4.18599222974767	4.45880350360624	4.72838125123882
3.73303628344553	4.19390011958685	4.4656480653072	4.7372063731852
3.74013490643921	4.18423790459132	4.46784066296106	4.74972942198566
3.7472335294329	4.20902029848472	4.48272046959288	4.74859742333996
3.75433215242659	4.21578783097927	4.49473020292709	4.75037256760307
3.76143077542027	4.23860810975263	4.50297475619029	4.76841618059501
3.76852939841396	4.23881150383801	4.5103660724801	4.77006062432845
3.77562802140764	4.25902281378603	4.51507260390484	4.79569744082178
3.78272664440133	4.24083191231689	4.52506121382596	4.78921728750794
3.78982526739502	4.2669253181704	4.53425962857101	4.82127398679514
3.7969238903887	4.26190027579248	4.54067974705318	4.80993223334967
3.80402251338239	4.2767971452601	4.54460822454693	4.81606530119506
3.81112113637608	4.28615357766064	4.56426902865217	4.84203781484646
3.81821975936976	4.27791125412529	4.56152511714298	4.84106194602812
3.82531838236345	4.29430538349334	4.56983861428407	4.8478581296128
3.83241700535714	4.31076279715173	4.59239084592674	4.8587802824919
3.83951562835082	4.32020601626202	4.59634725737856	4.86536374578462
3.84661425134451	4.31053053934378	4.59388359541175	4.88027612045284
3.85371287433819	4.33270035331873	4.60465826381171	4.89285988204781
3.86081149733188	4.3439704534202	4.61756121932163	4.89234518164966
3.86791012032557	4.3444202779934	4.62288039392769	4.87700677902308
3.87500874331925	4.34692989892375	4.63488905381258	4.9060562488548
3.88210736631294	4.36336613558801	4.63344020886485	4.92741379204184
3.88920598930663	4.362110856525	4.65193629013054	4.93304766035741
3.89630461230031	4.38375204307623	4.66154578256808	4.94136434171935
3.903403235294	4.40327147815588	4.66563091783615	4.95524034167691
3.91050185828768	4.38894443307227	4.67721180516632	4.949574691693
3.91760048128137	4.40647310273649	4.68521570609304	4.95586334719355
3.92469910427506	4.41076769312323	4.69524423594603	4.98219558564764
3.93179772726874	4.41054934029515	4.70200986187749	4.9756306205162
3.93889635026243	4.43260194882357	4.70572392750116	4.99285344331788
3.94599497325612	4.44909611590265	4.71044741461152	4.98858485342855
3.9530935962498	4.45124797971845	4.72415955872582	4.99380850959313
3.96019221924349	4.45871422411441	4.73589657030357	5.00307841598908
3.96729084223718	4.45774068458865	4.74237917386308	5.02640413537384
3.97438946523086	4.46874014927518	4.74550694551351	5.02449252520902
3.98148808822455	4.49868352607769	4.76445703964947	5.04170439619591
3.98858671121824	4.50938099875007	4.76771828768477	5.0570235140527
3.99568533421192	4.50413534094694	4.78218204608083	5.03721980898749
4.00278395720561	4.50795902506342	4.78248836883379	5.06925659996569
4.00988258019929	4.51081180589209	4.79541187475291	5.06114891937024
4.01698120319298	4.53464281754231	4.80553852001519	5.07768376680154
4.02407982618667	4.53512481149731	4.81112822148606	5.0876443256553
4.03117844918035	4.55134538566149	4.81406997899989	5.0988350342981
4.03827707217404	4.55679840943598	4.83012518929873	5.09906618413614
4.04537569516773	4.53544887247327	4.82896302441517	5.09577285143662
4.05247431816141	4.56673246417905	4.84795097804603	5.1311439016737
4.0595729411551	4.5695937775858	4.85279673806846	5.12524227422899
4.06667156414879	4.5945232058652	4.86385315595256	5.12676462200623
4.07377018714247	4.60097661117145	4.86838967682734	5.15128259275247
4.08086881013616	4.60394694549506	4.88146258272538	5.15683647519987
4.08796743312984	4.61200194817596	4.88631008425749	5.16757478573068
4.09506605612353	4.6148538194995	4.89305045025703	5.16538283693117
4.10216467911722	4.61889589821962	4.90846969905719	5.18983112949439
4.1092633021109	4.6278709956818	4.90785699967153	5.19746664734071
4.11636192510459	4.63205542070452	4.91831761295256	5.19935360099234
4.12346054809828	4.64256192247935	4.92159774041289	5.20819052691378
4.13055917109196	4.64977920020156	4.93698678079568	5.21340644125494
4.13765779408565	4.65680830254718	4.93879730241075	5.22434669388745
4.14475641707934	4.67951999982992	4.95497221483978	5.23089627661083
4.15185504007302	4.68711507877006	4.96081607276368	5.23788092130296
4.15895366306671	4.70030343169654	4.97192540508127	5.25204008041297
4.16605228606039	4.69275659813879	4.98276272187511	5.25252742988356
4.17315090905408	4.70827769756848	4.9821972375619	5.27581216335408
4.18024953204777	4.72871649950868	4.99893509642623	5.275787515451
4.18734815504145	4.71775218402164	5.0000917315494	5.29504554521574
4.19444677803514	4.7223613121109	5.0149486671125	5.2849810156517
4.20154540102883	4.72526685587368	5.01792199314871	5.29384190929004
4.20864402402251	4.74575334347574	5.03320728276369	5.30725417973084
4.2157426470162	4.75053715026906	5.03844821298664	5.31931936198129
4.22284127000989	4.76845641950681	5.04547393008027	5.32880265098248
4.22993989300357	4.76327798493004	5.05894303150964	5.33103372270148
4.23703851599726	4.77723187305936	5.05895772052799	5.33886406565346
4.24413713899095	4.78539169908616	5.07131778353938	5.35799048222235
4.25123576198463	4.78791725946783	5.0836245378248	5.36399417537698
4.25833438497832	4.79964786230766	5.08897733999567	5.35629443473333
4.265433007972	4.80996264994982	5.09474500396887	5.39868904179183
4.27253163096569	4.82639564713843	5.10724791272183	5.39843134374275
4.27963025395938	4.81646691592667	5.11490494194611	5.40835211088961
4.28672887695306	4.83827019472774	5.11177600935275	5.39265723863864
4.29382749994675	4.83890825526275	5.13082524858841	5.41187931824472
4.30092612294044	4.84494797266474	5.13707101252406	5.43874134559228
4.30802474593412	4.85237767152762	5.14416059656925	5.41798073140583
4.31512336892781	4.86811040478356	5.15746174841154	5.43382406066773
4.3222219919215	4.87730145688777	5.1630162234774	5.45119002856082
4.32932061491518	4.89245556509808	5.1703352644654	5.46870009544434
4.33641923790887	4.88715785770383	5.18024201914815	5.46851123401057
4.34351786090255	4.90197215491285	5.18593176127279	5.45741611934371
4.35061648389624	4.90359069690658	5.19788767512824	5.48546161608082
4.35771510688993	4.91684166980762	5.20786777632627	5.49595469361192
4.36481372988361	4.92022347648329	5.21590813719002	5.49598698986705
4.3719123528773	4.92782693754225	5.22273816209788	5.51431262531665
4.37901097587098	4.94991192396263	5.22658653733641	5.5259148071972
4.38610959886467	4.96622782771541	5.24054959563581	5.53631326067994
4.39320822185836	4.95608560488973	5.24380909248525	5.51631010959466
4.40030684485204	4.97328353889787	5.25648010701554	5.53850616990306
4.40740546784573	4.97704066920853	5.26345349818987	5.55157386252286
4.41450409083942	4.98641253470572	5.27721865864372	5.56239617487876
4.4216027138331	4.99243432786289	5.27764152270853	5.55997176709577
4.42870133682679	5.00563920629293	5.29322860899132	5.57991222503392
4.43579995982048	5.0142107923611	5.29723462808502	5.5743244856817
4.44289858281416	5.03246803967737	5.30768267786888	5.59857911534603
4.44999720580785	5.0177225304634	5.31263510292845	5.60231210797835
4.45709582880153	5.0415624911011	5.32229548887018	5.61157945487487
4.46419445179522	5.0267760833415	5.33430231933805	5.6150802131089
4.47129307478891	5.04691785538438	5.34112257608813	5.62915586524192
4.47839169778259	5.05244331289874	5.34745212151782	5.6322519344072
4.48549032077628	5.07458289002314	5.35641807644936	5.64014369944354
4.49258894376997	5.08404976750587	5.36375607368132	5.65248307749659
4.49968756676365	5.07785790501472	5.37142609229782	5.67309956105996
4.50678618975734	5.08468490876303	5.3832768919979	5.68713989165794
4.51388481275103	5.09643723246382	5.38942672082238	5.68763185041318
4.52098343574471	5.10570078105049	5.39709351270784	5.6899883572363
4.5280820587384	5.12701015133638	5.40389903767282	5.69591516959395
4.53518068173209	5.12632181316648	5.41561781325774	5.70969397204049
4.54227930472577	5.13812012810815	5.43137369792593	5.70780106015282
4.54937792771946	5.13682126067331	5.43247889877792	5.7367697996588
4.55647655071314	5.13924814252974	5.44224160713239	5.726916187523
4.56357517370683	5.14693149037954	5.44267478215778	5.73791977656767
4.57067379670052	5.17130667538352	5.45749799446015	5.73951060972426
4.5777724196942	5.1662432661724	5.46131659992502	5.7755748631982
4.58487104268789	5.17693300079718	5.47370173367223	5.76993090390633
4.59196966568158	5.18254660566467	5.48700089497193	5.77269961324395
4.59906828867526	5.19473424952013	5.48817806221637	5.77089791203021
4.60616691166895	5.210950541322	5.49809444739437	5.80008392842051
4.61326553466264	5.20933107098553	5.51085076323934	5.80155972115166
4.62036415765632	5.23989483791098	5.51813909009355	5.81640889295893
4.62746278065001	5.24181060236925	5.52705842438258	5.81902305116966
4.63456140364369	5.22997073580906	5.53232093931704	5.82219415998953
4.64166002663738	5.2530325531361	5.54436777537196	5.82252347791237
4.64875864963107	5.25003887547528	5.54818449701038	5.83516019418729
4.65585727262475	5.25980888421343	5.55961223455844	5.85303371794143
4.66295589561844	5.28001272669186	5.5617335154196	5.86058286712239
4.67005451861213	5.27260600878173	5.5641866588343	5.86390057223336
4.67715314160581	5.29594471370785	5.5837921776077	5.8740352547256
4.6842517645995	5.29809827397742	5.59215341851922	5.87576361467056
4.69135038759319	5.29416812860806	5.60452666565463	5.89493505925887
4.69844901058687	5.31384484250421	5.61011553650985	5.89773935699839
4.70554763358056	5.31032241272057	5.61444628997973	5.91408345242256
4.71264625657424	5.34189131417546	5.62180465428902	5.92265991977845
4.71974487956793	5.34443407163718	5.6349663463601	5.92843555725435
4.72684350256162	5.35872728994492	5.64075632479955	5.9332838798049
4.7339421255553	5.34110847269698	5.64923372531385	5.95609036768494
4.74104074854899	5.36135138502399	5.65870071932124	5.96082084095761
4.74813937154268	5.36441870459299	5.66586147706882	5.95300692072508
4.75523799453636	5.37967452093436	5.67794313227403	5.96608178147434
4.76233661753005	5.38393937641028	5.67823609122314	5.99545861893882
4.76943524052374	5.39179505519848	5.68956619694655	5.9851026495352
4.77653386351742	5.40153263683808	5.69994870815427	5.988022430119
4.78363248651111	5.41713100821973	5.71007743729882	6.00133244235473
4.7907311095048	5.3973952727536	5.72329565503975	6.0133479816073
4.79782973249848	5.43939120249727	5.72265589906981	6.02894660085887
4.80492835549217	5.4328864487464	5.73208898990856	6.02219126327685
4.81202697848585	5.44122212437557	5.74395427902755	6.02918250211737
4.81912560147954	5.45061163145549	5.75359297725292	6.0397286887475
4.82622422447323	5.46356871749256	5.76257358285413	6.04142016964822
4.83332284746691	5.47052709757969	5.76657180079878	6.0461075931644
4.8404214704606	5.46923230830236	5.7775647312557	6.05968969064622
4.84752009345429	5.48919054378822	5.7814070157719	6.08241807662908
4.85461871644797	5.48932085072135	5.7959812885667	6.07190382802587
4.86171733944166	5.52057515356287	5.8006506700549	6.10071414023596
4.86881596243535	5.5100307653586	5.81170084701001	6.12413711135102
4.87591458542903	5.52175808271504	5.81569426615506	6.11056710844389
4.88301320842272	5.53158320259372	5.82765810741167	6.13050173803679
4.8901118314164	5.53207469782799	5.83334887156126	6.15083780211533
4.89721045441009	5.54326720198275	5.84323197670465	6.144670362984
4.90430907740378	5.55371940425586	5.85240607808811	6.16318190423935
4.91140770039746	5.56867443508237	5.85898633352435	6.16527400147959
4.91850632339115	5.56726878731751	5.87004827847773	6.16299732241243
4.92560494638484	5.59150345267971	5.8838188501618	6.17852285340805
4.93270356937852	5.59219400927528	5.88844401860109	6.18571895259782
4.93980219237221	5.59446428100271	5.89029650562512	6.19101936829028
4.9469008153659	5.5969519582698	5.90156112568935	6.17699031406476
4.95399943835958	5.60119909253391	5.90774800985269	6.20496844855537
4.96109806135327	5.61937803040293	5.91889547376962	6.21618134713386
4.96819668434695	5.63690701459279	5.92511662543375	6.21671878410068
4.97529530734064	5.64048911075808	5.93359389904127	6.24294984525926
4.98239393033433	5.63804762685264	5.95057415657252	6.23634787932591
4.98949255332801	5.65452421210996	5.94770488848927	6.24527630270618
4.9965911763217	5.66899561954517	5.95620356883315	6.27811777095023
5.00368979931539	5.66270045707249	5.96563886354486	6.26000202203827
5.01078842230907	5.68093117453324	5.97967814626084	6.2805673173816
5.01788704530276	5.68958468937272	5.99381323155123	6.28448864947047
5.02498566829644	5.68849950057234	5.99085885652999	6.29867576783758
5.03208429129013	5.70785058690858	6.00246095264329	6.31028351989527
5.03918291428382	5.72268426496575	6.0127566731873	6.31450393823148
5.0462815372775	5.72648359637408	6.02085351932334	6.3093512956059
5.05338016027119	5.73121867343938	6.02519870741689	6.33357852841624
5.06047878326488	5.73821783428561	6.0338632627947	6.33838627325746
5.06757740625856	5.74540748077933	6.03898595655623	6.35367196307167
5.07467602925225	5.75799711791711	6.05642734749577	6.37069033474721
5.08177465224593	5.76562940600293	6.05779623606535	6.3702531550069
5.08887327523962	5.77594759205948	6.07172086635657	6.37174673141934
5.09597189823331	5.76764856454129	6.07563277647333	6.37798653351035
5.10307052122699	5.78806337244381	6.0888085145621	6.38371317780072
5.11016914422068	5.77651306156302	6.09780964560825	6.38842631514355
5.11726776721437	5.77499675361664	6.10311350685641	6.40878919866991
5.12436639020805	5.80675074788245	6.11175568777265	6.4390862812051
5.13146501320174	5.81587461790175	6.12161857788866	6.4284436163289
5.13856363619543	5.83082428999356	6.12478878642834	6.4282112504576
5.14566225918911	5.82413994470109	6.14450765196854	6.45045734044764
5.1527608821828	5.84888594179947	6.14474425565279	6.44504149836337
5.15985950517649	5.85725124623	6.15434056884847	6.46834782108038
5.16695812817017	5.85637064047679	6.1615593179648	6.48293578999704
5.17405675116386	5.86312119059104	6.17337445516225	6.48403706454044
5.18115537415754	5.88658306425942	6.18249075412746	6.49305223609217
5.18825399715123	5.8825076919503	6.1865120824243	6.48749398054337
