"mitochan"	"lwrNorm"	"medNorm"	"uprNorm"
-1.90327037354145	-2.23484547090067	-1.93701959101143	-1.64535063962405
-1.89688305035648	-2.22929576387703	-1.92845358166608	-1.63118218999118
-1.89049572717151	-2.21797932065601	-1.92359806469357	-1.62402671541568
-1.88410840398654	-2.22146049648114	-1.90863546510938	-1.62340975778572
-1.87772108080157	-2.18572567712282	-1.90300283996921	-1.61290719876369
-1.8713337576166	-2.19621476170943	-1.90319121995719	-1.60559129749822
-1.86494643443162	-2.18935975555594	-1.89250087954106	-1.60486481280247
-1.85855911124665	-2.17073703715989	-1.87996132561876	-1.60028693670816
-1.85217178806168	-2.17889052158742	-1.87511067194312	-1.59512368713814
-1.84578446487671	-2.15805080644954	-1.86814978982621	-1.56860525119087
-1.83939714169174	-2.16118433089987	-1.86967311606383	-1.58012674121781
-1.83300981850677	-2.15227842755333	-1.85040528689666	-1.5749520459815
-1.8266224953218	-2.13628228322799	-1.84839897825826	-1.55651431050614
-1.82023517213683	-2.13560465326201	-1.83440485453121	-1.54680102869048
-1.81384784895186	-2.12701830991016	-1.83821849374864	-1.54813948759199
-1.80746052576689	-2.12228725708973	-1.82859242873818	-1.53662431440656
-1.80107320258192	-2.12153133104149	-1.82594664855463	-1.53256270052992
-1.79468587939695	-2.10149889617826	-1.81220592610376	-1.51837369578762
-1.78829855621197	-2.10360539077682	-1.81792614000458	-1.52581249769581
-1.781911233027	-2.10351143949704	-1.79997058077354	-1.51670857043139
-1.77552390984203	-2.09096929158131	-1.79788724517228	-1.50127843210021
-1.76913658665706	-2.07704798039016	-1.79471083264879	-1.49792496418005
-1.76274926347209	-2.06392339143821	-1.77767172042906	-1.49895494426849
-1.75636194028712	-2.07993672643529	-1.78065649271513	-1.47685938077924
-1.74997461710215	-2.06469605886675	-1.76528285965762	-1.46578983311311
-1.74358729391718	-2.03837435450552	-1.75940482867006	-1.47342148385936
-1.73719997073221	-2.04215806146496	-1.75205678166808	-1.45726693897361
-1.73081264754724	-2.03972157992043	-1.74945816011405	-1.45845201527553
-1.72442532436227	-2.0296708261142	-1.74441691284137	-1.45310005320234
-1.7180380011773	-2.03049808903597	-1.72976045048648	-1.45273738657867
-1.71165067799232	-2.02554226237381	-1.7292026170901	-1.43657393394619
-1.70526335480735	-2.0038975700104	-1.72521402238941	-1.4318251529531
-1.69887603162238	-1.99456859795253	-1.70763803697378	-1.42971294126072
-1.69248870843741	-2.0099659559626	-1.70755618315155	-1.42892732223985
-1.68610138525244	-1.98173177063432	-1.7028608512697	-1.40975369647295
-1.67971406206747	-1.97667552021293	-1.68473118013756	-1.40462171143492
-1.6733267388825	-1.97590066318084	-1.68771935469507	-1.39911016413378
-1.66693941569753	-1.96784327659052	-1.67595060818512	-1.388079878724
-1.66055209251256	-1.95698995428138	-1.66943700819698	-1.38636875514033
-1.65416476932759	-1.94710510969401	-1.66382047915942	-1.37429717348417
-1.64777744614262	-1.93870816550179	-1.65010123292853	-1.3616461263858
-1.64139012295765	-1.9356969005105	-1.64172073412193	-1.36331820085893
-1.63500279977268	-1.93553886346176	-1.64329707135079	-1.36051986135842
-1.6286154765877	-1.92895045055204	-1.63651544758422	-1.3563056316849
-1.62222815340273	-1.905746134348	-1.63259260236118	-1.33696878236167
-1.61584083021776	-1.91639055843408	-1.62920531999239	-1.33823651255926
-1.60945350703279	-1.91060651393669	-1.61507780469966	-1.31652516220367
-1.60306618384782	-1.87756123845631	-1.60612084925724	-1.3123099085763
-1.59667886066285	-1.88630730357677	-1.60116943192343	-1.30101621358469
-1.59029153747788	-1.8717650149363	-1.59551505097876	-1.30667537724771
-1.58390421429291	-1.86314118110414	-1.58477304166585	-1.30126631005787
-1.57751689110794	-1.85106670274081	-1.57823679008786	-1.29484320456224
-1.57112956792297	-1.85153824088308	-1.57649752621494	-1.29524108412251
-1.564742244738	-1.84930519041202	-1.56530169677689	-1.28236555780418
-1.55835492155303	-1.84507072209002	-1.55725628212286	-1.28104704888886
-1.55196759836805	-1.83436234331599	-1.55776406013323	-1.25586448033574
-1.54558027518308	-1.83066741837121	-1.54938686191456	-1.25733657373496
-1.53919295199811	-1.82616006898856	-1.53986270565912	-1.24818289883937
-1.53280562881314	-1.81119258267436	-1.53956009357019	-1.2524010707815
-1.52641830562817	-1.82262015556229	-1.52825164524791	-1.22841015288928
-1.5200309824432	-1.80904116164699	-1.52155741871786	-1.22035019510112
-1.51364365925823	-1.80363625495318	-1.50676289630122	-1.23739171642853
-1.50725633607326	-1.78578566700086	-1.50782753262472	-1.23078663305125
-1.50086901288829	-1.77895298064607	-1.4917938690175	-1.20981396632601
-1.49448168970332	-1.76189675532651	-1.49037429465278	-1.22132787003718
-1.48809436651835	-1.77060470733738	-1.48146344368355	-1.20555541770937
-1.48170704333338	-1.76193400143109	-1.47172233957465	-1.18845636583194
-1.47531972014841	-1.76036002118265	-1.4722337517502	-1.18942318889105
-1.46893239696343	-1.74762066708933	-1.45700444297891	-1.18122071870127
-1.46254507377846	-1.75122286697395	-1.46320164297591	-1.17393628073646
-1.45615775059349	-1.73284527822721	-1.45196722296131	-1.1717553310301
-1.44977042740852	-1.73230980113407	-1.4409575613631	-1.16814707513927
-1.44338310422355	-1.72655114210879	-1.43948721481502	-1.15654577350725
-1.43699578103858	-1.70816674055875	-1.41835973532199	-1.15115851888419
-1.43060845785361	-1.7014455349544	-1.42501110920621	-1.13867273248317
-1.42422113466864	-1.70803983266191	-1.41701059926067	-1.12785099807797
-1.41783381148367	-1.68121395785324	-1.40759964611579	-1.12637029632172
-1.4114464882987	-1.67224274415542	-1.40229058364309	-1.10712085167669
-1.40505916511373	-1.67402731096787	-1.39405700408449	-1.1039211732289
-1.39867184192876	-1.66805852768991	-1.38630342710844	-1.09313009069255
-1.39228451874378	-1.67630446305551	-1.3761807219681	-1.0957583418472
-1.38589719555881	-1.66581025397742	-1.38458291806276	-1.0983146903313
-1.37950987237384	-1.65415376244124	-1.36161548819366	-1.0794043424244
-1.37312254918887	-1.630958067916	-1.35557277295314	-1.07065562149269
-1.3667352260039	-1.62941521897825	-1.35243382641659	-1.06010387783369
-1.36034790281893	-1.6381147936862	-1.34293180249338	-1.06135628377586
-1.35396057963396	-1.62597381992987	-1.34142583698227	-1.05378657024262
-1.34757325644899	-1.62076586276513	-1.33363627129948	-1.04674500090009
-1.34118593326402	-1.6152574762719	-1.32415452650636	-1.04300668801889
-1.33479861007905	-1.60298288791353	-1.322457283525	-1.03519046974438
-1.32841128689408	-1.59815785545746	-1.31240672815085	-1.02993888849266
-1.32202396370911	-1.58480528758036	-1.30820787748212	-1.02054848177754
-1.31563664052414	-1.57656599431277	-1.29488506025671	-1.02097857406383
-1.30924931733916	-1.5813554072113	-1.27819377579199	-0.993702457946576
-1.30286199415419	-1.56693536494402	-1.28420481365879	-1.00068131882318
-1.29647467096922	-1.56379759304613	-1.27689050289966	-1.0017960379775
-1.29008734778425	-1.55166793513206	-1.26876733703313	-0.999803983365742
-1.28370002459928	-1.54847229953747	-1.25970530920368	-0.968517539237609
-1.27731270141431	-1.53764982086587	-1.25872310536603	-0.985687202220415
-1.27092537822934	-1.54624870813247	-1.24560927875641	-0.970640488906401
-1.26453805504437	-1.52127998289489	-1.23752378611963	-0.960084665379864
-1.2581507318594	-1.51645165710542	-1.23643084019786	-0.964547752471452
-1.25176340867443	-1.51367182121581	-1.22005861065385	-0.933812510751431
-1.24537608548946	-1.49856446561313	-1.22346923223167	-0.945828330689771
-1.23898876230449	-1.49486976769876	-1.21286120487911	-0.925772651493525
-1.23260143911951	-1.49243391631917	-1.21043572007036	-0.922991804813097
-1.22621411593454	-1.47961895176715	-1.20124088547933	-0.910256891091137
-1.21982679274957	-1.47840786598171	-1.19331131577061	-0.909676690207616
-1.2134394695646	-1.46432896983499	-1.18682442445492	-0.912040077128244
-1.20705214637963	-1.45961983328907	-1.17652750533277	-0.905228193832734
-1.20066482319466	-1.46026523716839	-1.17267376262895	-0.915578934763314
-1.19427750000969	-1.429352454222	-1.1675164736178	-0.893753231831293
-1.18789017682472	-1.44641950244058	-1.15278649801498	-0.897247673973697
-1.18150285363975	-1.43683993922469	-1.14651430771169	-0.878275942907878
-1.17511553045478	-1.43003795939818	-1.14139279039513	-0.852541991643233
-1.16872820726981	-1.44182189029397	-1.13459602327972	-0.852093390711129
-1.16234088408484	-1.41816718945791	-1.13423782142094	-0.852196103378376
-1.15595356089987	-1.39695183994193	-1.11865208137989	-0.85713343792021
-1.14956623771489	-1.39238545807071	-1.11872406217052	-0.849398668348763
-1.14317891452992	-1.40097393588151	-1.11253719076213	-0.846476725029067
-1.13679159134495	-1.38798423220327	-1.09676990593967	-0.83682648326659
-1.13040426815998	-1.38322091502543	-1.08936587364575	-0.811134565779016
-1.12401694497501	-1.36687950760431	-1.08430086116856	-0.803902710307557
-1.11762962179004	-1.35336571503877	-1.08415494542338	-0.796559173262468
-1.11124229860507	-1.35749854779278	-1.07396318543409	-0.798004852821945
-1.1048549754201	-1.34630442137621	-1.07589264144853	-0.79761002163329
-1.09846765223513	-1.33821993606363	-1.06106047921747	-0.782941893506773
-1.09208032905016	-1.32921997631087	-1.05674546445474	-0.775755745939794
-1.08569300586519	-1.32633469180235	-1.04834002554041	-0.768092422389761
-1.07930568268022	-1.32161094516302	-1.03728538041209	-0.733379356166624
-1.07291835949524	-1.30619432226589	-1.03864267830986	-0.765910796953449
-1.06653103631027	-1.31018027296705	-1.03267653588984	-0.755611480075413
-1.0601437131253	-1.30627518659184	-1.02151766459906	-0.739683873539557
-1.05375638994033	-1.2845586702463	-1.00970202219487	-0.734199136558015
-1.04736906675536	-1.28964066145483	-1.00003413706746	-0.732757340199474
-1.04098174357039	-1.28423615436918	-1.00180065847789	-0.734027026169689
-1.03459442038542	-1.25938277634326	-0.992488936528061	-0.714803358397967
-1.02820709720045	-1.27788975267096	-0.986181226515322	-0.716242102118602
-1.02181977401548	-1.26158613384344	-0.982570877259012	-0.697691314010681
-1.01543245083051	-1.24986820435957	-0.970993210684751	-0.70009799336048
-1.00904512764554	-1.25737034096592	-0.966369370633473	-0.676464870449776
-1.00265780446057	-1.21962943705617	-0.953645911920505	-0.686379616598474
-0.996270481275595	-1.21480084083639	-0.947054882394147	-0.681068969726779
-0.989883158090624	-1.22418266159476	-0.937483431862904	-0.663741745504263
-0.983495834905654	-1.20757268342651	-0.93405005576084	-0.664464766756519
-0.977108511720683	-1.20775911980182	-0.932698349599439	-0.655193028619804
-0.970721188535712	-1.1916740019361	-0.923729648204942	-0.631641149668591
-0.964333865350741	-1.18555940082169	-0.916311666730071	-0.630798589476344
-0.95794654216577	-1.19426491995564	-0.911007566251823	-0.629643468063569
-0.9515592189808	-1.18692358884918	-0.902835423989524	-0.627659905836251
-0.945171895795829	-1.17167093991089	-0.900085658162436	-0.618706785466775
-0.938784572610858	-1.16973468969561	-0.890670198278927	-0.607623450709604
-0.932397249425887	-1.15991255924312	-0.884185776345162	-0.609655767090055
-0.926009926240916	-1.15687673235229	-0.871026698528841	-0.591199288401092
-0.919622603055946	-1.14169528246554	-0.867692736686947	-0.605916722896273
-0.913235279870975	-1.1340841903436	-0.86354766844385	-0.577039327434608
-0.906847956686004	-1.12900186333034	-0.860838778307317	-0.571299281428131
-0.900460633501033	-1.11435065031796	-0.845475975673358	-0.569260814495939
-0.894073310316063	-1.11773800954995	-0.835980538376321	-0.570166143338087
-0.887685987131092	-1.11244062712307	-0.827922683482299	-0.559955755943204
-0.881298663946121	-1.08823403113796	-0.830191826558976	-0.554305439299013
-0.87491134076115	-1.10059888227972	-0.816610875015309	-0.534155366204477
-0.868524017576179	-1.07629689436654	-0.816394040826037	-0.553110752346557
-0.862136694391209	-1.08723810826727	-0.803595152146053	-0.528166134727583
-0.855749371206238	-1.07408932867587	-0.799167934132282	-0.535855088092541
-0.849362048021267	-1.06574695728488	-0.791376468044504	-0.514744329442391
-0.842974724836296	-1.06319967345026	-0.789421280334517	-0.528632499467563
-0.836587401651325	-1.05872972409577	-0.778569229075064	-0.506950690916999
-0.830200078466354	-1.04362611949267	-0.760499385499321	-0.488415854365258
-0.823812755281384	-1.03911329808596	-0.763475629206623	-0.482712644913403
-0.817425432096413	-1.02269696712298	-0.760626298477094	-0.494725850691139
-0.811038108911442	-1.01596380177748	-0.749246726424637	-0.4754806589523
-0.804650785726471	-1.01133549280065	-0.746873456574718	-0.483884211691579
-0.7982634625415	-1.01288094082702	-0.736837319821426	-0.452117039439351
-0.79187613935653	-0.994020860265923	-0.726347244755353	-0.459809446923624
-0.785488816171559	-0.991285162101506	-0.718176469115328	-0.447598416471098
-0.779101492986588	-1.00661272216415	-0.71802341318621	-0.4468652255664
-0.772714169801617	-0.978813079213406	-0.715410355036391	-0.421798449118669
-0.766326846616646	-0.966676538655129	-0.703909914138701	-0.421500828920214
-0.759939523431676	-0.963735575809999	-0.693255293210769	-0.43100188637522
-0.753552200246705	-0.962268620277206	-0.689997909095505	-0.40438818166713
-0.747164877061734	-0.960368647925095	-0.680933922145457	-0.404250931116522
-0.740777553876763	-0.948508221520868	-0.677867072836152	-0.424900552601386
-0.734390230691792	-0.948873289956246	-0.670206678432961	-0.390985179265142
-0.728002907506822	-0.929609835215509	-0.660704756266746	-0.371071081210884
-0.721615584321851	-0.91415887988919	-0.647081379726899	-0.384101037677174
-0.71522826113688	-0.924812153660002	-0.647355508689938	-0.377715650767588
-0.708840937951909	-0.898055266261202	-0.635677539926509	-0.371009798981295
-0.702453614766938	-0.911848447283935	-0.629181809667994	-0.353466827803342
-0.696066291581968	-0.88747042665969	-0.62249525206134	-0.351304644503882
-0.689678968396997	-0.887892591209358	-0.621101791842353	-0.360720098646899
-0.683291645212026	-0.887259543116987	-0.613897933220637	-0.346265331601467
-0.676904322027055	-0.879086807341461	-0.602010292309558	-0.34084400463537
-0.670516998842084	-0.875108236532626	-0.596364076748121	-0.329362036189972
-0.664129675657114	-0.865122017555643	-0.592991850584315	-0.321115226519673
-0.657742352472143	-0.850298068752523	-0.581198300911078	-0.31875089333743
-0.651355029287172	-0.847482758942271	-0.580404457647449	-0.312915529157827
-0.644967706102201	-0.844157132884858	-0.579143220324452	-0.299715745276653
-0.63858038291723	-0.823893574705921	-0.567497670662906	-0.305790619271518
-0.63219305973226	-0.820727574497011	-0.554995374856103	-0.27740516645438
-0.625805736547289	-0.805625870772797	-0.548637957398399	-0.276105156184595
-0.619418413362318	-0.81994671021941	-0.541000365760132	-0.279316911054297
-0.613031090177347	-0.807390131584435	-0.533170246327256	-0.268371445339747
-0.606643766992377	-0.804798170893729	-0.53599361359647	-0.264503592400552
-0.600256443807406	-0.79382582594286	-0.525888642615184	-0.239100896409039
-0.593869120622435	-0.774145603273861	-0.51683277602229	-0.245520431809102
-0.587481797437464	-0.781382839229887	-0.511998542964353	-0.243954158527634
-0.581094474252493	-0.771136661964077	-0.503807940951135	-0.233385162856661
-0.574707151067522	-0.757343678635355	-0.491389470338898	-0.223408215681704
-0.568319827882552	-0.755276700831475	-0.486271470074006	-0.219352186675457
-0.561932504697581	-0.74047388177897	-0.476072020674391	-0.216367249300565
-0.55554518151261	-0.732460472218284	-0.477306669513242	-0.221242671707158
-0.549157858327639	-0.733257348291787	-0.462345990743865	-0.194818469332764
-0.542770535142668	-0.737253764126546	-0.458778795202135	-0.196336504943797
-0.536383211957698	-0.714327276871632	-0.451828087979605	-0.193548935871283
-0.529995888772727	-0.714886324920382	-0.445951307858121	-0.190831638819603
-0.523608565587756	-0.695307529571314	-0.439349367707812	-0.178238990966285
-0.517221242402785	-0.691055340330922	-0.436679771363762	-0.166913713352179
-0.510833919217814	-0.689987756737482	-0.424761984074665	-0.162922379328264
-0.504446596032844	-0.694474494775226	-0.419961734816743	-0.161476363516619
-0.498059272847873	-0.666353065015624	-0.413802861596968	-0.140083282846575
-0.491671949662902	-0.673416052074439	-0.407978536404509	-0.147635409287836
-0.485284626477931	-0.656897962399468	-0.396863351237751	-0.137757841851675
-0.47889730329296	-0.680014913737087	-0.395855045340809	-0.124304896000654
-0.47250998010799	-0.661106691018656	-0.38232898676355	-0.125487292148736
-0.466122656923019	-0.644523785397955	-0.37480026154242	-0.115816022508456
-0.459735333738048	-0.643420375407867	-0.366115970505674	-0.111434394823181
-0.453348010553077	-0.638832847667518	-0.362825462536376	-0.0998833636758939
-0.446960687368106	-0.616283512667503	-0.360044260848424	-0.0945133936811885
-0.440573364183136	-0.623336522285912	-0.349431700637544	-0.0786310793112869
-0.434186040998165	-0.608705283942596	-0.340426903530863	-0.0740889560289504
-0.427798717813194	-0.60341517236615	-0.334348658528055	-0.0587756908347681
-0.421411394628223	-0.592798226167012	-0.329232580439871	-0.0625932980669751
-0.415024071443252	-0.581920975922506	-0.325828602957469	-0.042683576427717
-0.408636748258282	-0.56971048186859	-0.317107860108324	-0.0645939039435262
-0.402249425073311	-0.58353149422863	-0.3080961230401	-0.0450788420860017
-0.39586210188834	-0.551896636291895	-0.302659521232058	-0.0365518937166495
-0.389474778703369	-0.556723431440971	-0.290679801322	-0.031831223858226
-0.383087455518399	-0.541623535714047	-0.284270238816852	-0.0172178711452024
-0.376700132333428	-0.546911127720568	-0.27855568807723	-0.0100376889759509
-0.370312809148457	-0.531932527536692	-0.275333527215031	-0.00380806875031816
-0.363925485963486	-0.540111260541038	-0.266895886360385	0.000982412302772003
-0.357538162778515	-0.535607259791786	-0.260712118715412	0.00870026780715067
-0.351150839593545	-0.531409694399676	-0.2561626954421	0.000402140294088772
-0.344763516408574	-0.504254225154831	-0.251812014016804	0.0189773188614784
-0.338376193223603	-0.5040587404608	-0.237049164176277	0.0267682059303785
-0.331988870038632	-0.497592793890053	-0.231913095251397	0.0423522845967531
-0.325601546853661	-0.486978919372096	-0.2273304057289	0.0535950092184473
-0.31921422366869	-0.48229720578862	-0.215162828064245	0.0291441906707093
-0.31282690048372	-0.464262463345932	-0.208880862032296	0.0417261967777779
-0.306439577298749	-0.458895197040038	-0.209902931783669	0.0549622900371075
-0.300052254113778	-0.44876114705089	-0.192205907944196	0.0819091166659082
-0.293664930928807	-0.46146503779151	-0.192806883801053	0.0683059560300965
-0.287277607743836	-0.45412913761876	-0.182358135919258	0.0790028323956577
-0.280890284558866	-0.442213222936516	-0.183053902297995	0.102979573303202
-0.274502961373895	-0.428280443847336	-0.164613602587712	0.113272929066475
-0.268115638188924	-0.432921122617263	-0.164818488519398	0.105311370138217
-0.261728315003953	-0.424142703722514	-0.157638824761318	0.117834141597131
-0.255340991818982	-0.42014854883159	-0.153449641755034	0.113776741662212
-0.248953668634012	-0.402974783522048	-0.144564362111812	0.114701370922178
-0.242566345449041	-0.405370543852552	-0.136953975538926	0.126299386896047
-0.23617902226407	-0.399653004522926	-0.125466564539215	0.132002292500512
-0.229791699079099	-0.383948605511543	-0.122060639804532	0.140646843520667
-0.223404375894128	-0.386906170345214	-0.113306428457218	0.148231212849653
-0.217017052709158	-0.374540658072166	-0.106162208423386	0.162602149024563
-0.210629729524187	-0.376483234761912	-0.101367651455151	0.162192320288585
-0.204242406339216	-0.366549344696244	-0.0971179238765836	0.165855870934072
-0.197855083154245	-0.350750291774966	-0.0914722983810204	0.18312991528988
-0.191467759969274	-0.341403436126445	-0.0715311281663655	0.184342660065818
-0.185080436784304	-0.341203137962157	-0.0676377538115304	0.175414940628356
-0.178693113599333	-0.316528195489474	-0.0588506161438965	0.194490760135892
-0.172305790414362	-0.310951709521907	-0.0565156123847276	0.181787939342342
-0.165918467229391	-0.324230622586344	-0.0500954378483342	0.229059321806654
-0.15953114404442	-0.296592334432859	-0.0456567919149165	0.216046600061854
-0.15314382085945	-0.292634536869972	-0.0339395755893158	0.218147914191003
-0.146756497674479	-0.289884988833768	-0.0275837234526738	0.239379605175721
-0.140369174489508	-0.285855699542401	-0.0208638864053155	0.241122253888508
-0.133981851304537	-0.288073270983332	-0.0199649863291619	0.253386925328101
-0.127594528119567	-0.267714140918485	-0.0118657777168004	0.25017606619963
-0.121207204934596	-0.26364893395601	-0.00621208417471495	0.262052870307803
-0.114819881749625	-0.26351353563738	0.00325430931482907	0.26138872257237
-0.108432558564654	-0.242433298384181	0.00830470298967915	0.266359148222423
-0.102045235379683	-0.254055157730483	0.0129760972124283	0.275553717366378
-0.0956579121947125	-0.233746128713883	0.0240986153648004	0.295330209264483
-0.0892705890097416	-0.226304991653937	0.0307764594527646	0.290043724232308
-0.0828832658247709	-0.214677033586892	0.0407498856091402	0.302285554154133
-0.0764959426398	-0.22144805578255	0.0419117123599816	0.31584326590989
-0.0701086194548293	-0.212892995753073	0.0494877378959556	0.322220194204224
-0.0637212962698583	-0.185560467299679	0.0551650683307934	0.319193427948836
-0.0573339730848876	-0.190710367376562	0.0639843001926968	0.317952296986791
-0.0509466498999169	-0.190168554850179	0.0707892190010349	0.349971337067356
-0.044559326714946	-0.18047538228451	0.0841102025134283	0.333341191921222
-0.0381720035299753	-0.17648221186569	0.0922563549400973	0.342410061333429
-0.0317846803450044	-0.1630114869257	0.0871834243625036	0.353317850873798
-0.0253973571600337	-0.173454306087088	0.105039258343616	0.373248087802489
-0.0190100339750627	-0.147474558072347	0.108067229008239	0.372511333227649
-0.012622710790092	-0.139571776266296	0.11067478635687	0.373541397509959
-0.00623538760512132	-0.121774344308644	0.127153662347949	0.374408751942616
0.000151935579849605	-0.136549033175709	0.134706127464618	0.389127027245012
0.00653925876482031	-0.119960159081202	0.135119246207586	0.393103526086759
0.0129265819497912	-0.136824162394089	0.140139467383385	0.40454882756556
0.0193139051347619	-0.124155659404912	0.145849866743831	0.404141531414804
0.0257012283197329	-0.115390817936498	0.154858431833985	0.417929574010171
0.0320885515047036	-0.0942995776351863	0.168011419845238	0.430655251086226
0.0384758746896743	-0.102120425979195	0.171962932083751	0.436776507523501
0.0448631978746452	-0.0965636981126841	0.177475033930359	0.441284268702307
0.0512505210596159	-0.0696315675176802	0.181245201663711	0.441936067796116
0.0576378442445868	-0.067277544676132	0.188945549019801	0.447442398056542
0.0640251674295576	-0.0598358969039498	0.194721688403271	0.457417882031289
0.0704124906145285	-0.0584860825416677	0.20981850581762	0.462783892673282
0.0767998137994992	-0.0429002948058091	0.207987622161951	0.462774662215976
0.0831871369844699	-0.0462184827197631	0.222904688158153	0.47725199306119
0.0895744601694408	-0.0384455317838879	0.222880868549967	0.477377697375124
0.0959617833544115	-0.0288600707702802	0.229020977507916	0.489451928368735
0.102349106539382	-0.0192679988136591	0.234196044130141	0.504227829924859
0.108736429724353	-0.00790431518278928	0.247149236953854	0.496485503494588
0.115123752909324	-0.00036492403753825	0.247745975835605	0.517399442210328
0.121511076094295	0.00745656939708781	0.258528631693556	0.51233874149544
0.127898399279266	0.0158152334295176	0.263518173550772	0.532911099533891
0.134285722464236	0.0299130202819177	0.271215577764516	0.523700653483357
0.140673045649207	0.0260928952574382	0.282596942333333	0.53884983820738
0.147060368834178	0.0236536354337535	0.282346824491697	0.548910273837148
0.153447692019149	0.0416918047201985	0.297250616790111	0.559460818478515
0.159835015204119	0.0406793526820374	0.300614054732175	0.558045078159702
0.16622233838909	0.0606582973644173	0.309026943944561	0.562669820106251
0.172609661574061	0.058405452404948	0.314643829109599	0.575237370542149
0.178996984759032	0.0493079493631111	0.318791385580905	0.576781099375049
0.185384307944003	0.0649316154924054	0.329251032366425	0.588200430517156
0.191771631128974	0.078071790129619	0.328562444305681	0.598010860848457
0.198158954313945	0.0897485102086234	0.339211510110427	0.604720219898769
0.204546277498915	0.0895161553302577	0.347010802463341	0.610606464378627
0.210933600683886	0.0860221036880289	0.360416476884533	0.627920385611208
0.217320923868857	0.0921044524202939	0.362784394871045	0.622892368020936
0.223708247053827	0.105286659399099	0.363910541091536	0.627030861998825
0.230095570238798	0.125785102274122	0.374815970711487	0.630128258178172
0.236482893423769	0.122944735036267	0.383143836345998	0.647466035177826
0.24287021660874	0.135238871028342	0.390623285842289	0.642099756323438
0.249257539793711	0.141525854961212	0.393077604975177	0.641558831625537
0.255644862978682	0.13426895768442	0.400114127403299	0.652948087224812
0.262032186163653	0.153678999317176	0.415768414746792	0.66087842434952
0.268419509348623	0.166187363974883	0.415933011624766	0.67110963436368
0.274806832533594	0.170719941256896	0.424699081525845	0.678135033304535
0.281194155718565	0.175331986782049	0.427157583958976	0.68490966887238
0.287581478903536	0.191413982087377	0.433217246315943	0.692141390777401
0.293968802088506	0.183552018856985	0.445270781438782	0.69777307245135
0.300356125273477	0.176480046893908	0.451589496040028	0.712844974270778
0.306743448458448	0.204395531292115	0.45840989776613	0.725293237413392
0.313130771643419	0.20252755223643	0.462843735332249	0.724962478035263
0.31951809482839	0.209929914104224	0.464710287751373	0.720308132728776
0.32590541801336	0.213247774139293	0.481409867981252	0.723995649753086
0.332292741198331	0.233877886834659	0.491756100726099	0.744069483642131
0.338680064383302	0.22997325948676	0.491143155566313	0.743957270405335
0.345067387568273	0.229860102986865	0.496395993626553	0.754795657589176
0.351454710753244	0.24762736508261	0.504105133390709	0.760762803797956
0.357842033938214	0.256912473148303	0.51081574665693	0.758277026550489
0.364229357123185	0.272179646762188	0.521088724673611	0.807009595065432
0.370616680308156	0.266158142800453	0.524689152006524	0.767217052249344
0.377004003493127	0.283641788707197	0.533632793483156	0.790801346877108
0.383391326678097	0.284572031017217	0.539983226503771	0.794141511873685
0.389778649863068	0.281940529192467	0.549143434667513	0.79888073983343
0.396165973048039	0.289548556033145	0.556743883022419	0.810776577026207
0.40255329623301	0.310651412841917	0.569740853453745	0.823522209160329
0.408940619417981	0.319778824435123	0.5737553193325	0.847178685415062
0.415327942602952	0.317064335512287	0.573251309564489	0.833365525823003
0.421715265787922	0.329239569726607	0.585058895543809	0.844945219415683
0.428102588972893	0.332762787929312	0.596478773926246	0.845894994732876
0.434489912157864	0.342322385113328	0.598217238692425	0.856893115719903
0.440877235342835	0.335975746805601	0.604972344564693	0.860734825303495
0.447264558527805	0.347739450362718	0.615290955514073	0.870706126501922
0.453651881712776	0.365549740718268	0.616041582053669	0.868379933766768
0.460039204897747	0.368967466961483	0.627323131168341	0.865362337098062
0.466426528082718	0.373787829704453	0.6403465440446	0.888700002683357
0.472813851267689	0.386449465959678	0.647037934859671	0.883200058715831
0.47920117445266	0.38951458740764	0.649449411752729	0.906163069249444
0.485588497637631	0.382680813194144	0.652096583410636	0.917332300478001
0.491975820822601	0.400982832164838	0.65582967074993	0.928921644704341
0.498363144007572	0.419725268578077	0.673293863045686	0.919231409167544
0.504750467192543	0.424131439469747	0.67232367670709	0.924794602770749
0.511137790377513	0.427384290391006	0.685973783568294	0.938754563559827
0.517525113562484	0.443970416155697	0.682584976014756	0.942705008398097
0.523912436747455	0.441317046533076	0.693277320628328	0.939380206176996
0.530299759932426	0.449708483251636	0.700923192777696	0.957688692985667
0.536687083117397	0.451906157452426	0.715249145514672	0.963327208623279
0.543074406302368	0.472131664191392	0.723379638079845	0.974779072666109
0.549461729487339	0.475080863861666	0.714998864507432	0.973521056426386
0.555849052672309	0.466333827433631	0.724230694945319	0.978842111355777
0.56223637585728	0.472684092679591	0.737801440744598	0.981160821133797
0.568623699042251	0.494495558477876	0.743454109634301	1.00184325519348
0.575011022227222	0.500382589859273	0.757893210815747	1.00508338111788
0.581398345412192	0.488659610715731	0.756067099097011	1.00542972016091
0.587785668597163	0.512372828300007	0.755959226424866	1.01711906733685
0.594172991782134	0.512439331730332	0.773123539675398	1.02304864250062
0.600560314967105	0.510553639020408	0.775038274362104	1.03241239472833
0.606947638152076	0.539586142392037	0.789290423388078	1.02429277965268
0.613334961337046	0.538568275762987	0.797158640788997	1.05683437591007
0.619722284522017	0.548594076029104	0.798861414090186	1.03760438529841
0.626109607706988	0.543007830406586	0.801426277021974	1.05885505785687
0.632496930891959	0.571257564857347	0.811443264267174	1.07175160709451
0.63888425407693	0.579437159481395	0.821424300152085	1.06767320031501
0.6452715772619	0.574252973802056	0.822301484366899	1.08458293939809
0.651658900446871	0.573409235137904	0.833723164728794	1.08314789162087
0.658046223631842	0.594489330169761	0.840879180574752	1.10604116751308
0.664433546816813	0.58761811730159	0.843020358905832	1.09451848683206
0.670820870001783	0.580130529291997	0.853804246382583	1.11304109360797
0.677208193186754	0.607330604323942	0.856828636685169	1.12055783387825
0.683595516371725	0.612455007323378	0.87074068784857	1.11393634229139
0.689982839556696	0.620214078247666	0.873799627350142	1.11685034690012
0.696370162741667	0.636077343700362	0.879684653118405	1.12675422753339
0.702757485926638	0.636628779876403	0.891655762576548	1.13903433034796
0.709144809111609	0.642976169482039	0.89584339232971	1.14703870801381
0.715532132296579	0.6524133116602	0.899071833261055	1.15842660947981
0.72191945548155	0.637894985498482	0.904681466636018	1.16367365092647
0.728306778666521	0.6603335239983	0.914586130260643	1.17121438220004
0.734694101851491	0.653859405112935	0.925015667339906	1.17741968930313
0.741081425036462	0.675693473420587	0.926181921265973	1.15517316809228
0.747468748221433	0.686482903729779	0.937438603329489	1.19232312581355
0.753856071406404	0.699378312103302	0.943388739991257	1.19476291257176
0.760243394591375	0.676550675460485	0.946751258243396	1.20365648878795
0.766630717776346	0.716219650499372	0.958558723219653	1.20871184674978
0.773018040961317	0.714436079824978	0.963683216576244	1.22015274448864
0.779405364146287	0.724757434320091	0.973759441944579	1.22007136984129
0.785792687331258	0.715029584886403	0.978275840173232	1.22234158167882
0.792180010516229	0.735187949826551	0.986802495890646	1.23484684032556
0.7985673337012	0.740973802920165	0.992656391525806	1.23752953845522
0.80495465688617	0.738314058110711	0.992879116041347	1.25519956186816
0.811341980071141	0.755585998630753	1.00349836196442	1.26576259580981
0.817729303256112	0.769515109133702	1.02231937763743	1.26479862171069
0.824116626441083	0.773171780671503	1.01845688039097	1.26042612511505
0.830503949626054	0.774067372643351	1.02978517117402	1.28265852065822
0.836891272811024	0.779162506990986	1.02539937814504	1.2811020265029
0.843278595995995	0.791324067192893	1.03641209919838	1.30170289053065
0.849665919180966	0.806493691314381	1.05587497644393	1.30928192803993
0.856053242365937	0.796683578376089	1.05560121501845	1.3146676735627
0.862440565550908	0.809257748121705	1.05676390537652	1.30402352119922
0.868827888735878	0.828894346874698	1.06648232154498	1.32362092285033
0.875215211920849	0.828041056900638	1.07637210351463	1.32595122697183
0.88160253510582	0.833437728837819	1.0850730826952	1.32133325122506
0.887989858290791	0.837807448348046	1.08470002929768	1.33304346363987
0.894377181475762	0.844249179751727	1.09159050518159	1.36566799215957
0.900764504660732	0.838967132972856	1.10558841327538	1.36129045748997
0.907151827845703	0.863092105788054	1.10692640436316	1.35228958378188
0.913539151030674	0.87220290678403	1.11534428179865	1.36643096484192
0.919926474215645	0.876713363711797	1.12238712890618	1.37299337356615
0.926313797400616	0.882971580631168	1.13019136686378	1.3903921632337
0.932701120585587	0.875065644620457	1.13766054417865	1.39126124201474
0.939088443770557	0.90619226112459	1.15006669579183	1.40070971969395
0.945475766955528	0.906527037292703	1.15070204195027	1.39274958676547
0.951863090140499	0.89691299040792	1.15781793605519	1.41030464776429
0.95825041332547	0.910584552600791	1.1665256207574	1.42044073448056
0.96463773651044	0.906829499652213	1.17111728178015	1.40722994843464
0.971025059695411	0.936553898026077	1.18057298572326	1.42808360093671
0.977412382880382	0.930890014394155	1.18941954700496	1.43060963921784
0.983799706065353	0.930852862688746	1.19225720134315	1.43754802960881
0.990187029250324	0.953193757998936	1.20079344393365	1.45380970784911
0.996574352435295	0.967375646868952	1.20164425456408	1.44532910206309
1.00296167562027	0.97970937241728	1.21309864669163	1.46121277609495
1.00934899880524	0.981240592083848	1.22470592104424	1.46874641287142
1.01573632199021	0.97797771656629	1.22734955945224	1.48798546221195
1.02212364517518	0.979895174178387	1.23582316505706	1.49118662245403
1.02851096836015	0.972011612631996	1.24318096523845	1.4884017832546
1.03489829154512	0.997908853451277	1.24354798419674	1.49674369825146
1.04128561473009	0.988548769365744	1.2492980014701	1.50436801756108
1.04767293791506	1.01301162562798	1.25966347102156	1.52586402034108
1.05406026110003	1.00943920433368	1.26626017198715	1.51544323461791
1.060447584285	1.02008586074589	1.2787990922989	1.52810656413406
1.06683490746997	1.03801306104501	1.27839791633099	1.51948510452859
1.07322223065494	1.03905405058978	1.28900473844623	1.52484945436014
1.07960955383991	1.05095673034181	1.29488488899272	1.54783903076788
1.08599687702489	1.06441573212546	1.30170476764559	1.54697234322144
1.09238420020986	1.05818906745185	1.30514121136769	1.55071448869744
1.09877152339483	1.05397901307452	1.32007226871199	1.56448983304381
1.1051588465798	1.08616200261144	1.32530486907859	1.57098611644295
1.11154616976477	1.06971622322044	1.32754427352806	1.57869553950714
1.11793349294974	1.09305900454445	1.33679253612424	1.58822924901438
1.12432081613471	1.09725854803662	1.34730584957521	1.59924002857986
1.13070813931968	1.10459218663935	1.34959540055409	1.60408968556194
1.13709546250465	1.10120323962257	1.35470855763826	1.60297959499744
1.14348278568962	1.11401958854442	1.36667644713302	1.59305549936398
1.14987010887459	1.12781349203502	1.37611108886769	1.6206112040693
1.15625743205956	1.12752706136847	1.37300345500989	1.62633182690432
1.16264475524454	1.13650996487446	1.38674282687007	1.63347759015929
1.16903207842951	1.14965209658862	1.39541872653978	1.64634652415148
1.17541940161448	1.14881931882568	1.40164598091542	1.6443282790513
1.18180672479945	1.16011734323694	1.40690209281295	1.66330616301944
1.18819404798442	1.17338801974536	1.40580236451637	1.66027182996322
1.19458137116939	1.17130008222523	1.4277925790498	1.67237966360148
1.20096869435436	1.16090339073083	1.42951258974152	1.67951536293309
1.20735601753933	1.17711254994596	1.43062010634504	1.69730100254239
1.2137433407243	1.18559090420111	1.44448263315756	1.6789146967989
1.22013066390927	1.19026991465711	1.44445773753426	1.70455176323016
1.22651798709424	1.19814262665002	1.45201521454257	1.70173047200122
1.23290531027921	1.20192858801156	1.46344473805134	1.71086262483653
1.23929263346418	1.22137496282287	1.46572219621209	1.71008141861446
1.24567995664916	1.22649877139992	1.47721636776069	1.72409473940922
1.25206727983413	1.23560029338989	1.48520592506817	1.72419180340974
1.2584546030191	1.24406662250122	1.4869111873753	1.73923629318058
1.26484192620407	1.2464053641112	1.49541471074536	1.74347397908432
1.27122924938904	1.2624583263788	1.50244823241722	1.74690460228408
1.27761657257401	1.26510893408524	1.50917627778599	1.77347015690954
1.28400389575898	1.27360518248927	1.51597668929805	1.76893180730288
1.29039121894395	1.26133031165385	1.5266537697116	1.77499701127257
1.29677854212892	1.27897518358306	1.53146847869117	1.7994509653413
1.30316586531389	1.27930735188034	1.53289464899648	1.78033764206065
1.30955318849886	1.29865661468431	1.54481962293781	1.80474253702961
1.31594051168383	1.29753933710242	1.54661056355249	1.79918935788048
1.32232783486881	1.31818410537666	1.56291816476546	1.81514261657682
1.32871515805378	1.30496699957234	1.56290171699185	1.80942146705931
1.33510248123875	1.31798086147246	1.5752327053377	1.83267628421624
1.34148980442372	1.33452192292787	1.57957526897484	1.82742668250242
1.34787712760869	1.33978120412766	1.58426608287414	1.83598953845475
1.35426445079366	1.34035874547779	1.59495887642847	1.85026396550016
1.36065177397863	1.35181888262483	1.60215495040988	1.8529988908377
1.3670390971636	1.37035368316256	1.60642238474278	1.83528950972405
1.37342642034857	1.36557591895653	1.61598254073812	1.86526456854248
1.37981374353354	1.36634419650421	1.62072719639853	1.86914882027187
1.38620106671851	1.37166251500604	1.62250929916002	1.88293280434484
1.39258838990348	1.39793868821993	1.63306370219931	1.87660621464277
1.39897571308846	1.39950569841334	1.64261388308584	1.89336014130244
1.40536303627343	1.39798696974287	1.64744615904631	1.90561404009659
1.4117503594584	1.41094219185007	1.65756760886873	1.91762413857929
1.41813768264337	1.42528749059356	1.66576318959188	1.92020044429483
1.42452500582834	1.40541500184963	1.66586190605422	1.93499630774742
1.43091232901331	1.42903204976292	1.67458235150014	1.92894658632355
1.43729965219828	1.42953955278928	1.68244814661709	1.92462019555487
1.44368697538325	1.42996758536651	1.69568545497087	1.94643780424629
1.45007429856822	1.45431841937614	1.69867349988082	1.9434131370703
1.45646162175319	1.44433700809482	1.70538374357671	1.95333449899996
1.46284894493816	1.44869154911784	1.70937527678025	1.95973173374511
1.46923626812313	1.46094512273015	1.71766007979288	1.98615709555102
1.4756235913081	1.46608651231136	1.72642578433098	1.97584434483704
1.48201091449308	1.47369672493539	1.73435117903634	1.97853544735616
1.48839823767805	1.48449908086369	1.73651081402757	1.98812159693262
1.49478556086302	1.50693913245371	1.75068956018519	1.9973857774126
1.50117288404799	1.51073490067035	1.75214337223169	2.00334640798432
1.50756020723296	1.51523786515613	1.75830702338183	2.01536629391715
1.51394753041793	1.51689837919503	1.7672206365021	2.0097636476909
1.5203348536029	1.5132419153827	1.76730467274039	2.00945550374262
1.52672217678787	1.52550627596926	1.77763038689412	2.03966031494916
1.53310949997284	1.53811640312848	1.7851628376296	2.02039272697033
1.53949682315781	1.53156872742867	1.80094799859227	2.05065430628591
1.54588414634278	1.56012775057237	1.80999402091696	2.05413792031847
1.55227146952775	1.54293773501374	1.80659237925195	2.04476038570413
1.55865879271272	1.57069656671473	1.8173946911668	2.07932454973774
1.5650461158977	1.57468511267767	1.82622354676514	2.0727851559
1.57143343908267	1.59116855271862	1.82713986213873	2.07003254984432
1.57782076226764	1.59193908281643	1.8297563733205	2.08023275655632
1.58420808545261	1.58497601964542	1.85136617934875	2.0959847690903
1.59059540863758	1.59433971229848	1.84467363513504	2.09582543549926
1.59698273182255	1.62481521356583	1.8561835097419	2.09997816396757
1.60337005500752	1.61503122228814	1.86649278400191	2.12406980024654
1.60975737819249	1.62707696252392	1.87125922747215	2.12331551044823
1.61614470137746	1.6326298150801	1.87577583885664	2.1281485227822
1.62253202456243	1.63882026922513	1.88514180881798	2.1265601854228
1.6289193477474	1.64969770255921	1.89078451622396	2.14578489049783
1.63530667093237	1.64717486469102	1.89227167938165	2.13706470726108
1.64169399411735	1.64665251399915	1.90349712639682	2.16655603008934
1.64808131730232	1.6670209290604	1.91903278634342	2.17430148272275
1.65446864048729	1.65768349125072	1.91200351516741	2.17272634617165
1.66085596367226	1.66689598655328	1.92575690426557	2.17150646391005
1.66724328685723	1.69146783424017	1.93769556821705	2.20518166641017
1.6736306100422	1.68409555316532	1.9327616338216	2.18505151440152
1.68001793322717	1.70634553963047	1.94681724323743	2.20996837848802
1.68640525641214	1.71206213978737	1.95522272135298	2.19881543376711
1.69279257959711	1.72114419260699	1.9630983937782	2.21477178593114
1.69917990278208	1.71697289368475	1.96673755193617	2.2124888951379
1.70556722596705	1.7288754726228	1.97769608503248	2.22290842571977
1.71195454915202	1.73035564939763	1.97931393218621	2.23005948514218
1.71834187233699	1.75092186647579	1.99068571528363	2.24193098993443
1.72472919552197	1.73193844592812	1.99399730622476	2.2434669462337
1.73111651870694	1.75244694566123	2.00894013341125	2.25421759169832
1.73750384189191	1.75490229524788	2.01453421269524	2.26651087087228
1.74389116507688	1.76856092728857	2.01211420882037	2.26495950596369
1.75027848826185	1.7620882124508	2.02052716380858	2.28541023450281
1.75666581144682	1.77252019139033	2.03157134206875	2.27502047418218
1.76305313463179	1.78751789069335	2.0365733857768	2.28677925547125
1.76944045781676	1.80272933590871	2.04222134937161	2.29870256023628
1.77582778100173	1.80333887981822	2.05896059447676	2.31209569964849
1.7822151041867	1.80085608049126	2.05845485865833	2.31071379178725
1.78860242737167	1.82131513188791	2.06414723314596	2.3102810564561
1.79498975055664	1.82546730484464	2.07067097973858	2.3240414248077
1.80137707374162	1.82989175111498	2.07987395622319	2.33661299888819
1.80776439692659	1.84659755859486	2.08080693300105	2.32057212707414
1.81415172011156	1.84782206381417	2.09230597329324	2.33727060973246
1.82053904329653	1.84407866583632	2.09729114617874	2.34490161821257
1.8269263664815	1.85960726492226	2.10559595696196	2.35328177903446
1.83331368966647	1.85862712456602	2.1095805770955	2.3623836535902
1.83970101285144	1.87736183639891	2.12018323422601	2.37181708237857
1.84608833603641	1.87504671413843	2.13268443120965	2.38618098647567
1.85247565922138	1.88355427552005	2.14140404633341	2.38146690668426
1.85886298240635	1.89987318141498	2.13804281742192	2.38384131605402
1.86525030559132	1.89553320782829	2.1465719240818	2.39064304757526
1.87163762877629	1.89567272744054	2.15091635746269	2.41287078529346
1.87802495196126	1.90259864434023	2.16198342025781	2.41303584691655
1.88441227514624	1.91051278285676	2.16705025802873	2.41562540705968
1.89079959833121	1.92516513524975	2.17663688041946	2.41684534730355
1.89718692151618	1.92157380318585	2.18221290831032	2.43728928358634
1.90357424470115	1.91965935557951	2.18529427115318	2.43811541520901
1.90996156788612	1.94044191556641	2.19610337333014	2.45000176276923
1.91634889107109	1.94102529007706	2.19876731037515	2.44457962200861
1.92273621425606	1.94318708309332	2.21224039159237	2.45661035958722
1.92912353744103	1.96412633930424	2.21649083347914	2.45966813666339
1.935510860626	1.97274279732709	2.21788771763803	2.4744993407889
1.94189818381097	1.98288012971754	2.22745935704501	2.48584444350175
1.94828550699594	1.97953470581694	2.2381780865977	2.48819982764409
1.95467283018091	1.99963154910178	2.24324092923009	2.49348620138102
1.96106015336589	2.00419367677826	2.25727161398954	2.50100977063444
1.96744747655086	2.0229355680611	2.26065098081772	2.50976937391023
1.97383479973583	2.01247981010079	2.26639732901714	2.51231229241295
1.9802221229208	2.02912713321576	2.27571242250521	2.53003955680604
1.98660944610577	2.01974676578966	2.2746743320779	2.52728025971942
1.99299676929074	2.03917762982359	2.2815140136097	2.53822315649393
1.99938409247571	2.04103180085176	2.29800902634268	2.54795937341532
2.00577141566068	2.05780680702288	2.29881542857507	2.55798373141917
2.01215873884565	2.05142238664886	2.30893365571051	2.55304452018893
2.01854606203062	2.07024167748363	2.31616288270618	2.55655323549023
2.02493338521559	2.05717246528233	2.3176172302062	2.56161128445163
2.03132070840056	2.0566569758945	2.3198500476091	2.57279077144566
2.03770803158553	2.07357551406974	2.33126480140931	2.5717091617247
2.04409535477051	2.09720606431568	2.34268531433233	2.60305693014169
2.05048267795548	2.09570186299825	2.34731771136677	2.6014728197569
2.05687000114045	2.09622717352565	2.3564100986198	2.5922050853706
2.06325732432542	2.11633163430137	2.36798648794731	2.60990571824539
2.06964464751039	2.11330153591938	2.36610390109189	2.62665222002174
2.07603197069536	2.12849744478166	2.37694326672221	2.61249520312726
2.08241929388033	2.13678074462593	2.38069809472627	2.6253568861053
2.0888066170653	2.13702124317546	2.38812139051412	2.64042262152771
2.09519394025027	2.13439949804458	2.39342303426172	2.63842599717325
2.10158126343524	2.15479737062461	2.39973475900982	2.66617874598233
2.10796858662021	2.15087504611534	2.41163202464697	2.65127719243083
2.11435590980518	2.16465798089442	2.41719932080425	2.67007316576933
2.12074323299016	2.17772004651598	2.42501367218667	2.6804988048251
2.12713055617513	2.17905152080601	2.43110488535458	2.68904238498939
2.1335178793601	2.17635068405154	2.43640984140947	2.70185814842617
2.13990520254507	2.19546882284526	2.44676089600949	2.68980465582966
2.14629252573004	2.18995367570544	2.45074790188281	2.71084805757301
2.15267984891501	2.19372281282693	2.45220012349531	2.70322664313198
2.15906717209998	2.20563829765946	2.46141236305023	2.70092919454148
2.16545449528495	2.22189726955047	2.47184632511008	2.71596141998105
2.17184181846992	2.22428454362071	2.48012334781531	2.73937090670734
2.17822914165489	2.22756853287128	2.48336167159991	2.73947255464074
2.18461646483986	2.23771614777144	2.49334471617183	2.75200798028605
2.19100378802483	2.23054223875288	2.50465122513474	2.74664771573097
2.1973911112098	2.25874200350583	2.50317888135402	2.76100571978706
2.20377843439478	2.26168931047413	2.51506475267056	2.77900632402414
2.21016575757975	2.26305634963579	2.52307193960618	2.775150561812
2.21655308076472	2.27050737523714	2.52451877443223	2.78255241545538
2.22294040394969	2.29165110032622	2.53898063839225	2.78304516364106
2.22932772713466	2.29960699198018	2.53868646266634	2.78601424627314
2.23571505031963	2.29004281848462	2.54619477990448	2.81187413035351
2.2421023735046	2.31712046452816	2.5557978665739	2.80755557904125
2.24848969668957	2.31609701469505	2.56052656896682	2.79515442987683
2.25487701987454	2.32570160213251	2.57320482498932	2.83090653948105
2.26126434305951	2.31309184519295	2.58437324760658	2.83873375384697
2.26765166624448	2.32516704880027	2.57946296389938	2.84250139592978
2.27403898942945	2.32714561429478	2.5858229934276	2.82965641471146
2.28042631261442	2.35885930023006	2.60345342783902	2.84495837379209
2.2868136357994	2.35758173679446	2.60436121268242	2.85929597684269
2.29320095898437	2.35665688043539	2.60587516294649	2.85325790060418
2.29958828216934	2.36435035002657	2.61197178207307	2.86547658306089
2.30597560535431	2.37622001199785	2.6237063352905	2.88318370037059
2.31236292853928	2.37807976428531	2.62865784338761	2.8841376229884
2.31875025172425	2.39439872086621	2.63650060838009	2.89672184704899
2.32513757490922	2.39788236729336	2.64140183495287	2.89000037618046
2.33152489809419	2.3997006411957	2.64948036397706	2.91172502618607
2.33791222127916	2.4056706330064	2.65753293901399	2.89901554543529
2.34429954446413	2.41168624835142	2.6639794851952	2.91985181724263
2.3506868676491	2.42736196056584	2.66832139325006	2.92120064544804
2.35707419083408	2.43246446681683	2.68171636066858	2.92936221123554
2.36346151401905	2.42579799572103	2.69546968668664	2.926559881209
2.36984883720402	2.43770921274327	2.68641958786018	2.93802898330755
2.37623616038899	2.4654584095526	2.70582406234741	2.9504740329061
2.38262348357396	2.45649514942663	2.71337964254152	2.96411282246565
2.38901080675893	2.47302081639478	2.71890009121789	2.95614017314873
2.3953981299439	2.48035053557303	2.72865120448556	2.97664744923928
2.40178545312887	2.45985303877537	2.72607424395871	2.97615242843686
2.40817277631384	2.47277139904813	2.73660240069446	2.97574728924772
2.41456009949881	2.47837368656517	2.73861399451785	3.00721354930763
2.42094742268378	2.49581751030698	2.75040138865166	3.00064928559033
2.42733474586875	2.51958896836411	2.74742141580927	3.01932620331579
2.43372206905372	2.50369796473843	2.75537522114125	3.01713234675689
2.4401093922387	2.52258766063985	2.77007863407642	3.01640274368282
2.44649671542367	2.53937682254572	2.76978377562535	3.01913051401626
2.45288403860864	2.52384295409134	2.77861479423763	3.04471515830912
2.45927136179361	2.53156027340376	2.78463987159413	3.06225611920904
2.46565868497858	2.54229466733675	2.79840838931336	3.04894230633122
2.47204600816355	2.5492662659873	2.80598489839028	3.06419978837019
2.47843333134852	2.57159194403292	2.80851028533372	3.04785280852164
2.48482065453349	2.55649384943438	2.81583341502809	3.07473160681898
2.49120797771846	2.57439509481754	2.81981708371993	3.08445645760827
2.49759530090343	2.56642567312177	2.83004374878262	3.07231466694164
2.5039826240884	2.5757987615738	2.8404348809264	3.0949050221759
2.51036994727337	2.58234110887538	2.85001133290811	3.09429943939554
2.51675727045835	2.59343405808198	2.85360334242588	3.09400312977129
2.52314459364332	2.60865524250086	2.85917077020851	3.12424750168663
2.52953191682829	2.61849702420128	2.86518471070211	3.1184769557561
2.53591924001326	2.61984991887	2.87198659315387	3.13053897478849
2.54230656319823	2.62852548758561	2.87913271186817	3.12438918521926
2.5486938863832	2.63403789145704	2.88845303507026	3.14969570973866
2.55508120956817	2.63283626895259	2.89307579091705	3.14574515251456
2.56146853275314	2.64542764920467	2.90170563482078	3.14574914478617
2.56785585593811	2.64633442298923	2.90004764682586	3.15665649890456
2.57424317912308	2.66481500575635	2.91664084343111	3.161884833005
2.58063050230805	2.6735602666281	2.92582211854044	3.17550881907286
2.58701782549302	2.68024921367834	2.9283627180618	3.1730199623414
2.59340514867799	2.68215005073018	2.92909190939328	3.16769847482857
2.59979247186297	2.69123465283115	2.93987018452007	3.1831794614321
2.60617979504794	2.68248635660229	2.94320796856571	3.19666436215427
2.61256711823291	2.68412063896152	2.95130170851927	3.20207441504964
2.61895444141788	2.69481784984324	2.96176942799381	3.20902369434104
2.62534176460285	2.70806755535737	2.96760051516652	3.22057071954698
2.63172908778782	2.71897587855484	2.97659168643888	3.2284985823737
2.63811641097279	2.73490749643471	2.97945946792709	3.24333347801683
2.64450373415776	2.74568478472259	2.98561469811611	3.24993541758752
2.65089105734273	2.74037026547892	2.99513245665417	3.25622926983125
2.6572783805277	2.75457898018614	3.00120297494667	3.24879389116149
2.66366570371267	2.75532278192191	3.00912960205306	3.26519502190342
2.67005302689764	2.76750777203888	3.01907157276011	3.27688706146074
2.67644035008262	2.7723417186966	3.02533880173283	3.28833179458793
2.68282767326759	2.79335898142342	3.03394245288638	3.28157011470386
2.68921499645256	2.78615436739513	3.03434370298327	3.29521674696919
2.69560231963753	2.78790211854757	3.05072729614867	3.3117044355848
2.7019896428225	2.80158802913226	3.0524673226028	3.31857403708887
2.70837696600747	2.80492625301721	3.06035521856297	3.32493469679287
2.71476428919244	2.79813696429356	3.06765291347746	3.32535224274215
2.72115161237741	2.81550421555346	3.07035066726735	3.33540919454709
2.72753893556238	2.82943350195549	3.08188133367637	3.32918632412961
2.73392625874735	2.83721988125174	3.08816340593238	3.33591937744759
2.74031358193232	2.82467471309606	3.08729547682818	3.33955609044945
2.74670090511729	2.84272836655851	3.09949231164754	3.35750232328588
2.75308822830226	2.83956101235965	3.1031478471139	3.36698753946494
2.75947555148724	2.86785469956264	3.11595824146357	3.36932733823718
2.76586287467221	2.86134345438368	3.11964366377535	3.36280754842287
2.77225019785718	2.87864944259193	3.12911911749102	3.37491257831123
2.77863752104215	2.89113572209032	3.14290853006282	3.39345992019613
2.78502484422712	2.89236566400103	3.14555604727802	3.40066675668693
2.79141216741209	2.90013763998547	3.14787872244235	3.40401604084049
2.79779949059706	2.9053385541664	3.16818823903049	3.40417562168149
2.80418681378203	2.90717551094034	3.16406705119578	3.41599676467535
2.810574136967	2.91792830399233	3.16862061575041	3.43270762110392
2.81696146015197	2.91105769302901	3.17866882926911	3.44415291334835
2.82334878333694	2.91861046778251	3.18166491574009	3.44952812616279
2.82973610652191	2.93554036136524	3.18917668400499	3.43472776682073
2.83612342970688	2.94417261235113	3.19574860601718	3.45594741420404
2.84251075289186	2.95605814122971	3.20970358532735	3.46637293542283
2.84889807607683	2.96198937323934	3.21506231787549	3.48128791925019
2.8552853992618	2.95691277631861	3.21555579092824	3.46558941859554
2.86167272244677	2.96412746475043	3.22257125941309	3.47624846010757
2.86806004563174	2.98178002235335	3.2340607842471	3.48576125028196
2.87444736881671	2.99473551128272	3.23595537843556	3.48321301304087
2.88083469200168	3.01219899034789	3.24403064878823	3.4939208093646
2.88722201518665	2.99162632068192	3.25068094562832	3.50285395507899
2.89360933837162	3.00309583792348	3.26114518843532	3.51551696063714
2.89999666155659	3.00416625047814	3.26389105788682	3.52357106676312
2.90638398474156	3.02730991622857	3.26977470507857	3.52727633122155
2.91277130792653	3.02716141381171	3.28280006866139	3.53134809633781
2.9191586311115	3.02785236577125	3.28483639158894	3.54561768388666
2.92554595429648	3.03283602612724	3.29824552320365	3.54192235523646
2.93193327748145	3.0451198204685	3.30084914468625	3.5555433509605
2.93832060066642	3.05706500541364	3.30576598819607	3.56536445935201
2.94470792385139	3.06176164885723	3.31522623120637	3.56178360257059
2.95109524703636	3.06664854346609	3.32161589180045	3.58460727308724
2.95748257022133	3.06487610527464	3.32563304045047	3.59512950740693
2.9638698934063	3.07659099231844	3.33696079149889	3.59891029020831
2.97025721659127	3.09172255657786	3.34606812267568	3.59373500462419
2.97664453977624	3.09845205137461	3.35617037614541	3.6083038553521
2.98303186296121	3.09891536466345	3.36041923473132	3.60655528834839
2.98941918614618	3.10339503849895	3.36093569936758	3.62867046912719
2.99580650933115	3.11469727030976	3.37321324850552	3.62602728672156
3.00219383251613	3.11755149682987	3.3784370265478	3.6277312738462
3.0085811557011	3.14067329517733	3.3846735794329	3.63989202138787
3.01496847888607	3.13637634861384	3.3938954236766	3.64827213521628
3.02135580207104	3.14485622297749	3.39738792682662	3.65005383233835
3.02774312525601	3.15583005126439	3.40489265929767	3.65787222928017
3.03413044844098	3.15200821696333	3.41677624800519	3.66849407057794
3.04051777162595	3.15909074810532	3.42548701665115	3.68502792086106
3.04690509481092	3.17028796830569	3.43123780629618	3.68104077694691
3.05329241799589	3.18106502667736	3.43857327159563	3.7011187285604
3.05967974118086	3.17728583293156	3.44399490987898	3.71011389782699
3.06606706436583	3.19934844205305	3.44993361440156	3.71394198138721
3.0724543875508	3.19914718876878	3.45863431506062	3.71506436299596
3.07884171073578	3.1997062841525	3.46200658086519	3.73777271081036
3.08522903392075	3.20518241194623	3.46840891183379	3.71915312427056
3.09161635710572	3.21160065670014	3.47326406271722	3.72566540781361
3.09800368029069	3.22260676791652	3.47789405891611	3.74223805491591
3.10439100347566	3.23828205373904	3.48846462588922	3.74373831521442
3.11077832666063	3.23460459623479	3.49366851105619	3.74643417305303
3.1171656498456	3.24136884626425	3.50197596517063	3.76232351549594
3.12355297303057	3.24841897971023	3.50542834315119	3.76106167289408
3.12994029621554	3.25783722918375	3.51883277389027	3.78181277742681
3.13632761940051	3.26200152661718	3.52526508030066	3.78145112706316
3.14271494258548	3.27255463808542	3.52935383902651	3.78802686711172
3.14910226577045	3.27833189723704	3.53912956304504	3.79890634868638
3.15548958895542	3.28627596439476	3.54190362308556	3.79871575497338
3.1618769121404	3.29286935367951	3.54971063017474	3.80342829530337
3.16826423532537	3.30233518791968	3.55907457475646	3.83657646957818
3.17465155851034	3.31196065985015	3.56428371014618	3.83046202900365
3.18103888169531	3.31036146705065	3.57034295636072	3.83230171411778
3.18742620488028	3.32121895400169	3.57545598833599	3.84523971330598
3.19381352806525	3.32773888443827	3.58537582145268	3.85340361680349
3.20020085125022	3.32745546306648	3.5929920739171	3.85969791032622
3.20658817443519	3.34159195459507	3.60102254387608	3.8560474476607
3.21297549762016	3.34128396938574	3.61008318696663	3.87427577476832
3.21936282080513	3.36353134710142	3.60781484838212	3.85612316395864
3.2257501439901	3.35553716659749	3.61267541563449	3.87431626025656
3.23213746717507	3.37817586135597	3.63456291122213	3.88985171192203
3.23852479036005	3.37512104186836	3.62932718563368	3.88138302924839
3.24491211354502	3.37515294418053	3.64032400496421	3.898978434271
3.25129943672999	3.38567259590502	3.64379980827827	3.91260657336539
3.25768675991496	3.3989202566137	3.65924319925807	3.9222105989742
3.26407408309993	3.39228283550274	3.65695209398953	3.91476506460381
3.2704614062849	3.38506870694236	3.66444867287154	3.92878051422837
3.27684872946987	3.41473151991356	3.6781213548187	3.91697143157576
3.28323605265484	3.42175387796908	3.68405999717663	3.95328325340895
3.28962337583981	3.42684509023782	3.68481012953366	3.95725893165355
3.29601069902478	3.44041103908987	3.69857126623684	3.94191756283652
3.30239802220975	3.4388028921994	3.70378938679131	3.96410417246834
3.30878534539472	3.44525252081319	3.70645561575234	3.96856628957055
3.3151726685797	3.46529472189488	3.71730791853837	3.9804343918908
3.32155999176467	3.45163676562568	3.71867402873553	3.97905830823663
3.32794731494964	3.4654596139355	3.72796706771837	3.97593890877533
3.33433463813461	3.46526477817869	3.74039732963255	4.00838377664476
3.34072196131958	3.48672083409631	3.74235618434229	3.99649543082928
3.34710928450455	3.49321038262413	3.74706096641596	4.00798810439867
3.35349660768952	3.49913881446722	3.75570822986171	4.01638022210597
3.35988393087449	3.50783024264536	3.76879839080435	4.04264682437178
3.36627125405946	3.51966169474423	3.77840054246576	4.02876798146884
3.37265857724443	3.51030429474145	3.78046085057796	4.03269101379137
3.3790459004294	3.53634910592496	3.7907172172288	4.04042078992685
3.38543322361437	3.52899415110789	3.79721064333788	4.05853963106533
3.39182054679934	3.53353735386617	3.7989313556525	4.0609997890751
3.39820786998432	3.53779040412188	3.80883420051794	4.08254043679677
3.40459519316929	3.55616549129193	3.81433253324439	4.07294680185826
3.41098251635426	3.57221241101108	3.82002092849679	4.07504117693763
3.41736983953923	3.56000412829042	3.82500901972762	4.08241309167726
3.4237571627242	3.57286898537299	3.83692772449046	4.10537028994716
3.43014448590917	3.57255818851836	3.84083571009377	4.09198977524578
3.43653180909414	3.57297403517767	3.85156763529916	4.10750884490016
3.44291913227911	3.59189176501082	3.85171809316564	4.10495009740615
3.44930645546408	3.59923316993973	3.86404282431777	4.12607128936537
3.45569377864905	3.6036150025279	3.86575513265106	4.13218752897937
3.46208110183402	3.61401445469229	3.87612227346339	4.14845091872974
3.46846842501899	3.62950819933611	3.88527468212312	4.12751408208279
3.47485574820396	3.6195413880225	3.89162843126519	4.14678078806312
3.48124307138894	3.63683058760971	3.89766921783675	4.15043346826457
3.48763039457391	3.64297725305319	3.9047844534456	4.1605135089687
3.49401771775888	3.63987788344581	3.90192096868165	4.1747402465442
3.50040504094385	3.64534529290637	3.92291820525363	4.17554217898875
3.50679236412882	3.66110741028148	3.91445227711743	4.18702888641416
3.51317968731379	3.67154652616742	3.92922647050459	4.20132216073382
3.51956701049876	3.67567294178868	3.93924087004438	4.19644207121218
3.52595433368373	3.68495321523986	3.94717952836524	4.20818396029248
3.5323416568687	3.68932402687539	3.95349796293698	4.22516831602106
3.53872898005367	3.69231415486521	3.96021581453165	4.21589379393606
3.54511630323864	3.6957560705283	3.96741624506033	4.23274303489552
3.55150362642361	3.71190373323021	3.97266616431252	4.23485774537493
3.55789094960859	3.71390934784451	3.98102675188169	4.23518799476744
3.56427827279356	3.72521890671187	3.98220350022833	4.24142795313274
3.57066559597853	3.72863127173466	3.99140975054493	4.25394963801429
3.5770529191635	3.74201762186242	4.00092603525711	4.26613278563242
3.58344024234847	3.74418732924412	4.00939486638577	4.27786517470104
3.58982756553344	3.75137566559849	4.01527680376643	4.27350514106929
3.59621488871841	3.76772208835678	4.01767654521578	4.28166481471097
3.60260221190338	3.76453616364344	4.02450877915292	4.29799931866623
3.60898953508835	3.76856577486473	4.03054703585642	4.3015509690507
3.61537685827332	3.77773395425287	4.04207427554658	4.29357085260021
3.62176418145829	3.78003600628399	4.05029030367106	4.31841361805315
3.62815150464326	3.80387826568802	4.05639262360475	4.32686877410484
3.63453882782823	3.79817839544106	4.05620216320895	4.31163018363615
3.64092615101321	3.81780013660669	4.07119795747153	4.32876375187892
3.64731347419818	3.81587623415092	4.07907100842203	4.34935069825519
3.65370079738315	3.79960820560503	4.08620866922973	4.35370948036095
3.66008812056812	3.82338992747341	4.0883629900581	4.36473643827692
3.66647544375309	3.83560709768559	4.09594821675506	4.36155469288065
3.67286276693806	3.84258541597318	4.10540304214164	4.37288195309164
3.67925009012303	3.85529419631044	4.10681799294481	4.3859287156613
3.685637413308	3.85469984279825	4.11758237318965	4.37609452981314
3.69202473649297	3.87119290763926	4.12900245544389	4.38305553227995
3.69841205967794	3.86644688759922	4.13060977623032	4.39671271425689
3.70479938286291	3.87608217039187	4.13703415584312	4.40837886737191
3.71118670604788	3.8788398530645	4.14654968397032	4.40186408259193
3.71757402923286	3.88618797705467	4.15795474118646	4.42152072207606
3.72396135241783	3.89745393144632	4.15810474235742	4.42746525204138
3.7303486756028	3.8927172710732	4.1677877077474	4.42696878598938
3.73673599878777	3.8982839829662	4.16930315177112	4.44493604845171
3.74312332197274	3.92355726150362	4.18156132255358	4.45235313433757
3.74951064515771	3.92827003303114	4.18722896527993	4.44984716560575
3.75589796834268	3.93261575941065	4.19602529046729	4.45321848948421
3.76228529152765	3.94719883166376	4.19802070212419	4.4570143652039
3.76867261471262	3.94210406890167	4.20744739929079	4.47905723032898
3.77505993789759	3.94760980677766	4.2165146298787	4.48160971319777
3.78144726108256	3.95223935128805	4.2239761473083	4.48447164586637
3.78783458426753	3.94824530260748	4.22147411101528	4.49602990650074
3.7942219074525	3.96679871076404	4.2284507644414	4.48698011703238
3.80060923063748	3.96859924359179	4.24083818932618	4.51119155845363
3.80699655382245	3.97252773455959	4.24963849341882	4.50235897322362
3.81338387700742	3.976789611759	4.25400833647164	4.5207954565116
3.81977120019239	4.00592297341574	4.25782124526205	4.55045868326492
3.82615852337736	3.9950506559249	4.26766245492843	4.53901720879569
3.83254584656233	4.00791477871959	4.28219108563657	4.54421302097143
3.8389331697473	4.01460731995693	4.28559823907757	4.54792427824931
3.84532049293227	4.01393333158343	4.28844204453369	4.56475828023103
3.85170781611724	4.02594336281446	4.29555524406869	4.5602783003696
3.85809513930221	4.04464673757563	4.30159976328345	4.56750241714565
3.86448246248718	4.03976357254308	4.31162811742283	4.58763040752656
3.87086978567215	4.06480631470521	4.32316313727717	4.57929643457321
3.87725710885713	4.0472147687712	4.32646772887735	4.5941368423535
3.8836444320421	4.07033543477393	4.33153268192094	4.60948280757763
3.89003175522707	4.08219542253977	4.33824880882363	4.59392093630368
3.89641907841204	4.07233579552496	4.3502462627204	4.61687305803627
3.90280640159701	4.09193561937117	4.35460083872744	4.61913512200614
3.90919372478198	4.09069003893403	4.35654959110607	4.6276270079698
3.91558104796695	4.0995981892134	4.36622927056341	4.63721833784423
3.92196837115192	4.1206051600735	4.37068661875927	4.6368630668658
3.92835569433689	4.10703675643405	4.37442071997238	4.66326332993032
3.93474301752186	4.13587952071525	4.38536662312509	4.65804922713944
3.94113034070683	4.13191588667134	4.38368634757846	4.65991079103996
3.9475176638918	4.12140135505088	4.39519055447936	4.66905043172359
3.95390498707678	4.13390920383145	4.40552679792294	4.67212248239525
3.96029231026175	4.13294179127226	4.41819241961423	4.69202969718343
3.96667963344672	4.16455749311737	4.42142552099681	4.68546949549979
3.97306695663169	4.1577545453913	4.43190469716183	4.69030232585703
3.97945427981666	4.16915887056243	4.43931511657601	4.71440381093108
3.98584160300163	4.16243123032824	4.4403227712457	4.72223289804698
3.9922289261866	4.18798382815401	4.44597778261941	4.72612091560438
3.99861624937157	4.19041893625345	4.45130331559123	4.70804321403617
4.00500357255654	4.19107257046942	4.46110844547599	4.7440282269281
4.01139089574151	4.20301084056482	4.46991605836553	4.73293450422342
4.01777821892648	4.20316415483098	4.47954689183796	4.76171706580365
4.02416554211145	4.21119091717146	4.48242814236622	4.74807173527516
4.03055286529642	4.23263844707083	4.49174879618421	4.76138732923437
4.0369401884814	4.22187586594851	4.50262663054499	4.76548055734217
4.04332751166637	4.24447683768169	4.50892925363269	4.78104602464306
4.04971483485134	4.23663747047694	4.50607117337283	4.78795288891622
4.05610215803631	4.24789097044857	4.51949285947235	4.77856310336108
4.06248948122128	4.24860553360446	4.52855910006683	4.79107801831406
4.06887680440625	4.25053872889795	4.53001572019147	4.79821370567931
4.07526412759122	4.26726511799746	4.53554892682757	4.79306041829919
4.08165145077619	4.27951690669974	4.55057547378464	4.8191741771732
4.08803877396116	4.2761253199425	4.55011645195598	4.8121481329001
4.09442609714613	4.29018183992393	4.55590242684547	4.83104600758773
4.1008134203311	4.29806334426113	4.56628941170185	4.82774183377873
4.10720074351607	4.30029632436598	4.57696481869638	4.84561506720936
4.11358806670104	4.3012316977211	4.57489055764962	4.85289253299547
4.11997538988602	4.31536430469099	4.58961540727726	4.85594433829548
4.12636271307099	4.31658710267211	4.5909830809722	4.86972535337325
4.13275003625596	4.32544824478129	4.60507903788146	4.86123308885247
4.13913735944093	4.33548265036732	4.613841756294	4.87052281785529
4.1455246826259	4.36406360901615	4.61922313573074	4.88055455501945
4.15191200581087	4.35304636875266	4.62058344165797	4.90498055154239
4.15829932899584	4.37429818194037	4.63172360971811	4.89566294759479
4.16468665218081	4.35856522641432	4.63392786917721	4.91832017773878
4.17107397536578	4.37291449976681	4.64271348003906	4.91568486729034
4.17746129855075	4.37336623079428	4.64716113483556	4.92984523310215
4.18384862173572	4.3785714028405	4.65707599211418	4.92661948739931
4.19023594492069	4.40645550912536	4.66149956664476	4.94186343922425
4.19662326810566	4.39619296139771	4.67320668545745	4.95061463054787
4.20301059129064	4.41882969947388	4.68446930779187	4.96251318478389
4.20939791447561	4.40464508092294	4.68186945952021	4.95321397252607
4.21578523766058	4.42313216355348	4.69650955613984	4.97279805348614
4.22217256084555	4.43084151548744	4.70134067322165	4.97008930752725
4.22855988403052	4.44007934881025	4.70756318076075	4.98222509146299
4.23494720721549	4.434568212381	4.71422513360099	4.98117875642061
4.24133453040046	4.44399397501579	4.71857745111845	4.99507068102225
4.24772185358543	4.45949444106552	4.72787504065139	4.99124535591809
4.2541091767704	4.45712132662565	4.72454379932457	5.01910127927662
4.26049649995537	4.46625918697278	4.73481117895366	5.01057854200338
4.26688382314034	4.47817222116463	4.75061669112759	5.01962769184924
4.27327114632532	4.48563788495985	4.7566547794675	5.03334209265514
4.27965846951029	4.48513567016985	4.76706719926485	5.03208166473248
4.28604579269526	4.48763391104976	4.76704600688853	5.04772453638886
4.29243311588023	4.48765868253425	4.77226546525827	5.04717178752394
4.2988204390652	4.51156948938184	4.78549607453368	5.05273842831598
4.30520776225017	4.50511538142131	4.78514053766862	5.05342302289012
4.31159508543514	4.5243995486326	4.79196683603996	5.08022886964008
4.31798240862011	4.53297008149809	4.79757960910718	5.07745972041899
4.32436973180508	4.53886825614907	4.81129036333078	5.07732237492303
4.33075705499005	4.52897187358983	4.81180451761619	5.09041850321322
4.33714437817502	4.56160496122238	4.82336908823836	5.0899630470826
4.34353170135999	4.53459705439939	4.82969532085052	5.09865025068121
4.34991902454497	4.56243947398947	4.8343480229196	5.10338401833869
4.35630634772994	4.5767470758704	4.84573115375051	5.12311506698293
4.36269367091491	4.57549211385449	4.84824108369557	5.13393627794056
4.36908099409988	4.5729624733891	4.85209269467199	5.12365316312599
4.37546831728485	4.56366255904457	4.8595191606504	5.14460174212746
4.38185564046982	4.59666692403807	4.8733378476671	5.1338359118613
4.38824296365479	4.59601987110751	4.87657705663066	5.15729884759097
4.39463028683976	4.60400178839551	4.88700598239894	5.16217485309469
4.40101761002473	4.61024702047207	4.89784687212585	5.16473807593013
4.4074049332097	4.62570055864606	4.89423436238304	5.18730620828122
4.41379225639467	4.63135621707534	4.9010791817373	5.19647175254327
4.42017957957964	4.62332793070987	4.9129147025259	5.1934148841894
4.42656690276461	4.6334176592486	4.91701881157537	5.19695461843956
4.43295422594958	4.64673401155336	4.92555648635802	5.19505987117503
4.43934154913456	4.65078066474678	4.9375248374622	5.21634728536183
4.44572887231953	4.66847503427582	4.9343843674959	5.21955938912561
4.4521161955045	4.66665654787138	4.95147520689	5.22941233045072
4.45850351868947	4.68813722730719	4.95342082976248	5.24159297046373
4.46489084187444	4.68131600242048	4.95901781572127	5.23559145538468
4.47127816505941	4.68576972085928	4.97194532494454	5.24730430896925
4.47766548824438	4.68771793306279	4.97110531690708	5.25551804482848
