"mitochan"	"lwrNorm"	"medNorm"	"uprNorm"
-1.88999910457734	-3.25697113355676	-2.18297344040799	-1.02516211394822
-1.88351364679006	-3.29893071893168	-2.16203505596304	-1.02169076313812
-1.87702818900278	-3.29721701794879	-2.15357693167715	-1.04041347383311
-1.8705427312155	-3.27482588044406	-2.152876142121	-1.03611311388275
-1.86405727342822	-3.26251660712493	-2.15022183765904	-0.997957435985253
-1.85757181564094	-3.23295457825014	-2.13974329071179	-0.976882554028365
-1.85108635785366	-3.19751329005963	-2.12585758953889	-1.02340689160874
-1.84460090006638	-3.20186062242803	-2.10790603208272	-0.980035030922149
-1.8381154422791	-3.2041693852978	-2.11606011353711	-1.00863519743737
-1.83162998449181	-3.18700424840011	-2.11252989330503	-1.00251697138825
-1.82514452670453	-3.19205908621814	-2.1002650348199	-1.00394796413672
-1.81865906891725	-3.17273793472324	-2.09044904484722	-0.985984041757243
-1.81217361112997	-3.17010769390885	-2.09510711860978	-0.932481237557333
-1.80568815334269	-3.14728699367533	-2.08029874592246	-0.957232834685563
-1.79920269555541	-3.16355948472725	-2.07282186951766	-0.962258189084488
-1.79271723776813	-3.13882683919458	-2.06498563643392	-0.993842566995042
-1.78623177998085	-3.09583477647776	-2.05940582257671	-0.940193385420968
-1.77974632219357	-3.12943381209284	-2.04464257924267	-0.944682357478063
-1.77326086440629	-3.09502042627835	-2.06032407863588	-0.940777534920502
-1.76677540661901	-3.09961654601534	-2.03064004545451	-0.932152438936723
-1.76028994883173	-3.0895995965615	-2.03020201284135	-0.913456048456664
-1.75380449104445	-3.06545309192098	-2.02104621175965	-0.925172153881465
-1.74731903325717	-3.06437839742888	-2.01987266704396	-0.914504598379043
-1.74083357546989	-3.05304419511048	-2.00920463453363	-0.912554473303406
-1.73434811768261	-3.04634196325484	-2.00643468256531	-0.910674240187211
-1.72786265989533	-3.04005715909249	-2.00134429902745	-0.893470240670269
-1.72137720210805	-2.99895538711305	-1.98451829642474	-0.945421202908467
-1.71489174432077	-3.01213721549617	-1.98579319961156	-0.891079688862373
-1.70840628653349	-3.009260069577	-1.97510358610823	-0.888276253773356
-1.70192082874621	-3.02163461393036	-1.97449707602596	-0.905965624830392
-1.69543537095893	-3.00768175884012	-1.98308242555993	-0.879355184273792
-1.68894991317165	-2.98794309972298	-1.95078103844842	-0.876638325021327
-1.68246445538437	-2.98740500299521	-1.94885000173613	-0.865931061440053
-1.67597899759709	-2.98969647717274	-1.94663505408512	-0.895116794868667
-1.66949353980981	-2.96260505909694	-1.93030684548717	-0.898816002852449
-1.66300808202253	-2.93053883004396	-1.93144452021956	-0.875257899126838
-1.65652262423525	-2.94279984717946	-1.92704988789818	-0.867293838790505
-1.65003716644796	-2.93915787593656	-1.91949808293804	-0.867280619772392
-1.64355170866068	-2.93656549053458	-1.91255687825415	-0.868898072887585
-1.6370662508734	-2.91369519276655	-1.90980644182412	-0.861027657454952
-1.63058079308612	-2.90059911503163	-1.90757891982786	-0.86897902001038
-1.62409533529884	-2.88540829780643	-1.88688480641063	-0.830591683528351
-1.61760987751156	-2.88894588990192	-1.88952287757532	-0.853915777795927
-1.61112441972428	-2.89244943028475	-1.87085108740333	-0.838103623289714
-1.604638961937	-2.86660811185772	-1.87361401289106	-0.818112476653844
-1.59815350414972	-2.85816984994367	-1.84955494458789	-0.80766396731447
-1.59166804636244	-2.85341035138776	-1.85453801194913	-0.843930554147658
-1.58518258857516	-2.82455689962456	-1.85255661356777	-0.838722255862203
-1.57869713078788	-2.80604639352475	-1.84306586460506	-0.824619400378225
-1.5722116730006	-2.80283993465292	-1.82954213947937	-0.838532068245863
-1.56572621521332	-2.80314372972275	-1.81414404850177	-0.832896573029696
-1.55924075742604	-2.80509315267046	-1.81093669827724	-0.817113724885121
-1.55275529963876	-2.77072426895465	-1.81396364578262	-0.757150393615072
-1.54626984185148	-2.79509118065122	-1.79362266656781	-0.804038431291494
-1.5397843840642	-2.75031601494397	-1.78703948994084	-0.765739485206389
-1.53329892627692	-2.76450927264887	-1.79559040145263	-0.764876013974054
-1.52681346848964	-2.75186059745296	-1.7863597237863	-0.753632178897058
-1.52032801070236	-2.75612627247865	-1.78571623758032	-0.789724354590875
-1.51384255291508	-2.72643526873374	-1.77775468361756	-0.779567264165318
-1.5073570951278	-2.75471321250098	-1.76153657299416	-0.77264565914717
-1.50087163734052	-2.6950741781301	-1.76359787254902	-0.754725278342255
-1.49438617955324	-2.70332990943347	-1.74418211109469	-0.754611509494395
-1.48790072176596	-2.68695364934255	-1.74395896478281	-0.728987713961971
-1.48141526397868	-2.68310210485582	-1.74698556591257	-0.726416197295373
-1.4749298061914	-2.6633659587347	-1.72584072771913	-0.712696188527002
-1.46844434840412	-2.6946030788725	-1.72339102659182	-0.757850284711503
-1.46195889061683	-2.69360235014376	-1.72617190309993	-0.76968800465273
-1.45547343282955	-2.66023665444361	-1.71297052109758	-0.732849574854815
-1.44898797504227	-2.63885234713413	-1.7146710663779	-0.745717215172519
-1.44250251725499	-2.62227869330481	-1.69869509733949	-0.713128089818932
-1.43601705946771	-2.61963849189608	-1.68387586219533	-0.713534635361922
-1.42953160168043	-2.60153143645616	-1.69454442485881	-0.743719077541256
-1.42304614389315	-2.60898136385529	-1.6636173563666	-0.745390246599681
-1.41656068610587	-2.61679538635341	-1.66934328780961	-0.71535729457528
-1.41007522831859	-2.57789364077033	-1.66104132631121	-0.722347056419771
-1.40358977053131	-2.59226312162443	-1.65431694290979	-0.672140408459962
-1.39710431274403	-2.57354495692253	-1.64029468237277	-0.695532588834957
-1.39061885495675	-2.58959997071014	-1.63799276624714	-0.652268630077382
-1.38413339716947	-2.53663586427262	-1.64251798722256	-0.669263194557494
-1.37764793938219	-2.57685030613566	-1.6323851461284	-0.705981940321735
-1.37116248159491	-2.52347486140075	-1.61944697475994	-0.696615086552805
-1.36467702380763	-2.53662594065054	-1.61330192888917	-0.663219502322741
-1.35819156602035	-2.50921592591656	-1.60425814175978	-0.671450069084518
-1.35170610823307	-2.5060464247769	-1.60587059987699	-0.687212315593251
-1.34522065044579	-2.49293415386848	-1.58718001570818	-0.691919413790411
-1.33873519265851	-2.47741615953722	-1.60027425122977	-0.677304151450834
-1.33224973487123	-2.47445376426936	-1.57911901173874	-0.666902223473171
-1.32576427708395	-2.45766184932246	-1.57108471364247	-0.646044475559471
-1.31927881929667	-2.46680352065731	-1.56878817764911	-0.632782251652846
-1.31279336150939	-2.44624940111316	-1.56657638513084	-0.620409235587473
-1.30630790372211	-2.40976799676434	-1.55380391048107	-0.630442728469196
-1.29982244593483	-2.43187278265032	-1.55308544776228	-0.603776968122551
-1.29333698814755	-2.42693741970508	-1.53988616832201	-0.624557327011495
-1.28685153036027	-2.38823384393115	-1.54261505625984	-0.62196381547212
-1.28036607257299	-2.38080124156363	-1.53118603740893	-0.592899680966648
-1.2738806147857	-2.39022405393568	-1.51857414398633	-0.62200609863477
-1.26739515699842	-2.37332656696113	-1.51426968573918	-0.587739737586481
-1.26090969921114	-2.36561625555323	-1.49603216490795	-0.600224242496599
-1.25442424142386	-2.37891271074615	-1.48824252752777	-0.570442734298895
-1.24793878363658	-2.35752396570403	-1.48405503279034	-0.608028247811163
-1.2414533258493	-2.35275161245785	-1.47993111298582	-0.595478787886756
-1.23496786806202	-2.33900027416003	-1.47389353670463	-0.58077681364895
-1.22848241027474	-2.32997933977772	-1.46294730575626	-0.564342474605033
-1.22199695248746	-2.32001475066238	-1.46446598476	-0.558167020930221
-1.21551149470018	-2.30077789005988	-1.45311769870113	-0.593543965151252
-1.2090260369129	-2.31242883924993	-1.44674219241492	-0.549663976106904
-1.20254057912562	-2.2902233105559	-1.43946442151641	-0.570164591303103
-1.19605512133834	-2.29527239285401	-1.43855212974045	-0.566977799920065
-1.18956966355106	-2.27344561232161	-1.42984653538635	-0.514902709730896
-1.18308420576378	-2.28006287299413	-1.41990064475548	-0.5262538897517
-1.1765987479765	-2.27239680874804	-1.42474178559045	-0.542781763688571
-1.17011329018922	-2.23302572156327	-1.4090074776674	-0.558275379406035
-1.16362783240194	-2.21400010311193	-1.39307148135528	-0.522283625867464
-1.15714237461466	-2.22354725567693	-1.39571156123539	-0.500644413199987
-1.15065691682738	-2.19562270896112	-1.37997657188714	-0.539168896935898
-1.1441714590401	-2.19664934613646	-1.38186153565303	-0.541341841082484
-1.13768600125282	-2.18244707163181	-1.37704037196849	-0.509307002229096
-1.13120054346554	-2.17448896279591	-1.36740565613235	-0.51617699167277
-1.12471508567826	-2.17179371768116	-1.36838809326548	-0.492487723357854
-1.11822962789098	-2.17121860651611	-1.34681271065555	-0.473768738312717
-1.1117441701037	-2.14949394221906	-1.34549918094931	-0.491395693828356
-1.10525871231642	-2.16804280839548	-1.34441817900952	-0.478275654453814
-1.09877325452914	-2.13617559514106	-1.32889345113381	-0.480548409897157
-1.09228779674185	-2.13822384196481	-1.31240765686735	-0.479306741015733
-1.08580233895457	-2.12298735338463	-1.31192771345509	-0.471970165164241
-1.07931688116729	-2.09977976583434	-1.30705629908706	-0.474069707340255
-1.07283142338001	-2.0865150730172	-1.30078314575252	-0.449126170487085
-1.06634596559273	-2.07892169523067	-1.29056697605644	-0.491020538673652
-1.05986050780545	-2.0818699233399	-1.29128520663625	-0.456209598738836
-1.05337505001817	-2.09939650689487	-1.28379979380375	-0.45106400473646
-1.04688959223089	-2.05248159130415	-1.2824780100541	-0.446402691950332
-1.04040413444361	-2.06445424327471	-1.27582928231917	-0.462064910668323
-1.03391867665633	-2.05271811194727	-1.26253630601704	-0.438907175500134
-1.02743321886905	-2.05645777508275	-1.26821135493025	-0.418919742076361
-1.02094776108177	-2.04030876456277	-1.24782892989339	-0.41917016269608
-1.01446230329449	-2.03752899507907	-1.24226422133716	-0.446646575637665
-1.00797684550721	-2.00325616846836	-1.23806270499928	-0.423623940818647
-1.00149138771993	-2.01894178294535	-1.23231279709373	-0.422321013268387
-0.99500592993265	-2.00551529917248	-1.22115713881967	-0.404749717321531
-0.988520472145369	-1.97110122702894	-1.23171861667943	-0.408393958680413
-0.982035014358089	-1.98464256785146	-1.20207675190741	-0.365703569981284
-0.975549556570809	-1.97933527606328	-1.20806953232129	-0.390867842031574
-0.969064098783528	-1.9512040731388	-1.18359814445373	-0.389286146573132
-0.962578640996248	-1.93603837344274	-1.19371374423647	-0.37879250130962
-0.956093183208968	-1.95277672410609	-1.17928461580863	-0.403676277903529
-0.949607725421687	-1.93682677736846	-1.18529528128325	-0.382180730927722
-0.943122267634407	-1.92685149266783	-1.16716595913654	-0.373586384407518
-0.936636809847127	-1.91157698389037	-1.16238661519132	-0.400195771392375
-0.930151352059846	-1.90534484089207	-1.15823217585714	-0.35250468516651
-0.923665894272566	-1.8909080341389	-1.15432575403976	-0.348580463183995
-0.917180436485286	-1.89366553163499	-1.14566466643383	-0.380916130055579
-0.910694978698005	-1.87749082646783	-1.1180931082063	-0.350144477435647
-0.904209520910725	-1.87673430793207	-1.12241336275603	-0.342695589400652
-0.897724063123445	-1.87759784485931	-1.12541879186376	-0.313779154779929
-0.891238605336164	-1.84512185108665	-1.1119601710256	-0.315211555708109
-0.884753147548884	-1.85571703922496	-1.10724233452989	-0.323949766846407
-0.878267689761604	-1.8418747278902	-1.1046631621472	-0.338013578323164
-0.871782231974323	-1.82861358906868	-1.09006600244803	-0.307132474152926
-0.865296774187043	-1.81843960103618	-1.08425696101226	-0.325638279259872
-0.858811316399762	-1.80620587632024	-1.07946302953563	-0.319958124771328
-0.852325858612482	-1.82571622558026	-1.07670817374502	-0.298957272658876
-0.845840400825202	-1.79432076194633	-1.06428894844435	-0.304522231679455
-0.839354943037921	-1.79891445448777	-1.05930792547059	-0.263163775892802
-0.832869485250641	-1.7649606596937	-1.05049760207062	-0.275117204075316
-0.826384027463361	-1.74858723836799	-1.05372305885437	-0.289177999397279
-0.81989856967608	-1.7822326493896	-1.04290986930962	-0.269557415721502
-0.8134131118888	-1.74980323734167	-1.03701055284422	-0.264787457550724
-0.80692765410152	-1.75219790688149	-1.02571634473561	-0.278886929785829
-0.800442196314239	-1.75029698958999	-1.0244250002365	-0.261388678084714
-0.793956738526959	-1.7078708539399	-1.00027513713732	-0.272981225573838
-0.787471280739679	-1.70676398789749	-1.00679592547069	-0.243798549044937
-0.780985822952398	-1.71257801032157	-1.00078435508779	-0.216077640470299
-0.774500365165118	-1.70522460966637	-0.984677325817914	-0.239769974660334
-0.768014907377838	-1.67530230887953	-0.985556642154735	-0.236987677886991
-0.761529449590557	-1.7102893092712	-0.967240445426935	-0.22753826426365
-0.755043991803277	-1.66022249385428	-0.965016952065033	-0.237444776764703
-0.748558534015997	-1.63955515439502	-0.966600802396929	-0.220965419743478
-0.742073076228716	-1.64539760474373	-0.943110396215252	-0.193627960226359
-0.735587618441436	-1.62441178377049	-0.949809388982954	-0.209014818600716
-0.729102160654155	-1.63662463757258	-0.947376597803473	-0.205885430022271
-0.722616702866875	-1.6405071668388	-0.932611537549896	-0.222843636667256
-0.716131245079595	-1.61692098287177	-0.923513123446267	-0.1824094838109
-0.709645787292315	-1.62487620034613	-0.924722090668482	-0.182831205454532
-0.703160329505034	-1.61627841796192	-0.916557448918428	-0.162982771104757
-0.696674871717754	-1.57660174574953	-0.907353554784909	-0.129127584640673
-0.690189413930473	-1.58839343495624	-0.906708302142809	-0.178277734551169
-0.683703956143193	-1.57820660747937	-0.905857958326969	-0.155121574760293
-0.677218498355913	-1.56541011898582	-0.88379713069077	-0.173523148255233
-0.670733040568632	-1.58250567277392	-0.876480646562487	-0.158110612996869
-0.664247582781352	-1.56549439230537	-0.876364401299134	-0.156936188043576
-0.657762124994072	-1.53470463995955	-0.863977450250631	-0.14922189372098
-0.651276667206791	-1.54072731156249	-0.868883610884717	-0.126776394173676
-0.644791209419511	-1.51074088706468	-0.857846800099983	-0.122683085306382
-0.638305751632231	-1.52425468467101	-0.843735073485356	-0.126541868462103
-0.63182029384495	-1.52500849142812	-0.837206167332603	-0.11363779905279
-0.62533483605767	-1.51194392881212	-0.8339273804449	-0.121683907209533
-0.61884937827039	-1.5029452726646	-0.833185652599517	-0.0873700638140519
-0.612363920483109	-1.5007749109583	-0.8293412906252	-0.125242197112819
-0.605878462695829	-1.49209402358071	-0.823954006529265	-0.119525693452955
-0.599393004908549	-1.46645659695938	-0.809369205170529	-0.0925374467960433
-0.592907547121268	-1.47339496716667	-0.800273335107255	-0.0962308108013113
-0.586422089333988	-1.45757982472382	-0.785795955354063	-0.0749681598288556
-0.579936631546707	-1.42742648419949	-0.77829118286719	-0.0775707144077071
-0.573451173759427	-1.44290174498722	-0.78099423550338	-0.058103791295172
-0.566965715972147	-1.4257775468296	-0.766761335982188	-0.05883668821769
-0.560480258184866	-1.42312829464043	-0.774685350491454	-0.0542538963209851
-0.553994800397586	-1.417066748297	-0.749166330888285	-0.0656820599129005
-0.547509342610306	-1.39257487713585	-0.755566608146794	-0.0459182496815596
-0.541023884823025	-1.38602983322038	-0.737894131755043	-0.0609256761160488
-0.534538427035745	-1.39161335610311	-0.747981814440999	-0.0477047328126258
-0.528052969248465	-1.39072809811745	-0.721689260088204	-0.0249046737400711
-0.521567511461184	-1.33153463275995	-0.719134474584284	-0.0207785077551518
-0.515082053673904	-1.35176250327443	-0.7043577232705	-0.0417847004590713
-0.508596595886624	-1.35045407468353	-0.708101720501322	-0.0453780658848544
-0.502111138099343	-1.37834220170334	-0.709728708520735	-0.00327416814211396
-0.495625680312063	-1.33200659412073	-0.691566523694214	0.000941094042135291
-0.489140222524783	-1.32764753072063	-0.692508612249029	0.0222636828492569
-0.482654764737502	-1.33804582231069	-0.678658287611429	-0.0110360044229973
-0.476169306950222	-1.30829886795949	-0.664447463431641	0.0028283312015167
-0.469683849162942	-1.30246605345831	-0.665775074959368	-0.00174941042512195
-0.463198391375661	-1.28370710079299	-0.66979213252263	0.00214784130579255
-0.456712933588381	-1.28637297647856	-0.661441604022914	0.0566048675906494
-0.4502274758011	-1.26987368362404	-0.642166325892822	0.0208463346678924
-0.44374201801382	-1.27737948161772	-0.639290918384328	0.0228554927765542
-0.43725656022654	-1.24866002617502	-0.63488896255408	0.0421887371616628
-0.43077110243926	-1.2661396603092	-0.617217980095957	0.0605538447999791
-0.424285644651979	-1.25006915984659	-0.620097558307631	0.0343483140966373
-0.417800186864699	-1.25205267253097	-0.612865260611636	0.0882226276844468
-0.411314729077418	-1.25462745892753	-0.614707376510564	0.0816715017344513
-0.404829271290138	-1.21153882669726	-0.593916464085158	0.0416267610566675
-0.398343813502858	-1.2229290012576	-0.583245587892885	0.0686603566799042
-0.391858355715577	-1.20718396554606	-0.586162840327873	0.0918861293702103
-0.385372897928297	-1.2072668288368	-0.582246136912807	0.106758508379919
-0.378887440141017	-1.20095164562381	-0.57083360210985	0.0932732211664768
-0.372401982353736	-1.18988923861958	-0.563136597762395	0.106542227152777
-0.365916524566456	-1.16055541054343	-0.558943692516748	0.0989634293074534
-0.359431066779176	-1.17112073914055	-0.557390333220151	0.117266178003555
-0.352945608991895	-1.15979430103361	-0.549260823091516	0.117546812118635
-0.346460151204615	-1.15056377103792	-0.533722486693059	0.12656181122488
-0.339974693417335	-1.14412459064649	-0.527715073330889	0.141796867443431
-0.333489235630054	-1.12733542535131	-0.524011358881019	0.122575069400515
-0.327003777842774	-1.13056158515261	-0.514940371567447	0.141089811246134
-0.320518320055494	-1.12627872695655	-0.507646198783708	0.121541956561578
-0.314032862268213	-1.10910058689109	-0.506316079467322	0.153170086449731
-0.307547404480933	-1.11091991572958	-0.496659730940685	0.157770111366629
-0.301061946693652	-1.08720441373936	-0.487307704827624	0.179198710605603
-0.294576488906372	-1.10719342163688	-0.489198324372174	0.171660830846375
-0.288091031119092	-1.09379706583129	-0.467780468834184	0.182571172076807
-0.281605573331811	-1.07635075044177	-0.461947843728158	0.190397945134011
-0.275120115544531	-1.09458512159752	-0.458874745326874	0.184022230007269
-0.268634657757251	-1.09660734045417	-0.447114977655368	0.175030606745021
-0.26214919996997	-1.05688299418302	-0.446659067449404	0.210226809863388
-0.25566374218269	-1.0384307522464	-0.441461031543459	0.224504311130709
-0.24917828439541	-1.03353732834554	-0.435712702701784	0.203363963460849
-0.242692826608129	-1.02696642690475	-0.432604831981178	0.239635408189036
-0.236207368820849	-1.04404162678768	-0.41287550433399	0.197893860396572
-0.229721911033569	-1.01085517168027	-0.424965746980559	0.218583046907628
-0.223236453246288	-1.03829855296712	-0.405319809759223	0.273186378901682
-0.216750995459008	-1.01425637342646	-0.396430954918067	0.227476758843867
-0.210265537671728	-1.00775426182005	-0.388515450825052	0.226823516872739
-0.203780079884447	-0.970769043050606	-0.395464466378557	0.277003257034414
-0.197294622097167	-0.979346573008565	-0.38188190653402	0.251137500247804
-0.190809164309887	-0.974532935174075	-0.372080111150796	0.281840504265776
-0.184323706522606	-0.967403462230521	-0.35880692433081	0.278638830872115
-0.177838248735326	-0.947264931029885	-0.35877835864344	0.294128991892166
-0.171352790948045	-0.935956065233388	-0.349027446914098	0.284862004940909
-0.164867333160765	-0.953798151883499	-0.346692501245545	0.290850255698366
-0.158381875373485	-0.937226675734408	-0.331735629293859	0.28765276158757
-0.151896417586205	-0.930722558805105	-0.329235393845543	0.283409922272432
-0.145410959798924	-0.93324947114365	-0.325550838641894	0.29029942308735
-0.138925502011644	-0.92575596728026	-0.319423196178994	0.311632551146962
-0.132440044224363	-0.927893517435933	-0.313557189051383	0.318370096960642
-0.125954586437083	-0.889533650061168	-0.309292850194255	0.339619076649959
-0.119469128649803	-0.898418929884027	-0.29448345653668	0.344429180005833
-0.112983670862522	-0.877723304710258	-0.291021224484798	0.328887776056641
-0.106498213075242	-0.877978999485817	-0.284861389702927	0.356869018258565
-0.100012755287962	-0.883646864218712	-0.265781002857546	0.351311604656803
-0.0935272975006813	-0.861200060079492	-0.267495119829637	0.386670678945979
-0.087041839713401	-0.860556285223296	-0.267591719817132	0.355523070821762
-0.0805563819261206	-0.850628883492769	-0.254212525870818	0.381418886850352
-0.0740709241388402	-0.848534753586319	-0.239926574383036	0.35423608903553
-0.06758546635156	-0.848138975205527	-0.235922964787244	0.379640592012938
-0.0611000085642797	-0.838652865199702	-0.219055510020272	0.393469772636379
-0.0546145507769993	-0.824140423763179	-0.22955097954257	0.422135939530362
-0.0481290929897189	-0.83921322052027	-0.217779984175348	0.401616498047003
-0.0416436352024385	-0.812985085771523	-0.230376224123474	0.383698097987001
-0.0351581774151581	-0.802024319785995	-0.201323677547924	0.411034205215313
-0.0286727196278778	-0.781593767110983	-0.202209892846792	0.42776145135121
-0.0221872618405974	-0.795525349412336	-0.18671563885415	0.434160799154471
-0.0157018040533172	-0.770376306303123	-0.186359893307602	0.439432933102398
-0.00921634626603685	-0.758705422753125	-0.180054844013669	0.463475107068328
-0.00273088847875647	-0.774278556952354	-0.157623669596154	0.461524065072453
0.00375456930852391	-0.756300122325655	-0.172581641803738	0.460665006121637
0.0102400270958043	-0.754080373725804	-0.16111168086283	0.462741740811233
0.0167254848830847	-0.749578795259758	-0.144416854110962	0.467773168120751
0.0232109426703651	-0.75592684449113	-0.149236307038266	0.46802330337141
0.0296964004576452	-0.758239055699917	-0.139458127869276	0.485758997021545
0.0361818582449256	-0.724842986965929	-0.130974518883243	0.477497602180104
0.042667316032206	-0.729783756641326	-0.120970250917746	0.492298512383926
0.0491527738194864	-0.692486649939397	-0.11409342170201	0.526396270116879
0.0556382316067667	-0.699773386539446	-0.114202529116128	0.497798030047177
0.0621236893940471	-0.720760894126855	-0.097899199134451	0.513013274042035
0.0686091471813275	-0.696608892457767	-0.091534232000594	0.532955966413041
0.0750946049686076	-0.695160547385874	-0.0935833489892638	0.501769734339924
0.081580062755888	-0.681317269212126	-0.0905982688252141	0.531745261988046
0.0880655205431684	-0.697517849320109	-0.0748593820335672	0.528392043526326
0.0945509783304488	-0.67720659347572	-0.0645489159067815	0.540204777669979
0.101036436117729	-0.657730783255516	-0.0614845957938628	0.559115857531548
0.10752189390501	-0.656007794303124	-0.0542166988270835	0.559604868210616
0.11400735169229	-0.65232496223223	-0.0419075422557029	0.582951481270973
0.12049280947957	-0.626254911917823	-0.0423332942757423	0.56462597564155
0.126978267266851	-0.629202539447681	-0.0419618462637913	0.584632138262285
0.133463725054131	-0.65242056947315	-0.0311692926501823	0.603732469253332
0.139949182841411	-0.613003946931964	-0.0253652875732817	0.577248136036771
0.146434640628692	-0.600530986396511	-0.00272837728129851	0.611973607253345
0.152920098415972	-0.606086522793875	-0.00570254422597591	0.598928314635913
0.159405556203252	-0.607728128565215	-0.00474813619648697	0.649649949579075
0.165891013990533	-0.588571553316227	0.005635126286573	0.653269891736352
0.172376471777813	-0.598029940954136	0.0194853791794458	0.622447357850237
0.178861929565093	-0.604910380941859	0.0291783308615688	0.657494644296053
0.185347387352374	-0.581260255853456	0.0258649753450628	0.645263291280135
0.191832845139654	-0.583334820585629	0.0335584930449889	0.67162726335618
0.198318302926934	-0.596007957983271	0.0468560978548682	0.658325945749253
0.204803760714215	-0.521746898799782	0.0409082454344736	0.697515531396852
0.211289218501495	-0.552687530888513	0.0536884804667485	0.687943490574289
0.217774676288776	-0.528704185342066	0.0630745423126114	0.680866920665754
0.224260134076056	-0.550678912842199	0.0631202123207437	0.688587824877763
0.230745591863336	-0.539098795417673	0.0783804059847508	0.700338100470049
0.237231049650616	-0.557950167410805	0.0788285036585163	0.709137582292152
0.243716507437897	-0.506351522781271	0.0843504138008706	0.719172777177173
0.250201965225177	-0.517619236964047	0.0946371700107798	0.736646516603228
0.256687423012457	-0.517185733540725	0.106832077338078	0.720918438575971
0.263172880799738	-0.529046866798834	0.115727022263707	0.748101543385866
0.269658338587018	-0.482724042809242	0.12513711671092	0.755157408092934
0.276143796374299	-0.490761259552097	0.126906164212549	0.776564576605291
0.282629254161579	-0.492948471180652	0.132157771503856	0.796599847971914
0.289114711948859	-0.456795393174036	0.138262539223517	0.771875021816067
0.29560016973614	-0.475426325981703	0.149232428452016	0.775660658315801
0.30208562752342	-0.465427769551578	0.152442406239733	0.786139975845869
0.3085710853107	-0.448413770592779	0.165114367375603	0.809345622550768
0.315056543097981	-0.460099459142076	0.159165290299226	0.783311186431774
0.321542000885261	-0.479279221984876	0.158447760582147	0.79032943154949
0.328027458672541	-0.427028673319811	0.190232695817586	0.810121577939719
0.334512916459822	-0.427064366930841	0.194323308296344	0.822972400355166
0.340998374247102	-0.418549739237279	0.189330112452134	0.834373986959103
0.347483832034382	-0.402519568627434	0.207799260014722	0.828294253783116
0.353969289821663	-0.434029855979913	0.211264575143748	0.84104492117404
0.360454747608943	-0.410807954187522	0.213457660394	0.85457761314699
0.366940205396224	-0.390892833820953	0.221179339746981	0.857834582123427
0.373425663183504	-0.395987152640579	0.224437428122489	0.870327668896482
0.379911120970784	-0.375037467923601	0.244845915757423	0.876223343660759
0.386396578758065	-0.373447724848039	0.240319147810696	0.8679789300337
0.392882036545345	-0.409323652359476	0.243063394432834	0.877745450724162
0.399367494332625	-0.360560401913537	0.253733932656894	0.908580414862065
0.405852952119905	-0.365941868232973	0.260625209399868	0.907204072549674
0.412338409907186	-0.377756325764296	0.271352359325587	0.909195650596184
0.418823867694466	-0.36855699956239	0.275157476741861	0.919130191224984
0.425309325481746	-0.323268792695328	0.282625885259973	0.953224726481078
0.431794783269027	-0.345661263469465	0.283774659863061	0.925570095911011
0.438280241056307	-0.357298633605946	0.293779089722095	0.940677918442868
0.444765698843588	-0.327261575998173	0.305268202351446	0.935525765307306
0.451251156630868	-0.319695617154803	0.301373778378864	0.98594087422109
0.457736614418149	-0.30194367779476	0.315899519686017	0.946950363516964
0.464222072205429	-0.309350993537686	0.333732559710968	0.98322246458826
0.470707529992709	-0.333973160520378	0.320663459039748	0.980476593140939
0.477192987779989	-0.311720285970195	0.333552832516458	0.998137221674928
0.48367844556727	-0.281599683761971	0.349954327447402	1.00481216969789
0.49016390335455	-0.291596781576356	0.348109235919253	1.00375149509131
0.49664936114183	-0.288469521009268	0.355260514578975	1.00447389537779
0.503134818929111	-0.281683011723532	0.363368449050866	1.00738409783727
0.509620276716391	-0.277978131741717	0.356538949386404	1.02846149213463
0.516105734503671	-0.266533541663768	0.381766790952102	1.02962137941606
0.522591192290952	-0.290445530696676	0.373584083989225	1.04502728564394
0.529076650078232	-0.253535222410232	0.384770474090036	1.06171040971868
0.535562107865513	-0.242945518480788	0.402999111607947	1.06616692850022
0.542047565652793	-0.270901523496268	0.400976866569733	1.0757485700435
0.548533023440073	-0.231996072128944	0.405021086859139	1.06097804383949
0.555018481227354	-0.237173555951251	0.419347819554759	1.08911812720744
0.561503939014634	-0.26285445470692	0.423478563683676	1.09599586126326
0.567989396801914	-0.246194287964119	0.428701671918746	1.09174851811096
0.574474854589194	-0.235324104778056	0.437398547658412	1.09625717439026
0.580960312376475	-0.221434386406968	0.450652279559622	1.13070669305146
0.587445770163755	-0.21236215135129	0.454492109862049	1.11564147024023
0.593931227951036	-0.201805604084318	0.458977694430345	1.14326272521734
0.600416685738316	-0.204368953610477	0.476377026570874	1.12352623118661
0.606902143525596	-0.214418031770055	0.476460102998839	1.11966462210165
0.613387601312877	-0.206603981760422	0.487235642950212	1.13661595365301
0.619873059100157	-0.189019470718128	0.485757616968624	1.15350420122289
0.626358516887437	-0.190746511073077	0.486030068376748	1.18515625711128
0.632843974674718	-0.16979051696088	0.502637608522723	1.19430265989123
0.639329432461998	-0.162516419058186	0.501304327378914	1.20275125211975
0.645814890249278	-0.184472647548039	0.515967575490237	1.17076636253557
0.652300348036559	-0.144569195024911	0.520481694737623	1.21416615975128
0.658785805823839	-0.158722059784624	0.536734713046765	1.22920596470409
0.665271263611119	-0.150043903741156	0.539452162825926	1.22804993286793
0.6717567213984	-0.142138804957111	0.531938360385742	1.23147894062282
0.67824217918568	-0.155429715972037	0.550841926447444	1.2446560343739
0.684727636972961	-0.131846022380651	0.553239140540259	1.249830955335
0.691213094760241	-0.126912425177086	0.56880461254824	1.25218306702225
0.697698552547521	-0.140965315465095	0.57436185109206	1.24382198980637
0.704184010334802	-0.104047286134818	0.576765953966544	1.26602239946221
0.710669468122082	-0.107428630951746	0.580312781257742	1.29210329178162
0.717154925909362	-0.127989409042663	0.585325484467102	1.28263384222643
0.723640383696643	-0.0911712277172829	0.600660823396293	1.30174506672073
0.730125841483923	-0.0932847845431047	0.611795810074009	1.29053654119842
0.736611299271203	-0.081307052017981	0.61764686047246	1.30912836258094
0.743096757058483	-0.0892630375825691	0.61079562552505	1.33657211486795
0.749582214845764	-0.0680197162743385	0.613592507750652	1.31487209987589
0.756067672633044	-0.080398937393611	0.625824355217351	1.32815356550837
0.762553130420325	-0.0734544505523737	0.638871580923458	1.34067263871275
0.769038588207605	-0.0674347592262008	0.650840441618354	1.35252099238379
0.775524045994886	-0.0486368082761272	0.645679738416251	1.36170076332524
0.782009503782166	-0.0331939825282023	0.668423917150253	1.3443157829508
0.788494961569446	-0.0395405712877117	0.662267426061326	1.39627630480215
0.794980419356726	-0.0535886799613627	0.672285257480459	1.39637794223796
0.801465877144007	-0.0492927605662276	0.679759156867114	1.41798465428025
0.807951334931287	-0.0651941761802762	0.685013767164501	1.39558007623075
0.814436792718567	-0.0390278037353994	0.684408654214835	1.42777971064647
0.820922250505848	-0.0287636571236488	0.700095430094442	1.41147633263879
0.827407708293128	-0.00712598980749012	0.708888711716122	1.45905296731895
0.833893166080408	-0.00839084700630635	0.707762847678888	1.42644907175625
0.840378623867689	-0.00773148308864598	0.709990851064231	1.4586306021544
0.846864081654969	-0.00799945961640443	0.72972928836385	1.45486682408835
0.85334953944225	0.000607207507358517	0.738000297756887	1.48673478206556
0.85983499722953	0.0185173903240346	0.745263805116071	1.4854079361604
0.86632045501681	-0.0107941636014322	0.755702755817606	1.49873760432687
0.872805912804091	0.0387142869935416	0.745133950313743	1.4736855572875
0.879291370591371	0.0157154031749472	0.762263286077139	1.5017773982344
0.885776828378651	0.0126925111925678	0.771964195347102	1.49775851105285
0.892262286165932	0.029799106183043	0.769052328042979	1.53225796656702
0.898747743953212	0.0283934730526368	0.77870910719265	1.5460030565766
0.905233201740492	0.0392867042459617	0.783926579830404	1.50732194617733
0.911718659527773	0.0548482125135432	0.791796616156598	1.53540172418845
0.918204117315053	0.0484276956300843	0.811558591919047	1.57556245310767
0.924689575102333	0.0610279072546387	0.808878083641654	1.54450479608068
0.931175032889614	0.0555401346976449	0.822975304691225	1.552410986911
0.937660490676894	0.0684364680291747	0.822211002807634	1.58327598040237
0.944145948464175	0.0630527226080008	0.824281170706435	1.56851533600083
0.950631406251455	0.0667933046514	0.84276573246816	1.57011124898447
0.957116864038735	0.0635475805438099	0.841319779309559	1.59864641981455
0.963602321826015	0.105298282914826	0.854188795894613	1.61408589815138
0.970087779613296	0.0958227636820097	0.855960097044641	1.60591942514685
0.976573237400576	0.120625744800254	0.863520310320934	1.61640723676502
0.983058695187856	0.105414523554699	0.871268536466322	1.61570713195465
0.989544152975137	0.0940139809841654	0.879775561196781	1.62379449401157
0.996029610762417	0.0952393705362865	0.887488964675764	1.66513237548134
1.0025150685497	0.0822726124314556	0.894018854260005	1.649489397026
1.00900052633698	0.120378563490979	0.897700477030391	1.64950153797616
1.01548598412426	0.114748008375037	0.907850050052702	1.65922632850613
1.02197144191154	0.123486821007889	0.9073445992031	1.66655957352111
1.02845689969882	0.110148711531461	0.91192721528496	1.68617427355137
1.0349423574861	0.158017054655015	0.926632978305319	1.71504921912378
1.04142781527338	0.132018088097058	0.936185617590174	1.71239141045119
1.04791327306066	0.157466039766122	0.946072219563163	1.70805160450568
1.05439873084794	0.156109750488371	0.947821944231038	1.71643922539109
1.06088418863522	0.151751910892145	0.959892227054755	1.73454724002212
1.0673696464225	0.163260831908352	0.961465520616955	1.74357787982535
1.07385510420978	0.157613018614092	0.972740051605144	1.75735284943783
1.08034056199706	0.167069268998045	0.976863919951298	1.78157263957123
1.08682601978434	0.193291510739729	0.981139662827373	1.80414419144428
1.09331147757162	0.193639453190311	0.979672216559535	1.79481059421758
1.0997969353589	0.193103688651736	0.999335460038317	1.81259066877206
1.10628239314618	0.225977643061251	1.00363136310544	1.81583801456484
1.11276785093346	0.195111775244179	1.0081857178559	1.79878664153458
1.11925330872074	0.188199388216001	1.01614957497616	1.83383981401976
1.12573876650802	0.193123508331027	1.02665093812655	1.81538861608166
1.1322242242953	0.220844579314741	1.0362834382589	1.80099377320081
1.13870968208259	0.189764943137709	1.04513979717344	1.84616184337434
1.14519513986987	0.220786822410085	1.04019983358633	1.86134468684838
1.15168059765715	0.234539411223491	1.04848236586817	1.85944101411681
1.15816605544443	0.218704696046039	1.06821229355037	1.85769991232408
1.16465151323171	0.223021854601514	1.06991441928479	1.87513112186007
1.17113697101899	0.246123657140868	1.06882283942203	1.88248953236829
1.17762242880627	0.259475560749235	1.07629076697098	1.88656657341416
1.18410788659355	0.268109499559196	1.08157034540183	1.90225227248563
1.19059334438083	0.233903937954744	1.10326277665989	1.91425129355251
1.19707880216811	0.253235095427977	1.09458960975254	1.91935295919068
1.20356425995539	0.257932778762223	1.10822545301356	1.95344491072864
1.21004971774267	0.255856984821436	1.11241583933865	1.94970991230949
1.21653517552995	0.272240579572461	1.11688531507097	1.96178137380903
1.22302063331723	0.303298480803631	1.1204173348952	1.97020827168496
1.22950609110451	0.280113179591864	1.13734183537818	1.99083790531081
1.23599154889179	0.295906406113777	1.13809763372225	1.98704476134075
1.24247700667907	0.322190106683495	1.14062366890104	2.00344513495487
1.24896246446635	0.297404017363978	1.15375004580297	2.02058708994958
1.25544792225363	0.284089154203554	1.15962551904582	2.00730450305301
1.26193338004091	0.349419594887256	1.14890624410669	2.02930643168178
1.26841883782819	0.332783674159266	1.17957434514438	2.01643454753279
1.27490429561547	0.302641312767139	1.19426618840501	2.0249137502488
1.28138975340275	0.322711954228437	1.1920350707857	2.04170004217701
1.28787521119003	0.334531219142998	1.19662909543394	2.06304112503248
1.29436066897731	0.29803202890683	1.20540156255422	2.06286784062489
1.30084612676459	0.346218407385842	1.19970897742009	2.07811508077537
1.30733158455187	0.340068378735585	1.21819214137516	2.08700624623084
1.31381704233915	0.344602466102304	1.22771890673482	2.0960691229528
1.32030250012643	0.34124551004545	1.23301870389122	2.10197438531799
1.32678795791371	0.358747768990929	1.24338675740527	2.0945857821303
1.333273415701	0.362249105085376	1.22634303595989	2.11425525516951
1.33975887348828	0.361300338465996	1.24064636706167	2.14244584233937
1.34624433127556	0.363068130590853	1.2508290645577	2.13313668980442
1.35272978906284	0.356512607322834	1.26026394444255	2.15728033592803
1.35921524685012	0.382294227928317	1.26847063034541	2.13671397528078
1.3657007046374	0.388681698222521	1.28615103486948	2.15535415504326
1.37218616242468	0.360924405996249	1.27635057139078	2.17936352246643
1.37867162021196	0.37727548943391	1.28931629754152	2.17997914702113
1.38515707799924	0.414686560707147	1.29586140889165	2.19798469741805
1.39164253578652	0.39237965220245	1.30240415075711	2.18519630469936
1.3981279935738	0.409150502487231	1.31340362725002	2.17156985660275
1.40461345136108	0.407402320049859	1.31036676930583	2.19061858378808
1.41109890914836	0.427692474551619	1.33085977220225	2.20153726345815
1.41758436693564	0.411515033226255	1.34343400552008	2.24984158145024
1.42406982472292	0.417682038410597	1.3260261354441	2.24752811446311
1.4305552825102	0.424429221421806	1.3547754774222	2.27068717867053
1.43704074029748	0.432701512846812	1.35613314396488	2.24929349496826
1.44352619808476	0.453160908843583	1.34927635293288	2.27010806978075
1.45001165587204	0.436714778113313	1.36318799505447	2.26465088638277
1.45649711365932	0.427193229373445	1.3848361111697	2.26933082223549
1.4629825714466	0.450189254992819	1.37949527147258	2.28542512335041
1.46946802923388	0.44644049771841	1.40359372461727	2.27998282058236
1.47595348702116	0.461579998677129	1.39508564723394	2.34007417076552
1.48243894480844	0.431244158173583	1.39927943845809	2.32954023307914
1.48892440259572	0.465710187140625	1.41138079514584	2.33005781110713
1.495409860383	0.462281750827015	1.400971591475	2.36374377517424
1.50189531817028	0.466759962085661	1.40973099674277	2.34302093726053
1.50838077595756	0.506496906724446	1.42590372436652	2.36668484360454
1.51486623374485	0.50337885236602	1.44842718068462	2.38510735416701
1.52135169153213	0.470191333657688	1.44629112894388	2.37357368853147
1.52783714931941	0.501058943496072	1.45583746975123	2.40347086906081
1.53432260710669	0.476131632669537	1.4576985789013	2.4068156779318
1.54080806489397	0.5255544368962	1.46222432454943	2.39535293205724
1.54729352268125	0.510156433057938	1.4792112061427	2.42162980615262
1.55377898046853	0.51909164416587	1.47617821345392	2.43622364063099
1.56026443825581	0.497692912848301	1.48042171286691	2.44079922072351
1.56674989604309	0.491047900078395	1.48449858804609	2.41359413946811
1.57323535383037	0.544249088793364	1.49545570168329	2.43423868464566
1.57972081161765	0.522459405101405	1.50114611669923	2.47203842412509
1.58620626940493	0.534855704229905	1.50246597837338	2.470175169116
1.59269172719221	0.513558305177335	1.51828348249572	2.47781732965342
1.59917718497949	0.570567953528762	1.52141075300084	2.48569684077773
1.60566264276677	0.536765477886759	1.52562758995839	2.49626949818541
1.61214810055405	0.568215246913861	1.52829704252185	2.492074705329
1.61863355834133	0.523402678507021	1.54274794911121	2.52638431304904
1.62511901612861	0.542860598037567	1.55502773498283	2.52867400306142
1.63160447391589	0.540366625808601	1.55193413668557	2.54065782578764
1.63808993170317	0.566519278767398	1.56142566672149	2.55143764105422
1.64457538949045	0.566644007202432	1.57366205392598	2.54458742078529
1.65106084727773	0.534781917512331	1.59271253119246	2.54410103013452
1.65754630506501	0.588870085283088	1.5808264078086	2.57653162939521
1.66403176285229	0.587262109928971	1.59907723634484	2.59343977776615
1.67051722063957	0.612590576649728	1.59881837614469	2.58845981782685
1.67700267842685	0.59111232250737	1.60153142654856	2.62090851939444
1.68348813621413	0.614517052271116	1.61651917805287	2.60707206559956
1.68997359400141	0.58628811383009	1.62396475174448	2.60625273983944
1.6964590517887	0.600124248340611	1.62965150871537	2.6517204350548
1.70294450957598	0.608284629502473	1.63455063058566	2.6516444725979
1.70942996736326	0.584754862675565	1.63045617098228	2.63465203850904
1.71591542515054	0.604905370930938	1.63752610896145	2.63396095461099
1.72240088293782	0.611812086736521	1.64996029189544	2.65975100320244
1.7288863407251	0.615609441456572	1.66312592070586	2.68044251761052
1.73537179851238	0.653579162426633	1.66558600955404	2.65905113273647
1.74185725629966	0.658881993019666	1.68055105575084	2.68754890402114
1.74834271408694	0.643113310367327	1.67833508302335	2.70606632721183
1.75482817187422	0.633459769884066	1.68301974770338	2.70961094498389
1.7613136296615	0.641651403084115	1.70017382939569	2.7098497124578
1.76779908744878	0.64087289413936	1.7097392901239	2.75699914655241
1.77428454523606	0.641536651676684	1.71826140693972	2.75421304218733
1.78077000302334	0.653381457119742	1.72087183807605	2.77486652834181
1.78725546081062	0.655107141501397	1.71703315770386	2.77334830422513
1.7937409185979	0.66804471723868	1.72854482894706	2.78076152192983
1.80022637638518	0.695080600199718	1.73817420829888	2.78108295467899
1.80671183417246	0.704511484904403	1.75160606895592	2.788048746268
1.81319729195974	0.6913024457039	1.75190791539715	2.8083978466026
1.81968274974702	0.65277754092444	1.75668246994444	2.7845841941284
1.8261682075343	0.697054033321874	1.77926311458844	2.84343058546667
1.83265366532158	0.723628518299984	1.77670487010464	2.84596136662819
1.83913912310886	0.708491792757904	1.77515038923274	2.85532237032601
1.84562458089614	0.7092366128249	1.77738741536385	2.83052168133573
1.85211003868342	0.729431023759463	1.8002170838289	2.85829306592967
1.8585954964707	0.707096686498751	1.79266126444592	2.88225788911389
1.86508095425798	0.739697262622661	1.80837641535875	2.91372223431545
1.87156641204526	0.733791022026475	1.80326008832124	2.86479702128094
1.87805186983254	0.698384401398892	1.79927995977884	2.87914532923962
1.88453732761982	0.754215292094683	1.82313647149495	2.88521607146039
1.89102278540711	0.717529838760158	1.83248612774731	2.92934478297104
1.89750824319439	0.745974727257298	1.8418389918783	2.91309924123971
1.90399370098167	0.772727815858666	1.85485514513991	2.90799595821884
1.91047915876895	0.719295615259021	1.84946334309666	2.91819498734391
1.91696461655623	0.765340396932192	1.85545220053025	2.95209848391229
1.92345007434351	0.771730837774524	1.86818912203951	2.97929325082642
1.92993553213079	0.753708228202076	1.88376345787359	2.97267236595575
1.93642098991807	0.767389402121874	1.89278798495126	2.98329033354674
1.94290644770535	0.768794750143966	1.87864744546178	2.96403511483342
1.94939190549263	0.765740685223312	1.89954528516521	2.99954807416301
1.95587736327991	0.793827376712307	1.90287707971729	2.97837496940071
1.96236282106719	0.768881743456205	1.90782192019278	3.03564265850078
1.96884827885447	0.801339692214338	1.90414073555325	3.03913201301438
1.97533373664175	0.815291874558263	1.92518460073817	3.02255576054616
1.98181919442903	0.784418989990934	1.92413969195837	3.04630498576156
1.98830465221631	0.807602824616051	1.93688639952512	3.0558799111224
1.99479011000359	0.787181495539271	1.94604840877251	3.07449306162617
2.00127556779087	0.810211049277942	1.96982284390165	3.08300812868336
2.00776102557815	0.839130651328927	1.9570848941985	3.07183762517637
2.01424648336543	0.801451612670376	1.95946754528616	3.11434508905516
2.02073194115271	0.851133580894377	1.96812103674728	3.11225345188703
2.02721739893999	0.834351006923137	1.98707984345846	3.08850903914001
2.03370285672727	0.842670706731532	1.99249192114058	3.11744610597633
2.04018831451455	0.842745949490976	1.99488920975301	3.11290862412742
2.04667377230183	0.831122358329718	2.00545710815411	3.17015064386789
2.05315923008911	0.819373590726658	2.00687124332923	3.14446471778455
2.05964468787639	0.856909682263514	2.011232694041	3.14010130865176
2.06613014566367	0.851818306440314	2.01247575502361	3.17444759021032
2.07261560345096	0.85846409489381	2.02628250203468	3.19114041396099
2.07910106123824	0.805425713147978	2.03519351564469	3.15787979192906
2.08558651902552	0.867223245605751	2.0355682592851	3.20035384361259
2.0920719768128	0.893360354653588	2.03743735436529	3.22585426147907
2.09855743460008	0.869071803359126	2.05598462177546	3.2081390189072
2.10504289238736	0.84447666835898	2.07101708547201	3.19824765444635
2.11152835017464	0.881361983637112	2.06614539497546	3.23498280666848
2.11801380796192	0.897144129490904	2.09348311247105	3.25963708421213
2.1244992657492	0.870315368967392	2.0739473388603	3.24391757779673
2.13098472353648	0.912258206149429	2.07748747673561	3.2876098090519
2.13747018132376	0.912479672740341	2.0966180433847	3.27638916038206
2.14395563911104	0.893048395591843	2.09733163833815	3.27561561080505
2.15044109689832	0.897872775735049	2.12901165697187	3.35358380822396
2.1569265546856	0.901796277057721	2.11504883372214	3.26739677620121
2.16341201247288	0.92094177347962	2.12667177267783	3.32001615373193
2.16989747026016	0.928738681165673	2.13146044573856	3.32400072549458
2.17638292804744	0.966957100709455	2.14787823299473	3.33996447297286
2.18286838583472	0.929277727696871	2.13987850877528	3.32346885488928
2.189353843622	0.959544852515866	2.13131842686849	3.34851944098186
2.19583930140928	0.919790471598588	2.1426049241174	3.34315023503068
2.20232475919656	0.949587986024871	2.16654141042202	3.35161359699061
2.20881021698384	0.957322995854181	2.17502099866685	3.36878574508177
2.21529567477112	0.9722935339418	2.17784560122461	3.37805864229781
2.2217811325584	0.942429468792615	2.19823292667925	3.39457987088359
2.22826659034568	0.970733940957557	2.18570470176208	3.4019220527697
2.23475204813296	0.967594513649315	2.20472242988186	3.41258164967702
2.24123750592024	0.959958465836136	2.21002517312377	3.4365448865791
2.24772296370752	0.95274437790359	2.20915575946152	3.42690708099306
2.2542084214948	1.00506366320688	2.22078972226937	3.43128227008162
2.26069387928209	0.990715435822924	2.22014876260408	3.46886174225167
2.26717933706937	0.991665975900962	2.21509513935602	3.48157289785794
2.27366479485665	0.980135961466519	2.2447256255783	3.45675475275265
2.28015025264393	0.996934929723662	2.25054881902914	3.46166208038608
2.28663571043121	0.960671588032619	2.24641844770738	3.48660051539716
2.29312116821849	1.00343990270879	2.24955412948953	3.50517919777986
2.29960662600577	1.02738686983748	2.26525148539704	3.51257096944842
2.30609208379305	1.04583123434907	2.2795236972038	3.53789100971041
2.31257754158033	1.02524287188389	2.26362676642265	3.56992910364488
2.31906299936761	1.04375807179831	2.2925428495261	3.51482451327472
2.32554845715489	1.01020004680882	2.28990341127286	3.53644935009269
2.33203391494217	1.02012071033257	2.29759481688534	3.55057494817298
2.33851937272945	1.03605816463609	2.29449267344716	3.58150456825771
2.34500483051673	1.04607105290443	2.31685782419194	3.59468619494963
2.35149028830401	1.04768572118587	2.33178911430048	3.59799766907444
2.35797574609129	1.04631787964571	2.33393734165319	3.60534836431919
2.36446120387857	1.06938775705605	2.33931947094701	3.62781693668446
2.37094666166585	1.06609467078388	2.34668713048971	3.59848759270234
2.37743211945313	1.07313436051655	2.36029904724905	3.6390320209347
2.38391757724041	1.02648462501753	2.35777585864516	3.65450410750592
2.39040303502769	1.08586641135698	2.36387061820322	3.6508662091306
2.39688849281497	1.05748883801721	2.36807630884575	3.67085792072135
2.40337395060225	1.0676995170553	2.37625905072664	3.68252672577884
2.40985940838953	1.05419567858443	2.38372575916745	3.7110899061057
2.41634486617681	1.08127468592346	2.38728496092628	3.66590137642497
2.42283032396409	1.0719031314805	2.40294449811971	3.66931479049817
2.42931578175137	1.06739808387668	2.40413474975714	3.66516528291857
2.43580123953865	1.08889523948694	2.40345957315238	3.71052345579793
2.44228669732594	1.0692224347602	2.43039487820377	3.71816432765956
2.44877215511322	1.11923060926828	2.41693344354441	3.73977490026872
2.4552576129005	1.10520807532714	2.44151268278432	3.75128724529496
2.46174307068778	1.09966132632909	2.44795922944449	3.75521029113168
2.46822852847506	1.12612750264096	2.45696497923907	3.77941994393854
2.47471398626234	1.13310717526071	2.44639486780607	3.7995537355447
2.48119944404962	1.13613963174103	2.46620249323743	3.781215548335
2.4876849018369	1.10808408860126	2.46545982858908	3.78547879992375
2.49417035962418	1.11155062861823	2.4685336980779	3.80697060705517
2.50065581741146	1.1278778002269	2.48357708351992	3.85007850253012
2.50714127519874	1.1513626953988	2.48927674624839	3.80989184353028
2.51362673298602	1.14659994480797	2.49663836742332	3.82546018968361
2.5201121907733	1.14197581445242	2.50458377828305	3.83437992325071
2.52659764856058	1.15674558018812	2.50210883242748	3.8478775555775
2.53308310634786	1.15296348706121	2.50929282264671	3.84493134085518
2.53956856413514	1.18730477969938	2.52793975777062	3.82469790617976
2.54605402192242	1.11364760514073	2.53051169292049	3.87019503842597
2.5525394797097	1.17012225181776	2.53301001023672	3.88865459325081
2.55902493749698	1.1670895032742	2.53851647686604	3.88187918304697
2.56551039528426	1.15147163307557	2.56421851658988	3.9089085794
2.57199585307154	1.19966479806527	2.56302602910322	3.91792597593561
2.57848131085882	1.19856944560942	2.56942486486623	3.92700418775937
2.5849667686461	1.17701809785981	2.56281484890985	3.95136274233735
2.59145222643338	1.16400700603802	2.57838173141923	3.93904578955092
2.59793768422066	1.1745791514421	2.57805830832308	3.93737153383116
2.60442314200794	1.22055635738314	2.6001627883604	3.95245134009388
2.61090859979522	1.17169430420305	2.61090978052742	3.96073981590821
2.6173940575825	1.18829128391595	2.61729808168697	3.94826619069962
2.62387951536979	1.25042054524342	2.61344743087242	3.982733970362
2.63036497315706	1.18129296860895	2.61655059543786	3.99965797332375
2.63685043094435	1.21959977268725	2.62003390545917	4.02184138142818
2.64333588873163	1.21160772911244	2.6177983322624	4.0699347066345
2.64982134651891	1.19781126273093	2.64949448299416	4.04462944445371
2.65630680430619	1.24598310380937	2.64648397211444	4.06698519633642
2.66279226209347	1.22657984557144	2.64918689238037	4.05007107942492
2.66927771988075	1.25113123036555	2.66418359122143	4.05775489289712
2.67576317766803	1.25782858214799	2.66036114375881	4.07476802690293
2.68224863545531	1.22769011258427	2.67097867797846	4.08484974612776
2.68873409324259	1.26558767282102	2.68523478601197	4.07372644903606
2.69521955102987	1.23738921581818	2.69237623697124	4.11525346323451
2.70170500881715	1.23970075412256	2.69424963501987	4.08920253824849
2.70819046660443	1.25910348530621	2.69579369329772	4.09158785901467
2.71467592439171	1.2703454739267	2.70921745432092	4.12784668382213
2.72116138217899	1.28098644395764	2.71129993028233	4.13276862748111
2.72764683996627	1.27574884965444	2.71672487793511	4.12493147322299
2.73413229775355	1.28941532172096	2.72862879262765	4.13707525666197
2.74061775554083	1.30652653481494	2.72968622897162	4.19692734571631
2.74710321332811	1.21826090923797	2.75721152166429	4.15551534732922
2.75358867111539	1.29303153778791	2.75428761597675	4.19863745270108
2.76007412890267	1.28100865163719	2.7490561030352	4.21620098135021
2.76655958668995	1.28923783798149	2.76155889098247	4.21565499778416
2.77304504447723	1.26145524631166	2.76671465145324	4.22596314136285
2.77953050226451	1.32077476147158	2.7848143005574	4.27898302244303
2.78601596005179	1.32378220802069	2.78911442225857	4.22229582651246
2.79250141783907	1.31443754313688	2.77477054234867	4.22953066539832
2.79898687562635	1.33375010974042	2.78414810890707	4.25945410249109
2.80547233341363	1.33558775210842	2.81224554351196	4.28341629463337
2.81195779120091	1.33743999426619	2.81629360311747	4.26760980952518
2.8184432489882	1.33102562129066	2.81496785134151	4.28415430459173
2.82492870677548	1.32793933495527	2.83026318022908	4.29508216568368
2.83141416456276	1.31729256228362	2.84146926372105	4.28766383400607
2.83789962235004	1.32717190484614	2.84139705772945	4.28253899531824
2.84438508013732	1.35161461232869	2.84840691925145	4.34404696492354
2.8508705379246	1.34601893466649	2.85369113812016	4.34401252254754
2.85735599571188	1.32865522504718	2.86259186516589	4.32687215078712
2.86384145349916	1.3761723468952	2.8573366252718	4.39134429643164
2.87032691128644	1.37841405817399	2.87103769503284	4.36874143669192
2.87681236907372	1.34639607321814	2.885297029624	4.33911462201575
2.883297826861	1.3693388992552	2.88447804359655	4.38961879217086
2.88978328464828	1.3909026350203	2.89141093733206	4.37978360231958
2.89626874243556	1.41143551903954	2.89754909503435	4.4024564148321
2.90275420022284	1.36590735725302	2.91619450295483	4.40672593033693
2.90923965801012	1.40764299955645	2.91380074967249	4.4258983662872
2.9157251157974	1.3773515252329	2.91447495323793	4.44600912661408
2.92221057358468	1.37893501457272	2.92027058885483	4.42174934542902
2.92869603137196	1.39363705646015	2.94227559125136	4.47659346948837
2.93518148915924	1.42292180534849	2.94972103101443	4.48222547759427
2.94166694694652	1.40354931359939	2.96124916296491	4.4786222754361
2.9481524047338	1.36576740430639	2.95108733032252	4.46232061637398
2.95463786252108	1.43530073508839	2.96805469575108	4.50179340004268
2.96112332030836	1.46841441801517	2.95472072744148	4.50443920560031
2.96760877809564	1.44604994929526	2.98700269666812	4.49327038582338
2.97409423588292	1.4510691522585	2.98011567586075	4.57433114985844
2.9805796936702	1.39051600308708	2.9824586941748	4.5447287322989
2.98706515145748	1.42918835409988	3.0044062423111	4.55727786088444
2.99355060924476	1.43089549494322	2.98927240604998	4.56379376045504
3.00003606703204	1.46844793834755	3.0021600274501	4.55479654004589
3.00652152481933	1.47034224344862	3.0204460001495	4.60190146523864
3.0130069826066	1.40607481427994	3.02558764521054	4.5756100550008
3.01949244039389	1.41288740883957	3.02888491217241	4.5838622433212
3.02597789818117	1.46448194278168	3.04417608478596	4.57253765829357
3.03246335596845	1.45646364565772	3.03533980163933	4.58201563526014
3.03894881375573	1.44903568961057	3.04623983376925	4.57247193895157
3.04543427154301	1.47118231501212	3.06119689918772	4.61966177942505
3.05191972933029	1.43989330984191	3.07336589241401	4.64207216400281
3.05840518711757	1.48812576558716	3.07920030819454	4.63966893399739
3.06489064490485	1.48109918340728	3.05884670418276	4.66057498409308
3.07137610269213	1.48822954366814	3.08136384887371	4.68731364556599
3.07786156047941	1.46919167532973	3.0962244667663	4.67175651450824
3.08434701826669	1.49655891677542	3.10789359431413	4.69386847581249
3.09083247605397	1.49918207333192	3.09927919552706	4.71259963862456
3.09731793384125	1.51254821669252	3.11156071061912	4.73307738160241
3.10380339162853	1.50788248031197	3.11794056116007	4.73971163414719
3.11028884941581	1.46125959345201	3.11440462684208	4.72067258461512
3.11677430720309	1.49351115058221	3.10253354697163	4.73729878732276
3.12325976499037	1.52681937130417	3.14519489833579	4.74634456821247
3.12974522277765	1.54869495238036	3.16046627044207	4.77037536262107
3.13623068056493	1.5442871310785	3.16642140476677	4.78168222349765
3.14271613835221	1.53224030760463	3.15929037264896	4.77213238358983
3.14920159613949	1.51914097158087	3.16958819036089	4.77489578383777
3.15568705392677	1.54953611377457	3.18137713529848	4.76746198154229
3.16217251171405	1.56173544399208	3.1798925664737	4.7894768188021
3.16865796950133	1.5207640200299	3.1964480245539	4.83408779777544
3.17514342728861	1.59744527014189	3.19217415967743	4.815336994621
3.1816288850759	1.52478350936711	3.19666385300929	4.82989185461652
3.18811434286318	1.50386145590826	3.20630740402953	4.86390536861146
3.19459980065046	1.57326967955621	3.20761714769938	4.85712923841347
3.20108525843774	1.54594224487226	3.22446862104476	4.85362833189279
3.20757071622502	1.52404644329643	3.22112471447929	4.84174361688136
3.2140561740123	1.55479867853716	3.24924367030596	4.87464789790975
3.22054163179958	1.5850532713575	3.25359008701908	4.92684627395476
3.22702708958686	1.59695025118296	3.23011815650877	4.86995100219993
3.23351254737414	1.60462348356353	3.26700927165865	4.93993953076884
3.23999800516142	1.55670963088535	3.28120232334037	4.90390440731025
3.2464834629487	1.59703799307752	3.25861125912207	4.94785489460167
3.25296892073598	1.57497342539015	3.27006989110856	4.92842267751835
3.25945437852326	1.57976391025792	3.29434203549529	5.00059695580043
3.26593983631054	1.62095616752621	3.31148550412276	5.00091989268284
3.27242529409782	1.61979438560021	3.3126661216605	4.98497827530279
3.2789107518851	1.59300654708732	3.30628233582644	4.95490637721037
3.28539620967238	1.65039608428622	3.31146445471469	4.97877948597588
3.29188166745966	1.59616185434598	3.3232172568812	4.99733517574496
3.29836712524694	1.59407399271165	3.33877467766116	5.0029049981015
3.30485258303422	1.60572011113914	3.34660450957375	5.02238098363258
3.3113380408215	1.56996733091267	3.3390583875008	5.02292115685659
3.31782349860878	1.60761443089781	3.35349560808341	5.0473740856417
3.32430895639606	1.58115646822261	3.36319008318382	5.0563806665415
3.33079441418334	1.65638333376591	3.3702751020654	5.05630983270934
3.33727987197062	1.62946326170984	3.35772764887075	5.05878147499963
3.3437653297579	1.68580713755259	3.37860543384012	5.09580252578175
3.35025078754518	1.64867475457693	3.37585395630401	5.09059078662527
3.35673624533246	1.64856759148288	3.39587747155466	5.12732833864777
3.36322170311974	1.65697272240804	3.38718804696412	5.12831332886131
3.36970716090703	1.66677055017269	3.39910395474922	5.13462488642451
3.3761926186943	1.65383319739747	3.41666612197334	5.13307856570602
3.38267807648159	1.65552993544287	3.40595261587662	5.18956709663353
3.38916353426887	1.6526985504412	3.43447979764497	5.18702231102229
3.39564899205615	1.67984220406306	3.42061948261457	5.16951811771083
3.40213444984343	1.64550763659728	3.44799262983851	5.17639569737236
3.40861990763071	1.66384888706604	3.45623991804997	5.15768164776924
3.41510536541799	1.66103866677244	3.44697933157672	5.18652379729235
3.42159082320527	1.72269271655288	3.44356814592009	5.16242951809823
3.42807628099255	1.67137211512142	3.47661860396853	5.19440917557724
3.43456173877983	1.67001654329324	3.46882507803922	5.20208649432221
3.44104719656711	1.70357385737962	3.48327096404048	5.20132891819344
3.44753265435439	1.69235974154713	3.48319178034317	5.20485021306692
3.45401811214167	1.70565624911906	3.51077734787717	5.25376174413839
3.46050356992895	1.71546170435497	3.49926704804901	5.26275203227662
3.46698902771623	1.69938935126272	3.50863041442018	5.24911989431671
3.47347448550351	1.72874440454628	3.51202637826202	5.25882332041149
3.47995994329079	1.77432965188844	3.52366963276573	5.28689839766283
3.48644540107807	1.75897137607506	3.52510141664871	5.30427842769308
3.49293085886535	1.71236778265585	3.53061191152143	5.2775805496161
3.49941631665263	1.76401817815475	3.56387543750394	5.34695507283341
3.50590177443991	1.69560037490549	3.55174724623024	5.33588280626162
3.51238723222719	1.7410722749119	3.5790707515377	5.34448329963486
3.51887269001447	1.72102641313594	3.55047589858033	5.34795727821917
3.52535814780175	1.74166240000908	3.56783339998446	5.35585356534703
3.53184360558903	1.74735391543073	3.57693545837715	5.39503821126223
3.53832906337631	1.74527366752633	3.5867691133271	5.36880542768
3.54481452116359	1.77760146925348	3.5716833334696	5.41528820693812
3.55129997895087	1.75941425208195	3.60524773531572	5.40689831157177
3.55778543673815	1.75052373194238	3.61012623934855	5.41524532677275
3.56427089452544	1.77947228446859	3.6047922810234	5.39294330955489
3.57075635231272	1.75292589663868	3.61821206922949	5.42946144784428
3.5772418101	1.81339864683421	3.62756029573206	5.46775202394304
3.58372726788728	1.78287782476289	3.63936276686515	5.45400072429179
3.59021272567456	1.79401923345507	3.63924732884624	5.45640782570432
3.59669818346184	1.76887337859004	3.64872820992296	5.4666567924796
3.60318364124912	1.77415505860532	3.64074832572034	5.4917947251584
3.6096690990364	1.80947632588031	3.65724757586077	5.47285216019318
3.61615455682368	1.8310231297766	3.67334034872713	5.50119896423079
3.62264001461096	1.82401436680139	3.66989642867768	5.53149128980962
3.62912547239824	1.74853783322049	3.68043178775011	5.52096046036596
3.63561093018552	1.81734579769461	3.67680593250411	5.5365539441272
3.6420963879728	1.79048141620816	3.70018278065855	5.55034778715235
3.64858184576008	1.83092212977166	3.71424083225756	5.54982952636983
3.65506730354736	1.8072616184597	3.69639475982629	5.57290999843744
3.66155276133464	1.82641305289719	3.70476771382582	5.56181552117104
3.66803821912192	1.83276188073208	3.73650962250238	5.5497813908226
3.6745236769092	1.8183300042731	3.71890053120765	5.55535613161338
3.68100913469648	1.88079017112668	3.73586823400089	5.62843105784149
3.68749459248376	1.85458493121018	3.7434200614038	5.59361027985826
3.69398005027104	1.81424243160249	3.75759354260085	5.59316296949588
3.70046550805832	1.88214549469286	3.75883208909977	5.63201637714226
3.7069509658456	1.84231100936026	3.76512059463088	5.65451094513013
3.71343642363288	1.84514721977411	3.77178370136674	5.65190410708165
3.71992188142016	1.88390151454667	3.77832929552086	5.63569513795902
3.72640733920744	1.87523161361953	3.79893002228461	5.67143929398506
3.73289279699472	1.83126429444658	3.78303343362573	5.63098697460607
3.739378254782	1.84659297288488	3.79210820173012	5.69611816499725
3.74586371256928	1.87904068198645	3.81073377338133	5.66701379399324
3.75234917035657	1.89740359449529	3.81564722462067	5.71784260832351
3.75883462814385	1.88447133623257	3.81341278039205	5.73228701958878
3.76532008593113	1.90478126699358	3.82141355496756	5.7267143881022
3.77180554371841	1.85623641756905	3.82103096175017	5.74889700430582
3.77829100150569	1.88135575566293	3.83803945744344	5.74509176431734
3.78477645929297	1.86279020547212	3.8469990072746	5.75775663704918
3.79126191708025	1.88276782717668	3.85438466287322	5.75972738644565
3.79774737486753	1.92769494038934	3.84766057637013	5.78518641190318
3.80423283265481	1.94328766762915	3.86850821725024	5.83392078201692
3.81071829044209	1.91904286096881	3.89121648140697	5.78904089173558
3.81720374822937	1.92469214571737	3.88992598623136	5.79062059389828
3.82368920601665	1.91146632932126	3.89056219630231	5.81190621116286
3.83017466380393	1.93744876864676	3.89504312363589	5.85511985434042
3.83666012159121	1.938375567294	3.89873337470098	5.82495339598384
3.84314557937849	1.95455420280503	3.90801706387972	5.82012473547164
3.84963103716577	1.92531363827284	3.91641130923056	5.83183575856325
3.85611649495305	1.9215910385617	3.91748216640534	5.87189779781564
3.86260195274033	1.98205212065523	3.9428172226212	5.87694361464301
3.86908741052761	1.93923166863814	3.94836433894683	5.8498586834159
3.87557286831489	2.01917394184242	3.94953851761604	5.88679702876548
3.88205832610217	1.96489551201942	3.94738548750424	5.85391012431404
3.88854378388945	1.96208878369367	3.94709329021569	5.90172870817772
3.89502924167673	1.9921714581867	3.96532233807374	5.92255215980326
3.90151469946401	1.9671129954709	3.96010618343196	5.89599349830164
3.90800015725129	1.9988341642689	3.96918904323592	5.90154337992916
3.91448561503857	1.98094540591387	3.98901256625966	5.98751177919572
3.92097107282585	1.96701645735397	3.96675059798837	5.95543284051232
3.92745653061313	1.96605782944322	3.98720860134799	5.97174973381161
3.93394198840042	1.97883813540053	4.01076767357913	5.97997152376828
3.9404274461877	1.9691825608244	4.01308435688793	6.01506788975885
3.94691290397498	2.03641202193679	4.00754957802659	6.01398232615972
3.95339836176226	1.99379616926077	4.04377615320029	6.01146640379938
3.95988381954954	2.0059725494923	4.03076268539739	5.99795395398469
3.96636927733682	2.0038128121879	4.03238461785707	5.9931052275054
3.9728547351241	2.02438384290113	4.03941257599833	6.00527146674293
3.97934019291138	1.99137849314294	4.05684727539927	6.05338286035114
3.98582565069866	2.02589788195775	4.05360736780307	6.03802003767763
3.99231110848594	2.00265809354765	4.06658887085753	6.05445891252868
3.99879656627322	2.00711250733141	4.07338006745227	6.06779651494358
4.0052820240605	2.04778304302016	4.06828215116259	6.09585673886802
4.01176748184778	2.03727130989661	4.08850372154007	6.14914664885186
4.01825293963506	1.9981246827318	4.08464045921714	6.12295088937503
4.02473839742234	2.0456874123586	4.0882266997142	6.13161257451791
4.03122385520962	2.05571297654655	4.128550849721	6.0973556615225
4.0377093129969	2.03303818704842	4.12386658889506	6.11578594267065
4.04419477078418	2.04251423654012	4.14020189749902	6.13666719224095
4.05068022857146	2.03728210329728	4.11444191950082	6.1358983633961
4.05716568635874	2.07790229718601	4.1204115308072	6.12368516111572
4.06365114414602	2.06688054213512	4.1324695441958	6.17532284678435
4.0701366019333	2.0990849357314	4.15423763790636	6.18359049801919
4.07662205972058	2.09458800640502	4.15476521859486	6.20040098646721
4.08310751750786	2.05065409793756	4.17742211894751	6.21249002388482
4.08959297529514	2.06462229943318	4.17032129959937	6.24413475936444
4.09607843308242	2.09892945735357	4.17285195411396	6.26585104045334
4.1025638908697	2.08000518739801	4.19270505893193	6.20998006751306
4.10904934865698	2.09721989776002	4.16769797161566	6.26857830448254
4.11553480644426	2.14113972550126	4.18017033921847	6.24868468607286
4.12202026423155	2.11763255840614	4.18135026803263	6.27226494957578
4.12850572201883	2.09933157337037	4.21035106571363	6.23169787619497
4.13499117980611	2.10095111286075	4.21801237585238	6.26078765804209
4.14147663759339	2.09886598985105	4.22090782240492	6.23747380291673
4.14796209538067	2.15520033659705	4.21607498939003	6.31287194493497
4.15444755316795	2.12722499799277	4.2426195522388	6.28750176215772
4.16093301095523	2.17095244127863	4.24431994097726	6.29207317470912
4.16741846874251	2.16636855277159	4.24977166260454	6.2657513366916
4.17390392652979	2.08384336683344	4.26312852472948	6.36234545378291
4.18038938431707	2.16591683760117	4.2613114003144	6.37191025794798
4.18687484210435	2.13716084404835	4.26468504025314	6.33746104632638
4.19336029989163	2.13506934910466	4.26709270792751	6.39528555954744
4.19984575767891	2.14372984761492	4.27983628597371	6.36999686024294
4.20633121546619	2.16883206967636	4.30355379417516	6.34748176885261
4.21281667325347	2.18219027791793	4.30010077350496	6.39259283193643
4.21930213104075	2.15833338969451	4.3073068324068	6.42724020058892
4.22578758882803	2.13634146482907	4.31099965516134	6.383613761103
4.23227304661531	2.18989057264312	4.30928932626932	6.43670302551624
4.23875850440259	2.17547242604632	4.32712823140693	6.46037889100932
4.24524396218987	2.20875712233527	4.33034327263702	6.42385150895181
4.25172941997715	2.19506937987521	4.32248546590853	6.48133140665663
4.25821487776443	2.18263159581163	4.34064450516355	6.47823307738569
4.26470033555171	2.18435946243636	4.34844077477979	6.50721885066186
4.27118579333899	2.17033456180263	4.36178632837059	6.47725091024161
4.27767125112627	2.1743011074128	4.36448590248731	6.50412592841013
4.28415670891355	2.19006495335334	4.36932866281033	6.55025819950659
4.29064216670083	2.22079335928796	4.40309622872148	6.48834750061227
4.29712762448811	2.20228028029511	4.39353621127377	6.5315054918691
4.3036130822754	2.23561101887741	4.38710171453143	6.55618124098677
4.31009854006268	2.2265498481699	4.40062542640897	6.55461569847485
4.31658399784996	2.20842484402459	4.4157323421661	6.56750902829215
4.32306945563724	2.21576427122737	4.42036017413716	6.59971577601756
4.32955491342452	2.21390636384668	4.41527121632301	6.59141239801421
4.3360403712118	2.21434517576117	4.41099492581307	6.56872216557282
4.34252582899908	2.19257146024734	4.44207898809379	6.56083842165051
4.34901128678636	2.19889366926347	4.46133559481854	6.63566558914707
4.35549674457364	2.24686564849503	4.43587476527945	6.63178635720601
4.36198220236092	2.24114352627087	4.46100949302612	6.62692252253268
4.3684676601482	2.25767089243768	4.46292719926689	6.64764155038158
4.37495311793548	2.22492541240683	4.47948839596471	6.64403377907381
4.38143857572276	2.22576447792038	4.48535398572651	6.67423970311101
4.38792403351004	2.24665045221806	4.47193573486061	6.65070689450148
4.39440949129732	2.23645043028186	4.49732691901696	6.64667208831259
4.4008949490846	2.2471245250158	4.49587353167482	6.66976401363017
4.40738040687188	2.28107773204939	4.50214532072874	6.70626867394415
4.41386586465916	2.29400166760113	4.51255941934424	6.71896943334543
4.42035132244644	2.28962457205121	4.51966443280115	6.75263372902367
4.42683678023372	2.29618500615626	4.50778496515717	6.74177943385822
4.433322238021	2.29382386306647	4.52783342436002	6.68339108497214
4.43980769580828	2.29151610168881	4.54023576763387	6.75444050293541
4.44629315359556	2.29779501739373	4.53445197151191	6.76142520938505
4.45277861138284	2.3029884635327	4.54295573670403	6.78665412342987
4.45926406917012	2.3036931576725	4.57473941884866	6.7187150181689
4.4657495269574	2.31122617333888	4.55041627858797	6.82075432753133
4.47223498474468	2.29672496338238	4.5740929481651	6.73823829005312
4.47872044253196	2.29052952502143	4.58398604320832	6.79150310014794
4.48520590031925	2.31870275037048	4.60533284161667	6.82006535286656
4.49169135810653	2.33671147291544	4.58830106068007	6.82193906351294
4.4981768158938	2.35648287124666	4.59511102649333	6.83052928627292
4.50466227368109	2.29465723611243	4.59254035942436	6.81729843514163
4.51114773146837	2.32324314411441	4.61210617428576	6.88022695916691
4.51763318925565	2.37935421471816	4.63460805435661	6.91620209124461
4.52411864704293	2.37176479628245	4.62857042539236	6.89554579351917
4.53060410483021	2.34271409093281	4.63212890085605	6.91425810281842
4.53708956261749	2.37090537562462	4.63372700170277	6.90508951141003
4.54357502040477	2.33747859668763	4.62944919211187	6.9158445945956
4.55006047819205	2.35398242534985	4.65279599684347	6.91034697446483
4.55654593597933	2.38865525294364	4.66598175314086	6.91992867926728
4.56303139376661	2.39189199562686	4.66920887154076	6.95566575585603
4.56951685155389	2.35271989867598	4.66893263237137	6.9566786068074
4.57600230934117	2.37800319101811	4.67296580506948	6.92169844956989
4.58248776712845	2.39638609020617	4.68287484768221	6.9538965945169
4.58897322491573	2.3454256477319	4.68636831602347	6.997269951605
