"mitochan"	"lwrNorm"	"medNorm"	"uprNorm"
-1.90327037354145	-4.41764734723386	-3.21905807291368	-2.06425848050418
-1.89700418466435	-4.43088660008161	-3.22046336633764	-2.06475126127291
-1.89073799578724	-4.40659096736983	-3.22373072722005	-2.02709930606982
-1.88447180691014	-4.37373351980787	-3.19331778659065	-2.02884580873099
-1.87820561803303	-4.38169431054123	-3.18285471732254	-2.08815844936125
-1.87193942915593	-4.31416605708883	-3.18290940289401	-1.96899242438813
-1.86567324027883	-4.33012294975572	-3.17586863483195	-2.02175585871934
-1.85940705140172	-4.32955169296405	-3.15171419046505	-2.01916178915468
-1.85314086252462	-4.26781033008784	-3.12771022556205	-1.98736941662763
-1.84687467364751	-4.25838888557315	-3.13880416545777	-1.97859779923928
-1.84060848477041	-4.29414422489548	-3.13155688995679	-1.97723523013808
-1.83434229589331	-4.26713107924318	-3.11590245403045	-1.9917813995826
-1.8280761070162	-4.24102510893939	-3.10587545785603	-1.97086724771072
-1.8218099181391	-4.25275574362436	-3.08398155704535	-1.92446560144585
-1.81554372926199	-4.16856916077953	-3.0835722115321	-1.95213734223846
-1.80927754038489	-4.17410624711012	-3.07560318590087	-1.92384663558961
-1.80301135150779	-4.20374250449547	-3.05572286047967	-1.91268732452886
-1.79674516263068	-4.19988052091348	-3.02874353353404	-1.91737480439583
-1.79047897375358	-4.15765017850197	-3.04292480110894	-1.88554010838001
-1.78421278487647	-4.13926290078503	-3.02287097376495	-1.84020774402422
-1.77794659599937	-4.20522840355743	-3.01110722122645	-1.89495244753213
-1.77168040712227	-4.12169947581265	-3.01032468386323	-1.89885674758761
-1.76541421824516	-4.0849341708994	-3.0007020337726	-1.84027956202008
-1.75914802936806	-4.08877703615301	-2.98594357014195	-1.87663753198811
-1.75288184049095	-4.09198751752293	-2.97287496679211	-1.87654331030025
-1.74661565161385	-4.05263681619248	-2.93810588160358	-1.84751707251261
-1.74034946273675	-4.05704192248585	-2.95577984634495	-1.84305599023386
-1.73408327385964	-4.04968002545028	-2.93215383513013	-1.81479984312236
-1.72781708498254	-4.0494019742971	-2.93414386623131	-1.81415975630872
-1.72155089610544	-3.98244275610027	-2.92353396345526	-1.82430557909396
-1.71528470722833	-4.04934554308007	-2.9091581951091	-1.81937808207858
-1.70901851835123	-4.00073884701239	-2.88474443075969	-1.81026854672577
-1.70275232947412	-3.96581755677535	-2.89188156416105	-1.73929852090513
-1.69648614059702	-3.95942350819577	-2.85103155180173	-1.75077152853917
-1.69021995171992	-3.96131363763288	-2.86934881027465	-1.77334320295639
-1.68395376284281	-3.91137279510354	-2.85611931553881	-1.77474667716947
-1.67768757396571	-3.92233685778576	-2.83334545481856	-1.80412802133318
-1.6714213850886	-3.92548395363008	-2.8214022475408	-1.72179579579997
-1.6651551962115	-3.87769040995617	-2.8159323184442	-1.73853211624977
-1.6588890073344	-3.88815133417144	-2.80233969671288	-1.73355512091179
-1.65262281845729	-3.89361166391848	-2.79517342308621	-1.69166352218865
-1.64635662958019	-3.85250142744489	-2.79020223231654	-1.72447886236538
-1.64009044070308	-3.82200688039119	-2.77227054227504	-1.68869881283506
-1.63382425182598	-3.839885064828	-2.76124919253153	-1.64786686294434
-1.62755806294888	-3.82619482834241	-2.74955470376087	-1.71132181067791
-1.62129187407177	-3.8172986283899	-2.74305855153184	-1.67040588077442
-1.61502568519467	-3.76653921609442	-2.73641224924881	-1.71063088361791
-1.60875949631756	-3.76320440070011	-2.69904502676319	-1.65337503535854
-1.60249330744046	-3.7535535705419	-2.70724406802052	-1.67169745370467
-1.59622711856336	-3.75993868611749	-2.68980232397314	-1.63002407897119
-1.58996092968625	-3.72689604730453	-2.66401465903456	-1.61434615830298
-1.58369474080915	-3.69923513088569	-2.66960041269291	-1.64010184851738
-1.57742855193204	-3.68795307372552	-2.65585255894929	-1.61813842741918
-1.57116236305494	-3.69071073564521	-2.63961852302077	-1.59533219339085
-1.56489617417784	-3.68781296561227	-2.63487034882843	-1.54449402976216
-1.55862998530073	-3.6588739333933	-2.61840211947007	-1.61265663454099
-1.55236379642363	-3.63323333711829	-2.61332459400015	-1.57121758528781
-1.54609760754653	-3.63621230083796	-2.61082511483828	-1.56988336161048
-1.53983141866942	-3.62467513574225	-2.60497277382149	-1.55823547200419
-1.53356522979232	-3.60752725269282	-2.57379221231796	-1.58993359153831
-1.52729904091521	-3.61160252710923	-2.5667230007647	-1.551731142416
-1.52103285203811	-3.60979183465621	-2.56648414360669	-1.51337071873191
-1.51476666316101	-3.58227728474889	-2.55248052784913	-1.56596612916479
-1.5085004742839	-3.56377768230726	-2.53349668037159	-1.52682315875522
-1.5022342854068	-3.54705523865327	-2.53139904489865	-1.47874033155493
-1.49596809652969	-3.58875195720081	-2.51131219526429	-1.45926772582761
-1.48970190765259	-3.51687486180928	-2.52439224559563	-1.457062234563
-1.48343571877549	-3.52103330258842	-2.48314767682337	-1.48501307887352
-1.47716952989838	-3.50823770324822	-2.48034338759413	-1.45803076250646
-1.47090334102128	-3.4982363113668	-2.47120516552715	-1.48596935371834
-1.46463715214417	-3.47305861784805	-2.47523380290151	-1.45285726822856
-1.45837096326707	-3.48275284373113	-2.45005785324307	-1.42708978246682
-1.45210477438997	-3.40745330324808	-2.4242569436812	-1.43082848687391
-1.44583858551286	-3.41678253261468	-2.41787026587727	-1.41372823907055
-1.43957239663576	-3.41479797862071	-2.40969046816133	-1.42413069713261
-1.43330620775865	-3.38767007536115	-2.39746994517133	-1.42787639506059
-1.42704001888155	-3.4114946335184	-2.40420438381507	-1.39549495224295
-1.42077383000445	-3.38844749880911	-2.37628152360148	-1.39806075344289
-1.41450764112734	-3.3579990577544	-2.38633694251786	-1.40249824607439
-1.40824145225024	-3.36073426373354	-2.36957365022491	-1.37136407840227
-1.40197526337314	-3.36614779110182	-2.35115385470389	-1.39003368893592
-1.39570907449603	-3.34587815451815	-2.34762805615284	-1.32894528800053
-1.38944288561893	-3.32517432365211	-2.33104883187748	-1.34115530033355
-1.38317669674182	-3.27759774240936	-2.31712959266417	-1.37861973512731
-1.37691050786472	-3.29233774440986	-2.29813054939022	-1.3432504431189
-1.37064431898762	-3.26158818664939	-2.30135995493961	-1.32263788216082
-1.36437813011051	-3.24602055887992	-2.27399068355248	-1.33811845842132
-1.35811194123341	-3.26389023439585	-2.26832580148123	-1.31723059574627
-1.3518457523563	-3.24676002316155	-2.2630780257478	-1.25686738936774
-1.3455795634792	-3.21640704373913	-2.24431567946825	-1.29154734803933
-1.3393133746021	-3.22775396117706	-2.2447919325167	-1.2772755853571
-1.33304718572499	-3.17136147222599	-2.2237453441389	-1.29910452980275
-1.32678099684789	-3.20780747126866	-2.20004456831445	-1.2859584736594
-1.32051480797078	-3.16612740725906	-2.20691759803218	-1.25501314014864
-1.31424861909368	-3.13884533679473	-2.18972364261953	-1.21967775397412
-1.30798243021658	-3.12505282170161	-2.17146689457602	-1.2197965584054
-1.30171624133947	-3.12628630458265	-2.17548984454391	-1.23027868189458
-1.29545005246237	-3.10398167281528	-2.16889687949081	-1.21308517241591
-1.28918386358526	-3.06822852333927	-2.16323149280699	-1.21788199176299
-1.28291767470816	-3.08835230768002	-2.12126957350329	-1.20298486980684
-1.27665148583106	-3.06233178550576	-2.12948050292558	-1.22370859345162
-1.27038529695395	-3.08090870760194	-2.11024769099729	-1.1779514884178
-1.26411910807685	-3.06514449930096	-2.1108085350985	-1.17799761695154
-1.25785291919974	-3.01401223711428	-2.09559371779701	-1.1371983748578
-1.25158673032264	-3.01542303410952	-2.09632872352507	-1.16705968980939
-1.24532054144554	-3.0340925166394	-2.07903895204557	-1.1454052050938
-1.23905435256843	-2.99841121013062	-2.05024905100348	-1.11520080349323
-1.23278816369133	-3.01593477024325	-2.04199845986467	-1.13272630678462
-1.22652197481423	-2.93802119828545	-2.0360492152179	-1.13381841560121
-1.22025578593712	-2.9426155417108	-2.03312866558246	-1.12158736648762
-1.21398959706002	-2.93727227992113	-2.01451167387589	-1.11205266338847
-1.20772340818291	-2.91741482283662	-2.01622697224498	-1.05507289161175
-1.20145721930581	-2.93966986032014	-2.01041546842993	-1.10960644083986
-1.19519103042871	-2.90569297001425	-1.99612039868383	-1.05523509701724
-1.1889248415516	-2.89815351993978	-1.96376357121253	-1.06720721588987
-1.1826586526745	-2.91515767733674	-1.96073600028837	-1.02518945621623
-1.17639246379739	-2.87805110976323	-1.95769705915282	-1.04781160897939
-1.17012627492029	-2.83745220359945	-1.94110289260727	-1.04124692533671
-1.16386008604319	-2.81793636168026	-1.92651981676109	-1.0654873756025
-1.15759389716608	-2.80836392520175	-1.90719337662011	-0.99184931390124
-1.15132770828898	-2.80207815067752	-1.89860736172095	-1.04485611461033
-1.14506151941187	-2.80765195179262	-1.88575134306307	-0.971234977394648
-1.13879533053477	-2.74785403416154	-1.88018105834538	-1.00772771624129
-1.13252914165767	-2.77464565455365	-1.87500417673163	-0.98974039825334
-1.12626295278056	-2.74796611419419	-1.86927940357356	-1.00148746181149
-1.11999676390346	-2.76293880296866	-1.84746417166644	-0.928607516528289
-1.11373057502635	-2.76192280596079	-1.83942485799787	-0.954144163660375
-1.10746438614925	-2.72622166959436	-1.82693199561585	-0.948187367403251
-1.10119819727215	-2.70744855479813	-1.81105854869885	-0.971605534017317
-1.09493200839504	-2.69880958627442	-1.80340809933075	-0.925869802479669
-1.08866581951794	-2.67564884658811	-1.79465225688006	-0.904019806980991
-1.08239963064083	-2.66273633750575	-1.78737098501565	-0.935885740925328
-1.07613344176373	-2.66951605381677	-1.77523126280845	-0.885907468262651
-1.06986725288663	-2.66326859839351	-1.75791476463886	-0.899706025414948
-1.06360106400952	-2.61151101479904	-1.7416955078603	-0.8691772828044
-1.05733487513242	-2.63586745172296	-1.74905727595597	-0.846475684888386
-1.05106868625532	-2.55336790080512	-1.74448967510681	-0.822803878423551
-1.04480249737821	-2.60757568883165	-1.71367246041702	-0.862908013813246
-1.03853630850111	-2.565151290367	-1.70879523378406	-0.8362021095256
-1.032270119624	-2.58878168085977	-1.68824458845064	-0.857235524768807
-1.0260039307469	-2.53926938620177	-1.68078761976133	-0.806961943317909
-1.0197377418698	-2.56659270683298	-1.67169292272925	-0.831095864557923
-1.01347155299269	-2.55473451367645	-1.66072255213737	-0.821016678831881
-1.00720536411559	-2.49077245110238	-1.66458972111237	-0.783875734686223
-1.00093917523848	-2.51165832979867	-1.64812516557194	-0.80967701784005
-0.99467298636138	-2.44643442630288	-1.62295028747397	-0.783417136648226
-0.988406797484276	-2.49129346392129	-1.6312391822014	-0.754011378218394
-0.982140608607172	-2.44856397542305	-1.60575467471246	-0.755546345492621
-0.975874419730068	-2.4409520378077	-1.60066763544622	-0.728173261591946
-0.969608230852964	-2.43070619866804	-1.58567855824615	-0.715546105273413
-0.96334204197586	-2.42792819571127	-1.57262701287433	-0.734406913319271
-0.957075853098757	-2.39713436819648	-1.56242197338179	-0.731641083724775
-0.950809664221653	-2.40049295973506	-1.54399080820135	-0.710501200857085
-0.944543475344549	-2.36772314448853	-1.5417769378068	-0.702186189680618
-0.938277286467445	-2.38705714468358	-1.5341790636094	-0.696340493302189
-0.932011097590341	-2.33153086013934	-1.52618553780687	-0.698439722952332
-0.925744908713237	-2.33036293047786	-1.51029063457777	-0.68236978949584
-0.919478719836133	-2.3176297316604	-1.49326955760095	-0.66345746922225
-0.913212530959029	-2.31415347487069	-1.47866588836909	-0.618018581968519
-0.906946342081925	-2.30359769223773	-1.47460016054834	-0.636918105002131
-0.900680153204821	-2.28374688614663	-1.48211601763282	-0.631294101796506
-0.894413964327717	-2.29197368365572	-1.44104015393941	-0.63221492186304
-0.888147775450613	-2.26350207177567	-1.44335298512862	-0.633421965686415
-0.88188158657351	-2.24876764273455	-1.43241702817633	-0.638542314405437
-0.875615397696405	-2.27175693957529	-1.42089035720166	-0.600286288404575
-0.869349208819302	-2.24084013033255	-1.40448700413753	-0.597928803185213
-0.863083019942198	-2.23843151039493	-1.39995342827499	-0.602638689299703
-0.856816831065094	-2.17949246187094	-1.38380009695837	-0.58103924314583
-0.85055064218799	-2.20543815241968	-1.37111613496015	-0.593229944143608
-0.844284453310886	-2.17506259325614	-1.36287463181536	-0.565577673598441
-0.838018264433782	-2.18795387757182	-1.35357788119703	-0.520661344573043
-0.831752075556678	-2.1376365611801	-1.34544965723816	-0.560670091728527
-0.825485886679574	-2.12012857457534	-1.32397959574492	-0.512287674945214
-0.81921969780247	-2.11158833453861	-1.30934646453745	-0.550681846880702
-0.812953508925366	-2.11627887387074	-1.30032396755476	-0.533369855347049
-0.806687320048262	-2.12020652757844	-1.29560696899315	-0.511779114125832
-0.800421131171158	-2.10130909274333	-1.29422665505138	-0.535137293136458
-0.794154942294055	-2.03604986420575	-1.28258684914063	-0.507690637999136
-0.78788875341695	-2.07326986252133	-1.26212844739374	-0.466561791866994
-0.781622564539847	-2.05610322815547	-1.24593858731394	-0.498466167362529
-0.775356375662743	-2.0368820892914	-1.22390241963729	-0.444319732760919
-0.769090186785639	-2.01331716524924	-1.23347365692729	-0.452957866859445
-0.762823997908535	-2.01442949869526	-1.22782062288153	-0.436067952886186
-0.756557809031431	-2.01074367370946	-1.21678319983073	-0.449508959340402
-0.750291620154327	-1.95403236268235	-1.18791103919463	-0.46898358456794
-0.744025431277223	-1.97002187673008	-1.1880237597631	-0.421052696977577
-0.737759242400119	-1.9655727559502	-1.17200783858703	-0.439842363451483
-0.731493053523015	-1.94462544369918	-1.15164170848591	-0.419439133154025
-0.725226864645911	-1.91367588004056	-1.1588149012885	-0.407983094327996
-0.718960675768807	-1.93495596838341	-1.13875201124991	-0.406608070764658
-0.712694486891704	-1.89627610495104	-1.13910503246789	-0.388066993750559
-0.7064282980146	-1.93559104567777	-1.10640758652333	-0.359431992265884
-0.700162109137496	-1.88638431981249	-1.10968849853512	-0.356869514973197
-0.693895920260392	-1.83843734583747	-1.09825484620662	-0.320830905336021
-0.687629731383288	-1.84615537476272	-1.10039934211752	-0.3724836970477
-0.681363542506184	-1.84864206475577	-1.07241835258693	-0.295079966494679
-0.67509735362908	-1.85148552442265	-1.06404528296578	-0.290652282822195
-0.668831164751976	-1.82624894677778	-1.0538159077357	-0.293673175521821
-0.662564975874872	-1.81087997603588	-1.04390365675812	-0.264745722755198
-0.656298786997768	-1.75314241253175	-1.03954187747814	-0.244958504868418
-0.650032598120664	-1.80298780507668	-1.02021158993968	-0.267960163741786
-0.64376640924356	-1.76917237106515	-1.02059827777044	-0.257433185901127
-0.637500220366456	-1.73882111913173	-1.00704699027263	-0.225766064696475
-0.631234031489353	-1.75783382545166	-0.984553506274906	-0.240805209562576
-0.624967842612249	-1.72092815052883	-0.977078494500249	-0.236955711812661
-0.618701653735145	-1.697784111184	-0.972243431293315	-0.171909500214202
-0.612435464858041	-1.69786866694443	-0.949614673191224	-0.208375868602586
-0.606169275980937	-1.70815964922573	-0.937773259593066	-0.208097174227736
-0.599903087103833	-1.69521957587595	-0.923030323184306	-0.186989969839987
-0.593636898226729	-1.66372447633252	-0.915420112217584	-0.170631303613804
-0.587370709349625	-1.64582882459595	-0.907609803065091	-0.117781502205304
-0.581104520472521	-1.64002584191144	-0.881857464170831	-0.153087115383842
-0.574838331595417	-1.64231321129374	-0.883363220086429	-0.164393916050187
-0.568572142718313	-1.61116529840583	-0.87728310183513	-0.121218012411619
-0.562305953841209	-1.61663352294357	-0.858226257230738	-0.142642410519934
-0.556039764964105	-1.5700802338817	-0.849091750333155	-0.104654452853221
-0.549773576087002	-1.57196103109684	-0.846257736561653	-0.132668071089684
-0.543507387209898	-1.59179910206785	-0.840014558598788	-0.141724302656621
-0.537241198332794	-1.53225347718392	-0.816621477424052	-0.078885750498354
-0.53097500945569	-1.55018808086476	-0.795900294158526	-0.0617334934163985
-0.524708820578586	-1.53313146285752	-0.802749716835235	-0.0493261900636102
-0.518442631701482	-1.54316507170739	-0.786758993015568	-0.0473012795352131
-0.512176442824378	-1.49706294415219	-0.771442229539778	-0.0113538760734033
-0.505910253947274	-1.4651514674932	-0.76944077743794	-0.0729117181902094
-0.49964406507017	-1.50485436694108	-0.77003078407668	-0.0486845047221983
-0.493377876193066	-1.46136511967751	-0.754008029443256	-0.0277923601459626
-0.487111687315962	-1.44467252641179	-0.722650842696093	-0.0128437782384519
-0.480845498438858	-1.45921688425534	-0.724710473480643	0.0333414917316708
-0.474579309561754	-1.43948710454441	-0.70584875745519	-0.0109761603887726
-0.46831312068465	-1.43998333535455	-0.68327062997457	0.00909028448354141
-0.462046931807547	-1.41295641096295	-0.690238769290242	0.012746618487224
-0.455780742930443	-1.40699118650377	-0.663220891877838	0.0167702639106308
-0.449514554053339	-1.38506781367057	-0.654817321804997	0.0445174159412049
-0.443248365176235	-1.36240309205056	-0.643469040164438	0.0515466386233884
-0.436982176299131	-1.37122601472428	-0.652218218204483	0.050561604287491
-0.430715987422027	-1.35216196151725	-0.632812590989192	0.101843774611564
-0.424449798544923	-1.33344177066711	-0.626436309198048	0.106827150943663
-0.418183609667819	-1.32406100498474	-0.621072536550268	0.104904289468755
-0.411917420790715	-1.33417333967265	-0.583325998188092	0.104266525905707
-0.405651231913611	-1.31477343995089	-0.593902895567037	0.106058909519106
-0.399385043036507	-1.29863519967117	-0.580668583264943	0.153290638045804
-0.393118854159404	-1.28132742760118	-0.558742071644472	0.168728900903931
-0.386852665282299	-1.24691337293997	-0.564648434065868	0.161754430384402
-0.380586476405196	-1.26590180503247	-0.54890282630707	0.198874208398534
-0.374320287528092	-1.20450210690323	-0.527570300236851	0.165068003123196
-0.368054098650988	-1.21137314340585	-0.523743693930715	0.205957286485325
-0.361787909773884	-1.20170000896021	-0.500887353180819	0.21245059366107
-0.35552172089678	-1.21247316944318	-0.516112696921529	0.210133831442954
-0.349255532019676	-1.1933876098104	-0.489961427808522	0.216275193370555
-0.342989343142572	-1.18988140258178	-0.476560532093462	0.226259542556985
-0.336723154265468	-1.1830704608539	-0.456722079428881	0.233197323004389
-0.330456965388364	-1.13676171376197	-0.459753304357506	0.23575712434551
-0.32419077651126	-1.15999778851166	-0.451989420732095	0.282042430218953
-0.317924587634156	-1.13515634797119	-0.454961187922852	0.273090252979215
-0.311658398757052	-1.12186647710489	-0.415709526412611	0.263230962468404
-0.305392209879948	-1.09731661099073	-0.409902918554664	0.262497759346567
-0.299126021002845	-1.10029084640286	-0.397148697208305	0.294739531627701
-0.292859832125741	-1.10209212824589	-0.386280269735675	0.306934181456486
-0.286593643248637	-1.05926726175075	-0.373027670788415	0.323039930955493
-0.280327454371533	-1.03945245649533	-0.369724454627968	0.334802081173603
-0.274061265494429	-1.02970662249517	-0.338693636330523	0.307823335899503
-0.267795076617325	-1.04544850787325	-0.340526993744936	0.359328003721204
-0.261528887740221	-1.03541753820014	-0.331493841893366	0.33749585251752
-0.255262698863117	-1.04789607679637	-0.305528494543703	0.406892736499059
-0.248996509986013	-0.997492038681837	-0.308846167961858	0.374546230135458
-0.242730321108909	-1.01158223202768	-0.312445591379341	0.396347603066565
-0.236464132231805	-0.973096542085196	-0.282080808155169	0.391684248509478
-0.230197943354701	-1.00093940919912	-0.263966855720148	0.408787507307751
-0.223931754477598	-0.990974360358582	-0.271358415179233	0.422142008173993
-0.217665565600494	-0.943003066005009	-0.258776990146394	0.43307195010485
-0.21139937672339	-0.976457905848537	-0.236500090268444	0.4651272624958
-0.205133187846286	-0.908363696205289	-0.229828842423985	0.470127012839468
-0.198866998969182	-0.91825480594814	-0.213303524516444	0.460073336195969
-0.192600810092078	-0.873714905725459	-0.204524356539738	0.458330875819122
-0.186334621214974	-0.887331756716408	-0.19652227815586	0.486159874842068
-0.18006843233787	-0.88949540464861	-0.194461967154671	0.49365276939881
-0.173802243460766	-0.827680059636639	-0.18876013111013	0.510856842043911
-0.167536054583662	-0.826967500347264	-0.172870943734969	0.509154379244502
-0.161269865706558	-0.848996600551335	-0.157769260094082	0.532315434924038
-0.155003676829454	-0.862060270710547	-0.148282868124879	0.559753128672052
-0.14873748795235	-0.819200707996265	-0.140607577277339	0.523505971535682
-0.142471299075247	-0.811693477456573	-0.126130916914773	0.602400803533323
-0.136205110198143	-0.783156896828467	-0.11264545153877	0.567530704713762
-0.129938921321039	-0.797868837239926	-0.115165013717278	0.571393299767981
-0.123672732443935	-0.776441737972757	-0.0916821744640658	0.586162734178593
-0.117406543566831	-0.791448227918789	-0.0797912734334011	0.606520155581671
-0.111140354689727	-0.747208051747496	-0.0693988096135948	0.624975763127724
-0.104874165812623	-0.759454259669256	-0.0556037689483856	0.607610186728539
-0.098607976935519	-0.723761515253322	-0.032018624627451	0.671999486241717
-0.0923417880584152	-0.721218534128401	-0.024198043571487	0.634579022881749
-0.0860755991813111	-0.701699457886001	-0.0285988612976414	0.642518750449805
-0.0798094103042073	-0.679424054671699	-0.0202086707528668	0.653203926409634
-0.0735432214271032	-0.684014330061493	-0.00118026342386716	0.695490546073381
-0.0672770325499994	-0.686510368431819	0.0115609131465928	0.69520323993308
-0.0610108436728956	-0.678915107873714	0.0114029671277054	0.685662904239815
-0.0547446547957915	-0.650711034926092	0.0322518880593608	0.717922446524632
-0.0484784659186877	-0.665059826221	0.0520265488854689	0.756666647223085
-0.0422122770415838	-0.623104736648664	0.0564027897478597	0.719937561032554
-0.0359460881644798	-0.645736290925808	0.0637584346719319	0.758623013959066
-0.0296798992873759	-0.593900623174928	0.0684365402157897	0.740769455827708
-0.0234137104102721	-0.612958153017498	0.0905753338158374	0.736228249030942
-0.017147521533168	-0.590767716611216	0.0969672309363923	0.787787767243532
-0.0108813326560642	-0.595632563310723	0.112653814365362	0.777898852114123
-0.00461514377896011	-0.589717230040067	0.122963337168283	0.78946671647818
0.00165104509814373	-0.542318143195657	0.141380200801121	0.805385010020866
0.00791723397524757	-0.539058191569131	0.145430758531358	0.824441413466517
0.0141834228523516	-0.507372724199036	0.163225774497564	0.845138261947629
0.0204496117294555	-0.539249860474104	0.172182098629984	0.829992671636352
0.0267158006065595	-0.521210627719461	0.186229551786757	0.863788117477103
0.0329819894836634	-0.496819857835821	0.189914836475672	0.881892899953991
0.0392481783607672	-0.500883830391097	0.185147008027565	0.867366894559171
0.0455143672378713	-0.48756424007868	0.211543044264235	0.885925885639527
0.0517805561149751	-0.460385436963023	0.21845817109724	0.894581016319236
0.058046744992079	-0.463476245370722	0.219606926678184	0.89873948876776
0.064312933869183	-0.440462335862275	0.254520352608586	0.934416778796908
0.0705791227462869	-0.410350566741259	0.257946223257447	0.917884786792726
0.0768453116233907	-0.415128468191496	0.273091095365763	0.960545591411811
0.0831115005004948	-0.410310884753967	0.277201689998138	0.969330685819975
0.0893776893775986	-0.408409919393061	0.289302242959633	0.936047512771913
0.0956438782547027	-0.382257973580687	0.302009713991799	0.981981866818059
0.101910067131807	-0.394856063687754	0.29955934529332	1.00054991342389
0.10817625600891	-0.364226682941723	0.315240772479163	1.00079100699962
0.114442444886014	-0.333849757814068	0.339195708395629	1.00979803084394
0.120708633763118	-0.326951667527541	0.342448887522118	0.994906718023743
0.126974822640222	-0.313316813571186	0.345472027950101	1.02019778112195
0.133241011517326	-0.321143178628999	0.370794595786342	1.01926375178565
0.13950720039443	-0.312718307196388	0.393183303313322	1.03804077874507
0.145773389271534	-0.310701071975925	0.390564765346907	1.09350418630083
0.152039578148638	-0.315849686775765	0.393743134365904	1.06258305637037
0.158305767025742	-0.309249405907312	0.411843397485294	1.07267178103093
0.164571955902846	-0.265365938040887	0.416633608588241	1.11686391089094
0.17083814477995	-0.242985336134452	0.435477945307442	1.0834123188818
0.177104333657053	-0.251077387409966	0.45192691518095	1.09055107505371
0.183370522534157	-0.241770775050578	0.449797683774621	1.1503699028118
0.189636711411262	-0.226637162576134	0.463487148555527	1.14554828228963
0.195902900288365	-0.171745005956405	0.469343379314075	1.1610288269787
0.202169089165469	-0.19734918971198	0.48565830190825	1.15730517783916
0.208435278042573	-0.190336057152222	0.494137992123869	1.1820331878804
0.214701466919677	-0.179663470927491	0.510834465534604	1.15709278511535
0.220967655796781	-0.1547819150712	0.524079685700046	1.18444845389774
0.227233844673885	-0.151697908827241	0.517032806166527	1.23877696894536
0.233500033550989	-0.150920767491167	0.552118674917801	1.22594998007254
0.239766222428093	-0.141719562440205	0.553939190948598	1.23484794404776
0.246032411305197	-0.153640439053588	0.568405515797615	1.25378354640145
0.2522986001823	-0.144006596610064	0.589304443324511	1.24918897368379
0.258564789059405	-0.101117386754281	0.593619615949545	1.27797354320182
0.264830977936509	-0.0912211806687952	0.602836901708833	1.26202476461741
0.271097166813612	-0.0761147117950025	0.605416580908154	1.30066326755636
0.277363355690716	-0.0849950894839527	0.612377855996748	1.30340074339241
0.28362954456782	-0.0707043239754178	0.627769470519993	1.31155382905472
0.289895733444924	-0.052965575907228	0.643488067049331	1.29903318915119
0.296161922322028	-0.0697722572590048	0.641813782580339	1.3219373095524
0.302428111199132	-0.0320552590208301	0.669132827542147	1.36162201151167
0.308694300076236	-0.037531093171912	0.694181775434325	1.37377250625697
0.31496048895334	-0.0279526127153721	0.68952955117746	1.37282582736128
0.321226677830444	-0.040410991877176	0.695465621440054	1.37698438273725
0.327492866707548	0.00914858279268749	0.713435466937294	1.38761496576549
0.333759055584652	0.0295305234469826	0.721156367223705	1.44478363715002
0.340025244461756	0.0365848064040214	0.73695634497576	1.40095598788591
0.346291433338859	0.036187709367802	0.741124240883242	1.41639160675901
0.352557622215964	0.0487389873003858	0.75075096190498	1.43291598239728
0.358823811093067	0.0548665982109955	0.764926657560956	1.44586081139787
0.365089999970171	0.079416371258031	0.769263455596834	1.47787536904371
0.371356188847275	0.0725186810310058	0.791913998652977	1.49335743168633
0.377622377724379	0.0936774395193861	0.787940344302611	1.49369110279294
0.383888566601483	0.108717294670315	0.816584285109457	1.50702841012509
0.390154755478587	0.0864413735136966	0.802639637618819	1.54000283926066
0.396420944355691	0.117570363462281	0.838126089544167	1.53198122655979
0.402687133232795	0.127793620665236	0.822758092329424	1.52501860752657
0.408953322109899	0.135125224617243	0.85987411625358	1.56318502597378
0.415219510987002	0.1670620873331	0.866258931798051	1.54179402189558
0.421485699864107	0.157681417655402	0.869745583764826	1.60051745813317
0.427751888741211	0.20174085742523	0.88573520275739	1.57724655226017
0.434018077618314	0.18566483215645	0.881647762455367	1.63312274369378
0.440284266495418	0.186435689233895	0.905858395880264	1.61286577813558
0.446550455372522	0.20647874765075	0.914833507640861	1.65269886679035
0.452816644249626	0.207546229603015	0.929408736644505	1.64673531171549
0.45908283312673	0.25214076150146	0.939377829232515	1.65990089393882
0.465349022003834	0.253636754496489	0.951460170451821	1.68793136109976
0.471615210880938	0.237644115849071	0.953091173202348	1.70795464942072
0.477881399758042	0.263421671114671	0.969026580314266	1.68186147670727
0.484147588635146	0.248609911400501	0.97869474864315	1.71404675125065
0.49041377751225	0.297706576188357	1.0031358897978	1.71371966902462
0.496679966389354	0.288642967780164	1.01567701312687	1.70301262022068
0.502946155266458	0.343244650038929	1.0126075781203	1.73159940317848
0.509212344143561	0.309315411199167	1.03337468336933	1.76212119356173
0.515478533020665	0.31685311062448	1.04459401088455	1.76064312764593
0.52174472189777	0.307462379927049	1.05537076023296	1.7756767423809
0.528010910774873	0.317507414404997	1.06725251027576	1.82264716953904
0.534277099651977	0.342786589810835	1.07729651126651	1.77847842268415
0.540543288529081	0.348569173877871	1.08049957743056	1.79745286443177
0.546809477406185	0.365012344721789	1.09791989546016	1.8349163651078
0.553075666283289	0.349645456957177	1.10850001350216	1.84559778107139
0.559341855160393	0.373544907887265	1.11568182042923	1.85383254767847
0.565608044037497	0.395675876938659	1.13821510567351	1.82457448350477
0.571874232914601	0.384549845253073	1.13701005590906	1.85062514569292
0.578140421791705	0.41795262139649	1.15305323722739	1.83267157219283
0.584406610668808	0.420030960745116	1.16192256138754	1.8880361115599
0.590672799545913	0.443383634459912	1.17275895406217	1.91079014157636
0.596938988423017	0.447403373521747	1.17757464441501	1.9150204379517
0.60320517730012	0.456332916222634	1.19273742772171	1.89786424968846
0.609471366177224	0.504160382974697	1.20367825019522	1.95048944878791
0.615737555054328	0.446349266403353	1.22139903466263	1.97063773921111
0.622003743931432	0.474790383221187	1.23864691494186	1.94318401880083
0.628269932808536	0.534202744832978	1.24206531325549	1.97124517940582
0.63453612168564	0.454275599750916	1.25870938956862	2.01346902366531
0.640802310562744	0.478042345600782	1.26668801889669	2.00672376464719
0.647068499439848	0.537210396613997	1.26718468590547	2.01897533779097
0.653334688316952	0.547252454244493	1.29104536964517	2.03954297496209
0.659600877194056	0.572841094628934	1.29648059441857	2.03380177296218
0.66586706607116	0.536404051763538	1.29827025826773	2.04721780398927
0.672133254948263	0.583676549178543	1.31903298866814	2.09515222132073
0.678399443825367	0.567327583100161	1.32195584264171	2.06563832118994
0.684665632702471	0.577603403047883	1.32070064349266	2.10171729000399
0.690931821579575	0.59808858286561	1.35686676153061	2.13727496222873
0.697198010456679	0.604713252297336	1.33657903825833	2.11532613764652
0.703464199333783	0.64214796650244	1.37055588911144	2.09747012635754
0.709730388210887	0.59814853515567	1.36570599003955	2.11014248499468
0.715996577087991	0.668488326871744	1.39278287204924	2.14427488635345
0.722262765965095	0.647060473697445	1.39958467437727	2.17020479458291
0.728528954842199	0.638891781921309	1.41497437475477	2.18737523581614
0.734795143719303	0.6688795649802	1.43159863036162	2.17151672612424
0.741061332596407	0.658469379236486	1.44105160646962	2.20975493258641
0.74732752147351	0.700039393353331	1.44153257017367	2.2279923578585
0.753593710350615	0.662404236371183	1.46191853299356	2.23095704292725
0.759859899227719	0.719680616544226	1.4754078209768	2.24628342774974
0.766126088104822	0.681899724031255	1.47001851137795	2.23692726725206
0.772392276981926	0.73077376567645	1.50029256669067	2.28887435074321
0.77865846585903	0.73693050590995	1.50147172108117	2.26416877699364
0.784924654736134	0.720586864029392	1.51361508948211	2.30341953675057
0.791190843613238	0.740572811040825	1.51597214814606	2.28260110744748
0.797457032490342	0.741371478879739	1.534557749511	2.30744933547039
0.803723221367446	0.740411213304595	1.56195727527263	2.3364403812262
0.80998941024455	0.781727915639655	1.56082129855572	2.33319187653137
0.816255599121654	0.784329966433567	1.57715260272588	2.3793708118864
0.822521787998758	0.788539150268267	1.59627470921574	2.36421460534543
0.828787976875862	0.791636309789668	1.5914738209744	2.39705856637058
0.835054165752966	0.7498268577192	1.61796277910495	2.41806602056769
0.841320354630069	0.792577325197199	1.60589939424219	2.40308259916435
0.847586543507173	0.849407571039978	1.61554914694048	2.42640683027214
0.853852732384277	0.842534175309934	1.62912292176328	2.42241057178212
0.860118921261381	0.84207715440706	1.64787147528687	2.45121618430667
0.866385110138485	0.872516369812601	1.65804281984599	2.46457062006099
0.872651299015589	0.884046176968404	1.66828188335582	2.4540214685083
0.878917487892693	0.891816459645798	1.68543324025316	2.46341787215535
0.885183676769797	0.897835114762061	1.69559999062149	2.51796582535357
0.891449865646901	0.888462471432138	1.6972591606084	2.5119229757578
0.897716054524005	0.916617818002944	1.72334654655746	2.5243957362744
0.903982243401109	0.92622976199542	1.72386589902054	2.530829865561
0.910248432278213	0.935465384810121	1.74357294356755	2.5315355664513
0.916514621155316	0.896932440945593	1.75014423029469	2.54244300388844
0.922780810032421	0.945718772596753	1.75431553551472	2.59470464913966
0.929046998909524	0.998750707505519	1.77744707068087	2.58174798698885
0.935313187786628	0.977628149876537	1.76960277066737	2.58645217288017
0.941579376663732	0.987272140972589	1.80222115272659	2.59495119559927
0.947845565540836	0.990000274540402	1.80916614789772	2.59618633561425
0.95411175441794	1.0391314272745	1.81584199409947	2.61484354584902
0.960377943295044	0.998442658227053	1.82468546317543	2.64153934468889
0.966644132172148	1.05071181462092	1.84097583807548	2.70387154472569
0.972910321049252	1.020500333208	1.84182778334571	2.69275643098642
0.979176509926356	1.05968804614351	1.86042295949945	2.69342303202764
0.98544269880346	1.05453461884221	1.88489647747922	2.69404215272866
0.991708887680564	1.03653489009514	1.87850108227173	2.68710377118925
0.997975076557668	1.05770129835571	1.88577822624404	2.68590625604649
1.00424126543477	1.04808393054753	1.90790366488551	2.74127468007523
1.01050745431188	1.058044910685	1.9076774615489	2.77278165433895
1.01677364318898	1.11770177075766	1.91387847492296	2.78997778696983
1.02303983206608	1.08372562195727	1.93739045377216	2.79099640034149
1.02930602094319	1.1480844099215	1.950418706739	2.77425098545928
1.03557220982029	1.11653372578073	1.96944901802867	2.78472755384977
1.04183839869739	1.14110059083291	1.97423451223985	2.83076205007889
1.0481045875745	1.09222324779705	1.97843331587376	2.84579978033853
1.0543707764516	1.14364216801874	2.0031894132952	2.89519122083927
1.06063696532871	1.17258267599257	2.00931602846952	2.88660145484376
1.06690315420581	1.15777838935396	2.01450705784476	2.88276948784937
1.07316934308291	1.17217664372504	2.02897642167254	2.86571636431933
1.07943553196002	1.16290189436145	2.03268418651494	2.91863424248029
1.08570172083712	1.21898241740671	2.05486345288199	2.94850547958165
1.09196790971423	1.15907151202318	2.06053610125833	2.94302179680214
1.09823409859133	1.22201360002027	2.06734311267148	3.00023454924776
1.10450028746843	1.1836690869874	2.07690003487163	2.94764664879124
1.11076647634554	1.20040928602395	2.08573372489856	2.97714541540423
1.11703266522264	1.23143730678393	2.08868381047988	2.97650547704272
1.12329885409975	1.25728226768366	2.11815273433004	3.04538483065142
1.12956504297685	1.2734753955531	2.13014201140007	2.98206508807328
1.13583123185395	1.22548840074079	2.13356144483545	3.03816146968098
1.14209742073106	1.3023099867928	2.14692915264085	3.02904570284563
1.14836360960816	1.28107235657584	2.1601117557588	3.0117369312253
1.15462979848527	1.31260490628731	2.16256728049999	3.0417946290903
1.16089598736237	1.31360185198494	2.1701070607057	3.06718461737659
1.16716217623947	1.3238396391463	2.18725703920196	3.08334165612172
1.17342836511658	1.33589716849196	2.19979494117718	3.07642163524936
1.17969455399368	1.34287801512164	2.21614288802277	3.1219919097442
1.18596074287079	1.3093373790725	2.23549157876187	3.15660879472342
1.19222693174789	1.33983443716518	2.22189902250426	3.16534339541924
1.19849312062499	1.36148379641088	2.23549135641864	3.14205059901573
1.2047593095021	1.35649206901513	2.25169119144732	3.1650428853146
1.2110254983792	1.40223672769426	2.25907953472131	3.17488593982478
1.2172916872563	1.39525863403022	2.28726684225183	3.18650805351359
1.22355787613341	1.40537493899755	2.30373498692979	3.20312269633941
1.22982406501051	1.41633648999626	2.29181428797882	3.1871401415319
1.23609025388762	1.36907841726253	2.30972946882629	3.21651377529396
1.24235644276472	1.4223440911762	2.31556500574364	3.24366742890646
1.24862263164182	1.4259708969783	2.33816949269066	3.25007859071714
1.25488882051893	1.43308774852238	2.32815515018644	3.21474511486335
1.26115500939603	1.43244530681157	2.36362757959436	3.30385544271516
1.26742119827314	1.42187587830867	2.36730986123339	3.29232021841515
1.27368738715024	1.42992824529877	2.37946648582748	3.34334946310681
1.27995357602734	1.4554633211246	2.38324072192082	3.32877329612812
1.28621976490445	1.52120863298637	2.41248772388579	3.31187029850032
1.29248595378155	1.48694487663134	2.42653933960719	3.35892455237906
1.29875214265866	1.5077282739509	2.42145776240044	3.37052749197796
1.30501833153576	1.52579018820444	2.43929394027875	3.36542728735949
1.31128452041286	1.51088420871237	2.43793686177491	3.363426799998
1.31755070928997	1.54359928360613	2.45418527996886	3.41558831329805
1.32381689816707	1.55556401173876	2.46680103262887	3.39606691218209
1.33008308704418	1.53621814807996	2.483524856281	3.42263184343947
1.33634927592128	1.56734456133426	2.48262425495452	3.44145447722971
1.34261546479838	1.56239483984835	2.49335215568302	3.46048231561423
1.34888165367549	1.58115554526677	2.51608431938201	3.45983065317011
1.35514784255259	1.57862079251515	2.53246966490038	3.44701049586839
1.3614140314297	1.57183744016635	2.52727232691356	3.51266976459506
1.3676802203068	1.61601420764302	2.52708108294947	3.5206131584269
1.3739464091839	1.62316798796584	2.56659494642115	3.52574966403256
1.38021259806101	1.60804705216935	2.56150409298219	3.53794226208517
1.38647878693811	1.62754636304593	2.58054186512039	3.54561783025631
1.39274497581521	1.62267910489653	2.59267519227433	3.53583211896347
1.39901116469232	1.62118168419723	2.59619952749477	3.57795879368817
1.40527735356942	1.62881379197196	2.6134844455305	3.55928239660268
1.41154354244653	1.63286145897693	2.63178273350012	3.60889637342746
1.41780973132363	1.64595842083872	2.63086585110825	3.5700604127105
1.42407592020073	1.6596071632	2.6385470861516	3.60327323936707
1.43034210907784	1.67974805719942	2.64645485072315	3.62203558795505
1.43660829795494	1.68454531999222	2.66165388789428	3.66264316114218
1.44287448683205	1.71603905166396	2.6810463156024	3.66549793836999
1.44914067570915	1.73077500686113	2.6914540406642	3.69319818066258
1.45540686458625	1.75693329941785	2.67261319799818	3.67074416291473
1.46167305346336	1.74193853550634	2.70002639006231	3.69233376349546
1.46793924234046	1.72650399506651	2.72789630677331	3.72375084634886
1.47420543121757	1.73703743278982	2.73484343015103	3.7207269110372
1.48047162009467	1.73512501822484	2.73828328827379	3.68557581960363
1.48673780897177	1.7495913516928	2.75025662235319	3.76137859191983
1.49300399784888	1.74429759525785	2.76620904187396	3.77673184569505
1.49927018672598	1.79007703912726	2.76549282747739	3.75953530606653
1.50553637560309	1.77652745264295	2.79739801741164	3.78970725315984
1.51180256448019	1.79846359709964	2.7883006902887	3.79046410942276
1.51806875335729	1.85467693541121	2.81267125535746	3.80058438495622
1.5243349422344	1.82904289404962	2.80761022179052	3.82193357351448
1.5306011311115	1.82318680792492	2.82393932373968	3.84321456773929
1.5368673199886	1.85768754206355	2.84403540356217	3.85328048429158
1.54313350886571	1.85920842549536	2.83693510037939	3.86086671306362
1.54939969774281	1.83046070603597	2.87524908264187	3.89585057007336
1.55566588661992	1.83979320461089	2.87433496520604	3.89911174755649
1.56193207549702	1.9030909018007	2.89142233019705	3.94300228330089
1.56819826437412	1.91453791633891	2.90994307159965	3.93284778734732
1.57446445325123	1.91764173818117	2.90323524119932	3.94020535487906
1.58073064212833	1.91427796570809	2.9093298985762	3.95973089353341
1.58699683100544	1.90572079028072	2.93738311280869	3.98006863909607
1.59326301988254	1.88690976754256	2.94709365170146	3.98157157550889
1.59952920875964	1.93998822349656	2.96941700646371	3.98992431321863
1.60579539763675	1.9541584094202	2.96037835573799	4.01923865482214
1.61206158651385	1.92602877645612	2.96904147090827	4.00993192624657
1.61832777539096	1.98345222569456	2.98586684815866	4.03608136098471
1.62459396426806	1.98359119661335	3.00197482778007	4.040540119482
1.63086015314516	1.98069498957414	3.01453284755794	4.06573005095597
1.63712634202227	1.94454595221791	3.01573850154585	4.06545023188372
1.64339253089937	1.96623149485714	3.0347044743579	4.07180750744837
1.64965871977648	1.98860433569819	3.04343829514706	4.05760153779927
1.65592490865358	2.03169876258401	3.04794222716346	4.11602300084462
1.66219109753068	2.03872103706153	3.07024058794631	4.17781024527546
1.66845728640779	2.05058101514815	3.06986132447895	4.15779608265981
1.67472347528489	2.02907884514166	3.08796953643564	4.14206678733206
1.680989664162	2.02762579986824	3.09599384914718	4.17024449170039
1.6872558530391	2.07467069279618	3.09573131898202	4.16376002177084
1.6935220419162	2.07661275526698	3.1196137599471	4.22884921766335
1.69978823079331	2.06273377833307	3.12249297599621	4.21099889506844
1.70605441967041	2.07656711829192	3.13289179308691	4.23857428118986
1.71232060854751	2.06851695104494	3.16051563301691	4.26084635501119
1.71858679742462	2.08608233283497	3.1477980217951	4.24760499646764
1.72485298630172	2.11117184477468	3.17593094493108	4.22855919700972
1.73111917517883	2.11568004662234	3.18701633161063	4.28218605134871
1.73738536405593	2.14034478500359	3.20599838681457	4.29692258112596
1.74365155293303	2.08915387657832	3.21073372287075	4.30496093623141
1.74991774181014	2.1309602863974	3.20998164098862	4.3508058395874
1.75618393068724	2.14821796047751	3.23651323172597	4.33578214323284
1.76245011956435	2.15200760338639	3.22864935583561	4.34364122373909
1.76871630844145	2.18017904746439	3.254318072669	4.32085388157275
1.77498249731855	2.1421965332165	3.26869220650232	4.36092841012523
1.78124868619566	2.1963949399215	3.27028600583807	4.4016354704669
1.78751487507276	2.2244360350922	3.28877901460061	4.42446606436864
1.79378106394987	2.22226463727285	3.29538394780617	4.46050064478364
1.80004725282697	2.23003286018752	3.30531889177196	4.45610263869848
1.80631344170407	2.22037954773656	3.31105439018212	4.41826793898767
1.81257963058118	2.22584241189011	3.32840565127249	4.47244392227628
1.81884581945828	2.23062464354178	3.34802707891362	4.48742443238644
1.82511200833539	2.23903563911021	3.34620560489197	4.49439838839442
1.83137819721249	2.22114993034222	3.35534959332325	4.46153745742204
1.83764438608959	2.24790568478357	3.38392432379108	4.5288613481227
1.8439105749667	2.27498721643591	3.37344882300505	4.56871287514326
1.8501767638438	2.27528682791401	3.39440706484878	4.56748776466392
1.8564429527209	2.26555222370136	3.39030382920827	4.56536207682769
1.86270914159801	2.27847718283774	3.41644888363084	4.58015972393478
1.86897533047511	2.27992118769004	3.43695857550182	4.59057417651311
1.87524151935222	2.34749815134577	3.43415460350135	4.58412949447138
1.88150770822932	2.32806592114439	3.44160070289916	4.58233351553275
1.88777389710642	2.31923108105824	3.45871355562457	4.62735346516786
1.89404008598353	2.34169250696372	3.46126764150204	4.66185132056028
1.90030627486063	2.31657710700984	3.4831413030748	4.63449049438211
1.90657246373774	2.34944528233627	3.48495509982945	4.64451539562492
1.91283865261484	2.34347702256258	3.50317736415007	4.6596938789349
1.91910484149194	2.3602552863601	3.51443054615742	4.67802478505604
1.92537103036905	2.36710999980574	3.52540291728793	4.70325562975368
1.93163721924615	2.40999364172021	3.52234914120117	4.70465285850757
1.93790340812326	2.42341692115051	3.54909155566584	4.72706483883388
1.94416959700036	2.4206774756691	3.56342733202241	4.72497264426543
1.95043578587746	2.41590857989989	3.56344044795725	4.74321647671394
1.95670197475457	2.37255549653528	3.58390771265657	4.76060350497726
1.96296816363167	2.45569598028232	3.60284702282404	4.78751281494362
1.96923435250878	2.41833634962011	3.61078949280897	4.83826232350749
1.97550054138588	2.45513400525264	3.6253524111077	4.77285439515171
1.98176673026298	2.48122774792856	3.62936717579075	4.81737674676776
1.98803291914009	2.44150298550906	3.64452074179571	4.8272759521198
1.99429910801719	2.41537326939116	3.65973885461786	4.82495465859038
2.0005652968943	2.46878956306671	3.66766458556146	4.86337030398535
2.0068314857714	2.46097213549536	3.66245016635761	4.86391522123632
2.0130976746485	2.50446721902278	3.66440279899445	4.94252374651405
2.01936386352561	2.51663906798457	3.68064885661197	4.916895816728
2.02563005240271	2.50576675231788	3.68895804185835	4.93027144980445
2.03189624127981	2.49859959366784	3.69939359257204	4.93749277324959
2.03816243015692	2.53093331887126	3.73432392553171	4.93999097181971
2.04442861903402	2.55810631712115	3.73931663522319	4.9331473863236
2.05069480791113	2.5973794628803	3.74634240817379	4.9475200861163
2.05696099678823	2.58228631310341	3.75339005472005	4.99763969390608
2.06322718566533	2.57933171713871	3.76507041847829	5.0321858647682
2.06949337454244	2.59870947403443	3.79670331072702	5.02949286901812
2.07575956341954	2.56988782432941	3.79148150086762	5.03240573671817
2.08202575229665	2.62776618582953	3.81672773401011	5.04748960035614
2.08829194117375	2.61239793807529	3.80205077886544	5.0687043474616
2.09455813005085	2.58522967828509	3.83773103014792	5.0855979252525
2.10082431892796	2.61029442595653	3.84208003631385	5.07862966338493
2.10709050780506	2.58991684354121	3.84172165375647	5.09610480665331
2.11335669668217	2.64562326681681	3.85384180070715	5.12546904162605
2.11962288555927	2.62005086521591	3.87357749918245	5.16786986201965
2.12588907443637	2.62124830262761	3.88100028374737	5.12693921220597
2.13215526331348	2.65046886278309	3.89729138180133	5.17216488097681
2.13842145219058	2.72693110131658	3.91212143376165	5.1645927378376
2.14468764106769	2.67579409960797	3.93806013466215	5.17458021324292
2.15095382994479	2.6907657116018	3.92381354114127	5.19419269771098
2.15722001882189	2.70018740402546	3.94782060130667	5.18622538297577
2.163486207699	2.74711308165921	3.93682285642301	5.22443441948963
2.1697523965761	2.69642061076439	3.97249228554007	5.25754032720742
2.17601858545321	2.72337744822521	3.9716152846132	5.19589423710005
2.18228477433031	2.75228050492526	3.97944996600865	5.29748118085931
2.18855096320741	2.70174715658971	3.99731280807947	5.27126422415425
2.19481715208452	2.73480652239968	4.01056271141674	5.32106883418008
2.20108334096162	2.79055549546085	4.02983326219031	5.32026559473475
2.20734952983873	2.73539306988878	4.01420362643156	5.36570713787105
2.21361571871583	2.78503112862603	4.03065946313349	5.37781143642979
2.21988190759293	2.79776993865562	4.03895826366466	5.35719281009374
2.22614809647004	2.77030857989961	4.0597797300635	5.35775668029155
2.23241428534714	2.81751988147774	4.0636453576649	5.39415058344969
2.23868047422424	2.82514491253236	4.0912080087141	5.44019971633797
2.24494666310135	2.83125697440322	4.08012235633075	5.41280415292691
2.25121285197845	2.77505536865794	4.08955523505434	5.41517117240885
2.25747904085556	2.80437649341786	4.1133231458959	5.44985736852913
2.26374522973266	2.84871981226365	4.11235140946496	5.4527307859188
2.27001141860976	2.85175188372428	4.12747540338674	5.45094625512754
2.27627760748687	2.87407221474274	4.12654470813542	5.49553275086113
2.28254379636397	2.85326213858163	4.14335847885533	5.44589577157687
2.28880998524108	2.89505322089244	4.15714012680953	5.52938261952236
2.29507617411818	2.89636234053788	4.18501917346424	5.48929625093509
2.30134236299528	2.92223137381389	4.1950452140063	5.54830491269257
2.30760855187239	2.89087748476888	4.18858708356689	5.55952850130279
2.31387474074949	2.92654702423345	4.20149567982486	5.57073173815938
2.3201409296266	2.93348611658959	4.2229507674663	5.55747924497022
2.3264071185037	2.9422176933262	4.2382675742642	5.59672048020372
2.3326733073808	2.9603077964975	4.2372939918758	5.55116993484077
2.33893949625791	2.99062661435973	4.2694989946435	5.58852070839857
2.34520568513501	2.93622885010393	4.26236459704084	5.58910145706631
2.35147187401211	2.9406462790616	4.27902672352565	5.67135855749007
2.35773806288922	2.98678378703498	4.29842077839395	5.64958195732699
2.36400425176632	2.99655243420642	4.30137314239708	5.65166364246031
2.37027044064343	2.96065253980794	4.29499763718797	5.63109152355269
2.37653662952053	2.99145951879644	4.31595870862352	5.71168356193106
2.38280281839763	2.99628460755193	4.32866311507395	5.6794790049874
2.38906900727474	3.05788637321068	4.34943059670606	5.68052789977511
2.39533519615184	3.0238247811885	4.35357014969387	5.72706994258933
2.40160138502895	3.0506274864832	4.3690006494648	5.7609137779426
2.40786757390605	3.03329448081544	4.39217762203484	5.74584503666314
2.41413376278315	3.07501191711045	4.38089061822811	5.80369217669695
2.42039995166026	3.06097135875114	4.40346387534859	5.75996419156372
2.42666614053736	3.07906903689488	4.40925207248911	5.80313254797361
2.43293232941447	3.06114305895087	4.42881038307382	5.79812191838314
2.43919851829157	3.04156523973968	4.43223877513146	5.88138834075118
2.44546470716867	3.09669290542894	4.44564252042967	5.81087433659783
2.45173089604578	3.09875324694138	4.47114208837279	5.805489894369
2.45799708492288	3.11776021126725	4.4771702472646	5.83050915306798
2.46426327379999	3.12245091598027	4.48076656948837	5.86271629259493
2.47052946267709	3.11139293256182	4.4973400147891	5.87907868256967
2.47679565155419	3.10557975815456	4.49552405968226	5.8784231232595
2.4830618404313	3.14528274420231	4.51608169656824	5.94020136557814
2.4893280293084	3.1801092037426	4.54052659162342	5.9173880060889
2.49559421818551	3.18027771596898	4.52370885311978	5.96274052259798
2.50186040706261	3.17312456382489	4.55084632173078	5.9965382674238
2.50812659593971	3.158629281749	4.54678672158199	5.97168330917352
2.51439278481682	3.20166816941092	4.55617503138186	6.00840929653615
2.52065897369392	3.20736012055166	4.57625483832014	6.08629531150554
2.52692516257102	3.21597546323677	4.60289243385838	6.01942271892708
2.53319135144813	3.21384931333058	4.58959931337128	6.05456984240762
2.53945754032523	3.22931622322674	4.61459189493567	5.99007915256066
2.54572372920234	3.2267897707966	4.62041450982759	6.03741605985157
2.55198991807944	3.27631580996688	4.63330444225082	6.05909787475025
2.55825610695654	3.26270514523946	4.62867665029024	6.07940815512919
2.56452229583365	3.27849342340122	4.66350761703231	6.13434895548194
2.57078848471075	3.21180245999449	4.66914694987468	6.1374363131722
2.57705467358786	3.2156792164121	4.67886772584405	6.11069405965551
2.58332086246496	3.27145237752476	4.69771182032832	6.1714261953169
2.58958705134206	3.29465197427726	4.6931831833597	6.18717050808072
2.59585324021917	3.29069143878543	4.7199886282977	6.14717841425015
2.60211942909627	3.2611818832807	4.73075579222254	6.1698630534971
2.60838561797338	3.29859659078021	4.73113944072426	6.18997608713323
2.61465180685048	3.33447446554348	4.74882614402544	6.2185409346185
2.62091799572758	3.33680609118582	4.7625718272951	6.26111284245922
2.62718418460469	3.32117230715512	4.76146911006292	6.24546349154377
2.63345037348179	3.35180259516918	4.77839212192074	6.29069030196202
2.6397165623589	3.32122053750161	4.78677301441516	6.2571365307991
2.645982751236	3.32962806311309	4.80295002020275	6.30475484036811
2.6522489401131	3.36663520693929	4.81561437532479	6.29442681275245
2.65851512899021	3.38774914304868	4.83220060870983	6.27181183931281
2.66478131786731	3.35616029879103	4.8555774828131	6.34743844430674
2.67104750674441	3.32803752887999	4.84422056454179	6.32548257868986
2.67731369562152	3.36617626272463	4.84600936497417	6.27879857517613
2.68357988449862	3.35896457178228	4.85652504433025	6.39355524512479
2.68984607337573	3.45697943386039	4.88189645943233	6.38870746658445
2.69611226225283	3.39890069710761	4.88310872535892	6.41263349547348
2.70237845112993	3.42660633160097	4.91051587563101	6.35362832978708
2.70864464000704	3.46945159098378	4.90687760884534	6.4482636902535
2.71491082888414	3.42144176012034	4.91410928766275	6.46156934418804
2.72117701776125	3.47871796267065	4.94096763409931	6.46473977656213
2.72744320663835	3.50431653119408	4.95374013470674	6.43374006982267
2.73370939551545	3.46111468885784	4.94203673797785	6.49171273288631
2.73997558439256	3.50799129411375	4.97533592800445	6.47609792782005
2.74624177326966	3.47371363488858	4.96566560817517	6.56896326733412
2.75250796214677	3.50505318137568	4.96151320382643	6.50695445745383
2.75877415102387	3.51773268845619	5.00676345150119	6.56457956513653
2.76504033990097	3.54436678372348	5.03299615612001	6.52914624802248
2.77130652877808	3.49659892990336	5.03302016882	6.57894451791671
2.77757271765518	3.5500892217434	5.04658779590906	6.56167357507815
2.78383890653229	3.56393621067734	5.06760071215203	6.56123730825328
2.79010509540939	3.55101383892323	5.04558597583129	6.56324250456876
2.79637128428649	3.51172471635036	5.06296106916418	6.63992470119583
2.8026374731636	3.53719783872553	5.06838948378804	6.60408974470052
2.8089036620407	3.56357112831674	5.08539773732108	6.62367258666138
2.8151698509178	3.60404577393547	5.09979494043036	6.64056986516293
2.82143603979491	3.58093228922172	5.10203908266075	6.68364735312115
2.82770222867201	3.55908429499969	5.14420743876732	6.71917722527635
2.83396841754912	3.61793086787801	5.14419258439931	6.72319478207277
2.84023460642622	3.59600973883576	5.15082273672644	6.7248822020192
2.84650079530332	3.57335937101529	5.14185137842902	6.69248859130843
2.85276698418043	3.65620337264032	5.15202983484736	6.74086644644218
2.85903317305753	3.63524639120246	5.17897759093568	6.76611537508248
2.86529936193464	3.6553859463525	5.1879122638751	6.79543167790212
2.87156555081174	3.66643428208762	5.18929036185713	6.78769224163181
2.87783173968884	3.6938058624024	5.20457143970906	6.82202624757037
2.88409792856595	3.61375214970952	5.20372652986931	6.78815561993339
2.89036411744305	3.67073586641594	5.24255996275364	6.81438965794056
2.89663030632016	3.65722997401769	5.22824215415963	6.84622013754009
2.90289649519726	3.62728469293211	5.23674380261538	6.87284080623249
2.90916268407436	3.71561218206298	5.25843937232062	6.86251955367119
2.91542887295147	3.75999167365709	5.26575860553855	6.88237444320516
2.92169506182857	3.70324968728579	5.27866397697911	6.88240746007997
2.92796125070568	3.76995764227764	5.29335430624085	6.8883044510398
2.93422743958278	3.74670370677597	5.29804539297031	6.9180548851492
2.94049362845988	3.81439986442764	5.32931634170469	6.95050377306985
2.94675981733699	3.75504796332795	5.32030578648426	6.96022594489634
2.95302600621409	3.7366733952846	5.34270500223169	6.96437191020223
2.9592921950912	3.72094656468342	5.3560190158338	6.95386025108827
2.9655583839683	3.75295016962454	5.3890540915039	6.98655515924176
2.9718245728454	3.7783811559169	5.38635995465221	7.01797577490321
2.97809076172251	3.82114183112749	5.41037199763847	7.03191510744931
2.98435695059961	3.77783950178893	5.37145875421115	7.00390503277874
2.99062313947672	3.77481328489786	5.39958783627878	7.11559781004649
2.99688932835382	3.84551313395841	5.41603545551025	7.03930206721082
3.00315551723092	3.83542719183303	5.42196938463865	7.09904269182062
3.00942170610803	3.84046207828567	5.44187386141667	7.08773669421116
3.01568789498513	3.86943358978515	5.47047842100076	7.06889175180669
3.02195408386223	3.86321122270005	5.46932611062899	7.15353364442056
3.02822027273934	3.85629971654944	5.48283037331806	7.19022109686254
3.03448646161644	3.90026086739856	5.47384478696312	7.15419276184099
3.04075265049355	3.87652503444932	5.49239870199754	7.14918333072745
3.04701883937065	3.9016058103379	5.49469734264226	7.14780447592357
3.05328502824775	3.8839371403902	5.50777091059238	7.19201333149641
3.05955121712486	3.87694052157353	5.53614933876586	7.23113973883378
3.06581740600196	3.93700817826946	5.55084230576852	7.22214249692278
3.07208359487907	3.95325376164737	5.54299936625712	7.26222263434983
3.07834978375617	3.95154140561415	5.57893286160335	7.24089309387173
3.08461597263327	3.91207752973805	5.57974000380679	7.24630403538481
3.09088216151038	3.98132363593523	5.58170280566267	7.29566606531513
3.09714835038748	3.98177652898779	5.59659986690734	7.29427378134163
3.10341453926459	3.95206468380663	5.61346249984893	7.29151161079293
3.10968072814169	3.94278560227917	5.62017228496596	7.34704282679952
3.11594691701879	4.03226064789411	5.62977444956273	7.32787078121766
3.1222131058959	4.02023717544678	5.62987943414416	7.37770460591386
3.128479294773	3.97073789790674	5.65129865566942	7.36454296472245
3.1347454836501	4.05362892290716	5.66640572037649	7.39462651641237
3.14101167252721	4.04901694343634	5.68775832813847	7.39906164769957
3.14727786140431	4.01909134135263	5.69147284161633	7.40518440736624
3.15354405028142	4.0652607718155	5.70964198382659	7.4177950938628
3.15981023915852	4.04050054939876	5.71502366593958	7.38692715137321
3.16607642803562	4.14311968283366	5.72845696094005	7.40583712713822
3.17234261691273	4.07662779367443	5.72253809540016	7.46284328002231
3.17860880578983	4.06490168966485	5.7420495410314	7.50644430301475
3.18487499466694	4.09692064051287	5.76140014280117	7.45769612254466
3.19114118354404	4.09165702122068	5.76060834528345	7.48723019982467
3.19740737242114	4.06734495823647	5.77067135680786	7.51602468749082
3.20367356129825	4.12157577339011	5.77700400036632	7.47986074452665
3.20993975017535	4.14958312079626	5.80476100921523	7.56421192026787
3.21620593905246	4.11044692468035	5.80980775676286	7.56467980119836
3.22247212792956	4.10906731437637	5.80180624130191	7.59777007635213
3.22873831680666	4.13412415000342	5.82323939561803	7.56290048635491
3.23500450568377	4.13855725301926	5.84255401948562	7.62634231173427
3.24127069456087	4.10971424384705	5.84444561120702	7.63458992367257
3.24753688343798	4.13072662865337	5.85863096176957	7.64997396239985
3.25380307231508	4.18382912218271	5.85663422784628	7.68394915241266
3.26006926119218	4.18217914285711	5.88260665660502	7.68596860823671
3.26633545006929	4.13856654967252	5.8810936341284	7.64295154043821
3.27260163894639	4.2121104918431	5.91970477395248	7.66769656919799
3.2788678278235	4.19691555336327	5.92351340084977	7.6518549135566
3.2851340167006	4.22401515263079	5.93603284954057	7.64531009157439
3.2914002055777	4.25580223792231	5.94210229797552	7.75212655830123
3.29766639445481	4.24392957211748	5.94135847964364	7.73686410305944
3.30393258333191	4.24020221850874	5.9645290602318	7.7333345570909
3.31019877220902	4.27555968910999	5.97669341926333	7.7606026466169
3.31646496108612	4.25995000801351	5.98402822436416	7.72847357992727
3.32273114996322	4.24259319400828	5.99467400473525	7.78445065011593
3.32899733884033	4.21858582236827	5.99873849283151	7.80373011936479
3.33526352771743	4.23057277398882	6.03345264330332	7.85148190968745
3.34152971659453	4.22904021934542	6.04843173553769	7.80604591239041
3.34779590547164	4.33426791108469	6.06088551299643	7.86106867378446
3.35406209434874	4.28408490483054	6.05351867408638	7.86724404124927
3.36032828322585	4.32479387803096	6.05649036050788	7.83724860447004
3.36659447210295	4.33092208141362	6.06522175252845	7.87506846720784
3.37286066098005	4.37404014277246	6.07781435499494	7.93277984365519
3.37912684985716	4.33776042089763	6.10909577108077	7.84019140373526
3.38539303873426	4.37525002320129	6.10521837077745	7.94241306388917
3.39165922761137	4.34583318456545	6.12534751919521	7.90775660913073
3.39792541648847	4.38532359647	6.12526556525987	7.9924383344865
3.40419160536557	4.34973841977603	6.15226215027016	8.03311666615339
3.41045779424268	4.36026586814786	6.15524673119674	7.98308209112072
3.41672398311978	4.36967749974703	6.15171059000293	8.01369063174261
3.42299017199689	4.41171258649904	6.17360508348445	7.9819962553926
3.42925636087399	4.39655716821884	6.16835200710448	8.04516166956405
3.43552254975109	4.44835058915568	6.2056646136965	8.09560058927055
3.4417887386282	4.38803944500637	6.20058137804306	8.04380333650144
3.4480549275053	4.46431448888659	6.20953184969117	8.07102803089815
3.45432111638241	4.43207177777936	6.21777063261567	8.0671640904642
3.46058730525951	4.41782599796616	6.23196412251302	8.0478002146048
3.46685349413661	4.42408863511762	6.25862626286968	8.12725542541742
3.47311968301372	4.43551403176704	6.2668776531073	8.1248349982135
3.47938587189082	4.48827200084834	6.25776036599408	8.10097267507928
3.48565206076793	4.48450820542824	6.26721697789676	8.15682488686053
3.49191824964503	4.52367945711854	6.29263485837174	8.16788476609588
3.49818443852213	4.54223610361775	6.29881160854924	8.20518542168259
3.50445062739924	4.53490317862221	6.3095304800057	8.17965178996064
3.51071681627634	4.52284365609494	6.33406023629336	8.24010975990544
3.51698300515344	4.56687706730642	6.3236713070356	8.24400318618407
3.52324919403055	4.51955749987348	6.33855595005333	8.27637129976058
3.52951538290765	4.55638270318942	6.35854656348031	8.23403016451995
3.53578157178476	4.50364954488961	6.36405742364392	8.28931857307593
3.54204776066186	4.55374933914471	6.38762775441768	8.2666244943679
3.54831394953896	4.54287988232115	6.41637047689026	8.34385331762429
3.55458013841607	4.54223198558084	6.39718881304187	8.31074306374038
3.56084632729317	4.56291057048809	6.39685401855416	8.30549526952014
3.56711251617028	4.51297391291208	6.42734578153018	8.37660199163956
3.57337870504738	4.57231281175575	6.44589954858079	8.39557643899356
3.57964489392448	4.59924819180816	6.46962970979115	8.39675935556021
3.58591108280159	4.61042351890264	6.46985797572499	8.42474009046981
3.59217727167869	4.64682672384497	6.45466682075793	8.41443348536287
3.5984434605558	4.64224174787286	6.4607845115851	8.44082880978036
3.6047096494329	4.63599892561821	6.50192255519029	8.41724195529051
3.61097583831	4.61242377628475	6.49739625249668	8.42873249030843
3.61724202718711	4.66284360358616	6.49809240289084	8.42330427484032
3.62350821606421	4.62591794542824	6.54295875261437	8.47833271303477
3.62977440494131	4.63913499173656	6.55725726786291	8.46539633962814
3.63604059381842	4.65485617850671	6.54167443427554	8.49632441791196
3.64230678269552	4.70485806405482	6.55595865668362	8.49524129383011
3.64857297157263	4.6975657998986	6.57903282651328	8.52818605151812
3.65483916044973	4.6163997394438	6.60280472361442	8.63447129987017
3.66110534932683	4.71153020374915	6.59109069962127	8.58041210108542
3.66737153820394	4.6602173229946	6.60306731721359	8.53790294896234
3.67363772708104	4.76382822149688	6.6098943724219	8.59490218289306
3.67990391595815	4.73028881182668	6.60598879316842	8.56341884043736
3.68617010483525	4.73798910421619	6.62023481719312	8.58683285484392
3.69243629371235	4.73958004610205	6.65976206248905	8.63598414123279
3.69870248258946	4.77603751904799	6.64654696191746	8.63440809799183
3.70496867146656	4.79129114445333	6.67897797164316	8.69271381648897
3.71123486034367	4.77718843215079	6.66147084704436	8.72893519476754
3.71750104922077	4.78153275264622	6.70036913131116	8.67507294123259
3.72376723809787	4.79233747092634	6.68932957397187	8.70440841564763
3.73003342697498	4.76563502152584	6.72258601850719	8.6799457468596
3.73629961585208	4.83451585410673	6.73660947229166	8.67188226774622
3.74256580472919	4.80849194943594	6.73758280560216	8.71276527697914
3.74883199360629	4.76672227717648	6.74259925266695	8.71410287216808
3.75509818248339	4.8334082633045	6.75352728024709	8.75478659391769
3.7613643713605	4.75679054067832	6.77619290974219	8.81806306724259
3.7676305602376	4.7590891418009	6.74156435404014	8.82373146086335
3.77389674911471	4.87417496761901	6.77067405490977	8.8047691351334
3.78016293799181	4.8672427336291	6.81201143536146	8.8447170467406
3.78642912686891	4.89228136770052	6.82910590682102	8.84553023839531
3.79269531574602	4.87644877091133	6.83941104236066	8.883483146471
3.79896150462312	4.90807296549975	6.82527780466894	8.8293303338573
3.80522769350023	4.92355554337907	6.84971092751579	8.8255949921191
3.81149388237733	4.89634514484449	6.87145003274287	8.89909729033932
3.81776007125443	4.90055675211971	6.87495022262286	8.95561878376306
3.82402626013154	4.94080662929932	6.86605030507693	8.93454462542154
3.83029244900864	4.93283378852309	6.90924576880368	8.96090975278505
3.83655863788574	4.94861027174713	6.9023971275908	8.95871937803428
3.84282482676285	4.94768976796574	6.92180464512948	8.96539225578436
3.84909101563995	4.96353264152795	6.9122622845411	8.9726206534861
3.85535720451706	4.93820603617427	6.92243516376738	9.00498590595908
3.86162339339416	4.95236326097203	6.94946424621574	8.99492314207818
3.86788958227126	4.99547435417419	6.96664383752097	9.04591393579333
3.87415577114837	4.96009563318838	6.97426715450443	9.02698132154594
3.88042196002547	5.01582062016042	6.98431439160204	9.04862688793154
3.88668814890258	5.0212321816067	6.98343254838712	9.09333868524106
3.89295433777968	5.02152163239607	6.99129916470214	9.10395336632165
3.89922052665678	5.0086704647956	7.01247509983148	9.07724335274275
3.90548671553389	5.02540631605544	7.02850330078571	9.12708255640249
3.91175290441099	5.05480963041816	7.02229371515904	9.0792297569302
3.9180190932881	5.12111119040847	7.03767730242914	9.10559264616274
3.9242852821652	5.02290000665446	7.05302585621276	9.1328339255278
3.9305514710423	5.05857241026109	7.07176396552391	9.13284038645897
3.93681765991941	5.05266647915194	7.08390722972761	9.17242791383197
3.94308384879651	5.06167620100528	7.10724131933096	9.26883348945551
3.94935003767362	5.05051669812012	7.10198564375372	9.23906473783531
3.95561622655072	5.06583748773945	7.11352281554591	9.18282981980282
3.96188241542782	5.10400846991189	7.13422207755302	9.20777885481335
3.96814860430493	5.08178476364879	7.14961668562101	9.21329106986962
3.97441479318203	5.03412585740335	7.11891584331777	9.32130487734878
3.98068098205914	5.1300096066718	7.15003243924853	9.2912470970845
3.98694717093624	5.16253325613805	7.16015753693823	9.26035177901535
3.99321335981334	5.10846413131703	7.19008102224826	9.30233498014265
3.99947954869045	5.16404600240115	7.18572737237476	9.30477087526766
4.00574573756755	5.18234623194113	7.18721171250765	9.33819489873566
4.01201192644465	5.13933429928962	7.19257487444663	9.39544852845688
4.01827811532176	5.1962283426938	7.23435193640081	9.3329577428304
4.02454430419886	5.17396763467754	7.23517080189416	9.46901981853044
4.03081049307597	5.23623356314307	7.24969301424032	9.36741284999888
4.03707668195307	5.22945826619521	7.26861754144664	9.39002895173343
4.04334287083017	5.20715642656811	7.2866076963118	9.46017492960681
4.04960905970728	5.18499811359776	7.28470739468577	9.47116577392985
4.05587524858438	5.25897445675733	7.31557664863839	9.4527282625142
4.06214143746149	5.24925386627323	7.30070548399267	9.46049100273117
4.06840762633859	5.12909795639393	7.31345580249633	9.4808321463999
4.07467381521569	5.23476779789369	7.34196743797963	9.50451145611856
4.0809400040928	5.28050315997908	7.31265828877579	9.52263767217972
4.0872061929699	5.26627508360704	7.34293296516793	9.5091589985392
4.09347238184701	5.22501643086749	7.35420118086193	9.53102203381964
4.09973857072411	5.25236365668842	7.36044706053914	9.64557953405863
4.10600475960121	5.32311666336594	7.36599670367757	9.54510944714813
4.11227094847832	5.36354675053291	7.4162212488727	9.58889262544472
4.11853713735542	5.32562015634337	7.37764925523129	9.54624848779004
4.12480332623253	5.3144478283989	7.41280368942011	9.60547424127617
4.13106951510963	5.31933765091789	7.43462604627942	9.6418714265748
4.13733570398673	5.37143604107504	7.44389008956311	9.66247657912906
4.14360189286384	5.30436419785715	7.42698857256157	9.65955181555828
4.14986808174094	5.27904087325361	7.48414802084816	9.65354555268861
4.15613427061805	5.38118801831514	7.45943183431829	9.67990119787752
4.16240045949515	5.42840804001827	7.48947219105232	9.69718007911233
4.16866664837225	5.37405096468203	7.49517710641973	9.64619306519188
4.17493283724936	5.3438799776364	7.48423560994098	9.66382913507901
4.18119902612646	5.40262319162365	7.52045000694202	9.69306416864372
4.18746521500356	5.3842784360763	7.53298518471674	9.76532337121618
4.19373140388067	5.38141630144754	7.50544135759504	9.7222625175033
4.19999759275777	5.43278777559375	7.52566246767614	9.7669198414497
4.20626378163488	5.45704732898354	7.57358345964188	9.83815620956541
4.21252997051198	5.43452261150838	7.55663295944327	9.84497150400304
4.21879615938908	5.42106253964488	7.5631172575422	9.81543995648063
4.22506234826619	5.47032899183918	7.58855300897244	9.8249317854954
4.23132853714329	5.42078822897957	7.61013564563734	9.84170527361396
4.2375947260204	5.42777451773041	7.6187586498298	9.81675916647503
4.2438609148975	5.4871631071713	7.61757770972557	9.85825684555615
4.2501271037746	5.50507590204324	7.63386563058781	9.88431004645366
4.25639329265171	5.5275382363361	7.63280460684177	9.87580685603706
4.26265948152881	5.46290715227154	7.6546243021268	9.90767868660113
4.26892567040592	5.49613262981408	7.66799128386016	9.90990291962096
4.27519185928302	5.50185960868566	7.68157055107669	9.91388388277126
4.28145804816012	5.49938527547008	7.68623803359238	9.9945720213209
4.28772423703723	5.53134067778565	7.70476274988379	9.93896865243268
4.29399042591433	5.49888726345218	7.6988532336727	9.96292700483522
4.30025661479143	5.52021834908865	7.71616354443377	10.0202889927623
4.30652280366854	5.53396919767324	7.73883742272922	10.0750339074632
4.31278899254564	5.5748244608561	7.75160470581786	10.0656154531668
4.31905518142275	5.62287954932675	7.75213808035103	10.0470611767764
4.32532137029985	5.57682087736447	7.77007021408347	10.0260230747761
4.33158755917695	5.59909409972098	7.79335041726948	10.0558613850519
4.33785374805406	5.63116117190054	7.76512055685363	10.0545741917964
4.34411993693116	5.5599013928807	7.80212424717384	10.0652785445638
4.35038612580827	5.59890888772798	7.81042642575325	10.0852831419336
4.35665231468537	5.63867034452908	7.83163302187148	10.1468507979309
