"mitochan"	"lwrNorm"	"medNorm"	"uprNorm"
-1.90327037354145	-3.3711039459819	-2.94087148196598	-2.51476030706076
-1.89710986747754	-3.35009791579658	-2.93791170928969	-2.52841281802354
-1.89094936141363	-3.32997366416639	-2.9252016634868	-2.5054275753563
-1.88478885534972	-3.34334482157025	-2.9218176273766	-2.49860749469968
-1.87862834928581	-3.32335173799329	-2.90479661079942	-2.48926533703799
-1.8724678432219	-3.31539923074839	-2.89399516349071	-2.48767449375831
-1.86630733715799	-3.3275526673096	-2.89657063627429	-2.48434601382644
-1.86014683109407	-3.30990144739451	-2.88183001779959	-2.46365612697461
-1.85398632503016	-3.27656508667705	-2.8702966048218	-2.4406400305434
-1.84782581896625	-3.280817275774	-2.86415361024743	-2.4427796341165
-1.84166531290234	-3.26215869202177	-2.85204727299531	-2.43503595104044
-1.83550480683843	-3.2595116075725	-2.84503820689625	-2.42216953802315
-1.82934430077452	-3.25079182786987	-2.8430354218172	-2.4092496190653
-1.82318379471061	-3.2348465001703	-2.83254485375596	-2.43550268640315
-1.8170232886467	-3.20322403233749	-2.813720041173	-2.38280901845428
-1.81086278258279	-3.20406196014342	-2.80577304252857	-2.39432040771607
-1.80470227651888	-3.20199058400229	-2.803291621291	-2.38077919297997
-1.79854177045497	-3.2086205955625	-2.77928426810099	-2.37263864355338
-1.79238126439106	-3.18933124164115	-2.77595218217614	-2.35309596516736
-1.78622075832715	-3.17679497025642	-2.75451227103723	-2.35001203476095
-1.78006025226324	-3.1831946225823	-2.75812986274747	-2.33513423468404
-1.77389974619933	-3.16795530347961	-2.7431271832289	-2.33364314660547
-1.76773924013542	-3.14351041270755	-2.72323791193104	-2.32164954751378
-1.76157873407151	-3.14144139512943	-2.72677511714389	-2.31942211845638
-1.7554182280076	-3.12517123480329	-2.71049665501162	-2.30328780448784
-1.74925772194368	-3.12678062861909	-2.70806156552068	-2.29128513501352
-1.74309721587977	-3.10139877663115	-2.69095689130169	-2.28966675794864
-1.73693670981586	-3.08973780487906	-2.69212960149848	-2.26665931279184
-1.73077620375195	-3.08768303312853	-2.68090837843566	-2.26694706853298
-1.72461569768804	-3.08320137560834	-2.67244293453206	-2.23312328132109
-1.71845519162413	-3.05438281123357	-2.65814997423049	-2.23648883041347
-1.71229468556022	-3.07171581567352	-2.64815917257657	-2.21781197284421
-1.70613417949631	-3.06584460499349	-2.64650896772413	-2.2271533173838
-1.6999736734324	-3.02712532744449	-2.62564949975621	-2.22704590350332
-1.69381316736849	-3.04949477007758	-2.62779647410331	-2.20607577474459
-1.68765266130458	-3.01350725894347	-2.59848978302116	-2.16415053492088
-1.68149215524067	-3.01488834712708	-2.60774023051172	-2.19089395935759
-1.67533164917676	-2.9867952683446	-2.58556117152789	-2.18120552690999
-1.66917114311285	-2.99805104580005	-2.58178312678757	-2.16178343464818
-1.66301063704894	-2.95914881962417	-2.5685245687099	-2.13629808876941
-1.65685013098503	-2.96771055447701	-2.56139978526475	-2.13485568344267
-1.65068962492112	-2.98272902413008	-2.54547588531845	-2.12828352157763
-1.6445291188572	-2.94418882645189	-2.54158471548055	-2.15323984168804
-1.63836861279329	-2.959629991505	-2.53417812669069	-2.10334869714
-1.63220810672938	-2.93594262785608	-2.53065805897218	-2.10882166384238
-1.62604760066547	-2.91160653644642	-2.51471155889834	-2.09930501044054
-1.61988709460156	-2.91224085343987	-2.50028547629404	-2.08269415881277
-1.61372658853765	-2.91780938444341	-2.49759758112266	-2.07702717869125
-1.60756608247374	-2.88267047312232	-2.4900826276564	-2.07518630382738
-1.60140557640983	-2.88395918980396	-2.4619277109272	-2.05464170541286
-1.59524507034592	-2.87394609765785	-2.46156801338502	-2.04766752713204
-1.58908456428201	-2.83806224309354	-2.45183688567559	-2.04786962691914
-1.5829240582181	-2.86293786491356	-2.45166695373046	-2.00341559951645
-1.57676355215419	-2.845982570693	-2.4292581787299	-2.01880473127146
-1.57060304609028	-2.81717869808322	-2.4159768327801	-2.00531519566034
-1.56444254002637	-2.82298210730107	-2.42049815270429	-2.00100068013978
-1.55828203396246	-2.79929363261668	-2.41607949738108	-1.99247575208555
-1.55212152789855	-2.81967895565852	-2.39430062005305	-1.98753076156328
-1.54596102183464	-2.78030173588412	-2.38017459644047	-1.9831676739225
-1.53980051577073	-2.77053617565765	-2.36998411178878	-1.95654657795608
-1.53364000970681	-2.79315317723092	-2.37659376881306	-1.94698803009696
-1.5274795036429	-2.76338651457605	-2.3492477540967	-1.94859872470212
-1.52131899757899	-2.75960833613416	-2.35664546739019	-1.94757486060921
-1.51515849151508	-2.74191886230007	-2.35366895041316	-1.89818559876447
-1.50899798545117	-2.70823629603277	-2.32739921822629	-1.91374049287034
-1.50283747938726	-2.71312407873974	-2.31816203974392	-1.88703921843236
-1.49667697332335	-2.7078512388442	-2.30428797921372	-1.91146151889409
-1.49051646725944	-2.72141406267097	-2.29678679279848	-1.87847937568196
-1.48435596119553	-2.70997290760845	-2.27988358822936	-1.87440562265524
-1.47819545513162	-2.6907148654059	-2.28034992884335	-1.88873890444514
-1.47203494906771	-2.66577445236415	-2.26868514413842	-1.86417223395309
-1.4658744430038	-2.66720806148031	-2.26090495020551	-1.83719031866465
-1.45971393693989	-2.6711290860737	-2.24665094248458	-1.84466988079713
-1.45355343087598	-2.63023914445447	-2.23850464956372	-1.83827675043404
-1.44739292481207	-2.63112929180424	-2.22490744504509	-1.81290178846264
-1.44123241874816	-2.62261644315119	-2.21777634711954	-1.82058979885572
-1.43507191268425	-2.61562993928109	-2.20359176342662	-1.79602220759159
-1.42891140662034	-2.59303747944449	-2.20398749926529	-1.80387458146931
-1.42275090055642	-2.5745738835693	-2.18329762312057	-1.77021704483675
-1.41659039449251	-2.59151366908231	-2.17885676899027	-1.7759262558539
-1.4104298884286	-2.56276733206185	-2.15968842239404	-1.75309129716609
-1.40426938236469	-2.55693322248832	-2.14892225504481	-1.74142139692161
-1.39810887630078	-2.56331418840733	-2.1443062760536	-1.74942369931223
-1.39194837023687	-2.55144028032979	-2.13839580975494	-1.74449777500129
-1.38578786417296	-2.5542299962214	-2.13026969185494	-1.74132304058677
-1.37962735810905	-2.52792838967323	-2.12053089110808	-1.7036588013169
-1.37346685204514	-2.51093041574738	-2.11589841443446	-1.70945739806472
-1.36730634598123	-2.50165046803699	-2.09106555748059	-1.69602679065689
-1.36114583991732	-2.50353373891627	-2.09678552738451	-1.6858611735623
-1.35498533385341	-2.49178412468557	-2.08780169407375	-1.67590623322283
-1.3488248277895	-2.48488025416473	-2.08475253223395	-1.65333721275812
-1.34266432172559	-2.45721303657421	-2.06332883040725	-1.65852556912811
-1.33650381566168	-2.44886167649031	-2.04595513232016	-1.6380339100307
-1.33034330959777	-2.42071913169828	-2.04021750366748	-1.63878571655219
-1.32418280353386	-2.44065748982865	-2.03509015697441	-1.63578165662257
-1.31802229746994	-2.43044233644841	-2.01734142199449	-1.64310288648477
-1.31186179140603	-2.42044564877213	-2.00674760993376	-1.59910596312134
-1.30570128534212	-2.38389588609353	-2.00172033934015	-1.60407272062516
-1.29954077927821	-2.40173817059187	-2.00183168440447	-1.58135728503621
-1.2933802732143	-2.39238875726411	-1.98372581498318	-1.57568410115833
-1.28721976715039	-2.37427616976148	-1.97473447628727	-1.54529022338568
-1.28105926108648	-2.35011997542786	-1.96510958729353	-1.56555984953918
-1.27489875502257	-2.35688750963926	-1.95642050154263	-1.54473731887607
-1.26873824895866	-2.32719956911727	-1.94053885318654	-1.53925038478163
-1.26257774289475	-2.32742135671252	-1.94022490920902	-1.53431578292535
-1.25641723683084	-2.32458411074871	-1.92144899313275	-1.54375138126182
-1.25025673076693	-2.32376948582415	-1.91521652125422	-1.53645562338922
-1.24409622470302	-2.30115034625974	-1.89515765040849	-1.50134132279108
-1.23793571863911	-2.2917967644698	-1.89965687523688	-1.50937601802417
-1.2317752125752	-2.27668871312673	-1.87819800271195	-1.50495972683195
-1.22561470651129	-2.28577829681208	-1.87208676669024	-1.47225270468517
-1.21945420044738	-2.25906934856687	-1.87005199339483	-1.46721450262903
-1.21329369438347	-2.25009481852978	-1.8606238239325	-1.48669299284207
-1.20713318831955	-2.23853077257784	-1.8424698739946	-1.46743640920367
-1.20097268225564	-2.24250147974586	-1.83998468398495	-1.42827342259789
-1.19481217619173	-2.21841356812631	-1.83001821874057	-1.42888201221465
-1.18865167012782	-2.20021774739627	-1.81363296347701	-1.4165837115103
-1.18249116406391	-2.20786933127945	-1.80704768129637	-1.40520582280116
-1.176330658	-2.19613578952025	-1.79409993469378	-1.38743242662952
-1.17017015193609	-2.19558540939132	-1.78925905464524	-1.40008660816278
-1.16400964587218	-2.18027136454045	-1.77454605969921	-1.37604050521035
-1.15784913980827	-2.14943944205762	-1.7715604284781	-1.3523728624156
-1.15168863374436	-2.16566697322938	-1.76077004436441	-1.34378195725197
-1.14552812768045	-2.14946408360894	-1.75808460745724	-1.3610069981321
-1.13936762161654	-2.13246562037614	-1.74416310031244	-1.36627851824163
-1.13320711555263	-2.12495393437399	-1.72300692825311	-1.31735991576659
-1.12704660948872	-2.10690768961481	-1.71952736087319	-1.32637513364433
-1.12088610342481	-2.10791461833564	-1.71163152187788	-1.31266277541344
-1.1147255973609	-2.09446200072924	-1.7047757099722	-1.31637367284807
-1.10856509129699	-2.07562636606315	-1.69278566721431	-1.29018234461559
-1.10240458523307	-2.07552223076065	-1.6743397873535	-1.27894086752091
-1.09624407916916	-2.05996945620464	-1.67389663587305	-1.26556949113088
-1.09008357310525	-2.06692509530796	-1.66642466261048	-1.25260206868755
-1.08392306704134	-2.04783218453648	-1.65223512508237	-1.24981432493853
-1.07776256097743	-2.05366311743212	-1.64594577553307	-1.26380562221426
-1.07160205491352	-2.04471962079863	-1.62992489480651	-1.227548506474
-1.06544154884961	-1.99611864310444	-1.61651638589447	-1.22121841744784
-1.0592810427857	-2.01340661420126	-1.61164062794202	-1.22863762344236
-1.05312053672179	-2.00582169862807	-1.5978520120172	-1.20525424303954
-1.04696003065788	-1.97454514993329	-1.5873403629628	-1.19008950800957
-1.04079952459397	-1.97970478190036	-1.58647827505112	-1.20209869464398
-1.03463901853006	-1.96163853705724	-1.5697966163659	-1.16591611612429
-1.02847851246615	-1.96979353169379	-1.55442998856046	-1.14706877424268
-1.02231800640224	-1.95903815028418	-1.54634486033634	-1.14936375749405
-1.01615750033833	-1.93654937482786	-1.53701422841211	-1.15632242008961
-1.00999699427442	-1.92717896568925	-1.52315246798425	-1.12825803706792
-1.00383648821051	-1.91294162048195	-1.52552405926517	-1.15150554612225
-0.997675982146595	-1.89021724624711	-1.51454343750525	-1.12903291632077
-0.991515476082685	-1.89656722073119	-1.50607705995013	-1.09020576639598
-0.985354970018774	-1.8753310222386	-1.48752628906604	-1.09617231473977
-0.979194463954864	-1.87624177765033	-1.48465538374002	-1.10253734620374
-0.973033957890953	-1.85786357716313	-1.48501164276153	-1.09721188655562
-0.966873451827042	-1.86239081624915	-1.46495158622997	-1.08539168321499
-0.960712945763132	-1.85435306903647	-1.46548197830513	-1.05039699515843
-0.954552439699221	-1.85410211534601	-1.44976456717607	-1.04389872745042
-0.948391933635311	-1.82470161796887	-1.42972076983757	-1.02440209660756
-0.9422314275714	-1.81895313779693	-1.41384993303433	-1.01409914717964
-0.93607092150749	-1.82124063493151	-1.41588799453682	-1.02091008203222
-0.929910415443579	-1.81083194670467	-1.39775982563905	-1.00646122144961
-0.923749909379668	-1.81269717005751	-1.40910838542229	-1.00372769461472
-0.917589403315758	-1.7766372800813	-1.38621787510742	-1.00562009367243
-0.911428897251847	-1.77958756607097	-1.38248513007237	-0.987105511443973
-0.905268391187937	-1.76814155670509	-1.37020789692548	-0.992553382131626
-0.899107885124026	-1.73802251878318	-1.35191106856784	-0.941074330555239
-0.892947379060115	-1.74183513625985	-1.34813162741192	-0.952254868044209
-0.886786872996205	-1.71572727009745	-1.34662367425403	-0.949700042031795
-0.880626366932294	-1.72173195201496	-1.32463103299113	-0.935668495362474
-0.874465860868384	-1.72485798236507	-1.31780314485439	-0.93901346810869
-0.868305354804473	-1.68588559456731	-1.31046056472305	-0.917531321257114
-0.862144848740563	-1.69445838863216	-1.301570126772	-0.902749221779706
-0.855984342676652	-1.68184101190742	-1.28932241654072	-0.89851054641669
-0.849823836612742	-1.66521437695488	-1.27735513447351	-0.887484462679582
-0.843663330548831	-1.65452617118039	-1.26891794731092	-0.880408512288565
-0.83750282448492	-1.65451149559037	-1.26107770664719	-0.850617906945161
-0.83134231842101	-1.63624812312505	-1.25689064250847	-0.858604495095474
-0.825181812357099	-1.63579694160838	-1.24792605109685	-0.845676075569845
-0.819021306293189	-1.63067504774223	-1.23040024380614	-0.835453847292019
-0.812860800229278	-1.62689997870142	-1.21962793820636	-0.831572232546835
-0.806700294165368	-1.60096390792758	-1.2130745067443	-0.820468540574035
-0.800539788101457	-1.60411804919045	-1.20184393675023	-0.793246200548867
-0.794379282037546	-1.56378788815151	-1.19223325412315	-0.819794921528384
-0.788218775973636	-1.56719920048823	-1.18438163830292	-0.777757718523777
-0.782058269909725	-1.58062964071928	-1.18030023789349	-0.789589424163457
-0.775897763845815	-1.54703685556889	-1.15530517148967	-0.75972694673473
-0.769737257781904	-1.53238462407327	-1.16103232270555	-0.759705194426283
-0.763576751717994	-1.53564160764041	-1.1452213159248	-0.76300614898564
-0.757416245654083	-1.55430059998227	-1.13368300629292	-0.751736658187517
-0.751255739590172	-1.51360373353109	-1.11816845326766	-0.735456102918
-0.745095233526262	-1.48433388612873	-1.11087628766452	-0.739332108900356
-0.738934727462351	-1.50141972810072	-1.10382965860689	-0.700712213034275
-0.732774221398441	-1.46709297872505	-1.09699919660353	-0.714880546492049
-0.72661371533453	-1.4655051269482	-1.08109935095867	-0.696428608977925
-0.72045320927062	-1.45597198602341	-1.07149324214407	-0.671034636014803
-0.714292703206709	-1.45494776841122	-1.07248992558777	-0.677896667894896
-0.708132197142799	-1.43668497491971	-1.06276231854767	-0.678475657344845
-0.701971691078888	-1.43851478965419	-1.03886628400398	-0.666305750177764
-0.695811185014977	-1.42276478987522	-1.04311268389675	-0.650999992541866
-0.689650678951067	-1.42857950249716	-1.02441256796112	-0.635768766035744
-0.683490172887156	-1.40827505982997	-1.01369900244243	-0.623307209554168
-0.677329666823246	-1.37871526307273	-1.00138952340575	-0.623777439084733
-0.671169160759335	-1.3782818653592	-0.989300822526951	-0.602670403848002
-0.665008654695425	-1.38300572673493	-0.979734359453557	-0.584668502265493
-0.658848148631514	-1.35398073529062	-0.972681417023906	-0.553803518850782
-0.652687642567603	-1.34690791753494	-0.957952333602898	-0.581417417913336
-0.646527136503693	-1.34764027445255	-0.958764180774405	-0.56565183868441
-0.640366630439782	-1.31508727115007	-0.955247869837415	-0.556892166203394
-0.634206124375872	-1.3225136596041	-0.93488087517305	-0.546684130576666
-0.628045618311961	-1.31302857282927	-0.925378885634865	-0.549015398239218
-0.62188511224805	-1.30736254883403	-0.923526533876168	-0.501044939876302
-0.61572460618414	-1.29150099778369	-0.91618781780505	-0.521940270619992
-0.609564100120229	-1.29029251937271	-0.900768671609994	-0.501046636998106
-0.603403594056319	-1.26352206917703	-0.89206933668618	-0.469267041560515
-0.597243087992408	-1.25784411043374	-0.881212864657827	-0.500065579908566
-0.591082581928498	-1.24960196658287	-0.866555759623908	-0.449057519012035
-0.584922075864587	-1.25923262096479	-0.862351394885113	-0.480278268693321
-0.578761569800677	-1.23213546166184	-0.849809749857939	-0.465545344135584
-0.572601063736766	-1.2366748414237	-0.839245622799355	-0.456175501588733
-0.566440557672855	-1.22915915164675	-0.830163123152713	-0.427455250765075
-0.560280051608945	-1.22951333730134	-0.822149588419694	-0.419409850875144
-0.554119545545034	-1.19396202287641	-0.801884085424343	-0.417950406608112
-0.547959039481124	-1.19644037874302	-0.803865274681317	-0.407067427665318
-0.541798533417213	-1.16368115838812	-0.789287121647937	-0.402685580528579
-0.535638027353303	-1.15651284766112	-0.786011615645515	-0.391392260535484
-0.529477521289392	-1.15238322469117	-0.775075538218498	-0.377895050672215
-0.523317015225481	-1.13366993122615	-0.76072206624151	-0.376820249437507
-0.517156509161571	-1.13621039783407	-0.751168594550098	-0.360417743747505
-0.51099600309766	-1.12971880171835	-0.744903321427932	-0.37166573021133
-0.50483549703375	-1.11748952920101	-0.724428551291276	-0.354955840302005
-0.498674990969839	-1.105838419249	-0.724471732406706	-0.328556193514149
-0.492514484905929	-1.08983681348334	-0.706126760689279	-0.332921313225864
-0.486353978842018	-1.09830741516425	-0.705958661769235	-0.304277452289982
-0.480193472778107	-1.075092923367	-0.692010829017526	-0.284343862505942
-0.474032966714197	-1.06778777589365	-0.684994541169811	-0.278904550916885
-0.467872460650286	-1.07130574021437	-0.665933990750179	-0.270771582505559
-0.461711954586376	-1.04662440448754	-0.660362466112575	-0.275618628139704
-0.455551448522465	-1.03593910439267	-0.653787133792498	-0.260212954150753
-0.449390942458554	-1.01563117888537	-0.64967959680191	-0.263072090260711
-0.443230436394644	-0.9978309878227	-0.631001052504916	-0.274735308845313
-0.437069930330733	-1.00914095831724	-0.626678471972433	-0.224884177292885
-0.430909424266823	-0.994486799593835	-0.618526583294316	-0.218414653998345
-0.424748918202912	-0.978601819245667	-0.604812192854939	-0.212126080922736
-0.418588412139002	-0.972943937781476	-0.593927389298896	-0.201680903838759
-0.412427906075091	-0.971331801824458	-0.596668394347969	-0.206912698653389
-0.406267400011181	-0.955798697130114	-0.579191207180317	-0.197794373350859
-0.40010689394727	-0.931253005172912	-0.558687343082883	-0.170055166982794
-0.39394638788336	-0.942466189336518	-0.56037469816387	-0.183939650251655
-0.387785881819449	-0.914987726776372	-0.5479718272346	-0.162699642141824
-0.381625375755538	-0.909970888863083	-0.537677954345408	-0.158824448859925
-0.375464869691628	-0.912771151254065	-0.536277224034931	-0.129834153880499
-0.369304363627717	-0.899500688970626	-0.513679343470387	-0.124435243615459
-0.363143857563807	-0.884553210416819	-0.509323877855329	-0.115505893061534
-0.356983351499896	-0.870166477110437	-0.491166744663174	-0.139084217299748
-0.350822845435985	-0.869163563307108	-0.483524958656932	-0.0975567399951332
-0.344662339372075	-0.864708872948484	-0.477227670116479	-0.112007934270118
-0.338501833308164	-0.860390043012952	-0.477145528448033	-0.0815989188802022
-0.332341327244254	-0.83812374544862	-0.459400957520211	-0.0768507581589108
-0.326180821180343	-0.832082799769992	-0.447760300003656	-0.061424021281303
-0.320020315116433	-0.796043347485635	-0.440104297014157	-0.0506221256150368
-0.313859809052522	-0.813443179666591	-0.42738293514447	-0.0321320702018751
-0.307699302988611	-0.824422304424205	-0.426068577323563	-0.0291043434245811
-0.301538796924701	-0.790484997279098	-0.411257460416399	-0.0335805083678529
-0.29537829086079	-0.785719921366103	-0.397331451676997	-0.0261414005976537
-0.28921778479688	-0.777676433078469	-0.389305283495959	-0.0146961033185702
-0.283057278732969	-0.755530428470721	-0.379360398857926	0.00187989810315679
-0.276896772669059	-0.752787004975895	-0.371289743598493	-0.00176592797664652
-0.270736266605148	-0.74883489750111	-0.357196245894763	0.0206283095254992
-0.264575760541238	-0.728171760618115	-0.352163946094197	0.0596763796148398
-0.258415254477327	-0.730922897379618	-0.349217431860198	0.0304329034262499
-0.252254748413416	-0.71654723045317	-0.34178350033037	0.0703756465114301
-0.246094242349506	-0.699932558929485	-0.312542942976225	0.0779953388434693
-0.239933736285595	-0.686166205899744	-0.313039405871107	0.0651332372914617
-0.233773230221685	-0.668891708189337	-0.310648644555812	0.0747006601202202
-0.227612724157774	-0.699976608522429	-0.292129650182667	0.100724436580135
-0.221452218093864	-0.675374263311169	-0.282742405865705	0.10446701650842
-0.215291712029953	-0.671558840255935	-0.273927175524383	0.114470883222268
-0.209131205966042	-0.64126404583483	-0.255225821134801	0.120054714523635
-0.202970699902132	-0.616256142168657	-0.253460418056084	0.115436835361729
-0.196810193838221	-0.652755548753641	-0.242123038938207	0.141279951733774
-0.190649687774311	-0.594092726198288	-0.225195628406036	0.143758485362369
-0.1844891817104	-0.615719295937638	-0.220656088347589	0.158630967365416
-0.178328675646489	-0.580237230057143	-0.213828940979562	0.17082135190735
-0.172168169582579	-0.5824887343985	-0.203596585905516	0.166597624913885
-0.166007663518668	-0.566072350942889	-0.190213967195375	0.187129161175174
-0.159847157454758	-0.548208833867219	-0.174984093323074	0.189071643257553
-0.153686651390847	-0.546937553630861	-0.166852634206431	0.209584290827574
-0.147526145326937	-0.550043216519581	-0.174280794245761	0.20906724048225
-0.141365639263026	-0.531744876992272	-0.154349105472727	0.235467658162181
-0.135205133199116	-0.537523541753201	-0.143589104357623	0.233118743196162
-0.129044627135205	-0.509229110143722	-0.133361514520731	0.229235140231337
-0.122884121071294	-0.506382202060016	-0.123951896181302	0.257372953539062
-0.116723615007384	-0.488016731162571	-0.116789108708917	0.270220524114484
-0.110563108943473	-0.472452287106448	-0.101585064462689	0.290884926940977
-0.104402602879563	-0.486776490987175	-0.0923525419407665	0.289683392461967
-0.0982420968156521	-0.481516075398423	-0.088692964940055	0.294381100852488
-0.0920815907517416	-0.441342494937148	-0.0869353665947972	0.300363470633982
-0.0859210846878311	-0.432534614447291	-0.0643840766099503	0.29387158288937
-0.0797605786239204	-0.448598233192408	-0.049977585058755	0.32287929541636
-0.0736000725600099	-0.410976776611604	-0.0499447674018448	0.320156202952206
-0.0674395664960994	-0.417374016966012	-0.0382366798246211	0.333992212047393
-0.0612790604321887	-0.388653780075004	-0.0240451609237183	0.352736656968307
-0.0551185543682782	-0.396136475822808	-0.0257430336936249	0.367991936342957
-0.0489580483043677	-0.395218344556861	-0.00139936315570419	0.389352483878995
-0.042797542240457	-0.368435018701933	-0.00730027185144972	0.365617529178986
-0.0366370361765465	-0.363088888534393	0.0070809368862901	0.387508572935601
-0.030476530112636	-0.371273000512798	0.0161072273498336	0.3989233086468
-0.0243160240487252	-0.349240266619306	0.0301662350546544	0.421338649466032
-0.0181555179848147	-0.33695614947243	0.0431676106691881	0.394864716964945
-0.0119950119209042	-0.328118216606613	0.051275085378568	0.448054554683484
-0.00583450585699352	-0.323406374223845	0.0574584281804292	0.431304126097236
0.000326000206916977	-0.30514900979168	0.0653066979819006	0.443069445821535
0.00648650627082747	-0.293516394693575	0.0898648502872094	0.466716650219934
0.0126470123347382	-0.30768050497397	0.0814549236123845	0.458519026211983
0.0188075183986487	-0.279874481362362	0.0957592971346612	0.472168299075477
0.0249680244625592	-0.289781723672385	0.108476272549568	0.494373993103178
0.0311285305264699	-0.26899727870226	0.125126596568058	0.507470543369966
0.0372890365903804	-0.252954731049534	0.135376952972719	0.533314987626364
0.0434495426542909	-0.220986358062836	0.143814653571512	0.527735551879759
0.0496100487182016	-0.239456783603865	0.149125553843203	0.515712894511631
0.0557705547821121	-0.20619864793385	0.15542201911784	0.544707166271311
0.0619310608460226	-0.220561297042363	0.162795402855712	0.55822398800468
0.0680915669099331	-0.202147814063167	0.173070213456422	0.557768844810256
0.0742520729738438	-0.195692267393355	0.180319135225006	0.56447898973514
0.0804125790377543	-0.167347251920334	0.209871645022801	0.574512755558301
0.0865730851016648	-0.174144558774909	0.206167148380737	0.573602449683589
0.0927335911655756	-0.155133862678174	0.220752030340404	0.603459101930313
0.0988940972294863	-0.145011459142708	0.236276705653603	0.610676426178787
0.105054603293397	-0.141077457295753	0.233358492769551	0.620727193143258
0.111215109357307	-0.129993936945361	0.249295128787059	0.621722558104634
0.117375615421218	-0.130438542756202	0.251034610049232	0.624448154454504
0.123536121485128	-0.110139571589082	0.264351128391921	0.631749631989878
0.129696627549039	-0.114889460826786	0.273101413479542	0.658757632586087
0.13585713361295	-0.0846919257573595	0.284360521672077	0.659423778396405
0.14201763967686	-0.104690997258875	0.294170042279667	0.673016445960325
0.148178145740771	-0.0580039010037614	0.297596145715949	0.699267443854475
0.154338651804681	-0.0622796571729326	0.312246320632968	0.682437515257986
0.160499157868592	-0.0525776523937188	0.329582948043792	0.71494261558748
0.166659663932502	-0.0250463964653675	0.330053266428346	0.697812816260861
0.172820169996413	-0.0195418242289766	0.350038521477065	0.701018504948072
0.178980676060323	-0.0357658342759651	0.348878659733932	0.736129708496898
0.185141182124234	-0.0338827937820468	0.363673679678291	0.733126562234021
0.191301688188144	-0.0116234437863339	0.371676438393485	0.750135075669078
0.197462194252055	0.00937060345935816	0.383236571048986	0.767161911202933
0.203622700315966	0.00100217494140535	0.391744261657243	0.75212638563555
0.209783206379876	0.00642505725155418	0.395801177533508	0.758302936536788
0.215943712443787	0.0349587545042152	0.414045561824632	0.784630717707015
0.222104218507698	0.0526681624144721	0.421723003663921	0.791003749122384
0.228264724571608	0.0698610166145379	0.432710147253894	0.797105216784911
0.234425230635519	0.0544513575359629	0.440207252771934	0.824397528639071
0.240585736699429	0.090088530860917	0.460588475461298	0.830154636507422
0.24674624276334	0.0817298956515059	0.46507284856639	0.826792858308111
0.25290674882725	0.107450218553073	0.476570562359856	0.85193406891569
0.259067254891161	0.0955121703956295	0.476494921318507	0.831451110884616
0.265227760955071	0.115651498727923	0.483546539723326	0.846571544719764
0.271388267018982	0.118633721668724	0.495342467739168	0.871215282230224
0.277548773082893	0.126135337340079	0.497834438789609	0.874874449819647
0.283709279146803	0.139914341004066	0.52084221130247	0.897475174773395
0.289869785210714	0.167981702720559	0.5353712572475	0.915256016267021
0.296030291274624	0.160697826974164	0.540726499466317	0.917823487835014
0.302190797338535	0.186291880395248	0.557278495650266	0.925171778929744
0.308351303402445	0.172676210184689	0.565638157072434	0.921656070498533
0.314511809466356	0.189807688328979	0.565508572555672	0.940987480682358
0.320672315530266	0.208963456940374	0.59107024455759	0.968421881615748
0.326832821594177	0.218148399486735	0.587036380704443	0.96136119617179
0.332993327658088	0.216478244587229	0.597766697418286	0.971346822308957
0.339153833721998	0.242105151404505	0.610457935278957	0.976770490882918
0.345314339785909	0.245007813858039	0.619344598408045	1.0080577484255
0.35147484584982	0.256344226643293	0.629165853478367	1.0023651723555
0.35763535191373	0.275205589586365	0.639910784345607	1.01912886727957
0.363795857977641	0.275568832631629	0.65418344933084	1.04157097839875
0.369956364041551	0.30293513861428	0.656374834547003	1.02964775816105
0.376116870105462	0.265356526120972	0.677329301758544	1.04496275982577
0.382277376169372	0.303280177101031	0.672612167320312	1.03874132572754
0.388437882233283	0.329488980486244	0.679801595146508	1.05874051045519
0.394598388297193	0.323078599153688	0.694757142592701	1.08634065822106
0.400758894361104	0.330454829473572	0.713965735546017	1.05815182230658
0.406919400425015	0.336586056062496	0.71587740090898	1.08049080988219
0.413079906488925	0.351400581368343	0.724715028501585	1.09755792849527
0.419240412552836	0.33915940426683	0.725001944785674	1.08530452384148
0.425400918616746	0.369516782698661	0.745502740194407	1.11556274987068
0.431561424680657	0.377794381741449	0.751943863904235	1.11284473744663
0.437721930744567	0.386325463692645	0.763588649708301	1.12656284197745
0.443882436808478	0.40800705927843	0.771592422599642	1.1376581771774
0.450042942872388	0.403124531338519	0.785864124219835	1.14240998679674
0.456203448936299	0.422970433292791	0.798549130303748	1.1584927598192
0.46236395500021	0.435742196086415	0.804161162251475	1.19343935689109
0.46852446106412	0.429217407509029	0.807246229565139	1.194310272487
0.474684967128031	0.44648390722349	0.828476088753117	1.17965824873883
0.480845473191941	0.459815277561359	0.837988029664646	1.20494043502462
0.487005979255852	0.482383236680613	0.841246077264972	1.19549841060058
0.493166485319763	0.461173446487633	0.845980757670423	1.22484420288377
0.499326991383673	0.48850216584066	0.872713796756093	1.23626530905202
0.505487497447584	0.50307146374833	0.872219911077876	1.23081413590897
0.511648003511494	0.526737657564294	0.874599654257163	1.25488315417707
0.517808509575405	0.503832845796574	0.883188599128141	1.2731580487133
0.523969015639315	0.534257483146373	0.894031922479224	1.28127434916812
0.530129521703226	0.546554875530879	0.90713417201672	1.27338397647364
0.536290027767136	0.54897780313692	0.920902395996811	1.29906066288298
0.542450533831047	0.558687832548008	0.930289599157413	1.33235216626073
0.548611039894958	0.575027003636775	0.934328219045844	1.31253060767964
0.554771545958868	0.59764974313226	0.946401476002083	1.31671215055785
0.560932052022779	0.587470778011962	0.959543639766401	1.33953718112647
0.56709255808669	0.58449016890571	0.970204657494081	1.35747048613517
0.5732530641506	0.606944465253497	0.98976501077965	1.34345090030202
0.57941357021451	0.615367877649275	0.984489061221306	1.35810449875235
0.585574076278421	0.634337657135298	1.00013142141533	1.37243917138286
0.591734582342331	0.637549616534454	1.02270208705268	1.38968832368472
0.597895088406242	0.6471933292066	1.01639767955663	1.3919500787964
0.604055594470153	0.653362828994476	1.03426914132865	1.40675620026344
0.610216100534063	0.639369474976746	1.03481844444315	1.39790603550705
0.616376606597974	0.684806504255033	1.05235113920868	1.42356489786232
0.622537112661885	0.700914441917239	1.05212581588872	1.43978604731672
0.628697618725795	0.713853193195435	1.05840419591945	1.4378285072653
0.634858124789706	0.693690555387093	1.0715539398836	1.44644157328019
0.641018630853616	0.716433283111155	1.08997007729497	1.45708331089401
0.647179136917527	0.708540167689236	1.09458834571404	1.45552565766832
0.653339642981437	0.737017921656603	1.10297701732182	1.48383825094655
0.659500149045348	0.729896960846077	1.11345742180598	1.47455951440441
0.665660655109258	0.73960832912249	1.12785237965921	1.49755125717953
0.671821161173169	0.778924566348111	1.14390695001262	1.50750224678616
0.67798166723708	0.772319144793867	1.14510629499639	1.49563978074019
0.68414217330099	0.773324908174246	1.15768699847629	1.51257166498978
0.690302679364901	0.791684805634617	1.16386504816227	1.5406802489708
0.696463185428811	0.81459598232235	1.18127957963048	1.52971949088261
0.702623691492722	0.81576212119724	1.19509569800516	1.55213089452952
0.708784197556632	0.835430874215547	1.20084602057095	1.58372149804184
0.714944703620543	0.832934916441656	1.20475167008451	1.56736996938937
0.721105209684453	0.846760914505104	1.22021901178097	1.58545354850298
0.727265715748364	0.846432142781798	1.22643871888764	1.60355107499791
0.733426221812275	0.887807649845019	1.24156375857838	1.61975729378063
0.739586727876185	0.869057799313614	1.24463885675222	1.61185922474813
0.745747233940096	0.90126924573973	1.24880803256785	1.62609832772382
0.751907740004007	0.91361197209012	1.26127608449464	1.63919335029172
0.758068246067917	0.897768521982944	1.2714512691702	1.64362455294763
0.764228752131828	0.916757818180484	1.28347929959562	1.65986968995633
0.770389258195738	0.914498584925742	1.29097883882431	1.65956779124014
0.776549764259649	0.927151867639007	1.30823932599312	1.68985789565358
0.782710270323559	0.94692824989447	1.3136453530322	1.68391220686142
0.78887077638747	0.945542111197017	1.32096929060171	1.68040009898728
0.79503128245138	0.952286686977332	1.32737599371919	1.71658887741766
0.801191788515291	0.996289530297613	1.345707789176	1.69467820243394
0.807352294579201	0.975363631136634	1.35223705867334	1.73548148564889
0.813512800643112	1.00536126483781	1.34929501147157	1.73084581523378
0.819673306707023	0.992066915852357	1.37303551408149	1.7554998412612
0.825833812770933	1.02189316850844	1.38141307721479	1.7478155376994
0.831994318834844	1.01478668185109	1.39033522896636	1.75400224255468
0.838154824898754	1.03818442897443	1.40097157513839	1.78595531551155
0.844315330962665	1.03901973453053	1.41597011257291	1.7845349607145
0.850475837026575	1.04762944575909	1.42140849972787	1.78759323961925
0.856636343090486	1.05572079553807	1.42502654469047	1.79589106230039
0.862796849154396	1.08316230128254	1.44022119742834	1.8433222372104
0.868957355218307	1.08691842914225	1.44607478709325	1.82402985953366
0.875117861282218	1.08592024587547	1.46152938423559	1.8243649514664
0.881278367346128	1.09445465147693	1.45667346982869	1.80892087094688
0.887438873410039	1.09494444631017	1.47897511900008	1.83806257008776
0.89359937947395	1.10566104223368	1.47966638657353	1.83507007051444
0.89975988553786	1.11283929689932	1.50014536193064	1.86922334561161
0.905920391601771	1.13351910868857	1.50234852192613	1.88408718650632
0.912080897665681	1.14107649817951	1.51864577639161	1.88267473600142
0.918241403729592	1.17868503122802	1.52800582116276	1.88396928704698
0.924401909793502	1.16703671235996	1.53567354286712	1.89840328914394
0.930562415857413	1.20188806573443	1.54426519950922	1.90256064475342
0.936722921921323	1.17560563608368	1.55727758817447	1.93471646625722
0.942883427985234	1.20007999008904	1.56539555239798	1.93103636913817
0.949043934049145	1.1939403011278	1.59014876752912	1.94810281137127
0.955204440113055	1.21294223578965	1.5889736924827	1.97085417151664
0.961364946176966	1.22200928270159	1.60007756427634	1.97633657101809
0.967525452240876	1.24643567128779	1.5977499815757	1.96527485576166
0.973685958304787	1.25219181344275	1.61418396601221	1.98842681958981
0.979846464368697	1.2285761560209	1.61990244792885	1.97981365961968
0.986006970432608	1.26577818623601	1.63905533824481	2.01450261368839
0.992167476496518	1.27532880942504	1.6398536700006	2.01798906456844
0.998327982560429	1.28777693358415	1.64942122329563	2.01707174554435
1.00448848862434	1.3033908821615	1.65996479957217	2.05287014411473
1.01064899468825	1.3051298130748	1.68049514037708	2.05055911453693
1.01680950075216	1.29328028049027	1.68294466813434	2.04737840000042
1.02297000681607	1.33293820241436	1.69410094882292	2.05706224085454
1.02913051287998	1.33844754383102	1.69899662778529	2.07063896232409
1.03529101894389	1.34843371127232	1.71951542487163	2.11216432632371
1.0414515250078	1.3589673931228	1.72230797053659	2.08267032253731
1.04761203107171	1.37769163085837	1.73594393092045	2.10680755513479
1.05377253713562	1.37270132688429	1.74304341038494	2.11885597401438
1.05993304319954	1.39306032396339	1.74916285446514	2.12582736740395
1.06609354926345	1.40193901033444	1.76501047266266	2.13391544294098
1.07225405532736	1.39235001825399	1.77612702508098	2.13251114648282
1.07841456139127	1.41887856942211	1.77467973975796	2.14947607945578
1.08457506745518	1.42290041452009	1.78881106288275	2.15522435864682
1.09073557351909	1.42530097804644	1.79791134045428	2.16273694800746
1.096896079583	1.44680982311752	1.81158128829359	2.19688757255388
1.10305658564691	1.46018831632117	1.82153010845335	2.17692612589704
1.10921709171082	1.46573801144145	1.82765524958998	2.20603968408362
1.11537759777473	1.46267156479226	1.83432680097392	2.21023091404596
1.12153810383864	1.47617361629481	1.8516218011003	2.20975971362374
1.12769860990255	1.48798917904185	1.85472994657632	2.22413300230504
1.13385911596646	1.50885961958032	1.8718909924367	2.23604960431797
1.14001962203037	1.51421294231178	1.87435400929494	2.25242918790561
1.14618012809428	1.52473096204627	1.89018784901663	2.26561014749759
1.15234063415819	1.53197738401753	1.9129360761141	2.28241813920069
1.1585011402221	1.52199296773337	1.910621627527	2.2768131854901
1.16466164628601	1.54532947615354	1.91499155352389	2.29581162383328
1.17082215234992	1.55361999798381	1.92340100916175	2.30129640198431
1.17698265841384	1.55376123772255	1.94587993256233	2.30448729342696
1.18314316447775	1.56889504117215	1.94869558847212	2.31037549253325
1.18930367054166	1.60238444906751	1.96285555394711	2.33080145673298
1.19546417660557	1.60957812341185	1.97685927963661	2.33551524977632
1.20162468266948	1.61135264415557	1.97134626293108	2.37090448386115
1.20778518873339	1.61607322823219	1.99143881941627	2.35593009683849
1.2139456947973	1.63527197074194	2.00344260472405	2.37263851282966
1.22010620086121	1.64035681823333	2.00879404770216	2.39202938509884
1.22626670692512	1.64100790520973	2.0210195637204	2.3991438749139
1.23242721298903	1.6517123946772	2.02105054900139	2.38988851803518
1.23858771905294	1.67085329230222	2.04123019491958	2.43025768046476
1.24474822511685	1.70494357692861	2.04308972278685	2.44882660972825
1.25090873118076	1.69737397092749	2.05459822991728	2.4045741692787
1.25706923724467	1.68681525260476	2.06482797805928	2.45636582986405
1.26322974330858	1.71260761820544	2.06796586668983	2.46239509964736
1.26939024937249	1.71392581372715	2.07687313130664	2.47027202968416
1.2755507554364	1.72926180026055	2.09881025341772	2.46214377159854
1.28171126150032	1.73236819610899	2.10418081797449	2.48750213368475
1.28787176756423	1.7401789471805	2.11440232138559	2.48906442510744
1.29403227362814	1.75284193216919	2.1297364174445	2.49261137653088
1.30019277969205	1.77863711295711	2.14009786236287	2.48991964169845
1.30635328575596	1.76572400385368	2.13897191200918	2.4944196764075
1.31251379181987	1.76280406687212	2.16456391270907	2.5361701667641
1.31867429788378	1.80477990315235	2.16712778606045	2.52542368973319
1.32483480394769	1.7951997066264	2.1820393620241	2.56107844307443
1.3309953100116	1.81550567534978	2.17927348019434	2.55020352084397
1.33715581607551	1.80671986227136	2.19337273333135	2.5524009759961
1.34331632213942	1.84184934642256	2.2090489328614	2.59153276853594
1.34947682820333	1.82077967040551	2.2088391944557	2.56172602037949
1.35563733426724	1.85748359683672	2.22145408866453	2.59765592950424
1.36179784033115	1.8767153585178	2.23777229077545	2.60801121031041
1.36795834639506	1.8848262765848	2.24739089112036	2.59177420535372
1.37411885245897	1.88118206716918	2.24965150621036	2.61944322964196
1.38027935852288	1.88777036210192	2.25491448097314	2.6382034720982
1.3864398645868	1.90218555343001	2.26427675041994	2.6354868972
1.39260037065071	1.90279544067757	2.27553253686615	2.66577320462282
1.39876087671462	1.91739764491629	2.29225855749303	2.65780691848023
1.40492138277853	1.92436873311666	2.30582326520867	2.65399388626146
1.41108188884244	1.92856779922339	2.31013639438496	2.69436119053577
1.41724239490635	1.9501407361479	2.31679516213634	2.69490768671075
1.42340290097026	1.9447464091819	2.34294934927702	2.71503469734857
1.42956340703417	1.96008534545037	2.33708851936075	2.70295619848028
1.43572391309808	1.97203109681514	2.34469796163421	2.71858808419706
1.44188441916199	1.99555307942343	2.35707184313364	2.73714862775306
1.4480449252259	2.00689583012639	2.3645003455748	2.72280222306408
1.45420543128981	1.99390182390347	2.37196250388564	2.73961958204904
1.46036593735372	1.99773756240188	2.38924479007103	2.76277173371535
1.46652644341763	2.01206034396092	2.38881517794787	2.78001789594149
1.47268694948154	2.03447960952577	2.41545243306992	2.76793155044841
1.47884745554545	2.05062642714641	2.40403780346464	2.78641189126855
1.48500796160936	2.05964559607431	2.43051626085711	2.81125421402953
1.49116846767327	2.07033537279598	2.43629200444424	2.80126411437609
1.49732897373719	2.09341152141644	2.44745812130155	2.81258965245148
1.5034894798011	2.10791279553249	2.46265892361269	2.82212682141455
1.50964998586501	2.0914947352003	2.46371482969391	2.821861740861
1.51581049192892	2.11424563973521	2.46999197557134	2.84765886860406
1.52197099799283	2.11316966111065	2.48959361624346	2.87147997698257
1.52813150405674	2.13324805709102	2.49881319040667	2.84926763542529
1.53429201012065	2.14212061739468	2.49733107997139	2.87205582034402
1.54045251618456	2.13327182317197	2.51296507441988	2.8954855725599
1.54661302224847	2.15299384764704	2.52300976810986	2.89585521722087
1.55277352831238	2.18345636023783	2.54303576616608	2.91615548264491
1.55893403437629	2.18963784911415	2.53629102858584	2.90371214541072
1.5650945404402	2.18615298793385	2.54834633730993	2.92051746115602
1.57125504650411	2.1902768951327	2.56267027312466	2.93591582963499
1.57741555256802	2.20563052819738	2.57601536018685	2.94961319178931
1.58357605863193	2.21358414464074	2.58097323347628	2.95520314231379
1.58973656469584	2.21763491775725	2.59815334742976	2.96005452902253
1.59589707075975	2.21170790184381	2.60676071220616	2.96092958644387
1.60205757682367	2.25405364977019	2.60946552010132	2.99637873660904
1.60821808288758	2.24893505898847	2.60396954409401	2.97569605277802
1.61437858895149	2.24787718434432	2.62757355327727	2.9778417694417
1.6205390950154	2.27086933532845	2.63972739970055	3.02546853261232
1.62669960107931	2.27223079927388	2.65049072916038	3.02757608038993
1.63286010714322	2.29813439208972	2.66014707278925	3.0409176388901
1.63902061320713	2.30740953507043	2.67517643174554	3.052822677259
1.64518111927104	2.30634528858474	2.68431752565822	3.04934818444702
1.65134162533495	2.32115805966554	2.68326628881626	3.0398839390768
1.65750213139886	2.31419541197009	2.70250166672756	3.07242536117685
1.66366263746277	2.34075569775973	2.71061033910554	3.07814778977981
1.66982314352668	2.33358003110574	2.71779159526973	3.09773444690352
1.67598364959059	2.35375985625947	2.72806924021236	3.09859515401158
1.6821441556545	2.37744232031771	2.75010190648886	3.10368241378331
1.68830466171841	2.39191078431669	2.74699979629364	3.1280490707179
1.69446516778232	2.38425249464776	2.76367936717809	3.13791430872019
1.70062567384623	2.40158401343698	2.76546118440359	3.1527446558212
1.70678617991014	2.42600270401427	2.77192512455114	3.15046761882176
1.71294668597406	2.4266448669931	2.7903632392982	3.16330106799115
1.71910719203797	2.42217680210721	2.79663405512664	3.17087522524456
1.72526769810188	2.44149431246648	2.80699832197896	3.17162204815823
1.73142820416579	2.44710353316591	2.81328618923577	3.1923542089468
1.7375887102297	2.44093953571814	2.82544025089862	3.21342562302971
1.74374921629361	2.47595903420156	2.8306744865317	3.21859617245968
1.74990972235752	2.47621608980143	2.84200478221392	3.20489456546178
1.75607022842143	2.49073913563477	2.85368139177263	3.22461400105757
1.76223073448534	2.47709123546002	2.86502792826603	3.24300975160658
1.76839124054925	2.5204546643407	2.88562488349379	3.24675015598475
1.77455174661316	2.50002327420389	2.88103300904934	3.26787071123677
1.78071225267707	2.53105007114276	2.89328945141938	3.27024821680901
1.78687275874098	2.51943539639879	2.89961196925032	3.27575488749483
1.79303326480489	2.52694822388083	2.91408334226233	3.30910161583858
1.7991937708688	2.55576425206739	2.93194559553915	3.28830749943585
1.80535427693271	2.55165908701005	2.93945367279955	3.2976363814995
1.81151478299662	2.5823295975619	2.94710196504232	3.30581726517597
1.81767528906053	2.58169730711663	2.949704809766	3.35151563528187
1.82383579512445	2.60898247650151	2.97335790488008	3.33894351994754
1.82999630118836	2.59758555853858	2.97083542881324	3.35246190427553
1.83615680725227	2.5893799390711	2.98030019403698	3.36205488552414
1.84231731331618	2.59038917164862	2.99533976358195	3.3838224494298
1.84847781938009	2.64269905508389	3.00119795968157	3.34249829493021
1.854638325444	2.64539490687374	3.01878798508495	3.39287723529062
1.86079883150791	2.63053231504809	3.02287041607417	3.39440828078398
1.86695933757182	2.66476518412249	3.03434539868034	3.41840271497827
1.87311984363573	2.66389751914322	3.04854233760796	3.42818128590342
1.87928034969964	2.69515793645014	3.05250480922473	3.42398708766421
1.88544085576355	2.69016623693089	3.06299535651715	3.44213145301979
1.89160136182746	2.69320662660617	3.07578715493242	3.44626625905125
1.89776186789137	2.70355754460526	3.08352546295882	3.46069717049111
1.90392237395528	2.71587822604007	3.09604587788935	3.44802278442304
1.91008288001919	2.72757412528951	3.10944413158203	3.4712492795657
1.9162433860831	2.74898916938245	3.115765384387	3.49054040151854
1.92240389214701	2.7394267935032	3.11917945037578	3.48319599638049
1.92856439821093	2.75182681704131	3.12033240572539	3.50223512351698
1.93472490427484	2.77594214697015	3.14423695532083	3.52128461452413
1.94088541033875	2.78872258998995	3.14632584372716	3.5162425474445
1.94704591640266	2.77683316661772	3.1543980271636	3.52674904630448
1.95320642246657	2.81407533061309	3.16991667111037	3.53684934133553
1.95936692853048	2.80344992100841	3.18686327556974	3.56934963937461
1.96552743459439	2.80295352253744	3.1863232150701	3.56111058639972
1.9716879406583	2.81333462134024	3.20032668245056	3.57400936458039
1.97784844672221	2.85410809616571	3.20712681754383	3.56415846979613
1.98400895278612	2.84465232937072	3.21925643969569	3.6043559451402
1.99016945885003	2.85468678407569	3.23483896287008	3.60872700356717
1.99632996491394	2.84724824972558	3.23931354379294	3.61456962313271
2.00249047097785	2.87669218977873	3.25023528629737	3.62067295643457
2.00865097704176	2.88608107471502	3.25800447331237	3.63143922492989
2.01481148310567	2.90319981625526	3.26510891985875	3.63929730906735
2.02097198916958	2.89813052441849	3.28178487553763	3.66509167301433
2.02713249523349	2.91025416897944	3.28868810542351	3.64979403859103
2.0332930012974	2.94292158727139	3.29832846150376	3.67796818821497
2.03945350736132	2.92584898843147	3.30707075184832	3.70069641313293
2.04561401342523	2.93342903376025	3.31378648871932	3.70869184245489
2.05177451948914	2.96284858518415	3.33058765166297	3.70227216802905
2.05793502555305	2.96847606278866	3.33575175017715	3.71621472041981
2.06409553161696	2.97977988283685	3.34348097018544	3.71726962837365
2.07025603768087	2.98022568285626	3.35218432258544	3.71602826332039
2.07641654374478	2.99984683970627	3.37558430821391	3.761813801441
2.08257704980869	2.98457127856038	3.37669452409567	3.75131784794637
2.0887375558726	3.00386916229058	3.37977938710226	3.76741972292985
2.09489806193651	3.0216858614434	3.39789348407159	3.76725395445998
2.10105856800042	3.0309186684578	3.40977868831772	3.79147567363228
2.10721907406433	3.02148711819531	3.41408526152182	3.79674129775481
2.11337958012824	3.05519155998389	3.42721607665829	3.78789340156505
2.11954008619215	3.05656056485976	3.43662928505972	3.82623107569906
2.12570059225606	3.09781174081655	3.44416917197084	3.78458750228373
2.13186109831997	3.07260553769492	3.44915102120886	3.8242310239956
2.13802160438388	3.08771650056817	3.46153735579304	3.86213466214847
2.1441821104478	3.09202036538081	3.47510867614524	3.84855456203183
2.15034261651171	3.09373653418563	3.4871493049058	3.84100205322787
2.15650312257562	3.1251527426213	3.48822668726764	3.8427689485584
2.16266362863953	3.1179813663766	3.50100142234274	3.87328563507757
2.16882413470344	3.14472576002066	3.51040353614091	3.90242281500724
2.17498464076735	3.14085045819244	3.53266684478317	3.89426078322971
2.18114514683126	3.17907769931756	3.52753933317888	3.89609078718654
2.18730565289517	3.15389520606603	3.54371182260117	3.9327579105238
2.19346615895908	3.17806221083639	3.5539629782079	3.91589533665237
2.19962666502299	3.19528435880092	3.56323027157554	3.94242786092986
2.2057871710869	3.20254181415627	3.56247210440671	3.9272542144351
2.21194767715081	3.22350498374128	3.58553453346643	3.93155890359216
2.21810818321472	3.21958695119135	3.58367177873757	3.95376442182583
2.22426868927863	3.21749799966034	3.6055603752318	3.98581584215677
2.23042919534254	3.23912876526783	3.6128603402143	3.98483388143034
2.23658970140645	3.25139966265984	3.62253313537877	4.00681424442581
2.24275020747036	3.25887576061261	3.63522389836349	3.99394482189605
2.24891071353427	3.26489215917931	3.63937139478457	3.99948652416504
2.25507121959819	3.26402821583875	3.63976427361926	4.02683265201857
2.2612317256621	3.2792065335941	3.65301024053851	4.03450872329034
2.26739223172601	3.28754082702896	3.68015931452526	4.04654264133712
2.27355273778992	3.29829948688482	3.67390176948122	4.08025904571004
2.27971324385383	3.32433722897057	3.69064027491853	4.0711784945536
2.28587374991774	3.33727978574778	3.7018977019879	4.06368551418233
2.29203425598165	3.32899601547351	3.70620607664138	4.07281033172637
2.29819476204556	3.35592743357114	3.71231644980254	4.08214029052798
2.30435526810947	3.35714907640507	3.72961875895068	4.09863541484314
2.31051577417338	3.37358163157579	3.73351334117825	4.12872520989616
2.31667628023729	3.3916043664669	3.74981095364474	4.12914991173617
2.3228367863012	3.37396893158677	3.76414220210454	4.12421775230874
2.32899729236511	3.3891499189739	3.77488090550597	4.17963896414286
2.33515779842902	3.42969144866877	3.78363231524987	4.12874099241566
2.34131830449293	3.41689419865237	3.78696881414374	4.1578531126284
2.34747881055684	3.40877578315222	3.79516832285558	4.17261405594281
2.35363931662075	3.41560753584294	3.81118958673124	4.21800319566473
2.35979982268466	3.4481282471016	3.82647835934566	4.20374363393268
2.36596032874858	3.45101573898506	3.8174804077836	4.20667670355414
2.37212083481249	3.47360465760418	3.84031035719758	4.19840492200716
2.3782813408764	3.44266491091135	3.85502687625358	4.21891391368741
2.38444184694031	3.46593720929151	3.84720014818656	4.24401093741717
2.39060235300422	3.49048110826945	3.85935135468108	4.24910657698736
2.39676285906813	3.5108737439127	3.88120324370681	4.25420625543761
2.40292336513204	3.4753024731902	3.89051454456475	4.25703351095984
2.40908387119595	3.50249130085038	3.88820363111623	4.2469291503945
2.41524437725986	3.52003011773283	3.91885107022205	4.27431503086368
2.42140488332377	3.54654465251983	3.92292993218585	4.29006491484007
2.42756538938768	3.54541363303244	3.9296837615416	4.30753695627101
2.43372589545159	3.55247264092328	3.93112137608185	4.3290764200316
2.4398864015155	3.53835100950381	3.93970754904431	4.33666196115117
2.44604690757941	3.56480675413118	3.95117449956722	4.3287937839694
2.45220741364332	3.57267758746461	3.96052837670668	4.35174985287588
2.45836791970723	3.61638878821204	3.976393371398	4.35216330817009
2.46452842577114	3.61763187207848	3.98491768532983	4.34827267691481
2.47068893183505	3.61472873204226	3.9921240624619	4.36200136434314
2.47684943789897	3.60542672943521	3.99765580620685	4.38716675109629
2.48300994396288	3.62551621178124	4.01151260070136	4.40692165053871
2.48917045002679	3.63801144318324	4.02097700142207	4.41695350437554
2.4953309560907	3.65559889801967	4.02879194738704	4.40441910140681
2.50149146215461	3.66129162627809	4.04781015933426	4.42529143304488
2.50765196821852	3.66880178345391	4.04980522337628	4.44538159329176
2.51381247428243	3.69975239282416	4.0495758839122	4.45373127393645
2.51997298034634	3.71524133787748	4.07874586232751	4.4676393168422
2.52613348641025	3.70386111487477	4.07690969232231	4.46616992554184
2.53229399247416	3.71014600234571	4.0770804658686	4.47536535064862
2.53845449853807	3.72220066588655	4.10459969271619	4.4892443774456
2.54461500460198	3.70986959693269	4.10093174141484	4.52184545881271
2.55077551066589	3.71117624837668	4.11921302423259	4.49717359497964
2.5569360167298	3.7493316360215	4.13264546381187	4.52263770525777
2.56309652279371	3.75201990264016	4.14155918091079	4.52183022509376
2.56925702885762	3.76827668769871	4.1544674130616	4.53948613507871
2.57541753492153	3.7830743244307	4.15333575479143	4.53315375811539
2.58157804098545	3.8088474324852	4.17126502897159	4.55853799177525
2.58773854704936	3.80614562637013	4.18209467639926	4.54305193717908
2.59389905311327	3.80747812756481	4.19025349261785	4.55750225545385
2.60005955917718	3.83281864630821	4.20335256657155	4.60699046462994
2.60622006524109	3.84058884523647	4.20386100978903	4.58640412597954
2.612380571305	3.83035263565211	4.21791595687433	4.59044484449258
2.61854107736891	3.83379272187442	4.22388966989732	4.61364089079629
2.62470158343282	3.85895749556958	4.2334318931883	4.62473909659802
2.63086208949673	3.86419872501821	4.24916762155234	4.63357296736363
2.63702259556064	3.89550600168636	4.2674312927421	4.66034792787255
2.64318310162455	3.88785727281032	4.25657038686745	4.64319442220066
2.64934360768846	3.91989892374651	4.26595050228988	4.67196718758196
2.65550411375237	3.90607668962916	4.27465510054821	4.67102308539041
2.66166461981628	3.91060389230535	4.28687983241978	4.68598905066207
2.66782512588019	3.93364097819592	4.3044938704217	4.68312022423341
2.6739856319441	3.93767835912801	4.32257462685309	4.70610976725235
2.68014613800801	3.94238742819915	4.31976010905575	4.70520836776842
2.68630664407193	3.96468528547444	4.33654812784572	4.70793392242135
2.69246715013584	3.95382355920232	4.34793126287651	4.73389326522131
2.69862765619975	3.98824524328134	4.36021568881809	4.73802727173221
2.70478816226366	3.9908301621193	4.3617812438967	4.76228822849541
2.71094866832757	3.98912248380506	4.36245655504157	4.74022142850831
2.71710917439148	3.98598310847828	4.37939773063628	4.76016374330992
2.72326968045539	3.97452219424339	4.40846953111161	4.7883076870316
2.7294301865193	4.03228548595358	4.39343517749727	4.78102628424143
2.73559069258321	4.05107935015952	4.4160508347465	4.78624463646568
2.74175119864712	4.05025278209291	4.42375157243441	4.80917555635758
2.74791170471103	4.03271109963534	4.42863292826921	4.83834425095417
2.75407221077494	4.0440021041044	4.44598347652108	4.83995972805148
2.76023271683885	4.05506776797567	4.44154377374182	4.81976982754143
2.76639322290276	4.08621141819476	4.46133050110845	4.86297110706897
2.77255372896667	4.08141018381377	4.47892307269901	4.85848656907017
2.77871423503058	4.09642797793786	4.48165578164163	4.85374628154241
2.78487474109449	4.11141178422931	4.48981794925889	4.89237820723984
2.79103524715841	4.11077728625458	4.50100730391468	4.89535878675363
2.79719575322232	4.12740495470943	4.50379346468808	4.88781391591447
2.80335625928623	4.14923266086513	4.52002541639595	4.90030455532206
2.80951676535014	4.12827216288537	4.52679210401991	4.90773468552044
2.81567727141405	4.17070408247529	4.54919160829323	4.9260251141042
2.82183777747796	4.16266018311812	4.54154349426332	4.95383083884431
2.82799828354187	4.18165238032405	4.56239559387548	4.94433240621743
2.83415878960578	4.1921227592034	4.56706749424945	4.94718969787973
2.84031929566969	4.17598949636086	4.57356863759621	4.95250445603241
2.8464798017336	4.21102922336685	4.58254137014288	4.96233547081062
2.85264030779751	4.20428496260139	4.59742256738196	4.97281894034999
2.85880081386142	4.21725782052602	4.6084781255507	4.99763218129758
2.86496131992533	4.21813092710726	4.62488852243332	4.99389279248047
2.87112182598924	4.23254096067011	4.61967567997322	4.9993758484921
2.87728233205315	4.24227359811236	4.63104722714756	5.02022561620293
2.88344283811706	4.24633377248138	4.645201030632	5.04092616161362
2.88960334418097	4.26466801063168	4.66107226253122	5.04218647489911
2.89576385024488	4.27505346987891	4.66531221727706	5.07886117133401
2.90192435630879	4.28656357749277	4.68144281302632	5.0604481959348
2.90808486237271	4.29668193139291	4.68128570079798	5.06243261643535
2.91424536843662	4.30886581135926	4.69756803253016	5.09465041666297
2.92040587450053	4.32161516936678	4.70737965292548	5.09274088409172
2.92656638056444	4.3357238459107	4.71683738331622	5.12047528293426
2.93272688662835	4.32520319653151	4.73455716664479	5.10601198739245
2.93888739269226	4.34971643168969	4.72744237236776	5.12139638879675
2.94504789875617	4.34871759421454	4.75242917671905	5.12905802073083
2.95120840482008	4.37792444592904	4.75388961062968	5.13697016500138
2.95736891088399	4.37099063953396	4.76579733969002	5.16547593236358
2.9635294169479	4.37690359351756	4.77820946433072	5.17207317436957
2.96968992301181	4.39927901267098	4.78622616079021	5.17476721024182
2.97585042907572	4.40668851867758	4.79699680528221	5.19146911316558
2.98201093513963	4.41181753544545	4.81359078693646	5.19232550444199
2.98817144120354	4.44972566085781	4.82161522865785	5.19507749272579
2.99433194726745	4.4266042978017	4.82736647585958	5.19659564342053
3.00049245333136	4.45206157543181	4.82558518694601	5.20124647111081
3.00665295939527	4.45412424360992	4.84617366224434	5.22792575650118
3.01281346545918	4.45999003470565	4.84405878539475	5.24579481223732
3.0189739715231	4.46415351994133	4.85632678582866	5.24114642833445
3.02513447758701	4.48988375891408	4.86990957496805	5.28224615349685
3.03129498365092	4.49019677916054	4.87718279541727	5.28311652341537
3.03745548971483	4.50469301075915	4.89747859284464	5.27182436634836
3.04361599577874	4.52220720665038	4.91250290090675	5.28833594614935
3.04977650184265	4.52465089589488	4.91850945583562	5.31522140308936
3.05593700790656	4.53137864127674	4.92592501874257	5.31892609231177
3.06209751397047	4.52384085664939	4.92975555389155	5.31573957270652
3.06825802003438	4.55099928260899	4.94437104460589	5.35822011833557
3.07441852609829	4.5701346701666	4.95163372944178	5.3366828048973
3.0805790321622	4.56018232809569	4.95774484909353	5.34387635604023
3.08673953822611	4.57784027779458	4.96621746600147	5.36726003450923
3.09290004429002	4.59374075466943	4.98474676427872	5.36337181382884
3.09906055035393	4.63068729061624	4.99767139206844	5.3956198111671
3.10522105641784	4.60648433778426	5.00076667692696	5.3873721266168
3.11138156248175	4.61018694170132	5.02021987961296	5.38694558151236
3.11754206854566	4.61285278850695	5.00396959898842	5.4017953732429
3.12370257460958	4.64637547772984	5.02817080862087	5.42111108202212
3.12986308067349	4.66355317289932	5.04686470444716	5.43259458641276
3.1360235867374	4.65125133610085	5.04094322759224	5.44713819744535
3.14218409280131	4.66801318284387	5.06562691528938	5.44520531493704
3.14834459886522	4.66678639108002	5.07596929848503	5.4527904332704
3.15450510492913	4.69248827763189	5.07541787180009	5.45832509451507
3.16066561099304	4.71735303974006	5.09845741400972	5.47821313808486
3.16682611705695	4.72669789898351	5.10365074860511	5.48554325572896
3.17298662312086	4.69635198712899	5.1115547291917	5.51170580734827
3.17914712918477	4.73292727768697	5.11716550048731	5.50724544929949
3.18530763524868	4.75779500792331	5.13001578175971	5.50303085650082
3.19146814131259	4.74215930858249	5.13711404374882	5.55635552882802
3.1976286473765	4.75060872275595	5.14927687870913	5.54929817182094
3.20378915344041	4.76699879411652	5.15769221191684	5.54798983695838
3.20994965950432	4.76590158137912	5.16186826008854	5.53367554849723
3.21611016556823	4.76566287003004	5.18425022087406	5.56748267744432
3.22227067163214	4.78778255380143	5.18866351602945	5.56439172792015
3.22843117769606	4.81665318525327	5.19626199919721	5.58678666146052
3.23459168375997	4.80830580029168	5.21405987542079	5.61002916786912
3.24075218982388	4.82832444009704	5.21330680809821	5.62604557228731
3.24691269588779	4.84001768701735	5.22187551167886	5.61976650835841
3.2530732019517	4.84499792191736	5.23641588642716	5.63514861174914
3.25923370801561	4.85330503166735	5.24461769708584	5.6581443921789
3.26539421407952	4.86164940243903	5.25295058610657	5.64389762840806
3.27155472014343	4.85936225086439	5.26348275952996	5.64797190848938
3.27771522620734	4.88650212208001	5.26473758686236	5.6825945879483
3.28387573227125	4.8760639579749	5.29195873370392	5.70239960177265
3.29003623833516	4.87707162863308	5.29961782173569	5.68862439919394
3.29619674439907	4.91714293327267	5.30528974972144	5.70176560242443
3.30235725046298	4.91350190783747	5.31536608509836	5.71269436871848
3.30851775652689	4.9395005917886	5.32115371717684	5.72411070045006
3.3146782625908	4.95946532442094	5.32897351824057	5.7331557871997
3.32083876865471	4.93336550904484	5.34026299655768	5.73910172576164
3.32699927471862	4.95688684833824	5.34504570366449	5.75316315416737
3.33315978078254	4.97587036281189	5.35800394559231	5.73747208302531
3.33932028684645	4.9822567303357	5.36843177471155	5.7661885396812
3.34548079291036	4.98087140749106	5.38128685261609	5.76325298956269
3.35164129897427	4.97475776016328	5.38912854528679	5.7757041831287
3.35780180503818	5.00421274059486	5.40086082514517	5.80113599927856
3.36396231110209	5.01629914931183	5.40656632085435	5.80656156083998
3.370122817166	5.03356670291749	5.42350990986352	5.80850095693418
3.37628332322991	5.04182780024208	5.4330259298499	5.82665711070253
3.38244382929382	5.03890693022037	5.44212828961328	5.84084056692789
3.38860433535773	5.06645207050419	5.45715109728042	5.8392220352879
3.39476484142164	5.065488537008	5.450596952419	5.86690650125724
3.40092534748555	5.08317079361688	5.46948419859712	5.85384915083076
3.40708585354946	5.09768261002454	5.48359133211366	5.87203248207265
3.41324635961337	5.09710718969146	5.48278286375487	5.89069516572247
3.41940686567728	5.11077177597657	5.49923058934197	5.89423833891707
3.42556737174119	5.12695778913108	5.51155127006123	5.90339140675411
3.4317278778051	5.10271552230288	5.50918779694479	5.91847775649767
3.43788838386901	5.13671856513745	5.52925157579817	5.9211742239499
3.44404888993293	5.13623568927361	5.53683896474793	5.9273292535538
3.45020939599684	5.1612813609158	5.555186052816	5.95033746514362
3.45636990206075	5.18596476256857	5.56555216348644	5.94840995305801
3.46253040812466	5.17125094509991	5.57294983039816	5.96065117707639
3.46869091418857	5.14804004046327	5.58389113114806	5.96950858118154
3.47485142025248	5.19073094394495	5.59170107758009	5.98763511545253
3.48101192631639	5.21430372234942	5.59800097424723	5.98253731888609
3.4871724323803	5.20242190778858	5.60691483476845	6.01276221232366
3.49333293844421	5.23439917003187	5.60528696816146	5.99638145814215
3.49949344450812	5.22888387386144	5.62065978975155	6.02729964065275
3.50565395057203	5.23766758671472	5.63360949586699	6.04074311224575
3.51181445663594	5.25486019386242	5.6410552415756	6.04745834373407
3.51797496269985	5.26316501558179	5.65830965209914	6.08039383868479
3.52413546876376	5.27040397775886	5.66177460116658	6.04959131015289
3.53029597482767	5.26787469047344	5.67559112695914	6.06160270193894
3.53645648089158	5.26739865050832	5.69010847707358	6.08344979602056
3.54261698695549	5.29411600903401	5.69761763938617	6.08845907259644
3.5487774930194	5.29795849364425	5.70552618711835	6.07690931071097
3.55493799908331	5.29556986835399	5.70375790042407	6.10487037339473
3.56109850514723	5.3524835789274	5.72230858859571	6.10565784729581
3.56725901121114	5.32160428591986	5.7275086336428	6.13044247512437
3.57341951727505	5.32718033186367	5.73572829983044	6.13554163966024
3.57958002333896	5.35557208405723	5.75621608105294	6.14015173850119
3.58574052940287	5.36410953202116	5.76051695241596	6.14540832738074
3.59190103546678	5.34630322975223	5.77572605833483	6.18961364424249
3.59806154153069	5.39469062059883	5.78348436543101	6.1823001406332
3.6042220475946	5.3900544228443	5.79012804514493	6.20650861800179
3.61038255365851	5.38029652709634	5.79929514706266	6.18236667671365
3.61654305972242	5.40062231703106	5.80756914792603	6.21701785429411
3.62270356578633	5.44709722107116	5.8226523900545	6.21770844821298
3.62886407185024	5.42656832034056	5.83059628629784	6.21817881964002
3.63502457791415	5.42158254364398	5.83238865581752	6.24996743086179
3.64118508397806	5.4497660500596	5.84168804189906	6.25934878674693
3.64734559004197	5.45523370691472	5.85674438931614	6.24601829149306
3.65350609610588	5.48223613015093	5.87570324598857	6.28550768998602
3.6596666021698	5.47469541933216	5.88381907073931	6.28163484078263
3.6658271082337	5.49623804571939	5.88509005013225	6.28462770286408
3.67198761429762	5.49775112841425	5.89752414494378	6.31557114995638
3.67814812036153	5.50820392687598	5.90039346736728	6.31533981291171
3.68430862642544	5.53759004938515	5.92289945442492	6.32888600000586
3.69046913248935	5.54461263157797	5.91756441564607	6.32860193869198
3.69662963855326	5.54482734432355	5.93811870700734	6.35090275347149
3.70279014461717	5.54507972260158	5.93675909607395	6.33713347971469
3.70895065068108	5.54456179545003	5.96276365570656	6.36164637306844
3.71511115674499	5.58380768577779	5.9688308720899	6.38897962515478
3.7212716628089	5.59113039974102	5.97684291658441	6.37998461364826
3.72743216887281	5.57905953905739	5.99381118414539	6.38785930203138
3.73359267493672	5.60657303152409	5.99415228088829	6.40059511499169
3.73975318100063	5.61088343081898	6.00203451043136	6.37759925806187
3.74591368706454	5.6258046400076	6.01817689545835	6.39925820143404
3.75207419312845	5.63072317122202	6.02214780586087	6.41725296187231
3.75823469919236	5.6395414585248	6.04310823945185	6.42853419812016
3.76439520525628	5.65788384967609	6.04621828402085	6.44337517983756
3.77055571132019	5.67262857419754	6.05080868301951	6.46944938573387
3.7767162173841	5.65716185696944	6.06064065032057	6.45542433469514
3.78287672344801	5.64363439810307	6.07527599855218	6.47858995066917
3.78903722951192	5.68003341206242	6.08500646288666	6.49818536674415
3.79519773557583	5.66809311787185	6.09367438730659	6.49424793200045
3.80135824163974	5.69173695815591	6.10131415547578	6.51853668166826
3.80751874770365	5.73510814148338	6.11362180843584	6.52870399645178
3.81367925376756	5.71486394986893	6.12412352710634	6.52786474483939
3.81983975983147	5.73064608026399	6.13183274429036	6.52192872758397
3.82600026589538	5.72837702415523	6.14587594908584	6.54930577157033
3.83216077195929	5.75090566368	6.15564073969448	6.55105444283574
3.8383212780232	5.77035885740889	6.16239878901006	6.56464544911008
3.84448178408711	5.75798278266835	6.16656351976031	6.60505960811536
3.85064229015102	5.77854880179857	6.1794032096858	6.57404226483488
3.85680279621493	5.77681649171045	6.19255385000847	6.59790603941549
3.86296330227884	5.80059229697948	6.20523491294239	6.60978632082738
3.86912380834275	5.80403898881257	6.22361805219987	6.62760506352906
3.87528431440667	5.83143155911003	6.2279342194725	6.62207286788077
3.88144482047058	5.79551664292529	6.23393345697552	6.63757344608176
3.88760532653449	5.83902144325859	6.25320891233039	6.64050725114059
3.8937658325984	5.80344623433764	6.24833914264381	6.66298801482388
3.89992633866231	5.83497491055032	6.26174257508233	6.67902102809126
3.90608684472622	5.86726435641189	6.26087859861943	6.66063713035738
3.91224735079013	5.86664763272348	6.28372628234285	6.68856336119829
3.91840785685404	5.8800657480138	6.29323810250402	6.70981935600948
3.92456836291795	5.88491836972851	6.29687487834156	6.70296698953916
3.93072886898186	5.9156871327799	6.31878005651177	6.73729973569917
3.93688937504577	5.90693240852713	6.32207957464963	6.72800736114365
3.94304988110968	5.9334916767929	6.32722121790962	6.74672607776766
3.94921038717359	5.90204415643062	6.336432157409	6.74181349841717
3.9553708932375	5.95206640817887	6.34988724409639	6.76913904809673
3.96153139930141	5.9549122878972	6.35815582951755	6.76628063833838
3.96769190536532	5.93053764843157	6.36865726789976	6.77868759964532
3.97385241142923	5.95865140337496	6.37923606557264	6.80588798527791
3.98001291749314	5.98842505548554	6.38512142100541	6.77738231392522
3.98617342355706	5.98276566255237	6.3957259716949	6.80977199847671
3.99233392962097	5.99169305283437	6.40987011994183	6.81941292643414
3.99849443568488	6.00640601858069	6.42177361163281	6.8285495107629
4.00465494174879	6.00554935429341	6.42020678185647	6.84320830812628
4.0108154478127	6.01186229177186	6.42928818676315	6.84354288265513
4.01697595387661	6.0243813570018	6.44733100239116	6.85573106282923
4.02313645994052	6.03630110775321	6.46117344341164	6.87911140527544
4.02929696600443	6.07585717601423	6.47025851010253	6.88211566706156
4.03545747206834	6.0707707797161	6.47604331300942	6.91816166168987
4.04161797813225	6.08952554117189	6.48963411423117	6.89558076598327
4.04777848419616	6.07430937353454	6.50171799074946	6.89890838870637
4.05393899026007	6.07911116181237	6.50902436863862	6.89725637671908
4.06009949632398	6.11013844589878	6.51316029190941	6.93187240393454
4.06626000238789	6.11875673626803	6.52773377886373	6.94222688174921
4.0724205084518	6.13495555538968	6.54381179656439	6.94095223285183
4.07858101451571	6.1250039403288	6.55410831814829	6.95960707535011
4.08474152057962	6.1436250852139	6.55647999265661	6.96381992509841
4.09090202664354	6.17266015750712	6.56608060683019	6.96966876944916
4.09706253270745	6.17241721066548	6.57084157339642	6.99086730383147
4.10322303877136	6.16896292954834	6.58221007985267	6.97242706493156
4.10938354483527	6.18294374563479	6.59606928400514	7.00863386118704
4.11554405089918	6.19746045576581	6.60670938940284	7.0378000277764
4.12170455696309	6.1967610907491	6.62161291354307	7.03624328891503
4.127865063027	6.21698710221301	6.6148767796435	7.04803014937383
4.13402556909091	6.23167452996412	6.62890286381209	7.0478009538457
4.14018607515482	6.23439812490728	6.63963263265055	7.06971300152055
4.14634658121873	6.24952459610392	6.64979137825934	7.05824713124712
4.15250708728264	6.2470395067364	6.66473926539639	7.07752740699886
4.15866759334655	6.2426362338839	6.66927793494341	7.09110593058199
4.16482809941046	6.28393630651167	6.67624229003958	7.09174512787125
4.17098860547437	6.26225156727	6.6923418302099	7.09444330399687
4.17714911153828	6.28649858110122	6.70753041544085	7.09664526078344
4.18330961760219	6.30149392906175	6.71150451093038	7.13125719811156
4.1894701236661	6.32298960499643	6.73195672991439	7.13254789857347
4.19563062973002	6.28777203394692	6.73012804035813	7.14609894696302
4.20179113579393	6.33173381979637	6.74097122884309	7.16692429224977
4.20795164185784	6.31996636148838	6.74319956382033	7.16946026558887
4.21411214792175	6.34305395538036	6.75577909726564	7.18851415984357
4.22027265398566	6.34568050541679	6.77304509925163	7.18112489935951
4.22643316004957	6.36190366643832	6.77804182508167	7.20023384402852
4.23259366611348	6.37108462651813	6.78235735581069	7.19068637334237
4.23875417217739	6.35972198483475	6.80279248362649	7.20337043402128
4.2449146782413	6.37467405586708	6.81826496770149	7.23684593037192
4.25107518430521	6.38206378471958	6.82191198257067	7.22139600675698
