"mitochan"	"lwrNorm"	"medNorm"	"uprNorm"
-1.90327037354145	-4.8878212806205	-3.77509372084003	-2.57540859974957
-1.89680182598474	-4.86910357322058	-3.77146967439965	-2.59672428299432
-1.89033327842803	-4.8528310276362	-3.72126951001578	-2.61883213295546
-1.88386473087133	-4.81899684296667	-3.72425568283101	-2.56534954238702
-1.87739618331462	-4.82984351520196	-3.70637376662008	-2.58510754523603
-1.87092763575791	-4.82216725578725	-3.70292134867832	-2.5998227186446
-1.86445908820121	-4.81217608340543	-3.67802145776903	-2.58415025945507
-1.8579905406445	-4.77234168453861	-3.6540928430495	-2.58375654317215
-1.85152199308779	-4.73541723952446	-3.66128955790433	-2.54625732008177
-1.84505344553108	-4.78469522022264	-3.64833023571126	-2.5628488066674
-1.83858489797438	-4.7396471023643	-3.63082931476988	-2.51789053329525
-1.83211635041767	-4.72970434569723	-3.61844691426631	-2.54120732986229
-1.82564780286096	-4.68908706528726	-3.61223801434424	-2.52373446966123
-1.81917925530426	-4.70239907614551	-3.59908551406047	-2.51297287567362
-1.81271070774755	-4.68615688753105	-3.58361347548116	-2.48850304355547
-1.80624216019084	-4.66624580436474	-3.56054815188666	-2.49938250111327
-1.79977361263414	-4.6207154496549	-3.55841788672399	-2.46491410651218
-1.79330506507743	-4.61460803804424	-3.53933829541717	-2.42502949870837
-1.78683651752072	-4.57315549403352	-3.52291470477528	-2.42019776651706
-1.78036796996401	-4.59157166475143	-3.51346179853392	-2.44042562275465
-1.77389942240731	-4.55826958013989	-3.51460778741111	-2.41643928069097
-1.7674308748506	-4.56669264155071	-3.48779858483898	-2.39496829390841
-1.76096232729389	-4.58322101340136	-3.48095153488533	-2.40634865030364
-1.75449377973719	-4.54623792690973	-3.45703589188591	-2.39252786695662
-1.74802523218048	-4.47254024389677	-3.46051632956428	-2.3674053605931
-1.74155668462377	-4.50240533721681	-3.4379574991312	-2.37381137752345
-1.73508813706706	-4.4801377364841	-3.41302816377981	-2.32128036515736
-1.72861958951036	-4.48914668502494	-3.40620058560366	-2.37707934363173
-1.72215104195365	-4.46840046831912	-3.38860000735397	-2.33937678008544
-1.71568249439694	-4.43573622405205	-3.40125528262672	-2.31682995605283
-1.70921394684024	-4.41208898605683	-3.38489899084117	-2.31465693694505
-1.70274539928353	-4.38682858055917	-3.35122433614581	-2.31331317217174
-1.69627685172682	-4.38300208525807	-3.35414589165853	-2.30068575002462
-1.68980830417011	-4.35335044177584	-3.33231101878922	-2.27945405687628
-1.68333975661341	-4.39234693802115	-3.32416110417204	-2.30145448975307
-1.6768712090567	-4.2934012932992	-3.30770755564797	-2.24120580040442
-1.67040266149999	-4.2683310145758	-3.29342473349736	-2.20385014617294
-1.66393411394329	-4.32186684366779	-3.29275861473725	-2.23180589807558
-1.65746556638658	-4.28434672409437	-3.26490240271551	-2.24470656443735
-1.65099701882987	-4.24290778120088	-3.25641322537032	-2.26728458620079
-1.64452847127316	-4.28928787201523	-3.24011646951785	-2.2226297975473
-1.63805992371646	-4.28500014949978	-3.21451641812088	-2.15435348132674
-1.63159137615975	-4.22533496065439	-3.21249783781722	-2.16745982610677
-1.62512282860304	-4.2304599717772	-3.20191329804284	-2.14662754402444
-1.61865428104634	-4.2102854281034	-3.18431464201786	-2.12999552245558
-1.61218573348963	-4.20474547883147	-3.17796202197746	-2.18140185233425
-1.60571718593292	-4.1763430950453	-3.16182752790755	-2.14596328094613
-1.59924863837622	-4.21965543836717	-3.16415591964724	-2.1102483912196
-1.59278009081951	-4.17358253077856	-3.14881017601093	-2.13181815696371
-1.5863115432628	-4.13598579506046	-3.12614916325927	-2.12055731412375
-1.57984299570609	-4.10564555740336	-3.11215059474894	-2.07943917837526
-1.57337444814939	-4.08156577667219	-3.10808487796275	-2.08535799193556
-1.56690590059268	-4.09174380710568	-3.08503472617971	-2.07943998134665
-1.56043735303597	-4.0750457783616	-3.06316920826359	-2.04936453661234
-1.55396880547927	-4.03545108505367	-3.06303416583845	-2.08088369465234
-1.54750025792256	-4.03257824410483	-3.03717080134744	-2.06285639674874
-1.54103171036585	-4.05483212771805	-3.03772883662024	-2.05708525773879
-1.53456316280914	-4.01972067331954	-3.0248858358447	-1.98378319411933
-1.52809461525244	-4.01650425809084	-2.99847122990463	-2.01045289795651
-1.52162606769573	-4.0281510966626	-3.01062977744221	-1.99928448280964
-1.51515752013902	-3.94125250079167	-2.9879928144695	-1.99391111921114
-1.50868897258232	-3.95957813421689	-2.98899269431577	-1.94184721500767
-1.50222042502561	-3.91515885828436	-2.9646796431056	-2.02655325076408
-1.4957518774689	-3.94214385951074	-2.94795069397899	-1.95849339628502
-1.48928332991219	-3.90577201328632	-2.91432755977783	-1.93849627100626
-1.48281478235549	-3.89594427912172	-2.92872845079325	-1.95973265581622
-1.47634623479878	-3.87727993373283	-2.91083525848592	-1.8916387307058
-1.46987768724207	-3.87756609075205	-2.89453922233004	-1.89393308506081
-1.46340913968537	-3.85637643444833	-2.87376586453976	-1.91427493925089
-1.45694059212866	-3.78157180883148	-2.85530967165661	-1.89832545380234
-1.45047204457195	-3.82409083093695	-2.85714615620897	-1.88981231038624
-1.44400349701524	-3.75592122647217	-2.8538197543097	-1.88151073925796
-1.43753494945854	-3.76392713379004	-2.82158931210884	-1.85520821317733
-1.43106640190183	-3.79891117345348	-2.81607710834223	-1.84928428534161
-1.42459785434512	-3.75995628784191	-2.81047989237932	-1.8685101642956
-1.41812930678842	-3.7204146398434	-2.79768373353531	-1.8227347306928
-1.41166075923171	-3.74414142229949	-2.79773594981631	-1.80064305476514
-1.405192211675	-3.70497613701444	-2.77290548466741	-1.82675283190221
-1.39872366411829	-3.69372439924554	-2.7514998552756	-1.79207102232205
-1.39225511656159	-3.6841640819964	-2.73787718393618	-1.78618331772749
-1.38578656900488	-3.65825097866987	-2.72486767288161	-1.8199966997783
-1.37931802144817	-3.63642528916216	-2.72313692764536	-1.77451418539461
-1.37284947389147	-3.64579847509513	-2.70349799002275	-1.75658977394577
-1.36638092633476	-3.57725249734648	-2.67645670327498	-1.78522155266344
-1.35991237877805	-3.54736203475482	-2.67570627496341	-1.73097438227864
-1.35344383122135	-3.6309606278345	-2.6678152701714	-1.72754163171141
-1.34697528366464	-3.51288223362474	-2.65148410039885	-1.71456656863181
-1.34050673610793	-3.53824046068598	-2.6391077071642	-1.73769507556464
-1.33403818855122	-3.50787531663623	-2.62661898639334	-1.70191312730999
-1.32756964099452	-3.51822390422409	-2.61598179491295	-1.7053839868438
-1.32110109343781	-3.53780024601869	-2.59815645837648	-1.69367751019568
-1.3146325458811	-3.51602447151292	-2.58696720058921	-1.6814072688391
-1.3081639983244	-3.46875438340094	-2.58201263880452	-1.60190745094903
-1.30169545076769	-3.46239286769336	-2.55285234223531	-1.63494220700574
-1.29522690321098	-3.43701832541357	-2.54720276407768	-1.6776592042692
-1.28875835565427	-3.42162857588456	-2.5349348687534	-1.59342773150935
-1.28228980809757	-3.40172910444849	-2.53285223729599	-1.6180862711735
-1.27582126054086	-3.41712759994441	-2.49130759739955	-1.60075864116447
-1.26935271298415	-3.3702695117634	-2.49187730344187	-1.55459519287453
-1.26288416542745	-3.38694129093845	-2.47126256130943	-1.56034637441662
-1.25641561787074	-3.3400247250763	-2.45996365589431	-1.54920345610716
-1.24994707031403	-3.30337780864887	-2.4753715536187	-1.57500661351846
-1.24347852275732	-3.33839984238324	-2.43706600755266	-1.57038564228258
-1.23700997520062	-3.35432252148041	-2.43452039771017	-1.51028382794315
-1.23054142764391	-3.29127570225692	-2.42339088408834	-1.54217179089878
-1.2240728800872	-3.28381110166713	-2.40575692334216	-1.49470237646683
-1.2176043325305	-3.2380958858261	-2.40057488176181	-1.49976373897564
-1.21113578497379	-3.23914116305819	-2.38098819454531	-1.447012106533
-1.20466723741708	-3.22896075828946	-2.3487436718996	-1.47709834845887
-1.19819868986037	-3.21830194832812	-2.34704477531716	-1.47660129240226
-1.19173014230367	-3.19854974273244	-2.34283497268721	-1.46975573222884
-1.18526159474696	-3.18512613002938	-2.31028779195669	-1.45963659640305
-1.17879304719025	-3.17804397660734	-2.29600396685875	-1.44314520053451
-1.17232449963355	-3.19551160387755	-2.29603457194995	-1.44063904292988
-1.16585595207684	-3.15444791655708	-2.27955360134098	-1.40933592238034
-1.15938740452013	-3.12913164622725	-2.27127123626731	-1.44333982291572
-1.15291885696342	-3.11170659445371	-2.25705737567658	-1.36299017308953
-1.14645030940672	-3.1064543929432	-2.24112530409788	-1.34902181470654
-1.13998176185001	-3.1010071444604	-2.22171031112245	-1.36492092008646
-1.1335132142933	-3.06426031155242	-2.22521391954526	-1.37542152893869
-1.1270446667366	-3.07550109725124	-2.21128130511504	-1.34552241399467
-1.12057611917989	-3.0613317267527	-2.19018149833429	-1.33337635880824
-1.11410757162318	-3.03458770021843	-2.18493955607431	-1.33903776551584
-1.10763902406647	-3.03415011469276	-2.16604047270872	-1.2744346130619
-1.10117047650977	-3.06385773674529	-2.1528905131592	-1.29842115034958
-1.09470192895306	-3.01607270616066	-2.14572673719923	-1.29794854830518
-1.08823338139635	-2.98079056205844	-2.12699762390094	-1.25922534757662
-1.08176483383965	-2.93222746180925	-2.12370509011454	-1.26841566233417
-1.07529628628294	-2.96379143444216	-2.11817901004942	-1.25247139491588
-1.06882773872623	-2.87292755828425	-2.08657105743776	-1.24317421401288
-1.06235919116953	-2.91091404297825	-2.07144377245414	-1.23714242572234
-1.05589064361282	-2.87862069970467	-2.04928341114281	-1.2168251472332
-1.04942209605611	-2.89456102712991	-2.04578105973208	-1.22091638286755
-1.0429535484994	-2.91832675165742	-2.03510433264282	-1.18471645548113
-1.0364850009427	-2.85361873740053	-2.01953256135398	-1.19840819756733
-1.03001645338599	-2.83650870476879	-2.01782037705954	-1.16166620088207
-1.02354790582928	-2.82045463321258	-1.99785709840954	-1.18428481888196
-1.01707935827258	-2.80806739660534	-1.98598737226211	-1.16897057691067
-1.01061081071587	-2.78228911270655	-1.96328326439796	-1.11181732047697
-1.00414226315916	-2.77483501325286	-1.96161672904073	-1.15124660877357
-0.997673715602454	-2.77491311945412	-1.94440896992541	-1.14322515231899
-0.991205168045747	-2.76220274334763	-1.93005944692111	-1.10765419905258
-0.98473662048904	-2.73235237143706	-1.93302948313557	-1.11873150766557
-0.978268072932333	-2.70258704311603	-1.90430748204047	-1.09989851990818
-0.971799525375626	-2.68685877880328	-1.90209947118896	-1.07641054316797
-0.965330977818919	-2.6803781946869	-1.89194863817454	-1.06879898973273
-0.958862430262212	-2.68461009797196	-1.86984750472448	-1.0775796446829
-0.952393882705504	-2.65030025080592	-1.86835688609696	-1.05299206485509
-0.945925335148797	-2.65242119524679	-1.8464317413772	-1.04157810372014
-0.93945678759209	-2.65026956996992	-1.83854998165212	-1.01758977986324
-0.932988240035383	-2.60470890539231	-1.80645751129865	-1.01303152129785
-0.926519692478676	-2.62399796395596	-1.80589241019027	-1.00623132613156
-0.920051144921969	-2.58653029235768	-1.80406324597862	-1.04209653518198
-0.913582597365262	-2.5775238829133	-1.79053777055707	-0.984703211771924
-0.907114049808555	-2.58212956250982	-1.75210687008644	-0.996431071137766
-0.900645502251848	-2.54709594201752	-1.75806167327899	-0.981529310678969
-0.89417695469514	-2.53401675254944	-1.72901132888578	-0.975862939921623
-0.887708407138433	-2.49641852620271	-1.71972978264453	-0.915471652448223
-0.881239859581726	-2.50431944153356	-1.71575588839773	-0.93551240378911
-0.874771312025019	-2.45891661425979	-1.69545370579421	-0.910802477738966
-0.868302764468312	-2.4610538403262	-1.6905242724132	-0.929584164009418
-0.861834216911605	-2.48692763081158	-1.67062940091733	-0.889804091987981
-0.855365669354898	-2.45616504821144	-1.66813802975889	-0.890061338520337
-0.848897121798191	-2.41774222207618	-1.65246894198495	-0.874641168099561
-0.842428574241484	-2.39228480482806	-1.64143131791102	-0.849763119500791
-0.835960026684776	-2.39842726618845	-1.62536106513573	-0.865272283385134
-0.829491479128069	-2.40646952491374	-1.60525957231718	-0.839779951895782
-0.823022931571362	-2.36613974783256	-1.5932971760065	-0.863269606881387
-0.816554384014655	-2.36782334630955	-1.58926957880014	-0.797583379866229
-0.810085836457948	-2.32359460873583	-1.56039742172955	-0.808201212683086
-0.803617288901241	-2.31660880475233	-1.55830394962401	-0.793913311877445
-0.797148741344534	-2.29262996819846	-1.53076175729723	-0.79386539567536
-0.790680193787827	-2.31259111947944	-1.53642259527915	-0.781604444048997
-0.78421164623112	-2.27201344416928	-1.5136003856605	-0.726550561363004
-0.777743098674412	-2.22459794945731	-1.51597250021415	-0.71993265864995
-0.771274551117705	-2.21876353820455	-1.49030908781779	-0.752690581574183
-0.764806003560998	-2.21094158790002	-1.48542506156418	-0.729806198734203
-0.758337456004291	-2.2263505218833	-1.48028832001919	-0.721800368535527
-0.751868908447584	-2.22077617748864	-1.46300205680152	-0.718773384167495
-0.745400360890877	-2.19495888201879	-1.43903226431908	-0.696176193675544
-0.73893181333417	-2.1799346193683	-1.42791124038444	-0.660492271049681
-0.732463265777463	-2.17794780437993	-1.42582287409143	-0.655355593223526
-0.725994718220756	-2.13497694360269	-1.41654795929825	-0.642682225933715
-0.719526170664049	-2.12452942493709	-1.39197457899799	-0.662273657325741
-0.713057623107342	-2.1267261451939	-1.38005427423722	-0.623342173920072
-0.706589075550634	-2.10927825364858	-1.35964425277871	-0.614712896098061
-0.700120527993927	-2.1242426026628	-1.36326614967111	-0.623843869594871
-0.69365198043722	-2.07929589457358	-1.32753836552038	-0.591043903921541
-0.687183432880513	-2.0287630806666	-1.32029336610701	-0.564219113624378
-0.680714885323806	-2.02012318086733	-1.30806252853785	-0.560967842447448
-0.674246337767099	-2.00705689537619	-1.29206190711838	-0.568569234795733
-0.667777790210392	-2.02195894275863	-1.29715970508007	-0.553157899309441
-0.661309242653685	-2.01214350047766	-1.2680324776046	-0.531215498342001
-0.654840695096978	-1.99223732057904	-1.26202961285722	-0.54038448675875
-0.64837214754027	-1.99004551638401	-1.24522984322991	-0.510787627093985
-0.641903599983563	-1.96907985300367	-1.22556272861407	-0.504316743115722
-0.635435052426856	-1.97414260911563	-1.22237403128263	-0.48151913957002
-0.628966504870149	-1.9611147013068	-1.20140871920207	-0.49070656381303
-0.622497957313442	-1.95758167940357	-1.204590935749	-0.494717328094691
-0.616029409756735	-1.87918086522471	-1.19254814241725	-0.458301681104078
-0.609560862200028	-1.89281249986399	-1.16324357409239	-0.439058009424074
-0.603092314643321	-1.87368612204292	-1.14273405965254	-0.423460801908636
-0.596623767086613	-1.87481966740731	-1.13696048319091	-0.407795702450264
-0.590155219529906	-1.84257415530302	-1.14801355218376	-0.387247920734825
-0.5836866719732	-1.85277840814309	-1.11359379496483	-0.417936817061573
-0.577218124416492	-1.82569734501729	-1.11930697126517	-0.394563048343935
-0.570749576859785	-1.81575305933616	-1.08786785818335	-0.375202168456512
-0.564281029303078	-1.814416285957	-1.07478712546771	-0.351604226792923
-0.557812481746371	-1.76760748230558	-1.05892137958123	-0.360851416673443
-0.551343934189664	-1.74273959265261	-1.05693049869108	-0.359176515011333
-0.544875386632957	-1.74613189099222	-1.03753720299105	-0.353605594885308
-0.53840683907625	-1.7409616811181	-1.03401951714615	-0.32864463911588
-0.531938291519543	-1.72020846705763	-1.01677485160074	-0.305808424109515
-0.525469743962835	-1.70361742157158	-1.00920466103108	-0.311136444941802
-0.519001196406128	-1.67721118029727	-1.00469888848304	-0.282577783247903
-0.512532648849421	-1.69053666779014	-0.975610235719563	-0.273515559958642
-0.506064101292714	-1.65052205427967	-0.961112387229545	-0.26436954017437
-0.499595553736007	-1.67074021846802	-0.937880977829079	-0.206209686595862
-0.4931270061793	-1.6227461247102	-0.923652571164681	-0.250720313063404
-0.486658458622593	-1.60178901505338	-0.921018329625055	-0.203813908912497
-0.480189911065886	-1.61224680285001	-0.906426659319798	-0.180673170348771
-0.473721363509179	-1.60533859200304	-0.906479405563704	-0.215900557706593
-0.467252815952471	-1.59547380625508	-0.885021303539604	-0.162331032045785
-0.460784268395764	-1.56962129459259	-0.881935803440508	-0.154131479677683
-0.454315720839057	-1.55136420627584	-0.85257631163047	-0.175452097261809
-0.44784717328235	-1.54053795738481	-0.844756145107394	-0.154246857048999
-0.441378625725643	-1.53101912105355	-0.838742857175707	-0.138723578404365
-0.434910078168936	-1.50549407439018	-0.82531806793001	-0.135301005480948
-0.428441530612229	-1.4749615311781	-0.796940542437851	-0.120302558908341
-0.421972983055522	-1.49212606704989	-0.797426350414716	-0.107709478356493
-0.415504435498815	-1.48529721506211	-0.789006501088772	-0.0809036781363069
-0.409035887942107	-1.43853156443384	-0.761531195852931	-0.0475343229077048
-0.4025673403854	-1.44929207305593	-0.766369718197241	-0.0584139444809773
-0.396098792828693	-1.45711135395662	-0.745984006318029	-0.0456967357224898
-0.389630245271986	-1.39401580223907	-0.726846672971883	-0.00570565427888993
-0.383161697715279	-1.42329784097758	-0.709176040515956	-0.0131824651225733
-0.376693150158572	-1.38960951352857	-0.700797927972072	0.0184583291134847
-0.370224602601865	-1.38485707374341	-0.697924649801893	-0.00978754872487106
-0.363756055045158	-1.35504148210951	-0.685630191269839	0.0112239103995416
-0.357287507488451	-1.33632540224297	-0.661478780658316	0.0546704924562748
-0.350818959931744	-1.3225455404315	-0.653388788526121	-0.00458580332094572
-0.344350412375036	-1.34061482124579	-0.631635861365888	0.0565030352511694
-0.337881864818329	-1.32536025229545	-0.625713744308544	0.0658211370157288
-0.331413317261622	-1.29583408855286	-0.609363459307716	0.0914989341153371
-0.324944769704915	-1.28133879624121	-0.603643099952815	0.0998012965404797
-0.318476222148208	-1.29476858843194	-0.596002358484369	0.103295547838479
-0.312007674591501	-1.25451550489129	-0.572862457923346	0.0968997536019064
-0.305539127034794	-1.24943549318401	-0.551417500595202	0.128961553471634
-0.299070579478087	-1.25252160693303	-0.55632165641073	0.161069036811018
-0.29260203192138	-1.21091229112447	-0.543767751137072	0.134451481958793
-0.286133484364673	-1.20172249678608	-0.516607193632723	0.159559610602006
-0.279664936807965	-1.20031757751483	-0.503308372609139	0.157585467610286
-0.273196389251258	-1.18049024231645	-0.495314219679373	0.203907868674742
-0.266727841694551	-1.17549105322771	-0.471800547460435	0.211346440013449
-0.260259294137844	-1.14896522526684	-0.453396938134937	0.233719342021295
-0.253790746581137	-1.14725930813107	-0.438451366880047	0.207318292876788
-0.24732219902443	-1.13656372313994	-0.447581555081562	0.220430604293129
-0.240853651467723	-1.1218109570399	-0.427730217826536	0.234853264211415
-0.234385103911016	-1.08731791668901	-0.415842688048014	0.243810840973568
-0.227916556354309	-1.10753533382265	-0.398141772531653	0.274100047610309
-0.221448008797601	-1.07088235739533	-0.386275267846018	0.286451510353039
-0.214979461240894	-1.05220753541739	-0.377593306029993	0.267955044312107
-0.208510913684187	-1.06237408103235	-0.358315102390168	0.341453169094459
-0.20204236612748	-1.04812617749769	-0.360124351044284	0.333852207879596
-0.195573818570773	-1.01590417099871	-0.342454066377179	0.347484735912813
-0.189105271014066	-0.986956928472357	-0.316113121183897	0.360326083982472
-0.182636723457359	-0.967649873701845	-0.319428279308997	0.342758397243022
-0.176168175900652	-1.00992662251353	-0.298271100605983	0.36736459529505
-0.169699628343945	-0.943178405208116	-0.284203529516389	0.410583335411778
-0.163231080787237	-0.9710772144238	-0.284632493511762	0.407358651815649
-0.15676253323053	-0.933371986341887	-0.261096475699982	0.415804241874605
-0.150293985673823	-0.899305633399524	-0.255773372329431	0.432472435840951
-0.143825438117116	-0.913096997720031	-0.235515415435803	0.423018048799604
-0.137356890560409	-0.903934015474041	-0.225148171171973	0.428941715331603
-0.130888343003702	-0.905844916499206	-0.219321341664505	0.452164424685152
-0.124419795446995	-0.871455561044278	-0.208120065473596	0.514133796965578
-0.117951247890288	-0.861667769741598	-0.193035399226003	0.492611529162177
-0.111482700333581	-0.828230602320876	-0.174156853521804	0.509115839976712
-0.105014152776874	-0.810108279651234	-0.154946973883723	0.507191948270912
-0.0985456052201665	-0.833497160776924	-0.150262908750276	0.52748994312291
-0.0920770576634593	-0.80005720118352	-0.130058435025063	0.527168416267056
-0.0856085101067523	-0.766598282516299	-0.115613985375956	0.552271904318674
-0.0791399625500451	-0.783632532960426	-0.109565594331424	0.558356073282055
-0.0726714149933381	-0.773985314572231	-0.0934774054880962	0.607816101400646
-0.0662028674366308	-0.760805801982374	-0.0810463689588533	0.601077829603538
-0.0597343198799238	-0.733762965867659	-0.0766630568885336	0.597472977429676
-0.0532657723232166	-0.747571514301506	-0.0501138659504526	0.620527129088132
-0.0467972247665096	-0.703689755242515	-0.043394716571637	0.613005979655517
-0.0403286772098026	-0.688217416986998	-0.0265620204827449	0.673188059465849
-0.0338601296530954	-0.711643261795625	-0.0171644089403511	0.629486412318705
-0.0273915820963884	-0.667883106971133	-0.00453858430919165	0.657773106846561
-0.0209230345396811	-0.68133612013155	0.00571116038827163	0.687727605917554
-0.0144544869829741	-0.644840716881857	0.0126768422257143	0.684703135039416
-0.00798593942626691	-0.618284683158604	0.0283706495391175	0.691029861207533
-0.0015173918695599	-0.655139000276745	0.049125229595059	0.735639777676341
0.00495115568714732	-0.595002115487145	0.0610166023842909	0.711003270468975
0.0114197032438543	-0.580526900666495	0.0712182913702771	0.737893232779623
0.0178882508005616	-0.593465663928927	0.0940983206389737	0.755745379692479
0.0243567983572686	-0.580999692353883	0.0947632290660852	0.771055688005404
0.0308253459139756	-0.567839616619982	0.106510458951997	0.789561009456825
0.0372938934706828	-0.536531498273553	0.111998202587078	0.787880316174608
0.0437624410273898	-0.520106969693829	0.130811981884356	0.849771669692809
0.050230988584097	-0.523202337316688	0.151482738902538	0.831418945456442
0.056699536140804	-0.520347918395442	0.161071523253198	0.849767029374739
0.0631680836975113	-0.498347163191954	0.177623403438235	0.86804293578714
0.0696366312542183	-0.482226053425035	0.171480201007449	0.852566076811393
0.0761051788109255	-0.46404912572178	0.192745501622034	0.896224137209008
0.0825737263676325	-0.462101466138254	0.216782107304542	0.906957439397158
0.0890422739243397	-0.43927175023874	0.227056524729766	0.915376152374784
0.0955108214810467	-0.399359981620749	0.246732586075701	0.931127834172667
0.101979369037754	-0.426345769042813	0.241310860585496	0.915797575616321
0.108447916594461	-0.424671999785825	0.274751939348782	0.931402254973314
0.114916464151168	-0.397903964170606	0.282258057575482	0.937133358347439
0.121385011707875	-0.370350772384879	0.30590197163974	0.978919655877995
0.127853559264582	-0.377996343145884	0.298514197575179	0.981204849652125
0.134322106821289	-0.347400669073645	0.307617001742419	1.00939332057673
0.140790654377997	-0.355638404956965	0.333307027988269	1.01319046597386
0.147259201934704	-0.309386165626789	0.336197380135542	1.04246002807398
0.153727749491411	-0.310052167598667	0.351570167338852	1.03843803850811
0.160196297048118	-0.310792960756568	0.367194536831446	1.05965047095882
0.166664844604825	-0.287628472472157	0.381596556967272	1.06801782666434
0.173133392161532	-0.282899460480866	0.395224998816583	1.09879261197234
0.179601939718239	-0.289779974924035	0.410991285431008	1.05117221350729
0.186070487274946	-0.28137508601772	0.417164903529849	1.11471714069882
0.192539034831653	-0.224889312441576	0.42598330793678	1.11031662213095
0.199007582388361	-0.2364141748373	0.447349998095548	1.08286322021437
0.205476129945068	-0.191126449314281	0.459564668991636	1.13583375763593
0.211944677501775	-0.186791335939777	0.481255697494775	1.16433098551941
0.218413225058482	-0.206760245492658	0.49553296667344	1.19350043422769
0.224881772615189	-0.170691515469255	0.493553730866036	1.16783539751097
0.231350320171896	-0.137479494174479	0.506869373040898	1.21528385957818
0.237818867728603	-0.161490215501548	0.519275039538301	1.21591162850246
0.24428741528531	-0.149185775302642	0.53690440550539	1.20043112497582
0.250755962842017	-0.122398886082727	0.55697210248429	1.23043595125089
0.257224510398725	-0.106984111952533	0.558888514709241	1.23322185204099
0.263693057955432	-0.0843396550893579	0.583616496740413	1.29452047724327
0.270161605512139	-0.0762164191226194	0.587422276383259	1.26485516061214
0.276630153068846	-0.0856448930023485	0.612735624199279	1.28748813896302
0.283098700625553	-0.0775576428842574	0.627148239985927	1.2913947067549
0.28956724818226	-0.0710225715338069	0.632850241272068	1.34313003907362
0.296035795738967	-0.0283430240549121	0.640417151018938	1.33812276545797
0.302504343295674	-0.0414286686184275	0.655415957455832	1.35536538883064
0.308972890852381	-0.00431153761431502	0.67660329813252	1.3698296857886
0.315441438409088	-0.0243111341883876	0.672875668572338	1.41177982453999
0.321909985965795	0.00393400812755691	0.692684898950193	1.40965781103912
0.328378533522502	0.0202568991101609	0.708528295488381	1.41307388891215
0.334847081079209	0.0390183592379818	0.719357056376954	1.39193149355976
0.341315628635917	0.0397580123299519	0.734121514912549	1.45860948162548
0.347784176192624	0.056740391181891	0.74564149031244	1.44599631264453
0.354252723749331	0.0645256359490272	0.769440794917147	1.43175243727165
0.360721271306038	0.0701373954859846	0.766611249611108	1.45023643346239
0.367189818862745	0.0912942328626169	0.776797030736021	1.46718120201192
0.373658366419452	0.0881838723314286	0.79998442612961	1.46639013705105
0.380126913976159	0.10171540490887	0.816500099878249	1.53496441206573
0.386595461532866	0.142723216525859	0.821592125639505	1.52573428659897
0.393064009089573	0.146607564719498	0.838967074457803	1.52604565686831
0.399532556646281	0.131087809557217	0.852884910579303	1.55875176602598
0.406001104202988	0.170037954113846	0.855073626245889	1.56916192000036
0.412469651759695	0.192468144176865	0.86690514049458	1.5682238969252
0.418938199316402	0.179682254056045	0.893107316308213	1.59244020333448
0.425406746873109	0.207827755553132	0.903338570476553	1.62681497286132
0.431875294429816	0.249641293056557	0.921026542958464	1.61682846275134
0.438343841986523	0.211106336076692	0.925105000226835	1.62326245284646
0.44481238954323	0.25282977538012	0.9321082242372	1.66713784644452
0.451280937099937	0.261369533523941	0.943716705801416	1.65931727174572
0.457749484656645	0.298543750295684	0.968879639961775	1.70716894389368
0.464218032213352	0.26042115101819	0.977287598493066	1.71030126670615
0.470686579770059	0.241907579998599	0.987377992367632	1.68691514777765
0.477155127326766	0.302208984854212	1.00823325445394	1.72263172079699
0.483623674883473	0.32442283168022	1.01659715920561	1.73087198453342
0.49009222244018	0.290331072039016	1.0345798998142	1.77835078999799
0.496560769996887	0.326025643260292	1.03584655851797	1.76400928800654
0.503029317553594	0.362387184476813	1.05548721382539	1.77678221923705
0.509497865110302	0.346932739069978	1.0682345539616	1.78813088842904
0.515966412667009	0.375606648025286	1.08312930731576	1.80834894559417
0.522434960223716	0.363765139518041	1.08530693485271	1.84837692703264
0.528903507780423	0.349503796155221	1.0984701169246	1.84049582440746
0.53537205533713	0.390324586764827	1.11415968373827	1.86235700999958
0.541840602893837	0.407949922955197	1.12668226064003	1.85791345113893
0.548309150450544	0.45088505127382	1.14800103114118	1.89516690406099
0.554777698007251	0.441319306107425	1.14850747507454	1.8952660757036
0.561246245563958	0.500527177883197	1.1636179817426	1.92950542216057
0.567714793120666	0.453531481138392	1.16815000403313	1.90299152174264
0.574183340677373	0.465436807192559	1.20035605076164	1.92388272133407
0.58065188823408	0.507989286906706	1.21215475247188	1.96427270811199
0.587120435790787	0.4793669060036	1.22909327463478	1.95623788344463
0.593588983347494	0.503861622879532	1.23356614029643	1.99994645702612
0.600057530904201	0.477063661969359	1.25357015457683	1.99099258157168
0.606526078460908	0.519853938612445	1.25380610507666	2.00290162829217
0.612994626017615	0.572572666392586	1.27537726318043	2.04951965845502
0.619463173574322	0.599884343775005	1.2863662863366	2.00882579792867
0.62593172113103	0.549462521169488	1.30257962873947	2.02757893941679
0.632400268687737	0.61573498823809	1.32000430550304	2.08356847673843
0.638868816244444	0.586979955319331	1.33600237151223	2.06162802941464
0.645337363801151	0.624707700978556	1.33778290586884	2.07454800631316
0.651805911357858	0.61360747149943	1.3498677262508	2.09530894869444
0.658274458914565	0.639819497402849	1.36772482274253	2.09990678905683
0.664743006471272	0.643611277156105	1.36438921039886	2.13928013595086
0.671211554027979	0.651223850944739	1.3924474237168	2.13344663371612
0.677680101584686	0.624095866217447	1.4069266624312	2.17859473029273
0.684148649141394	0.704092025221403	1.42273702928572	2.19636902829704
0.6906171966981	0.690204998765017	1.43003221255978	2.16818537387825
0.697085744254808	0.719953600043746	1.44561254638012	2.21356045611254
0.703554291811515	0.699694906144381	1.45873315133206	2.2421320022942
0.710022839368222	0.742957295887224	1.47899956590271	2.21684932651377
0.716491386924929	0.751525394102926	1.48452944217859	2.2628935247771
0.722959934481636	0.746536583083203	1.49172295231348	2.29279653306571
0.729428482038343	0.753361828703811	1.50955731549514	2.26652336027343
0.73589702959505	0.759223465460239	1.52105899782224	2.29317511151141
0.742365577151757	0.796840353604341	1.5190422134387	2.30473355421978
0.748834124708464	0.78876356829927	1.55293396010346	2.30467253038236
0.755302672265171	0.813430146659045	1.54381181652962	2.33391698607496
0.761771219821878	0.81502477536242	1.56731824456095	2.3407887161052
0.768239767378586	0.803486291647754	1.58357883245509	2.40292257315697
0.774708314935293	0.839304714416106	1.59654763224294	2.34930392544762
0.781176862492	0.824709497874392	1.60797648419173	2.44342818022533
0.787645410048707	0.88838904103842	1.61211414362782	2.41251935173769
0.794113957605414	0.852642599767349	1.64089568907523	2.43243403877548
0.800582505162121	0.913473776471274	1.6348862889827	2.43857856447519
0.807051052718828	0.917505519990027	1.66465966910903	2.44622377155333
0.813519600275535	0.872492559752048	1.67365820858025	2.48612393892709
0.819988147832242	0.918385771348635	1.68852161312625	2.48466251666848
0.82645669538895	0.916741208104856	1.69512894442048	2.48089860170086
0.832925242945657	0.950081761340094	1.71687760508133	2.52378852850362
0.839393790502364	0.958384337585298	1.73073565522626	2.48696937939114
0.845862338059071	0.943550648831975	1.74453052946547	2.51722894694589
0.852330885615778	0.979194353299847	1.76132481049124	2.56901167866777
0.858799433172485	1.00881000411905	1.76593127794522	2.57441811878891
0.865267980729192	1.00232798547655	1.77493810241367	2.60808284992939
0.871736528285899	1.01446794868475	1.78383605353614	2.58063157406073
0.878205075842606	1.04070900174915	1.7945343274265	2.59749493389453
0.884673623399314	1.00150039235331	1.81858017025367	2.63988449713996
0.891142170956021	1.00050844915664	1.8315064678678	2.63440925350896
0.897610718512728	1.07480886613645	1.83475461982374	2.65509318643685
0.904079266069435	1.07660357807908	1.86377324143554	2.68319416153173
0.910547813626142	1.06192102758866	1.86666592756619	2.72038070818726
0.917016361182849	1.08262740244637	1.88866053585156	2.71767245529135
0.923484908739556	1.11809669429333	1.90144267897204	2.67453654840579
0.929953456296263	1.07085962656834	1.91631116886811	2.73253374193614
0.93642200385297	1.12946817539589	1.91839838961288	2.74960147289242
0.942890551409678	1.1361367302354	1.94216221798524	2.75884755496244
0.949359098966385	1.15613925346943	1.95323435386175	2.80065796361772
0.955827646523092	1.13948979082974	1.95654652204535	2.79249198114421
0.962296194079799	1.15720436566752	1.97938746208058	2.81337719145365
0.968764741636506	1.17930843183191	1.99812179940839	2.82019210947492
0.975233289193213	1.18624897968959	1.99980721502167	2.78461029060245
0.98170183674992	1.22222504816675	2.01905392767835	2.8401478627097
0.988170384306627	1.20415434343582	2.02049328357965	2.87363658034889
0.994638931863335	1.24317978354981	2.03549189920274	2.89852088390439
1.00110747942004	1.22582878632747	2.05736620748326	2.88229242215728
1.00757602697675	1.24284483723789	2.05440622417571	2.87108037940721
1.01404457453346	1.25473685888711	2.07586019091911	2.96924947861388
1.02051312209016	1.23983685434504	2.08829534676983	2.97199846844168
1.02698166964687	1.27123674011438	2.11242534436229	2.9723628996216
1.03345021720358	1.27185184773739	2.11014262852141	2.95987638196769
1.03991876476028	1.31666999664386	2.1324786283593	2.9447569423046
1.04638731231699	1.30529038707809	2.14349101933886	2.98157900275704
1.0528558598737	1.31813526787136	2.14293667720115	3.01781029465411
1.05932440743041	1.35949899272713	2.16086236289119	3.02019100612417
1.06579295498711	1.35435585452268	2.16053605062829	3.05666656186941
1.07226150254382	1.37859505320979	2.20639807825946	3.06887006816407
1.07873005010053	1.35264933834656	2.20468653753388	3.0901992998585
1.08519859765723	1.34250968684235	2.22033045334657	3.08946728430305
1.09166714521394	1.38379940085227	2.2193979177191	3.08047695304226
1.09813569277065	1.45560526207368	2.22549295730617	3.09772681099704
1.10460424032736	1.40599987840753	2.26022702887422	3.11599028577802
1.11107278788406	1.41576000812325	2.2648091744831	3.14333549949364
1.11754133544077	1.45260703581078	2.27428477870693	3.18878243385527
1.12400988299748	1.45834203087103	2.29305270795848	3.16102234895595
1.13047843055418	1.44119936255927	2.31617608678488	3.2298657390215
1.13694697811089	1.45317535700134	2.31039412612013	3.18151122414465
1.1434155256676	1.47019375584107	2.33341955359492	3.25023969589549
1.1498840732243	1.48232707334539	2.34353738945035	3.21973201404341
1.15635262078101	1.51620373951144	2.3468172587253	3.22406463562467
1.16282116833772	1.52779284543346	2.37391389444361	3.26777420643153
1.16928971589443	1.54735080411643	2.40318719942879	3.26151163790679
1.17575826345113	1.53292708936831	2.40230741718351	3.27275118316518
1.18222681100784	1.51411106099543	2.41535189220232	3.30428753130512
1.18869535856455	1.56003567006713	2.4187078437135	3.28767452975825
1.19516390612125	1.56676293372757	2.44178698515081	3.34880607094078
1.20163245367796	1.62300679091589	2.45624450640324	3.34270304621181
1.20810100123467	1.60557796696889	2.46143251850542	3.37366682077616
1.21456954879138	1.64051945539105	2.46677968563945	3.36457219233664
1.22103809634808	1.5908849051933	2.48973001943659	3.38989412099982
1.22750664390479	1.6281682614317	2.50111120419789	3.4205651186336
1.2339751914615	1.64377230049151	2.51261736086945	3.4194955973984
1.2404437390182	1.63554172571979	2.53854470717974	3.44159207938842
1.24691228657491	1.63246057936114	2.55246874990758	3.45058308149802
1.25338083413162	1.66891995400825	2.55365444715462	3.4982493116209
1.25984938168833	1.68754810162937	2.5654469694444	3.47543720186572
1.26631792924503	1.68501431469159	2.58464102169358	3.47785266869896
1.27278647680174	1.68458725024625	2.58796849395647	3.4963384616864
1.27925502435845	1.68703908580808	2.60793667433956	3.53386077370458
1.28572357191515	1.74093816177586	2.60989616430974	3.52592250408243
1.29219211947186	1.74950495293206	2.64117511646201	3.54814008494088
1.29866066702857	1.75838373699313	2.64748401359021	3.54966466627109
1.30512921458528	1.7655947834101	2.65809475405726	3.56191067984079
1.31159776214198	1.78086609110453	2.66681479032269	3.58365661421355
1.31806630969869	1.76782750411168	2.68173706911372	3.62110838745818
1.3245348572554	1.77476668059974	2.68810849458553	3.65205273750343
1.3310034048121	1.81546924973129	2.70625029494455	3.64019659691505
1.33747195236881	1.80667855825265	2.71814522466727	3.69484263283417
1.34394049992552	1.84496915098224	2.72618872340489	3.6818742958556
1.35040904748223	1.83769506121284	2.74803171054934	3.7276145055634
1.35687759503893	1.81996786045801	2.75366906604495	3.66781047221931
1.36334614259564	1.86220610676249	2.78082177866866	3.70941205698033
1.36981469015235	1.85817489457495	2.78078586398412	3.74231971763189
1.37628323770905	1.90267938709379	2.80536712238553	3.72650279648256
1.38275178526576	1.88265987989309	2.81431688266573	3.74962710913894
1.38922033282247	1.88100290888753	2.82650531500034	3.74982809226648
1.39568888037918	1.93434725315676	2.84840731726966	3.7900765770482
1.40215742793588	1.90274906944066	2.86886669596233	3.84352305162235
1.40862597549259	1.92912084185459	2.87501443047379	3.82940844087557
1.4150945230493	1.91452869252372	2.87016117482817	3.84052197027294
1.421563070606	1.95799849724359	2.8889881582258	3.86109729863818
1.42803161816271	1.97274787548068	2.88972943538115	3.89403752098677
1.43450016571942	1.99108408201313	2.91079715684818	3.9157506097896
1.44096871327612	1.9354614266148	2.92715415509297	3.9311077648441
1.44743726083283	1.97554522790325	2.93987588657009	3.90384353596569
1.45390580838954	1.99246381899421	2.9662905378726	3.91054346716267
1.46037435594625	1.98037757980332	2.9535733541472	3.97952661752479
1.46684290350295	2.03464507131389	2.98143874455483	3.91450841775101
1.47331145105966	2.05357518340827	2.99652428249995	3.98367629230346
1.47977999861637	2.02041396317092	3.01005341602821	4.00347487823505
1.48624854617307	2.08279958125378	3.02326504870833	4.01623136974422
1.49271709372978	2.08893365890987	3.02588040203363	4.03839442609429
1.49918564128649	2.0736627247568	3.04692685526793	4.04583537279407
1.5056541888432	2.0527575638828	3.04782627868552	4.06356554463499
1.5121227363999	2.12567052069616	3.08385199618222	4.07118003138668
1.51859128395661	2.13763477552169	3.06765706536078	4.05075005330975
1.52505983151332	2.13147892869485	3.10098882761598	4.11949211383239
1.53152837907002	2.1164068076864	3.10600743380831	4.07335744636147
1.53799692662673	2.15090963062405	3.13216744074711	4.13801920010222
1.54446547418344	2.17358226960342	3.13730380510735	4.1717387091121
1.55093402174015	2.16413509361973	3.15860395782967	4.15388725593303
1.55740256929685	2.16601990717256	3.16564052873612	4.18931314088752
1.56387111685356	2.19770409178878	3.17667860591007	4.19624234406711
1.57033966441027	2.20811340394157	3.17697395380573	4.19516397906049
1.57680821196697	2.17787442846807	3.19898127941056	4.25779279967325
1.58327675952368	2.25604392304191	3.22709935305486	4.26410532366693
1.58974530708039	2.22905557824097	3.22593672525567	4.2368261621914
1.5962138546371	2.22460086556828	3.23625477597929	4.26509691264053
1.6026824021938	2.25463156656843	3.22942238617462	4.27466601001199
1.60915094975051	2.25047609915201	3.28807132050874	4.30756349466081
1.61561949730722	2.28075575396682	3.27623987442639	4.31634216097106
1.62208804486392	2.30320585746508	3.3087198018811	4.3254631570554
1.62855659242063	2.28470860855976	3.29464695126866	4.31630721832074
1.63502513997734	2.29144839485541	3.31246912981946	4.31003539176711
1.64149368753404	2.31475220243734	3.31634682579466	4.37923436136617
1.64796223509075	2.31908697372033	3.32798148003209	4.3652503063067
1.65443078264746	2.35260546987451	3.36063955422326	4.41950932697058
1.66089933020417	2.31359601741307	3.36506221618559	4.44053157542424
1.66736787776087	2.33312839606559	3.38266986847651	4.43783561891951
1.67383642531758	2.38228902180593	3.38568344535658	4.45050529836947
1.68030497287429	2.36931714090309	3.40090937899244	4.45977732564998
1.68677352043099	2.44760991386302	3.42614546569467	4.4896038143129
1.6932420679877	2.39562487005061	3.41482564653876	4.4854271652401
1.69971061554441	2.38688102975846	3.43836818000231	4.51470328112728
1.70617916310112	2.43452528968785	3.45738405592277	4.52968432468089
1.71264771065782	2.4225591908386	3.46423626308756	4.54271729060583
1.71911625821453	2.40210531426997	3.49239570758773	4.56793002321295
1.72558480577124	2.4771193319165	3.50407498290674	4.59707775777088
1.73205335332794	2.49803468871271	3.50675639601476	4.59031929590426
1.73852190088465	2.46825750717825	3.5277834323346	4.60930298380715
1.74499044844136	2.48598546430893	3.55438908177035	4.61511349215766
1.75145899599807	2.47511417135632	3.56298904125526	4.65567729517675
1.75792754355477	2.49944802642208	3.55454231420192	4.64242917574246
1.76439609111148	2.49234220001383	3.58122836581192	4.6460751413427
1.77086463866819	2.55485347059881	3.59552760189944	4.6805192485837
1.77733318622489	2.59155985475911	3.60263738836452	4.70578990882506
1.7838017337816	2.54435919311247	3.60963300667983	4.72191323796389
1.79027028133831	2.54287043665584	3.60985406642069	4.75986881614448
1.79673882889502	2.59780550552388	3.6461964338594	4.76072914512002
1.80320737645172	2.59421299515041	3.64613497166638	4.76828411107152
1.80967592400843	2.5945193254265	3.65207326792647	4.76748250410251
1.81614447156514	2.62562861227084	3.67643850846033	4.84544062429045
1.82261301912184	2.61926947816921	3.69770958010469	4.78798352359243
1.82908156667855	2.61659260537066	3.70769616952206	4.81592892336373
1.83555011423526	2.64489166612668	3.72266785741272	4.87287118796228
1.84201866179197	2.64880745190858	3.73469542613529	4.83766363868483
1.84848720934867	2.67268961000812	3.74573573438087	4.85510217430229
1.85495575690538	2.64063316414474	3.75851184847509	4.86633726615307
1.86142430446209	2.66803631446316	3.7689896136355	4.87406076536808
1.86789285201879	2.69218832053002	3.80039849326645	4.87075230143972
1.8743613995755	2.66487669699924	3.81800448527672	4.90874380600652
1.88082994713221	2.65758985299116	3.80945721898706	4.9433943927608
1.88729849468892	2.74285223320975	3.82683618422946	5.00219555661653
1.89376704224562	2.69276523072954	3.82796214643011	4.91273054705436
1.90023558980233	2.71955864772548	3.85169283890004	5.00623914062209
1.90670413735904	2.7625284570855	3.85673505364625	5.04194666970673
1.91317268491574	2.75991272488751	3.89626050628889	5.01776942427217
1.91964123247245	2.76390645557395	3.86291893526178	5.07112336420115
1.92610978002916	2.79120741478838	3.89842034101103	5.03501965220201
1.93257832758586	2.76281883600344	3.91806024707058	5.06553271946085
1.93904687514257	2.82171946746261	3.94042499512849	5.09891425311039
1.94551542269928	2.85167227305449	3.93941683993242	5.08594653219173
1.95198397025599	2.85529913544714	3.96615803738547	5.10781591174467
1.95845251781269	2.84927624878586	3.96250545794006	5.1236790337655
1.9649210653694	2.79449589276513	3.98336381738727	5.15355938836973
1.97138961292611	2.86208692554451	3.97828863993934	5.13486439840343
1.97785816048281	2.84391663581842	4.00234020699421	5.20191143968649
1.98432670803952	2.88109148600739	4.02759276934081	5.1821886283269
1.99079525559623	2.86390998889196	4.02745261080644	5.2069960179353
1.99726380315294	2.9063047219103	4.03966573822156	5.20792715787604
2.00373235070964	2.89701948641177	4.06797910777788	5.23264312708199
2.01020089826635	2.93165354095816	4.08159812483812	5.25129063547171
2.01666944582306	2.94525621709426	4.08436594858326	5.26564812503856
2.02313799337976	2.93878996153346	4.0817037711483	5.28198478448152
2.02960654093647	2.94900985688861	4.10633340756318	5.31192872029566
2.03607508849318	2.99450582717286	4.1383333223343	5.31786658447434
2.04254363604989	2.97678938563411	4.15013630549423	5.35477608942332
2.04901218360659	2.95732245877713	4.14844240715413	5.3597806777275
2.0554807311633	3.015365670958	4.1666913711252	5.39629203530329
2.06194927872001	3.00314753467938	4.16942251589746	5.33890189910495
2.06841782627671	3.02781321207447	4.18264042818114	5.40621214857932
2.07488637383342	3.05129695512678	4.21837964259034	5.41292010889751
2.08135492139013	3.03545873209431	4.22546502964878	5.37264987122618
2.08782346894684	3.01983948476758	4.21902642806029	5.43522567061038
2.09429201650354	3.05511050864131	4.2518891433961	5.43497275573632
2.10076056406025	3.05817074089849	4.23760576513476	5.48640832258671
2.10722911161696	3.05692600954406	4.25790579675856	5.47192679639
2.11369765917366	3.07482496992349	4.27194286923252	5.49177197167324
2.12016620673037	3.08012424131932	4.27908966408711	5.49163743497867
2.12663475428708	3.08010819608269	4.30256892424151	5.51646413171309
2.13310330184379	3.13080047289487	4.31402652302174	5.53732953172204
2.13957184940049	3.13763694333115	4.32670401599401	5.57853161715655
2.1460403969572	3.17046606174177	4.33542695426105	5.56912886862883
2.15250894451391	3.14825002255902	4.35433854170463	5.61333504570858
2.15897749207061	3.11858797714304	4.37375905397012	5.61338779624917
2.16544603962732	3.16523616577497	4.38692454082369	5.62468499328181
2.17191458718403	3.16862182978974	4.3815496982896	5.63779594778797
2.17838313474073	3.1661662083643	4.4046747301876	5.64893462342447
2.18485168229744	3.15664145772792	4.41096456391792	5.6715158227204
2.19132022985415	3.23291626222474	4.41917431211424	5.66008976386435
2.19778877741086	3.18996357259666	4.45133207772925	5.69274309567119
2.20425732496756	3.21931913644227	4.44357206298212	5.69766917297772
2.21072587252427	3.24770697226681	4.47709317566954	5.71991747989154
2.21719442008098	3.24999240703548	4.48627899085352	5.73916233777764
2.22366296763768	3.26678445159803	4.5006292498636	5.80043393596154
2.23013151519439	3.25866466423026	4.51739919868586	5.83104440732503
2.2366000627511	3.29317637783952	4.54044465484326	5.84062186724329
2.24306861030781	3.29892568755155	4.5278466726261	5.83721524901417
2.24953715786451	3.26415568443925	4.54649741454312	5.83576859473216
2.25600570542122	3.29098017656658	4.56385510305275	5.87115162835504
2.26247425297793	3.3538383129791	4.56921525464746	5.84306231932739
2.26894280053463	3.2707783951376	4.57908836750996	5.84128101744613
2.27541134809134	3.35744084171121	4.61160442980931	5.91611104847418
2.28187989564805	3.35985398054879	4.60300730051715	5.89881100510823
2.28834844320476	3.38155657327246	4.63985103853543	5.89965358574813
2.29481699076146	3.34612552457921	4.64247741082638	5.93381768000824
2.30128553831817	3.39037784928548	4.64208652840921	5.97959028104541
2.30775408587488	3.37278242755615	4.6669448344688	5.9627175722644
2.31422263343158	3.34715385928358	4.67491353217084	6.0170633404389
2.32069118098829	3.42084145530292	4.69997467574668	6.03099091879752
2.327159728545	3.38489536265442	4.68853505499768	6.03105144256963
2.33362827610171	3.43587018897715	4.7328359688989	6.00286305632266
2.34009682365841	3.48939157665594	4.7329173910439	6.03257580901319
2.34656537121512	3.52685379098809	4.73233518764694	6.06216642002136
2.35303391877183	3.41248052566218	4.76511014345794	6.12018466917473
2.35950246632853	3.48466210514864	4.7650065426005	6.05569712788665
2.36597101388524	3.49685468652121	4.7493846814318	6.1442410594441
2.37243956144195	3.51515883021346	4.80151072774926	6.19005388276714
2.37890810899866	3.52998583105771	4.81329523876289	6.11704831705712
2.38537665655536	3.54014770324552	4.81384941356844	6.1041382715542
2.39184520411207	3.53990624373717	4.83287007694089	6.19761323358235
2.39831375166878	3.54398371512571	4.85486275568686	6.16231397995066
2.40478229922548	3.52603126934632	4.85836319013553	6.15658110915661
2.41125084678219	3.55477968037297	4.8849605320374	6.19591907736508
2.4177193943389	3.6021810369164	4.87763189619945	6.19626869480396
2.4241879418956	3.56088892826314	4.8861655259161	6.25707276976787
2.43065648945231	3.59461770491726	4.92593831858195	6.20719480890679
2.43712503700902	3.59439248464725	4.92192635263986	6.26704771048113
2.44359358456573	3.58643231627929	4.93890106828868	6.31763322210857
2.45006213212243	3.63313157666112	4.94673461548313	6.31669792514322
2.45653067967914	3.6318601058787	4.96909721327658	6.36411270054824
2.46299922723585	3.66197112839274	4.97838721932469	6.31697196288119
2.46946777479255	3.65317040285775	4.9856571186452	6.39379448442598
2.47593632234926	3.68928731636246	5.01097207823858	6.39545151700065
2.48240486990597	3.692984356701	5.00612095576585	6.39483850728464
2.48887341746268	3.68245464218702	5.01925675242477	6.43611025158453
2.49534196501938	3.71291719211141	5.03628396819202	6.44547499587344
2.50181051257609	3.70943339876173	5.05046627925997	6.42126775472791
2.5082790601328	3.69693385744377	5.05970397929468	6.45522990690945
2.5147476076895	3.73162043244329	5.07954848839212	6.47808987119841
2.52121615524621	3.69661132621505	5.08113601841877	6.48413191522085
2.52768470280292	3.72034865441391	5.10638511008207	6.49492972664198
2.53415325035963	3.72185455683125	5.12046517982991	6.5037741095627
2.54062179791633	3.71711812584957	5.14161540786681	6.54125827211589
2.54709034547304	3.72780928544942	5.13616889835266	6.5405593859458
2.55355889302975	3.76256621934391	5.14917768043632	6.57851141772729
2.56002744058645	3.82078679105703	5.17972785027693	6.54277232843592
2.56649598814316	3.79837189680052	5.16955305091772	6.60944599068792
2.57296453569987	3.82942584089037	5.1871883235881	6.61767905136546
2.57943308325658	3.83444871731223	5.20604846455739	6.63456096356955
2.58590163081328	3.84260288438915	5.22959150771644	6.63558253735507
2.59237017836999	3.84766966234703	5.24385389561831	6.6539026599308
2.5988387259267	3.86173155634582	5.23282627766194	6.69095228089657
2.6053072734834	3.8491300879244	5.26746024137592	6.71735758512164
2.61177582104011	3.86337140647788	5.26434983921468	6.74414479647045
2.61824436859682	3.9444691106347	5.28846014703034	6.75795579050507
2.62471291615352	3.90445992246496	5.31109416569533	6.72890371670191
2.63118146371023	3.90912721202407	5.31419141141742	6.74445635826116
2.63765001126694	3.91430453384007	5.31949148034908	6.77941613865615
2.64411855882365	3.9144486317008	5.35336765513445	6.82778805583728
2.65058710638035	3.90898531222299	5.35382239467757	6.80176945689508
2.65705565393706	3.94501093272031	5.35612601782425	6.76866541673628
2.66352420149377	3.98758212863914	5.3458966672186	6.82713049065926
2.66999274905048	3.94268288766043	5.40407833230113	6.85370469395412
2.67646129660718	3.97030990771865	5.40320681528695	6.82544013023597
2.68292984416389	4.03349449653208	5.40643442397133	6.86690061138343
2.6893983917206	4.00925922507424	5.44569947240835	6.85397236443147
2.6958669392773	3.99520450020326	5.43117229304396	6.88338264042478
2.70233548683401	3.99459707265692	5.45885292027897	6.91956065929159
2.70880403439072	4.04945727564674	5.47055627548027	6.97969799975188
2.71527258194742	4.00640797366198	5.48432764431422	6.95577561994866
2.72174112950413	4.04153777169969	5.47508590118649	6.97862084061862
2.72820967706084	4.07106862379164	5.52365456179334	6.96296912035001
2.73467822461755	4.10292322754286	5.53684324615492	7.05180217863316
2.74114677217425	4.04399503208663	5.53341045352538	7.02489722543688
2.74761531973096	4.14124435265476	5.53587118824461	6.99680022909807
2.75408386728767	4.09748614593499	5.54877915493488	7.03508859304985
2.76055241484437	4.12325570763736	5.56114535482183	7.05381381663288
2.76702096240108	4.07263674102798	5.56544438497969	7.13293024740647
2.77348950995779	4.10846055522941	5.59327443521493	7.1339178817264
2.7799580575145	4.13928912956831	5.60803730970457	7.12630129157167
2.7864266050712	4.10228885329818	5.63709627336227	7.08910041753556
2.79289515262791	4.10545572244957	5.63017399246772	7.11507224717986
2.79936370018462	4.20645298012121	5.6640132295077	7.15044965078512
2.80583224774132	4.18369166367067	5.65770186303569	7.16494681211467
2.81230079529803	4.14682177115902	5.65285549635503	7.24298859650644
2.81876934285474	4.22822778336072	5.66956198293521	7.15672442476483
2.82523789041145	4.20280470794333	5.69501227072623	7.19869462651599
2.83170643796815	4.2472104819031	5.70280891043024	7.20027757115073
2.83817498552486	4.18705506587835	5.71292045242497	7.26345782662701
2.84464353308157	4.21093146311983	5.75733171545322	7.25369845734823
2.85111208063827	4.24687141616032	5.73877095589225	7.28943108675653
2.85758062819498	4.23160617390541	5.75123266105716	7.33810778934294
2.86404917575169	4.2762928354841	5.76595706575727	7.29935542560383
2.8705177233084	4.24708350338131	5.78131994238434	7.34303458157915
2.8769862708651	4.31029509878712	5.8002863963925	7.3886552840821
2.88345481842181	4.2993076920823	5.81470463495188	7.37208145646275
2.88992336597852	4.32270549343733	5.83535664085668	7.33289478589375
2.89639191353522	4.32845708648408	5.83272966927668	7.37722787203439
2.90286046109193	4.34000380229665	5.85539606773792	7.34659302793218
2.90932900864864	4.31713288613851	5.85752005319022	7.48097292903652
2.91579755620534	4.36474094744115	5.86878164444014	7.400176270727
2.92226610376205	4.38352143246895	5.89049586165878	7.48332670816936
2.92873465131876	4.36422465381116	5.90319448133482	7.49263707021121
2.93520319887547	4.42370189486493	5.92603142037292	7.46876130084871
2.94167174643217	4.37757973988057	5.94024970809729	7.51258791997539
2.94814029398888	4.37092016305322	5.92372539213486	7.54858157989901
2.95460884154559	4.3988622038124	5.96505008601659	7.5023190305303
2.96107738910229	4.46977075148981	5.96477276678944	7.52721130209278
2.967545936659	4.36116890479742	5.97458005974321	7.55382876325815
2.97401448421571	4.4515408320848	6.01046925326316	7.55322556282856
2.98048303177242	4.43925813232974	6.01518733445642	7.58842848166715
2.98695157932912	4.42571050123678	6.019262034592	7.63407912461503
2.99342012688583	4.49272763710624	6.04770710718089	7.64546620270318
2.99988867444254	4.47086573841343	6.04214607282113	7.6536043966515
3.00635722199924	4.52788624231807	6.0628985598354	7.64554494795843
3.01282576955595	4.49411471587211	6.08789042412147	7.71436442161912
3.01929431711266	4.53832575406269	6.09779615792339	7.69470549696667
3.02576286466937	4.53079058678826	6.10217859732622	7.74920378325522
3.03223141222607	4.5344782200928	6.09007490194923	7.73930956425585
3.03869995978278	4.58795533686248	6.12519449615481	7.74597495416654
3.04516850733949	4.53434150855675	6.16012950524719	7.73981900242342
3.05163705489619	4.54875376440219	6.15625035003066	7.74020370779122
3.0581056024529	4.6270139226119	6.16508851619199	7.76129581287193
3.06457415000961	4.55345852200721	6.16067261998026	7.77087009817369
3.07104269756632	4.55165754880853	6.1854561190023	7.80971097929311
3.07751124512302	4.63518381883666	6.21398646505529	7.79887672403682
3.08397979267973	4.64363724395795	6.20807710112525	7.8327648691196
3.09044834023644	4.62456249579851	6.22915600995189	7.86091312331193
3.09691688779314	4.65049454253237	6.24422492614948	7.87217154596509
3.10338543534985	4.61907198138068	6.26439026554479	7.89400580910106
3.10985398290656	4.66300127897542	6.2654374301295	7.89218625225588
3.11632253046327	4.68260670297372	6.27580644023468	7.98199271630114
3.12279107801997	4.69751274444107	6.29839879500812	7.91970595968419
3.12925962557668	4.69116051751668	6.3175748178174	7.93693206944357
3.13572817313339	4.67569328331109	6.31165269010435	7.99741612225098
3.14219672069009	4.66379507322558	6.32650980315195	7.97025536302157
3.1486652682468	4.75496752423764	6.34829918807618	8.02720570356112
3.15513381580351	4.71121968937854	6.36017776763036	8.02967434192028
3.16160236336021	4.77841383844866	6.36501658851962	8.01723463344527
3.16807091091692	4.74382802166374	6.37499463985558	8.03452643772948
3.17453945847363	4.72934579413718	6.4064413788922	8.06553009898438
3.18100800603034	4.78952974307493	6.41814885306772	8.0699717477466
3.18747655358704	4.79592193620974	6.41354103963876	8.11432925069322
3.19394510114375	4.84300632190569	6.42868991306612	8.10600259362199
3.20041364870046	4.77290260825575	6.43861342749846	8.10255136066093
3.20688219625716	4.86697401071484	6.4595785649496	8.18246165625199
3.21335074381387	4.86608380661227	6.49718290778129	8.17867791507715
3.21981929137058	4.86564224502551	6.5003473762861	8.14432878074306
3.22628783892729	4.80255567226916	6.4957468769873	8.17863336702543
3.23275638648399	4.8899472777704	6.51036745675783	8.22236361375291
3.2392249340407	4.83905701144291	6.50607916648463	8.24490768414629
3.24569348159741	4.86076988083851	6.53973926432279	8.25794162394312
3.25216202915411	4.90949837686793	6.54699728367806	8.21627074012494
3.25863057671082	4.8767518157343	6.55686412541987	8.29610947269058
3.26509912426753	4.97385516335898	6.58212754953583	8.30730973247188
3.27156767182424	4.94160795321996	6.59856125883629	8.32604374897513
3.27803621938094	4.95424373670283	6.60352740003964	8.35333743450791
3.28450476693765	4.9819392636394	6.62086048283113	8.37656518742308
3.29097331449436	4.95525398443973	6.6347760730314	8.37326924547659
3.29744186205106	4.97957735598739	6.62866023098702	8.36358574144701
3.30391040960777	4.99767074157226	6.6546975531778	8.36185067445076
3.31037895716448	4.91714011516648	6.6634070040541	8.40350868485741
3.31684750472119	5.00257776310318	6.70183614944658	8.42281690686049
3.32331605227789	5.00829551276911	6.69354103008335	8.46601942721495
3.3297845998346	4.94367786455443	6.6757096135258	8.47092274500417
3.33625314739131	5.00262732266781	6.72232964374555	8.44365316455482
3.34272169494801	5.02630946750778	6.73274854852938	8.46009828943741
3.34919024250472	5.03488647190632	6.75559736290169	8.48154084670624
3.35565879006143	5.06245322367299	6.76291760708663	8.53243056158724
3.36212733761813	5.02953620624354	6.76151920856467	8.57617041460027
3.36859588517484	5.0775163549689	6.78741724440972	8.54516157032343
3.37506443273155	5.07560457943094	6.80287720435696	8.55503728721681
3.38153298028826	5.06885556289082	6.82709539554083	8.57302646044178
3.38800152784496	5.08860816223051	6.82037861191946	8.60772563930694
3.39447007540167	5.12216928119103	6.8473132061457	8.61166747154766
3.40093862295838	5.05729377553151	6.83660482073437	8.66428864733538
3.40740717051509	5.12463918770626	6.85487631079233	8.66246731465285
3.41387571807179	5.17193327679871	6.87612199696907	8.5949577692365
3.4203442656285	5.16033285497748	6.88152253929411	8.65675696588338
3.42681281318521	5.14170856122992	6.90749983884862	8.66567045443138
3.43328136074191	5.17106145121009	6.90382823908034	8.76211004676266
3.43974990829862	5.18878797100021	6.91709213234735	8.75267659426986
3.44621845585533	5.21252509710742	6.92853903264138	8.74583494099671
3.45268700341203	5.20953134374453	6.94898039078989	8.76035571302174
3.45915555096874	5.17593020275967	6.97821025316784	8.7405004481736
3.46562409852545	5.21667405263227	6.99154880828367	8.73608083584557
3.47209264608216	5.25229323222717	7.01263265661379	8.76245852086768
3.47856119363886	5.24602705401477	7.02208227405452	8.84968439128816
3.48502974119557	5.23655279215541	7.01936901089897	8.88618022397429
3.49149828875228	5.25968855882478	7.03559117128386	8.86295541011492
3.49796683630898	5.28373807069468	7.04094344739604	8.88181785121059
3.50443538386569	5.22262436108748	7.05541333082666	8.81795540955409
3.5109039314224	5.27838317788126	7.06449617116626	8.8720311333445
3.51737247897911	5.29292732914268	7.11002232365635	8.90635063445911
3.52384102653581	5.32504403516895	7.09697352205877	8.92675259465908
3.53030957409252	5.34816386825293	7.09886572209889	8.89876119109505
3.53677812164923	5.296865059852	7.12901435917362	8.9608684214271
3.54324666920593	5.32551827387184	7.1662625484379	8.9769223846131
3.54971521676264	5.33371522008781	7.15121331760432	8.98620685585218
3.55618376431935	5.37582358384396	7.17714524622518	9.00859110653495
3.56265231187606	5.30020799264867	7.15198261354833	9.00595352915812
3.56912085943276	5.3410760087978	7.18636828631289	9.02716270852721
3.57558940698947	5.42194417295329	7.20785700681273	9.05945677846548
3.58205795454618	5.41208915071329	7.2362233300378	9.07599478718462
3.58852650210288	5.3745101451385	7.2380622450362	9.11227193531891
3.59499504965959	5.44110654084405	7.23750330474034	9.1185498749985
3.6014635972163	5.44866107082657	7.27665205278645	9.13740863561481
3.60793214477301	5.39958320429533	7.27894346302577	9.15784317022885
3.61440069232971	5.46065339324463	7.27850902825876	9.18192881841004
3.62086923988642	5.46996851375857	7.30191052618035	9.17382857014923
3.62733778744313	5.43965971674452	7.31372555918853	9.17906549367781
3.63380633499983	5.47584949312038	7.31775920089674	9.2015168024285
3.64027488255654	5.49663844474215	7.32384623486349	9.2295044363092
3.64674343011325	5.49888032702624	7.33523614880577	9.23202640623238
3.65321197766995	5.540177589398	7.35193270768853	9.23290052799291
3.65968052522666	5.52718032756178	7.35783903089625	9.3040747065409
3.66614907278337	5.49634291663292	7.40408202938697	9.30510370756796
3.67261762034008	5.52609247352942	7.3938145381233	9.28065048304033
3.67908616789678	5.54830202097524	7.40897549763786	9.30608487974655
3.68555471545349	5.53468325951931	7.41494885126386	9.34416912459531
3.6920232630102	5.57776996862472	7.42106656410671	9.36422417431567
3.6984918105669	5.52492467156429	7.43289182193207	9.3509686677486
3.70496035812361	5.56906090933386	7.46355943446403	9.42629383396459
3.71142890568032	5.5675929175556	7.45913240253433	9.37084038901199
3.71789745323703	5.61014260444495	7.51328978596776	9.40855615603286
3.72436600079373	5.57379674953616	7.49713909872573	9.41413608983586
3.73083454835044	5.58691002781937	7.49538629305235	9.40076668727763
3.73730309590715	5.64470396522268	7.5272421763917	9.45223201386351
3.74377164346385	5.65953878327423	7.52337015609747	9.40814419734506
3.75024019102056	5.69394293221718	7.54328312967611	9.46980660452365
3.75670873857727	5.62089788874644	7.54851160587681	9.4816496547172
3.76317728613398	5.68992705058979	7.57437613691232	9.53897432073853
3.76964583369068	5.70558416791867	7.57309918530689	9.61760926560224
3.77611438124739	5.67525204276417	7.59793791359765	9.54658570973482
3.7825829288041	5.71257527058286	7.61682448812727	9.56547609179334
3.7890514763608	5.71104085710913	7.63354147546443	9.53488485983307
3.79552002391751	5.70565498590405	7.64671738862079	9.57811294588253
3.80198857147422	5.66917908923108	7.65238375802503	9.61903109629754
3.80845711903093	5.76357668040996	7.67309620100613	9.56006482798141
3.81492566658763	5.74663589786024	7.6738838690494	9.61558042856108
3.82139421414434	5.79198498053335	7.68575048700712	9.62787748407626
3.82786276170105	5.7769378484385	7.69518773178024	9.66041470340775
3.83433130925775	5.82384737425921	7.71742602130941	9.70044378503234
3.84079985681446	5.77784022360417	7.71405875291494	9.67487183791368
3.84726840437117	5.76140273806276	7.7415119420921	9.66874362401289
3.85373695192788	5.78746571887435	7.76615560636221	9.75098881549274
3.86020549948458	5.81442008490206	7.78238566772463	9.73190037595604
3.86667404704129	5.8502210734981	7.77286027921934	9.81250409838881
3.873142594598	5.83186361011014	7.80841671367896	9.7452499698969
3.8796111421547	5.81568076959206	7.8070615202163	9.80583312595631
3.88607968971141	5.83126382342105	7.8509055598611	9.80641673829725
3.89254823726812	5.85416495873689	7.84102506042056	9.84866743264634
3.89901678482482	5.8932269963325	7.82748984129922	9.83506300707874
3.90548533238153	5.8958156845908	7.85332997760585	9.8492619935172
3.91195387993824	5.85346165955745	7.85413821776311	9.8630357405918
3.91842242749495	5.90765015332292	7.88741898356398	9.90863084008958
3.92489097505165	5.94669204956771	7.90212353953288	9.89428409190561
3.93135952260836	5.92552628107372	7.92480919006879	9.90628411773314
3.93782807016507	5.9150817037661	7.9221581245801	9.92952073440782
3.94429661772177	5.95995549256584	7.92227303288864	10.0193564645555
3.95076516527848	5.96631766552951	7.95543995826779	9.9954334175943
3.95723371283519	5.9789567121961	7.96768928534251	10.0710840692044
3.9637022603919	5.9891111579156	7.96484832769243	10.0342471832313
3.9701708079486	6.03137829030445	7.99277704638756	10.0773708883706
3.97663935550531	5.98173578523868	8.0001711009894	10.0655678465644
3.98310790306202	5.9942221040634	8.01214462661862	10.0296860572936
3.98957645061872	6.01662230454215	8.03865204900224	10.1079954265613
3.99604499817543	6.01975893422648	8.0546372500379	10.1262878029859
4.00251354573214	6.10625927505839	8.05586461937655	10.0719513912688
4.00898209328885	6.07981153155758	8.08847457280511	10.0997312970373
4.01545064084555	6.07745632608179	8.08140418130522	10.0770383746336
4.02191918840226	6.11325087785467	8.08606572004085	10.1254319019049
4.02838773595897	6.0826595616498	8.11888897688238	10.1720445939339
4.03485628351567	6.13393198995598	8.15226357614647	10.1637779455037
4.04132483107238	6.06863662000103	8.13701632397826	10.2222633418709
4.04779337862909	6.13436726245279	8.14043288166143	10.2328727906914
4.0542619261858	6.11243601318498	8.13756326182619	10.2407605763301
4.0607304737425	6.09110208774009	8.18790365452863	10.2192743486193
4.06719902129921	6.07927231276148	8.17846577603225	10.2968787682153
4.07366756885592	6.13367983510674	8.21563174002363	10.2154734442322
4.08013611641262	6.16702144191687	8.22841072461435	10.2610924757182
4.08660466396933	6.20460340276232	8.23698734279934	10.3106767929478
4.09307321152604	6.16903879826991	8.23077953765883	10.3085975408559
4.09954175908275	6.25044943551422	8.25670595837642	10.2795981199629
4.10601030663945	6.19473993722913	8.25394757121818	10.3885960176726
4.11247885419616	6.26338865476162	8.28655722779143	10.3396714928747
4.11894740175287	6.24217437181838	8.28122518379467	10.4020139667035
4.12541594930957	6.24565684828499	8.30248996872775	10.3811980315165
4.13188449686628	6.24243235744593	8.30886991042582	10.4426061203798
4.13835304442299	6.26106632800851	8.32860362707044	10.4702524938114
4.14482159197969	6.27269849001253	8.35942475241969	10.424056352504
4.1512901395364	6.22100097541049	8.37078349819738	10.4868086841353
4.15775868709311	6.2680075065544	8.38676064946742	10.4587037317231
4.16422723464982	6.2933748880137	8.40605807326249	10.4570694739564
4.17069578220652	6.27896378506655	8.39559969544393	10.5263757018973
4.17716432976323	6.28352549278273	8.39373604167888	10.4979119210356
4.18363287731994	6.29962078977927	8.40811843944577	10.5068967912421
4.19010142487664	6.36059447606262	8.43135238213115	10.5158208880844
4.19656997243335	6.34321659726961	8.43344249340594	10.586844234571
4.20303851999006	6.38159856486326	8.45502896754637	10.5901501487716
4.20950706754677	6.37318739276492	8.47659100951153	10.6314476844866
4.21597561510347	6.32805135642699	8.49938021918466	10.646774397075
4.22244416266018	6.431191960185	8.48114061935259	10.6353149345947
4.22891271021689	6.37376754177339	8.52463513312762	10.7260367371366
4.2353812577736	6.40459440007156	8.51034094217502	10.6650624708239
4.2418498053303	6.45791072051165	8.53525098060089	10.6621168263307
4.24831835288701	6.38003495709801	8.55758460256208	10.6804773150045
4.25478690044372	6.44811244969607	8.56863586868423	10.7313995659183
4.26125544800042	6.42559271816256	8.56864894967234	10.7558500355976
4.26772399555713	6.46315359247541	8.61893853425759	10.6960798493102
4.27419254311384	6.45656671392201	8.59775207812597	10.7814214037023
4.28066109067054	6.51694932723883	8.63309791727017	10.8135964554584
4.28712963822725	6.500478331912	8.62787449153248	10.7294401977941
4.29359818578396	6.49333085693068	8.63640003244581	10.8345572640362
4.30006673334067	6.51186186848384	8.6472461889533	10.8647335020493
4.30653528089737	6.48216004548624	8.66534895088386	10.9288642122428
4.31300382845408	6.4678351214668	8.66912949713841	10.8768661633103
4.31947237601079	6.54417244590185	8.69351020649498	10.8880077976646
4.32594092356749	6.51774771879561	8.70520439573703	10.8687697082502
4.3324094711242	6.53760444366616	8.71678475231748	10.9319041324623
4.33887801868091	6.55220691843289	8.7246495937132	10.8813643947657
4.34534656623761	6.60095237603754	8.7350053991372	10.8940235020396
4.35181511379432	6.5743647118491	8.74681734613011	10.9622029606109
4.35828366135103	6.58109498299711	8.76831205897821	10.9538461559351
4.36475220890774	6.56080599776758	8.77777710849924	11.0288344521457
4.37122075646444	6.58858324262227	8.80712478046041	11.0679889356544
4.37768930402115	6.57460019814119	8.7975849516784	10.9754576096237
4.38415785157786	6.61361234798665	8.80061263623844	11.0045765771078
4.39062639913456	6.58818413472835	8.83219530363873	11.017125645497
4.39709494669127	6.70847275162675	8.85628328967957	11.0829700110919
4.40356349424798	6.62227892670498	8.83774676143145	11.0763224686566
4.41003204180469	6.70984898360457	8.87416795720535	11.0981583890375
4.41650058936139	6.69077775263387	8.88991143785099	11.1033778897813
4.4229691369181	6.66740956831316	8.91718938225976	11.126046087666
4.42943768447481	6.70054795073416	8.91786020124644	11.1306733771865
4.43590623203152	6.77313938546942	8.91980834921505	11.0833519221051
4.44237477958822	6.70237160407125	8.92406604443225	11.1976931816553
4.44884332714493	6.76646020287588	8.94170849970864	11.1806789148724
4.45531187470164	6.73467893372136	8.9713729810121	11.1739629887096
4.46178042225834	6.76701762942928	8.98371322867743	11.1977735942109
4.46824896981505	6.79394629085878	8.98020289855208	11.1798485912533
4.47471751737176	6.85612248846341	8.98438485924862	11.2033542979387
4.48118606492846	6.78745480013585	9.02680746675112	11.2441146239226
4.48765461248517	6.77464568575784	9.01595531471412	11.3322865048406
4.49412316004188	6.79453233592403	9.05423514899197	11.285267557132
4.50059170759859	6.86521727766587	9.05482799371646	11.2613283399431
4.50706025515529	6.85604312581632	9.07162352774077	11.3147294613255
4.513528802712	6.82532795000509	9.06941525824267	11.3301228891748
4.51999735026871	6.8612999458179	9.08203632200084	11.3055537429386
4.52646589782541	6.8447709674602	9.08312277056197	11.3310067114171
4.53293444538212	6.89826822085949	9.11643977522534	11.3316091863525
4.53940299293883	6.8342097604573	9.11879904639923	11.3976155908508
4.54587154049553	6.89087594770943	9.15617800915728	11.3866794514904
4.55234008805224	6.91268198704068	9.15085961515766	11.3739766595196
4.55880863560895	6.90463438549369	9.16288536163533	11.4717750033341
