"mitochan"	"lwrNorm"	"medNorm"	"uprNorm"
-1.90327037354145	-3.90043189391567	-3.45523527223238	-3.03264767827015
-1.89706886147604	-3.86874578377804	-3.44224880750888	-3.04980105610106
-1.89086734941062	-3.86861523377259	-3.42607408641277	-3.00122988877774
-1.88466583734521	-3.84022843473083	-3.42173232128318	-3.00362012200804
-1.87846432527979	-3.85939396259886	-3.41266938335227	-3.00590175163809
-1.87226281321438	-3.82983126004133	-3.40671705259057	-2.9800366097789
-1.86606130114897	-3.82234432193541	-3.39162872074497	-2.9817966785503
-1.85985978908355	-3.81424236845368	-3.37925590336911	-2.94482236836345
-1.85365827701814	-3.80281908617764	-3.36621152987167	-2.9599951670014
-1.84745676495273	-3.76540921713461	-3.35506181913407	-2.94195053693735
-1.84125525288731	-3.80327394197119	-3.35066731537688	-2.91835166266897
-1.8350537408219	-3.74308708831734	-3.33032729409499	-2.93575750983294
-1.82885222875648	-3.73649777246309	-3.32059410851959	-2.9161111759586
-1.82265071669107	-3.73988387989354	-3.30954469290682	-2.89395140394908
-1.81644920462566	-3.70593282394858	-3.29625489904439	-2.87379055849456
-1.81024769256024	-3.70364323787111	-3.29068429441916	-2.87195749147601
-1.80404618049483	-3.67307383459986	-3.27521311599332	-2.85643566851101
-1.79784466842942	-3.68248612003818	-3.25921052194874	-2.85343058472108
-1.791643156364	-3.68101395623537	-3.25303182226571	-2.82879180807654
-1.78544164429859	-3.65595690459612	-3.24754423767555	-2.83212978037113
-1.77924013223318	-3.6350986509596	-3.22594637519947	-2.83263168687547
-1.77303862016776	-3.62063823918175	-3.21638774596988	-2.79738115228311
-1.76683710810235	-3.59642470006611	-3.20081102480437	-2.78702634805901
-1.76063559603693	-3.61855836360855	-3.20238054160852	-2.76620178162206
-1.75443408397152	-3.60598412027926	-3.18470344773263	-2.7671501889461
-1.74823257190611	-3.57553301666893	-3.17482234363438	-2.76070154316796
-1.74203105984069	-3.58052590124712	-3.15916766684785	-2.74856295670664
-1.73582954777528	-3.58788056695444	-3.14121647261478	-2.73479672067437
-1.72962803570987	-3.55752980761982	-3.13584367791065	-2.7226187479879
-1.72342652364445	-3.54904857464581	-3.12791095186432	-2.69709547860363
-1.71722501157904	-3.52569794875535	-3.11307767662874	-2.70701396869358
-1.71102349951362	-3.52517325240383	-3.09958443302895	-2.70949752490624
-1.70482198744821	-3.51353068813549	-3.09902731337354	-2.68633170602765
-1.6986204753828	-3.48614971181295	-3.08608595561891	-2.66845703565879
-1.69241896331738	-3.48587880398171	-3.06773570122798	-2.6309146158136
-1.68621745125197	-3.4741459574349	-3.05836089859939	-2.64645858696702
-1.68001593918656	-3.46063558382275	-3.04468429445505	-2.63758542913868
-1.67381442712114	-3.46239451779385	-3.0309297416519	-2.64508295829603
-1.66761291505573	-3.43880470505762	-3.01632623135238	-2.61109339575348
-1.66141140299031	-3.42822144613373	-3.01448485436254	-2.61819767312602
-1.6552098909249	-3.39711413163941	-3.01376933417852	-2.5927723592948
-1.64900837885949	-3.40930479758713	-2.98226154408226	-2.58669772222396
-1.64280686679407	-3.38717644061657	-2.97490903479848	-2.5814488048879
-1.63660535472866	-3.36671560434157	-2.96514882879663	-2.55330786938974
-1.63040384266325	-3.37252482798731	-2.95853755580761	-2.5655963594623
-1.62420233059783	-3.35170747797315	-2.94111211575814	-2.52540467161484
-1.61800081853242	-3.34781393411042	-2.92784533630365	-2.52764402523298
-1.61179930646701	-3.33646147901459	-2.9174591490821	-2.51930185305748
-1.60559779440159	-3.32419270068361	-2.91190795891371	-2.50522177424663
-1.59939628233618	-3.29026039221871	-2.89728795943136	-2.46542838806472
-1.59319477027076	-3.3116167039099	-2.88415389769118	-2.45754100324674
-1.58699325820535	-3.2887154315866	-2.86396961366027	-2.47656274487684
-1.58079174613994	-3.26306494709916	-2.85760057138735	-2.44889898376221
-1.57459023407452	-3.25012997706153	-2.85724142990735	-2.44738656612435
-1.56838872200911	-3.23938334621852	-2.83612410870206	-2.41918983528142
-1.5621872099437	-3.2264785223846	-2.83268593890999	-2.41938853455418
-1.55598569787828	-3.2266412272154	-2.82099801234636	-2.40625984649093
-1.54978418581287	-3.19716467685795	-2.80800706837075	-2.4036778735209
-1.54358267374745	-3.20128340605711	-2.78649163363555	-2.38198333369994
-1.53738116168204	-3.19894818242974	-2.78285045390829	-2.36858690192713
-1.53117964961663	-3.17047431404281	-2.77578546144758	-2.36280876794859
-1.52497813755121	-3.15747865844546	-2.7500526050416	-2.32820559274194
-1.5187766254858	-3.16040311693622	-2.75758432414193	-2.35001145518011
-1.51257511342039	-3.14563400109917	-2.73310470701448	-2.30532522960455
-1.50637360135497	-3.13355809572681	-2.72245605563902	-2.3107713790917
-1.50017208928956	-3.12188045112609	-2.71067762179453	-2.30605333827114
-1.49397057722415	-3.12014553155041	-2.70688310267205	-2.28507728340274
-1.48776906515873	-3.07364745500024	-2.68077841358728	-2.27689466602865
-1.48156755309332	-3.08483920321468	-2.67270036387794	-2.26489684472657
-1.4753660410279	-3.07361597521841	-2.66320828571148	-2.23990439525271
-1.46916452896249	-3.08276241978572	-2.65219719601851	-2.24895924216573
-1.46296301689708	-3.05541493078974	-2.64296219411982	-2.24352349604627
-1.45676150483166	-3.04058164165429	-2.61747819123913	-2.22256575367749
-1.45055999276625	-3.01330685196654	-2.61802989114425	-2.21813792563896
-1.44435848070084	-3.01622692241808	-2.61275200912249	-2.18674501704343
-1.43815696863542	-3.01113538995453	-2.59408381086709	-2.19335374266152
-1.43195545657001	-3.00196955425942	-2.58640647172762	-2.17210668346925
-1.42575394450459	-2.98040522031893	-2.57067801864044	-2.15073795539439
-1.41955243243918	-2.95602505727009	-2.56156905874387	-2.14281863245287
-1.41335092037377	-2.93725721666016	-2.55041352161281	-2.15162662999973
-1.40714940830835	-2.9510375651973	-2.54645931636131	-2.15286806936821
-1.40094789624294	-2.94915172652534	-2.53358769545365	-2.13017980440064
-1.39474638417753	-2.90948134006758	-2.52647960663059	-2.10931103858309
-1.38854487211211	-2.91309891448364	-2.49941804945839	-2.08798943284812
-1.3823433600467	-2.91603276083023	-2.48924606638526	-2.08400798333259
-1.37614184798129	-2.88698642116639	-2.49818754510964	-2.07135384173456
-1.36994033591587	-2.88791291379993	-2.48091719974203	-2.08978495846081
-1.36373882385046	-2.87216292088625	-2.46308808763606	-2.05962592832301
-1.35753731178504	-2.8418394445479	-2.44793376624197	-2.03464109759128
-1.35133579971963	-2.85223730487623	-2.42809857344525	-2.03934524804824
-1.34513428765422	-2.81595979864822	-2.42904839045468	-2.00317827501617
-1.3389327755888	-2.79675435689273	-2.42182291662358	-2.00547981597386
-1.33273126352339	-2.80515774409592	-2.40148466667846	-2.00950110566804
-1.32652975145798	-2.80925649430348	-2.39172124016822	-1.99730108329023
-1.32032823939256	-2.79696142629747	-2.37129079445123	-1.94734498658197
-1.31412672732715	-2.76432528565192	-2.3753224209911	-1.96268646224836
-1.30792521526173	-2.75578370241699	-2.35508588223314	-1.94751139086719
-1.30172370319632	-2.75758790643972	-2.36141527295446	-1.92918472624131
-1.29552219113091	-2.75819364640846	-2.32948919322834	-1.91467007445919
-1.28932067906549	-2.71835318184832	-2.31857101370857	-1.91798796905447
-1.28311916700008	-2.72755766341586	-2.31169360685639	-1.90667376458456
-1.27691765493467	-2.7106539213655	-2.3000062754499	-1.88302324862622
-1.27071614286925	-2.67624711739252	-2.28438483417184	-1.89419620907172
-1.26451463080384	-2.67813686937564	-2.27165439849138	-1.85226913942871
-1.25831311873842	-2.66132604191552	-2.26173689600917	-1.87854903084825
-1.25211160667301	-2.67651912996918	-2.25801957596368	-1.8719440010727
-1.2459100946076	-2.64323685629523	-2.24186840508998	-1.82665750386431
-1.23970858254218	-2.62687961988003	-2.22145430530005	-1.83792717697826
-1.23350707047677	-2.62659870538329	-2.21409659827579	-1.83227902726123
-1.22730555841136	-2.61281884400197	-2.20354437606566	-1.82321400202188
-1.22110404634594	-2.59062727565187	-2.19238123126534	-1.79515093731358
-1.21490253428053	-2.59790513551962	-2.18138803566056	-1.75533142459752
-1.20870102221512	-2.59934165901156	-2.17817089988068	-1.7758029359323
-1.2024995101497	-2.56774765781096	-2.15308371412317	-1.75623738172201
-1.19629799808429	-2.55527034224975	-2.14909647132913	-1.7426839881332
-1.19009648601887	-2.54758120820332	-2.13776244111427	-1.73509595394842
-1.18389497395346	-2.53367382637093	-2.12091821178026	-1.74262273999032
-1.17769346188805	-2.52610885262039	-2.10511624480354	-1.6751239365083
-1.17149194982263	-2.50314128382336	-2.09609463016075	-1.68972413143344
-1.16529043775722	-2.49125479138454	-2.09040067771692	-1.6802464844555
-1.15908892569181	-2.49201705889376	-2.08583336072144	-1.66698208262851
-1.15288741362639	-2.46611004359538	-2.06958688688822	-1.6590440706031
-1.14668590156098	-2.44342647093494	-2.06059843170807	-1.66195339979902
-1.14048438949556	-2.45405932113703	-2.05267012672032	-1.64796910093361
-1.13428287743015	-2.42802030239189	-2.03024225517385	-1.63640488101965
-1.12808136536474	-2.42245000582911	-2.03020771433475	-1.62390855300902
-1.12187985329932	-2.41201772577749	-2.02268944721736	-1.61625747278706
-1.11567834123391	-2.39474505370928	-2.00195688669367	-1.60289966043663
-1.1094768291685	-2.36614674472307	-1.99187770053121	-1.58630498188528
-1.10327531710308	-2.38752766886514	-1.96841196014119	-1.57716493265956
-1.09707380503767	-2.36066623326418	-1.97066242040361	-1.5644839699207
-1.09087229297226	-2.35560066388315	-1.95868414189866	-1.54521990383186
-1.08467078090684	-2.35705148342719	-1.94214763045602	-1.52119936792337
-1.07846926884143	-2.33287526764818	-1.93225390015011	-1.51135923344399
-1.07226775677601	-2.338599298069	-1.93258416023733	-1.54179429802161
-1.0660662447106	-2.32024821714437	-1.90972726654227	-1.49845611527435
-1.05986473264519	-2.29973166996868	-1.89892526725739	-1.48852903868152
-1.05366322057977	-2.29092354903041	-1.87726545249285	-1.49550052836877
-1.04746170851436	-2.2796166259309	-1.87618822506286	-1.46127678918327
-1.04126019644895	-2.24602427268945	-1.86046161169208	-1.47408013019206
-1.03505868438353	-2.24987231258595	-1.84270938632646	-1.43020526606476
-1.02885717231812	-2.24221602345826	-1.83341604329393	-1.45154717085747
-1.0226556602527	-2.21800640222602	-1.82930787281122	-1.45711422998493
-1.01645414818729	-2.21493536975194	-1.81215907059278	-1.40466912886235
-1.01025263612188	-2.20559452840589	-1.79559774956321	-1.39169974125533
-1.00405112405646	-2.2046759379853	-1.7810650399087	-1.42029464598736
-0.99784961199105	-2.17123803454628	-1.78451283057959	-1.37752060058879
-0.991648099925636	-2.14060113019453	-1.76033199302493	-1.38175209487678
-0.985446587860222	-2.15173751686303	-1.75511988415635	-1.34266694106665
-0.979245075794809	-2.15001049685437	-1.74308192026142	-1.35036954882681
-0.973043563729395	-2.1418739786846	-1.73364734712513	-1.32501405265474
-0.966842051663981	-2.12700310083168	-1.72683328812293	-1.32120181170543
-0.960640539598568	-2.09490832428785	-1.71792494568722	-1.32133079673129
-0.954439027533154	-2.07929026239246	-1.70250005189998	-1.28536368461091
-0.94823751546774	-2.07539650869686	-1.68875360168214	-1.30362506939302
-0.942036003402327	-2.06922002137203	-1.66790464404331	-1.2795917038718
-0.935834491336913	-2.06220738157037	-1.67770502952111	-1.25381601398483
-0.929632979271499	-2.02766464009915	-1.655273346957	-1.27251216336285
-0.923431467206086	-2.06094190015603	-1.64548799936983	-1.23653995670876
-0.917229955140672	-2.02327844000217	-1.63198690764176	-1.23123919439193
-0.911028443075258	-2.03016603858048	-1.61535184662129	-1.22287398257807
-0.904826931009844	-2.014774505373	-1.60855509996737	-1.18738605219216
-0.898625418944431	-2.00020894451834	-1.60004890659508	-1.20361598219018
-0.892423906879017	-1.97130528967423	-1.59204567789611	-1.1968054223808
-0.886222394813603	-1.97604446188978	-1.57459595988027	-1.1739321081207
-0.88002088274819	-1.9660505413023	-1.56289392145873	-1.16711758662426
-0.873819370682776	-1.96615364293715	-1.54846660363221	-1.16770530048693
-0.867617858617362	-1.9303024025049	-1.54712735040585	-1.14814338505547
-0.861416346551949	-1.90867620358938	-1.51973127758202	-1.14547116363985
-0.855214834486535	-1.90831613897033	-1.5253489323108	-1.12207626386761
-0.849013322421121	-1.9133798304865	-1.5000851816284	-1.10934427586011
-0.842811810355708	-1.90220232821206	-1.48375042627997	-1.09581869949482
-0.836610298290294	-1.89255452836156	-1.47759395446832	-1.1001232349122
-0.83040878622488	-1.90030856930032	-1.47255836493359	-1.08374751812498
-0.824207274159467	-1.83728073851055	-1.45683010479694	-1.04887145409834
-0.818005762094053	-1.84009707862534	-1.45578804362186	-1.03821394609384
-0.811804250028639	-1.81558541154416	-1.44068546808512	-1.05928046450877
-0.805602737963225	-1.82735832674039	-1.42865862844671	-1.01740096354675
-0.799401225897812	-1.79586384020568	-1.42100775824736	-1.03327351252626
-0.793199713832398	-1.80104208727265	-1.4053410886311	-1.01350505848662
-0.786998201766984	-1.7867332282619	-1.39321173694192	-0.989511896285315
-0.780796689701571	-1.78949237985227	-1.37988356282643	-0.990576915883704
-0.774595177636157	-1.76221161646912	-1.36795344799051	-0.964325638435822
-0.768393665570743	-1.76919886774698	-1.35315450987367	-0.961034022108546
-0.76219215350533	-1.74404041026704	-1.33694051650496	-0.936535793431896
-0.755990641439916	-1.71844203284175	-1.3241150865489	-0.925389551667198
-0.749789129374502	-1.71284361300269	-1.31526305855151	-0.925020968202596
-0.743587617309089	-1.6971041840362	-1.30044060912392	-0.922754385340131
-0.737386105243675	-1.6765273862191	-1.292215462404	-0.907366152967136
-0.731184593178261	-1.67740159445029	-1.29474196205148	-0.89645473771422
-0.724983081112847	-1.67973486709918	-1.2706720294384	-0.888486720570935
-0.718781569047434	-1.67052993768484	-1.26781740295127	-0.872619402810077
-0.71258005698202	-1.65831611083591	-1.26008532116949	-0.86668116275806
-0.706378544916606	-1.62246166822202	-1.2489346122712	-0.852935915974978
-0.700177032851193	-1.64159651167689	-1.22277568282662	-0.83083359855423
-0.693975520785779	-1.60014257224633	-1.22271036522251	-0.841263351646288
-0.687774008720365	-1.59995475377311	-1.20267088728175	-0.821799185829454
-0.681572496654952	-1.56500419314922	-1.18999602550872	-0.79379470800286
-0.675370984589538	-1.60493841151073	-1.19242049166247	-0.781352028956617
-0.669169472524124	-1.54818750277395	-1.16991218855858	-0.77499636675022
-0.66296796045871	-1.54597549070087	-1.15850059065676	-0.755580368213189
-0.656766448393297	-1.54512999830723	-1.14935177826268	-0.766053944589648
-0.650564936327883	-1.51564880143982	-1.13232846025689	-0.756877497349255
-0.644363424262469	-1.52574132302103	-1.13033830666421	-0.748459385411726
-0.638161912197056	-1.48824918801903	-1.10779311816275	-0.711170267397579
-0.631960400131642	-1.5180616006891	-1.10236136484885	-0.698221258125699
-0.625758888066228	-1.49899287981419	-1.09019449476285	-0.704320737323367
-0.619557376000815	-1.4924952104319	-1.08036443056601	-0.680906054136556
-0.613355863935401	-1.45405175888547	-1.07091672824541	-0.684566351703718
-0.607154351869987	-1.4447464376643	-1.05528646823016	-0.680416813141226
-0.600952839804574	-1.42783855587714	-1.04259107179111	-0.638156990120626
-0.59475132773916	-1.4265919100504	-1.03499810665166	-0.630828993733574
-0.588549815673746	-1.4330328276319	-1.02341685781869	-0.624680171216144
-0.582348303608333	-1.39974164634483	-1.01294279629039	-0.617263913698602
-0.576146791542919	-1.37950221121683	-0.995741778323727	-0.603545256918596
-0.569945279477505	-1.39211707930988	-0.997405863704753	-0.565239975410764
-0.563743767412092	-1.38461884338279	-0.970409092104776	-0.579450728079236
-0.557542255346678	-1.37080175130509	-0.961659233009843	-0.561634667679686
-0.551340743281264	-1.3403951577201	-0.954706981427567	-0.563015279297486
-0.54513923121585	-1.32994604388905	-0.954709326515029	-0.555757274413456
-0.538937719150437	-1.31764522546305	-0.93187574725492	-0.534581820624291
-0.532736207085023	-1.31412163317974	-0.928459436114269	-0.530628625425102
-0.526534695019609	-1.29371007055169	-0.907303581309995	-0.526535930788576
-0.520333182954196	-1.29723006643046	-0.892667949811317	-0.50949234138511
-0.514131670888782	-1.27117913009249	-0.888092922041862	-0.479597609846102
-0.507930158823368	-1.27206013177499	-0.871724474384898	-0.491816542100646
-0.501728646757954	-1.25359974716842	-0.864842580508278	-0.477700774051336
-0.495527134692541	-1.23055451055807	-0.856495806877976	-0.464255300911055
-0.489325622627127	-1.23439551203194	-0.836473492498828	-0.454990863706497
-0.483124110561713	-1.20594592524108	-0.824040088296763	-0.421051035251549
-0.4769225984963	-1.214082715735	-0.820468262267236	-0.434451153678357
-0.470721086430886	-1.21378943218948	-0.809342833935063	-0.417798679516055
-0.464519574365472	-1.18336386091091	-0.786156285849774	-0.395127499646941
-0.458318062300059	-1.16713891833714	-0.773618552610332	-0.40732662292659
-0.452116550234645	-1.16287717143303	-0.77281257539194	-0.384589683652921
-0.445915038169231	-1.14073595208025	-0.751108994037575	-0.360609242535073
-0.439713526103818	-1.14742335179063	-0.747371129028377	-0.339191986754876
-0.433512014038404	-1.11613587342657	-0.731158941801222	-0.33031760882424
-0.42731050197299	-1.11605346023263	-0.713758762742419	-0.320547966346091
-0.421108989907577	-1.10896109180295	-0.704169198181396	-0.339833304463006
-0.414907477842163	-1.0883321510707	-0.695123163290065	-0.316734062039103
-0.408705965776749	-1.08334794330365	-0.702708396112341	-0.273008958199815
-0.402504453711335	-1.05853532554817	-0.673348290292905	-0.287379106566022
-0.396302941645922	-1.0523934268242	-0.672756988373917	-0.285391220512085
-0.390101429580508	-1.03356922620967	-0.657304672800222	-0.274803216328686
-0.383899917515094	-1.0237563230455	-0.643856613456759	-0.248527785506461
-0.377698405449681	-1.00661537754818	-0.628868316387431	-0.257156427212839
-0.371496893384267	-0.99449176413939	-0.623143099944403	-0.2435721458639
-0.365295381318853	-1.00521126107909	-0.604374276358394	-0.207053246420634
-0.35909386925344	-0.984289462053977	-0.596272013624147	-0.215614404612267
-0.352892357188026	-0.967453851528217	-0.589338989702282	-0.197582954707979
-0.346690845122612	-0.952655945975206	-0.573304107129797	-0.189374756295
-0.340489333057199	-0.946426854679685	-0.557726711621138	-0.189970014904887
-0.334287820991785	-0.955487731099491	-0.550632371202212	-0.169284904167868
-0.328086308926371	-0.933871051896393	-0.538708336304611	-0.143859954477504
-0.321884796860958	-0.919235701484394	-0.527722867495812	-0.137264141585049
-0.315683284795544	-0.901830170381106	-0.525289977712648	-0.121233019994286
-0.30948177273013	-0.894015559200282	-0.509658867479987	-0.133974408875839
-0.303280260664716	-0.889985328040897	-0.49047981095855	-0.114314607912863
-0.297078748599303	-0.88472990337736	-0.48042242900431	-0.0792592159946043
-0.290877236533889	-0.875449962830288	-0.470297233235484	-0.104201524021387
-0.284675724468475	-0.858324889295614	-0.464074574909099	-0.0760507537763907
-0.278474212403062	-0.823045492846445	-0.44280957318749	-0.0587826329365793
-0.272272700337648	-0.804079690578365	-0.4358130796028	-0.0588316769261701
-0.266071188272234	-0.818177692272342	-0.420077012214313	-0.0243845315563014
-0.25986967620682	-0.816310299550162	-0.420684843319379	-0.0402045853717148
-0.253668164141407	-0.77592879195591	-0.385843591981951	-0.00737445121613726
-0.247466652075993	-0.769604130948328	-0.386103841315502	-0.013399859444639
-0.241265140010579	-0.770931614467145	-0.387853049229812	-0.0209504606874434
-0.235063627945166	-0.755115273778028	-0.35551073735195	0.010924115972973
-0.228862115879752	-0.734072812125018	-0.354694458404206	0.030183180724486
-0.222660603814338	-0.705940898381581	-0.349445053573206	0.0277195751829715
-0.216459091748925	-0.725536668691982	-0.315414705448293	0.0794779708017176
-0.210257579683511	-0.705497412538559	-0.315923740951169	0.0587170305899299
-0.204056067618097	-0.699574070750111	-0.312390713387307	0.0864710034402576
-0.197854555552684	-0.683069015952703	-0.293074676845591	0.0791078181785328
-0.19165304348727	-0.685741121366964	-0.292164788762806	0.107327659165153
-0.185451531421856	-0.674681289232507	-0.280304407614495	0.0983144300413664
-0.179250019356443	-0.662886037803967	-0.271066363958524	0.115792351388623
-0.173048507291029	-0.623323336579632	-0.261399142394964	0.118318594434746
-0.166846995225615	-0.615928502842193	-0.245685187998877	0.126060352136528
-0.160645483160202	-0.606637620957195	-0.22757096276195	0.138393196018157
-0.154443971094788	-0.59825720941905	-0.208407573514135	0.169587886491317
-0.148242459029374	-0.597811459883381	-0.201263903248398	0.205230271270137
-0.14204094696396	-0.579184174490403	-0.201860215648347	0.192722716143247
-0.135839434898547	-0.599119131594882	-0.189501849931201	0.215962268130254
-0.129637922833133	-0.538438976863817	-0.169627222310765	0.201362601947133
-0.123436410767719	-0.531439377490728	-0.148676503600561	0.226612585351163
-0.117234898702306	-0.514592335607336	-0.145275820019603	0.222709164291849
-0.111033386636892	-0.513007242236975	-0.130367476105243	0.258760205604394
-0.104831874571478	-0.507909714846195	-0.132616507209307	0.272847481976886
-0.0986303625060645	-0.507074261877392	-0.114305890654637	0.286261521641337
-0.0924288504406507	-0.491879437753919	-0.0967215540995709	0.278831407346093
-0.0862273383752372	-0.486613205543595	-0.0961532355214251	0.293007191501433
-0.0800258263098235	-0.477707259172506	-0.0874610877985351	0.304107416456302
-0.0738243142444097	-0.453027851772017	-0.0580014856958635	0.319394350625056
-0.067622802178996	-0.41894848027211	-0.0606166261726533	0.311436745182752
-0.0614212901135824	-0.428173088669924	-0.0397299388952404	0.346294340145137
-0.0552197780481687	-0.400514294701864	-0.0308307233875249	0.344590469760568
-0.0490182659827549	-0.39902584079397	-0.0266692798266977	0.353880447523214
-0.0428167539173414	-0.403161301040572	-0.0171971348323479	0.363533058285657
-0.0366152418519277	-0.395601031823001	0.00892662967730871	0.366435830122449
-0.0304137297865139	-0.362723427644436	0.00752635681386585	0.385571877819522
-0.0242122177211002	-0.370652760141005	0.0184218763634641	0.420984807913544
-0.0180107056556866	-0.340046431239541	0.0337725671709163	0.409468565499514
-0.0118091935902729	-0.340191138240069	0.0489333161546158	0.41377809242313
-0.00560768152485913	-0.31225794824536	0.0460900422557794	0.445939947866677
0.000593830540554618	-0.311183899590117	0.0703343007751598	0.445868808413922
0.00679534260596815	-0.313566905349852	0.0755040287230162	0.46379169299969
0.0129968546713819	-0.293842648694451	0.0856205252066991	0.487157813533795
0.0191983667367956	-0.277367383667977	0.108087708218677	0.484975488423365
0.0253998788022094	-0.267948524772148	0.122709898605422	0.506645727753636
0.0316013908676229	-0.250635475053958	0.126364772297812	0.508784430123765
0.0378029029330367	-0.240422606400302	0.134849520096031	0.50551879997803
0.0440044149984504	-0.240875180897565	0.141950609163038	0.510554454728966
0.0502059270638642	-0.235201944170443	0.164750878958502	0.564372990994633
0.0564074391292777	-0.202960299990314	0.172026937495172	0.559583594634513
0.0626089511946915	-0.201021631697177	0.188147642096309	0.575326498097951
0.0688104632601052	-0.186675189490348	0.189113695423327	0.590061501982564
0.075011975325519	-0.175168711656281	0.201639981203289	0.578122708501888
0.0812134873909325	-0.154494840509033	0.218191023784633	0.593306493380246
0.0874149994563462	-0.137660895135918	0.228167107953986	0.612215395453872
0.09361651152176	-0.126036683463512	0.234846354408954	0.631949691433694
0.0998180235871735	-0.127304428733291	0.240120455403742	0.63407448073628
0.106019535652587	-0.10982375233634	0.272920736253098	0.65310584763358
0.112221047718001	-0.114658682269271	0.273957500505295	0.655805389590576
0.118422559783415	-0.104139545063316	0.287597907434124	0.658674157383392
0.124624071848829	-0.0697852304584283	0.307413421341262	0.685509412041873
0.130825583914242	-0.0681756187638756	0.305192162776166	0.678314665479132
0.137027095979656	-0.0609355517500437	0.320047180330308	0.700129321878003
0.14322860804507	-0.0769007872904532	0.339154162813061	0.715038833850741
0.149430120110483	-0.0120733417599709	0.351450609615411	0.714896306754194
0.155631632175897	-0.0375795008927468	0.356033542606817	0.774736270164775
0.161833144241311	-0.0113010148307051	0.37350158696043	0.759005252874873
0.168034656306724	-0.0068823431099583	0.380879010341773	0.772151094513806
0.174236168372138	0.0142951919011574	0.389913726247699	0.765605753908603
0.180437680437552	0.0156918556869537	0.403569179628503	0.786700782925286
0.186639192502965	0.0165673562660956	0.417274479082492	0.818366677325192
0.192840704568379	0.0551549508194603	0.42981270375135	0.809688666642195
0.199042216633793	0.049926399272754	0.439049802396999	0.810440159084345
0.205243728699207	0.0389175093771639	0.45432838715506	0.832564448743593
0.21144524076462	0.0746171723997918	0.464325847939798	0.850017171704099
0.217646752830034	0.0914482957625594	0.47127460502398	0.860704808012283
0.223848264895448	0.0775224967064518	0.491984614791313	0.856861501323247
0.230049776960861	0.0932140868702524	0.493068473108769	0.863863392558143
0.236251289026275	0.139339545191015	0.506428720206455	0.891860278583502
0.242452801091689	0.145840735821037	0.506995117241764	0.894520179391317
0.248654313157102	0.14013394145591	0.533310545772371	0.902523061051917
0.254855825222516	0.151809990219451	0.547050198822834	0.926968945565931
0.26105733728793	0.176905445964334	0.567579723743699	0.936630854888283
0.267258849353343	0.188814869943973	0.567355455791897	0.958123936866049
0.273460361418757	0.184190198690685	0.578582898457224	0.95761351005031
0.279661873484171	0.199002595580677	0.587381895520981	0.95661566861157
0.285863385549584	0.222545228618571	0.595677784639237	0.980362156791552
0.292064897614998	0.225724591556375	0.618631804188377	1.00931840791208
0.298266409680412	0.233504052240378	0.609448290100006	1.01127588152772
0.304467921745825	0.249257898083332	0.624791258694611	1.0123764867778
0.310669433811239	0.26021015636542	0.64242521300088	1.0180396216728
0.316870945876653	0.262494940278608	0.648443300611769	1.04781875551424
0.323072457942067	0.264813406306223	0.668071538796376	1.04997144638398
0.32927397000748	0.304545318673896	0.674836557712636	1.05440780374307
0.335475482072894	0.303990658446116	0.689941136732682	1.06862820293586
0.341676994138308	0.330512987591836	0.696354375049686	1.06551575651052
0.347878506203721	0.323879563498615	0.717770990215162	1.07680508473457
0.354080018269135	0.344563111749823	0.723939861435822	1.11325526486969
0.360281530334549	0.352726562001351	0.73664512577264	1.12412601181816
0.366483042399962	0.361518183744676	0.748721182575867	1.12425237057735
0.372684554465376	0.373644714633487	0.765517650634906	1.12557025919172
0.37888606653079	0.378713305188055	0.780123616528138	1.14918652707158
0.385087578596203	0.423576436209989	0.788271489344031	1.16232059897097
0.391289090661617	0.407469918952294	0.796228384017556	1.17090997544299
0.397490602727031	0.42480049886383	0.80879462810514	1.16173959816506
0.403692114792444	0.422775335398193	0.819437847983354	1.23910499457692
0.409893626857858	0.444043323596881	0.827910033377491	1.20686151601689
0.416095138923272	0.458724198944743	0.84694165514403	1.21490797723319
0.422296650988685	0.455195427261057	0.844099971851081	1.24375935353312
0.428498163054099	0.489206626698086	0.876951300583285	1.24886724525212
0.434699675119513	0.494799327078767	0.872589243033328	1.26376115654981
0.440901187184927	0.508291064027652	0.890841929722672	1.28232151851536
0.44710269925034	0.503300637662876	0.899140789352046	1.26712712983015
0.453304211315754	0.530572292462248	0.907825192731143	1.29920337616053
0.459505723381168	0.532965977177061	0.914840529121265	1.29317136624289
0.465707235446581	0.539177802160285	0.932969766121747	1.30302833424939
0.471908747511995	0.579527283344147	0.946388520702478	1.31939342896218
0.478110259577409	0.556307605123122	0.949084887230669	1.3213477789583
0.484311771642822	0.584757737984309	0.965084183704008	1.35958779047467
0.490513283708236	0.611080621086896	0.985665870128286	1.36869626033119
0.49671479577365	0.608587535448075	0.995872939354518	1.37749891555917
0.502916307839063	0.617464589873614	1.00054914341401	1.3842018987755
0.509117819904477	0.632458132823861	1.01852306474057	1.39048592148097
0.515319331969891	0.655732947044307	1.02460256296847	1.41664375302281
0.521520844035305	0.632795257138813	1.03862841590213	1.4024962690245
0.527722356100718	0.653543035108824	1.04432054599232	1.44604445169826
0.533923868166132	0.677329728506226	1.06015938092094	1.4286071854401
0.540125380231546	0.706156568307322	1.06827400567287	1.44784159643017
0.54632689229696	0.696441250911417	1.07825300151472	1.44907149968214
0.552528404362373	0.72839015895525	1.09303155074122	1.46621053391793
0.558729916427787	0.723849412517868	1.10876049407254	1.50039627544191
0.5649314284932	0.714909790184866	1.11242268038284	1.51256351173298
0.571132940558614	0.751329811584768	1.13388986979906	1.5328204936544
0.577334452624028	0.768385462727889	1.14140545156221	1.51067643613529
0.583535964689442	0.765343965952711	1.14874494059341	1.53248698158538
0.589737476754855	0.797028301606888	1.15814905644489	1.53335792943922
0.595938988820269	0.802554868910255	1.17697656488876	1.56559613150675
0.602140500885683	0.810988575710437	1.19137697066236	1.56244638127612
0.608342012951097	0.83281989617176	1.19896010065833	1.57876388703957
0.61454352501651	0.847341369337727	1.21107172868705	1.56821382115903
0.620745037081924	0.835085950551313	1.22478229776625	1.6077867912717
0.626946549147338	0.846030168501488	1.22201990630857	1.61965102937325
0.633148061212751	0.873849037529411	1.23907030857841	1.62143597568289
0.639349573278165	0.864142076516453	1.25540400184727	1.62189930696467
0.645551085343579	0.883937573174006	1.26298969618641	1.64547536458269
0.651752597408992	0.87480778479626	1.27682857564382	1.66902192743399
0.657954109474406	0.90849025727571	1.29028553006239	1.65428070948417
0.66415562153982	0.926271475317576	1.30116109414063	1.7052446598075
0.670357133605233	0.940058506073985	1.31810674347198	1.70457861744545
0.676558645670647	0.949168205657821	1.31835279598877	1.70782877590009
0.682760157736061	0.947682509259791	1.32609860711995	1.68941202756186
0.688961669801474	0.946999585672527	1.34255082741601	1.73248196147002
0.695163181866888	0.980043719433569	1.35602404274827	1.73127997077196
0.701364693932302	0.984589788325338	1.37115886873425	1.73481367167803
0.707566205997715	0.984314641474301	1.37803263839148	1.75597875879249
0.713767718063129	1.0276982955114	1.39184783764879	1.77663716413719
0.719969230128543	1.00628964383137	1.4052711038573	1.78506142816757
0.726170742193957	1.04704628784211	1.41520163617301	1.79369557758407
0.73237225425937	1.03549915330792	1.42542445680799	1.80345868510067
0.738573766324784	1.05843552641072	1.44292174595256	1.79873242280629
0.744775278390198	1.07045456695421	1.45131265136966	1.82687338359343
0.750976790455611	1.07241517949178	1.46188674581979	1.85093131354046
0.757178302521025	1.08053512863346	1.46820946626107	1.83839895857956
0.763379814586439	1.10394514892467	1.48411711807391	1.86369623115892
0.769581326651852	1.12754869658829	1.49492306815282	1.87869678474785
0.775782838717266	1.11655932231156	1.5128041299975	1.89257379190997
0.78198435078268	1.15656382627574	1.52448762932464	1.90570719291165
0.788185862848093	1.14085345438922	1.52633854810243	1.90343825865383
0.794387374913507	1.16440395162905	1.53009998953175	1.91641919092827
0.800588886978921	1.1650913067875	1.54819962940366	1.91762434469968
0.806790399044334	1.17367030611562	1.56789221826479	1.93553675904029
0.812991911109748	1.18596568132433	1.57770263457317	1.959239196098
0.819193423175162	1.1960864055657	1.58260960478558	1.95393111867738
0.825394935240575	1.23061766593226	1.60232113287153	1.97051602832061
0.831596447305989	1.22859766549536	1.61379849253759	2.00256164123044
0.837797959371403	1.25486237422687	1.62050796961252	2.02138850768404
0.843999471436817	1.26956136364837	1.63683071024762	2.0108157882917
0.85020098350223	1.25775881465091	1.64075520992149	2.03015263235569
0.856402495567644	1.27329413765828	1.66281016725349	2.03454672234907
0.862604007633058	1.29695260421249	1.66847477986164	2.03843051692398
0.868805519698471	1.29703653895534	1.67781104412137	2.0718547867585
0.875007031763885	1.31207554641573	1.6856392457574	2.07782233929452
0.881208543829299	1.32441843034558	1.70024783393643	2.08075233687063
0.887410055894712	1.33944452199565	1.72108944214173	2.09383103067677
0.893611567960126	1.34824381443337	1.7251118498409	2.10001373204992
0.89981308002554	1.37144493978914	1.73390400034257	2.09876147977352
0.906014592090953	1.36135226630566	1.7534281450937	2.13966341380827
0.912216104156367	1.37313396621044	1.75394102807592	2.13864817801354
0.918417616221781	1.36513145540298	1.76653442187332	2.15771583090608
0.924619128287195	1.41469992974402	1.78472733257465	2.1659522032309
0.930820640352608	1.42458595755334	1.79555513795619	2.19064879181089
0.937022152418022	1.42573591512026	1.81565329177992	2.19750543054132
0.943223664483436	1.43534439566042	1.82686896700273	2.19056299058036
0.94942517654885	1.44543593856392	1.82893651209327	2.21558173070472
0.955626688614263	1.47476971772225	1.84231109225153	2.24219951559254
0.961828200679677	1.48328033235524	1.85357112550211	2.22675492802827
0.96802971274509	1.49713696511303	1.86942243188001	2.22256586898524
0.974231224810504	1.48358301168339	1.87783152100209	2.27997329667138
0.980432736875918	1.51189953354161	1.88208954519423	2.24715017003038
0.986634248941332	1.530152246835	1.90098982351616	2.25971536011133
0.992835761006745	1.53971330963515	1.91453039886615	2.2868052817323
0.999037273072159	1.54764975503968	1.91084349825512	2.28085181898092
1.00523878513757	1.54719271746099	1.93709868187951	2.31330514826554
1.01144029720299	1.56459943688704	1.94039231033043	2.33692589752329
1.0176418092684	1.57943674854104	1.95648439640093	2.32932317479249
1.02384332133381	1.5833503713873	1.97041055099087	2.3435667742876
1.03004483339923	1.60902810092921	1.97733873588952	2.35526744614079
1.03624634546464	1.61375511320445	1.98573263735625	2.36076484766293
1.04244785753005	1.62169802249058	2.00002545145689	2.3617985946565
1.04864936959547	1.62200048675064	2.01608828629496	2.38790929302364
1.05485088166088	1.63003540709321	2.02288547347498	2.37413132385278
1.0610523937263	1.66521775451522	2.02994723529959	2.41316252209492
1.06725390579171	1.65661339266507	2.04646424694276	2.40783931758192
1.07345541785712	1.68324837489537	2.05857305307416	2.42520827390334
1.07965692992254	1.69880573820733	2.07681680710737	2.43638437121011
1.08585844198795	1.69889293820646	2.08600671756225	2.4667738576619
1.09205995405336	1.70893565737661	2.09132626362862	2.4935500561384
1.09826146611878	1.7454748511645	2.10706535659271	2.48270335225065
1.10446297818419	1.73861560974046	2.11561568743014	2.50670556776319
1.11066449024961	1.74609196037822	2.1255614258863	2.50854782929774
1.11686600231502	1.77420969272728	2.14579360588017	2.51748838577925
1.12306751438043	1.76276747785513	2.1469885927955	2.52957106921424
1.12926902644585	1.76623278987211	2.16030784544945	2.5414970364041
1.13547053851126	1.78628000137954	2.17500034466154	2.58028116729112
1.14167205057667	1.7921304303108	2.18818699942886	2.58453385630677
1.14787356264209	1.81194899402612	2.20550555557069	2.55859945557003
1.1540750747075	1.83750035045867	2.20869259044476	2.58110193658823
1.16027658677291	1.85033705334592	2.23046552489114	2.59909966367709
1.16647809883833	1.83159450113112	2.23711441147244	2.60655109061297
1.17267961090374	1.8642119829995	2.23728331947432	2.60199079531655
1.17888112296916	1.86935013179904	2.25063109935237	2.64157721396564
1.18508263503457	1.89304372965368	2.26675142448898	2.64500513406864
1.19128414709998	1.87688952948401	2.27001174046719	2.65144800177519
1.1974856591654	1.89991605070016	2.28822341095922	2.65541934970081
1.20368717123081	1.90659799064198	2.29750340012	2.67803965699313
1.20988868329622	1.93249785828016	2.30506276777754	2.6911646347714
1.21609019536164	1.95230997326497	2.32891865594872	2.69329998632283
1.22229170742705	1.94861888049161	2.33289398992027	2.73144885149482
1.22849321949247	1.97054651658487	2.34390206842758	2.72880288096288
1.23469473155788	1.99063370821046	2.34526259855038	2.72546347815128
1.24089624362329	2.00237345247526	2.36262569971445	2.74876710321842
1.24709775568871	2.00191274885013	2.38038264023906	2.76021057904486
1.25329926775412	2.0152906339994	2.38743957822689	2.76465772942153
1.25950077981953	2.00896056921289	2.40749128367923	2.80685517941404
1.26570229188495	2.03518904332637	2.41616075457773	2.8070318257322
1.27190380395036	2.03631727358873	2.42439115786833	2.80536735303518
1.27810531601577	2.0627483324342	2.44365910135657	2.82250472780577
1.28430682808119	2.06145721944213	2.44502315061545	2.79783343277191
1.2905083401466	2.09151009338478	2.4598144386181	2.83655062971445
1.29670985221202	2.1116621355646	2.48036920969603	2.86015746539857
1.30291136427743	2.09301809228721	2.47559605732503	2.86422984825375
1.30911287634284	2.12418276762293	2.50008806197157	2.85491146708249
1.31531438840826	2.12757808135697	2.50354966038193	2.88293117049856
1.32151590047367	2.11799767008044	2.51283840416776	2.88525539090997
1.32771741253908	2.15599852552299	2.52913966370602	2.91987015231057
1.3339189246045	2.16144016533066	2.54332497745594	2.91228033704488
1.34012043666991	2.19354209382912	2.55790788759809	2.92212270418623
1.34632194873533	2.17248914245551	2.5609363911115	2.93306407074717
1.35252346080074	2.19315997124113	2.58316544252564	2.9561065616041
1.35872497286615	2.21769157782993	2.5942526438868	2.97201691309668
1.36492648493157	2.2090051053933	2.59492735141468	2.98068359061235
1.37112799699698	2.21343905036933	2.60801358671207	2.99451624977629
1.37732950906239	2.24737061899082	2.62822862676605	3.00472546077204
1.38353102112781	2.25963771475813	2.62456870794336	2.99946348916708
1.38973253319322	2.28734354748704	2.65230977452581	3.04992335445663
1.39593404525864	2.27389396397058	2.64664025301374	3.03387370545244
1.40213555732405	2.29444366103968	2.6745889096746	3.0366510034216
1.40833706938946	2.31970446252624	2.68338202023296	3.06035856646561
1.41453858145488	2.31513322247438	2.68971419521325	3.0995139246186
1.42074009352029	2.31807301243817	2.69745914180733	3.07030930280547
1.4269416055857	2.32534904606696	2.7082212187355	3.07965250700693
1.43314311765112	2.33157627821583	2.73521337965828	3.11119421444855
1.43934462971653	2.34736907534162	2.73689252079736	3.12001141890366
1.44554614178194	2.37230163196627	2.73798874420441	3.12107596788653
1.45174765384736	2.37368308940295	2.76054912355386	3.14266594102033
1.45794916591277	2.40739410696217	2.77184851867821	3.16494817382828
1.46415067797819	2.41342160671862	2.78472158161979	3.17533300587927
1.4703521900436	2.43223560989902	2.79318605767621	3.17151865882295
1.47655370210901	2.43651936587422	2.81388086951689	3.20552975716954
1.48275521417443	2.41649297308538	2.81368790998534	3.18706515297955
1.48895672623984	2.4455555230973	2.81995153736173	3.2183318342643
1.49515823830525	2.45952550650603	2.83770921713577	3.20955563215757
1.50135975037067	2.46044741811735	2.8467840917995	3.22575963523575
1.50756126243608	2.48641047080438	2.86337881110743	3.24118874149008
1.5137627745015	2.48067909166602	2.87469036200092	3.27575824365327
1.51996428656691	2.51633413242395	2.88661632651868	3.25732275440891
1.52616579863232	2.51816804211693	2.90338444283584	3.271057494436
1.53236731069774	2.49440221307187	2.90493373496312	3.29538640430671
1.53856882276315	2.54066598171497	2.91759476022472	3.30693813389257
1.54477033482856	2.56366953963703	2.93481494954235	3.31347926464073
1.55097184689398	2.57110444724371	2.94242391250851	3.32964914156618
1.55717335895939	2.56645431810514	2.95080833470869	3.35444094585576
1.5633748710248	2.57829377132358	2.96497571260812	3.34349745162872
1.56957638309022	2.62176566694919	2.98255977170956	3.35400060835502
1.57577789515563	2.62586332941636	2.99363254832198	3.38188649916367
1.58197940722105	2.6422975286801	3.0019179197411	3.39277139360363
1.58818091928646	2.64142570483786	3.013002324539	3.39824232820286
1.59438243135187	2.64450026039961	3.02193627791523	3.39718371585782
1.60058394341729	2.65780865443291	3.03256018246267	3.40341832227926
1.6067854554827	2.67558295340289	3.04524466203625	3.43602544452272
1.61298696754811	2.6887884616174	3.06361339080798	3.45216321639183
1.61918847961353	2.68484876058185	3.0705603149873	3.4534264026186
1.62538999167894	2.69938927524632	3.08241713877321	3.45904438316233
1.63159150374436	2.70696438432274	3.09219011717357	3.47393077922131
1.63779301580977	2.72626624811912	3.10232295349837	3.48063558007757
1.64399452787518	2.75597018636786	3.12220343225994	3.48388623145313
1.6501960399406	2.76335545841538	3.13688707739674	3.50816800305105
1.65639755200601	2.76475464939534	3.14489576238102	3.52791513820809
1.66259906407142	2.77565009150606	3.14197500669148	3.53928575479355
1.66880057613684	2.76589986044913	3.15380679588332	3.54933755436831
1.67500208820225	2.80410650456176	3.17880877404893	3.57056243389545
1.68120360026766	2.80963573598742	3.18862643764032	3.5707147475923
1.68740511233308	2.80487074467183	3.19712913248904	3.57261831124786
1.69360662439849	2.83887672926387	3.21236897634726	3.60385979257746
1.69980813646391	2.83750833734696	3.22242973451806	3.60565312979771
1.70600964852932	2.82508860428963	3.21920419118466	3.59912366719563
1.71221116059473	2.85277928416028	3.24077666845288	3.62124810970653
1.71841267266015	2.88419189085596	3.26245708884563	3.63092016481663
1.72461418472556	2.89582306450971	3.2679036580782	3.64654974902752
1.73081569679097	2.91286102888856	3.28086650183504	3.65676260501261
1.73701720885639	2.90366156840522	3.28996210905581	3.65681062677086
1.7432187209218	2.91004246308402	3.2923855640672	3.68789723750539
1.74942023298722	2.93926201064268	3.30068423017764	3.70610479040306
1.75562174505263	2.93146075626386	3.31881698100429	3.68781437782657
1.76182325711804	2.95241539098902	3.33820711183534	3.73293120739797
1.76802476918346	2.95537515881371	3.35073004934228	3.71692427794792
1.77422628124887	2.99601461477715	3.36082261443516	3.73518625993688
1.78042779331428	2.98861448092477	3.36703919826053	3.75120063327488
1.7866293053797	3.01102387647629	3.37519754268174	3.76691295940602
1.79283081744511	3.02277242109509	3.39919490316483	3.77940361048868
1.79903232951053	3.02051817571794	3.39712579024707	3.78165894944727
1.80523384157594	3.04228241090971	3.41711853924368	3.78470755264137
1.81143535364135	3.05763860486701	3.42785982567459	3.79440292667433
1.81763686570677	3.06906790810245	3.44452279575166	3.82534926770029
1.82383837777218	3.09069083271755	3.45073985585992	3.83834973947063
1.83003988983759	3.07717124237252	3.46331443836063	3.82964861497453
1.83624140190301	3.1045561139786	3.4718876336573	3.83749703923567
1.84244291396842	3.09288478249621	3.47613999601154	3.85048715229432
1.84864442603383	3.11747561451963	3.4910341136571	3.87482203957451
1.85484593809925	3.1132719334447	3.50245113681102	3.88307590372748
1.86104745016466	3.13605348644178	3.51504986622851	3.88521990124621
1.86724896223008	3.13290802351916	3.5325390543027	3.91242814894093
1.87345047429549	3.16870687744785	3.54935144453657	3.93493782973363
1.8796519863609	3.17131666941627	3.55751115640549	3.94952280026683
1.88585349842632	3.18293576271964	3.56079044540788	3.92689055448391
1.89205501049173	3.19796873462635	3.57034591070955	3.95709391204876
1.89825652255714	3.1967123461891	3.58899870106679	3.98388138770716
1.90445803462256	3.24361780535767	3.60561625803928	4.00376018976812
1.91065954668797	3.24553153031706	3.61930533626548	3.99531444083177
1.91686105875339	3.22052856322613	3.62414031592472	3.99285804084653
1.9230625708188	3.23214488172804	3.62814760007055	4.03154770132083
1.92926408288421	3.27582124100905	3.6473287924952	4.02933243747086
1.93546559494963	3.27287776987406	3.64964109217741	4.04662305622733
1.94166710701504	3.29933491918534	3.66699756403414	4.05859397176689
1.94786861908045	3.29551525144015	3.67718354643294	4.07082685261153
1.95407013114587	3.29978006444598	3.69724944009879	4.08529939011364
1.96027164321128	3.3163703022256	3.70749721767717	4.10458296819446
1.96647315527669	3.34747123655684	3.70789129988077	4.1050835027897
1.97267466734211	3.29839809744028	3.71949787789387	4.11922231142064
1.97887617940752	3.34602543295116	3.7389730049416	4.11955157339386
1.98507769147294	3.34940401316034	3.74875956853797	4.12219842648791
1.99127920353835	3.38214772879209	3.7629122807735	4.15707615328936
1.99748071560376	3.36615229741966	3.77101714078946	4.15801064669759
2.00368222766918	3.41439001373557	3.78181114460709	4.17387965107454
2.00988373973459	3.41948229614185	3.798994333155	4.18674576788005
2.0160852518	3.42544490103927	3.8021109014898	4.18244321838624
2.02228676386542	3.44223378936592	3.81701186088832	4.20718227514615
2.02848827593083	3.43579558213552	3.82991602982115	4.21217472609682
2.03468978799625	3.46316401981139	3.83679543171848	4.22845830110139
2.04089130006166	3.4537270683284	3.85630820457131	4.2481316740595
2.04709281212707	3.48284309402585	3.8646258498504	4.27094293246974
2.05329432419249	3.49160953352506	3.87157034315844	4.27107253991805
2.0594958362579	3.48358892259328	3.88734492874737	4.28005110382567
2.06569734832331	3.52272392808546	3.89061433143377	4.26618270743122
2.07189886038873	3.51602145719663	3.90418837517684	4.29806170739513
2.07810037245414	3.54120046602099	3.92145721885348	4.30364555851346
2.08430188451955	3.52635049070088	3.92390020561763	4.29839773979268
2.09050339658497	3.56338250696748	3.943682962326	4.34047167601412
2.09670490865038	3.55174334899219	3.948538959646	4.34064424605507
2.1029064207158	3.56584489755906	3.97552711558413	4.37730085082857
2.10910793278121	3.57499210379372	3.97952407785689	4.37599255398219
2.11530944484662	3.59640829087973	3.99241720998618	4.38867788669799
2.12151095691204	3.60953732957279	3.99290259364099	4.39087179295304
2.12771246897745	3.61510714124286	4.0117250633532	4.40010683004985
2.13391398104286	3.6254492319438	4.02611532895937	4.42307592870274
2.14011549310828	3.63618496927014	4.03938305060906	4.43423229102532
2.14631700517369	3.66601122518386	4.04726086470908	4.4109392535392
2.15251851723911	3.68002222696332	4.05516136799637	4.45725471310504
2.15872002930452	3.68724730655541	4.06860447251795	4.45726532220912
2.16492154136993	3.6999224963646	4.07460955160829	4.46078137043795
2.17112305343535	3.70469012396232	4.09382491494036	4.47870873261363
2.17732456550076	3.70770968147163	4.10092231259235	4.4823787798234
2.18352607756617	3.73162654776055	4.1091899047257	4.48892581631887
2.18972758963159	3.75961772062478	4.13180121860689	4.52231325244889
2.195929101697	3.75649868905715	4.14426231026106	4.53315822229036
2.20213061376242	3.78642779249652	4.15764134141565	4.54911622906706
2.20833212582783	3.79332840101625	4.16198722983681	4.55800801569658
2.21453363789324	3.8081936427548	4.16887069838208	4.54731261188616
2.22073514995866	3.79871896545899	4.1759871233209	4.58510246045756
2.22693666202407	3.81368974749724	4.20481948568463	4.57190203113853
2.23313817408948	3.82276503471606	4.19941294457714	4.55696894910429
2.2393396861549	3.84561381835357	4.21896891224307	4.60899167908157
2.24554119822031	3.84925304337411	4.22191084828887	4.61765913513503
2.25174271028573	3.84082582256508	4.2421013526219	4.61359450933668
2.25794422235114	3.84607153550951	4.2450970066022	4.63490964140083
2.26414573441655	3.87881275251368	4.26135241973883	4.65726374323837
2.27034724648197	3.8784138252062	4.28456965993832	4.67268299406288
2.27654875854738	3.91245377155664	4.29464935890703	4.68159088602174
2.28275027061279	3.91814492182819	4.29844772327449	4.69985834854727
2.28895178267821	3.91107646483297	4.30803223603874	4.68681779688195
2.29515329474362	3.94413992480534	4.3192621812735	4.70519170049812
2.30135480680903	3.95733885559347	4.33274217061093	4.74495460537652
2.30755631887445	3.97188962709241	4.34283033813282	4.7406137582531
2.31375783093986	3.9620269025175	4.35178448093943	4.75230944994699
2.31995934300528	3.98629837176908	4.36163673553086	4.74707899328375
2.32616085507069	3.97208261704731	4.38286900021022	4.75872010584024
2.3323623671361	4.0250791711147	4.39512549287415	4.77402486642202
2.33856387920152	4.03329492632245	4.40474094185215	4.80089742725884
2.34476539126693	4.03789671716599	4.42356967568468	4.80310323344465
2.35096690333234	4.04640366730828	4.42939614943149	4.83030296640231
2.35716841539776	4.05845504857097	4.44808089654149	4.81848644912014
2.36336992746317	4.0600283493649	4.44787071145798	4.83504478588525
2.36957143952859	4.057386787539	4.45733191927843	4.83910466272228
2.375772951594	4.07758465805042	4.47174824660716	4.85809694979222
2.38197446365941	4.09198475030167	4.47654675182257	4.86356800691542
2.38817597572483	4.13161211963816	4.49427882748922	4.87216913761151
2.39437748779024	4.11547191463255	4.5158272498938	4.89728270743886
2.40057899985565	4.13417873061956	4.52113543718138	4.91260814586671
2.40678051192107	4.15245776952253	4.53639150120439	4.94740304484189
2.41298202398648	4.14831871608097	4.5424400764898	4.92617967356605
2.41918353605189	4.18304940877431	4.56235710144983	4.94527325801622
2.42538504811731	4.15799063198786	4.57376489900827	4.96822120281047
2.43158656018272	4.20348758974291	4.58372280696937	4.9531279492905
2.43778807224814	4.20546958812901	4.59082175131596	4.97544184053176
2.44398958431355	4.21373818381249	4.61044627164742	4.97845979311639
2.45019109637896	4.23032366864564	4.61816566423148	4.98431372108801
2.45639260844438	4.23362885969638	4.62451740921999	5.01566112115102
2.46259412050979	4.2612436456015	4.64487012611398	5.01432849230461
2.4687956325752	4.25043597264426	4.64647474755167	5.03922385359173
2.47499714464062	4.25715437778802	4.64715876405679	5.03312692244157
2.48119865670603	4.29644106985198	4.66463536979864	5.08644630491783
2.48740016877145	4.27710368230768	4.66622762567161	5.06650516235582
2.49360168083686	4.28861525748891	4.69106284882799	5.08523428033353
2.49980319290227	4.30366231672518	4.69940350975121	5.08645436395841
2.50600470496769	4.31961348593241	4.7068403189994	5.09317890480185
2.5122062170331	4.34465628524013	4.73512080160749	5.11257881090704
2.51840772909851	4.32433873755367	4.74238071175589	5.12554320971294
2.52460924116393	4.36508994969249	4.74396174512537	5.1421534346946
2.53081075322934	4.37622137438048	4.75708087927639	5.1428797015847
2.53701226529475	4.38708962871047	4.77023070099208	5.15972460993154
2.54321377736017	4.36387492172579	4.78114749585886	5.19408348992391
2.54941528942558	4.41747350504129	4.79588959905164	5.18827877576936
2.555616801491	4.43359143328108	4.81468642047393	5.19706152346212
2.56181831355641	4.41831113394499	4.81866671507691	5.20935894669924
2.56801982562182	4.43615355105947	4.82178385644019	5.22319380972089
2.57422133768724	4.43330372174507	4.8333359714515	5.21405068966143
2.58042284975265	4.46449218245962	4.84475964264891	5.24807558723596
2.58662436181806	4.46773793205196	4.87319919624772	5.26257748225863
2.59282587388348	4.47426626251964	4.87330455373411	5.28063027480764
2.59902738594889	4.49905812377317	4.88176862603299	5.27153817476926
2.60522889801431	4.50291163420833	4.89186896882769	5.29501490335835
2.61143041007972	4.52137105878111	4.90972181403673	5.30481324159838
2.61763192214513	4.52369367442836	4.92196883795006	5.31383940428601
2.62383343421055	4.54056737442136	4.92819944853472	5.30915968216064
2.63003494627596	4.56820851312929	4.94592019315657	5.35165442331586
2.63623645834137	4.54254255609551	4.95313993075261	5.33202919246018
2.64243797040679	4.59793067859699	4.9557067460188	5.37484938662215
2.6486394824722	4.58506538616521	4.9806435356962	5.37611715867531
2.65484099453761	4.5910768823757	4.98266910804465	5.39598611758056
2.66104250660303	4.62117028101064	4.99653174197393	5.3749508788161
2.66724401866844	4.62689783393348	5.01928868374866	5.3858970989694
2.67344553073386	4.64199742648938	5.0209507633103	5.42423138157532
2.67964704279927	4.65179243987971	5.03680046203836	5.41164243261573
2.68584855486468	4.64458449422182	5.04625609251841	5.42839341414526
2.6920500669301	4.65821996889278	5.06572293278481	5.44806194531511
2.69825157899551	4.66988344427721	5.06022307146724	5.44755730284418
2.70445309106092	4.68939222090792	5.08662241866953	5.48751102435578
2.71065460312634	4.7010477276518	5.0971066225226	5.51427937875901
2.71685611519175	4.69181349744263	5.09105196617287	5.48973424665261
2.72305762725717	4.7310022797772	5.11967791433284	5.51756513891481
2.72925913932258	4.75178466892868	5.12447925809535	5.53538530792982
2.73546065138799	4.7338184007338	5.13855729401251	5.51582965596947
2.74166216345341	4.75132204830364	5.15057010675018	5.55606466334413
2.74786367551882	4.74840441287918	5.15838964345772	5.56851614162193
2.75406518758423	4.78492884993731	5.17593707767077	5.59186543042124
2.76026669964965	4.78002712116127	5.18709391539403	5.58845540291439
2.76646821171506	4.80367204788056	5.1972251919115	5.59029899349317
2.77266972378047	4.79113759301241	5.21711762500445	5.58786555751393
2.77887123584589	4.81453366278078	5.21712332278525	5.60850728930722
2.7850727479113	4.83328407489954	5.23626087906945	5.62957625533848
2.79127425997672	4.85804212307595	5.23856991269828	5.63670226412777
2.79747577204213	4.83331753626952	5.24710795417407	5.65013573620178
2.80367728410754	4.86367305739002	5.26523554785997	5.64836315218269
2.80987879617296	4.88616803559253	5.27626037894313	5.65572810587687
2.81608030823837	4.89586535220468	5.28809129763607	5.67421232099722
2.82228182030378	4.88824358996986	5.3043688901932	5.7124155312265
2.8284833323692	4.90816279329301	5.30546571400795	5.72670541593866
2.83468484443461	4.91252471103508	5.32451307634101	5.71914048772224
2.84088635650003	4.94259600660942	5.3368269509163	5.73290563087876
2.84708786856544	4.95524799311195	5.35012955282335	5.76649161937079
2.85328938063085	4.96669664715314	5.35426110239162	5.75447106268067
2.85949089269627	4.97701843098208	5.36243476112767	5.75212850158917
2.86569240476168	4.98296845342722	5.37247933468124	5.75526178212761
2.87189391682709	5.01706520312043	5.40121892517732	5.80880454088547
2.87809542889251	5.00726392501232	5.41157051965298	5.79627512342267
2.88429694095792	5.01195843424611	5.41043586318401	5.80481305175634
2.89049845302333	5.02258548481798	5.42782794149508	5.83315047314664
2.89669996508875	5.06581669958615	5.43079909748984	5.82776246115294
2.90290147715416	5.04429636466072	5.44475384959872	5.83553447049971
2.90910298921958	5.03048866153203	5.45297314937671	5.82966163505583
2.91530450128499	5.08596360433915	5.48365162979213	5.87338022269868
2.9215060133504	5.08781230620787	5.48610842584313	5.89029632998744
2.92770752541582	5.08791214824208	5.49427902162375	5.87821803385317
2.93390903748123	5.10365015951316	5.50463197468618	5.91675679743775
2.94011054954664	5.11363427280065	5.5173983696792	5.91815458080158
2.94631206161206	5.12553946544157	5.52952631996039	5.91690748008246
2.95251357367747	5.15702675538436	5.54400529715613	5.95581852569102
2.95871508574289	5.15871227838215	5.55715611980834	5.95348874505657
2.9649165978083	5.16339030324044	5.55674609207079	5.97380409636126
2.97111810987371	5.15683285235415	5.56588594025432	5.97530050341429
2.97731962193913	5.18493447360563	5.58536945113648	5.98677913831938
2.98352113400454	5.20751126812983	5.59253620541715	5.98302971271583
2.98972264606995	5.21312912883346	5.61865856824973	6.0068922004558
2.99592415813537	5.23571438869749	5.61783702480996	6.0198532442538
3.00212567020078	5.21057799185416	5.63758212326387	6.02454813686699
3.0083271822662	5.2468038597257	5.644330380889	6.04803445483033
3.01452869433161	5.26077024279338	5.65616888912582	6.04398195363699
3.02073020639702	5.28012234793132	5.66697208551277	6.06256752340137
3.02693171846244	5.29669837501627	5.6820591958837	6.08291617833948
3.03313323052785	5.2786083445464	5.68209167760728	6.08364902375482
3.03933474259326	5.31704560847621	5.71227054415491	6.10319889429752
3.04553625465868	5.30879537403893	5.70519818276805	6.10539023618004
3.05173776672409	5.33306468870912	5.72988576017706	6.11405411899364
3.0579392787895	5.34003322300497	5.73253779371269	6.11798073126783
3.06414079085492	5.33479826561633	5.7429505342981	6.1333399233003
3.07034230292033	5.36260333746909	5.76857512028841	6.14262093115264
3.07654381498575	5.37369280285631	5.77338725078391	6.17169713929786
3.08274532705116	5.38073861646889	5.79100146972189	6.17309154409888
3.08894683911657	5.40075504111787	5.79951755818428	6.23041804776732
3.09514835118199	5.406946067847	5.80933632772343	6.20476092600341
3.1013498632474	5.41807128604719	5.82096404665333	6.20591220860662
3.10755137531281	5.41338515088433	5.83817156293293	6.2358893834544
3.11375288737823	5.4423049319339	5.84235977909276	6.25344462419823
3.11995439944364	5.44845961861941	5.85746784951646	6.26155598883254
3.12615591150906	5.44572222332129	5.86797877284272	6.25755436168465
3.13235742357447	5.4777591945861	5.87063328590652	6.27739204012153
3.13855893563988	5.51390758344706	5.88972747804347	6.27445082536891
3.1447604477053	5.50622517259286	5.90214257373785	6.3079938169856
3.15096195977071	5.53161524322452	5.90873427890429	6.31977569320955
3.15716347183612	5.51469997421356	5.91795537156132	6.35317301564595
3.16336498390154	5.5334500263402	5.93091817586666	6.32261481380665
3.16956649596695	5.53130007860907	5.94897652009862	6.34837812478542
3.17576800803237	5.56325435968043	5.9491680054149	6.35703250242394
3.18196952009778	5.55260961731373	5.96739671200776	6.36775693373132
3.18817103216319	5.58413916505399	5.96589413329449	6.37027569331114
3.19437254422861	5.57854944285631	5.98268685616135	6.39592689193514
3.20057405629402	5.59420529848376	6.00454319422307	6.39871972136784
3.20677556835943	5.60098238547111	6.01416675489777	6.4175336692165
3.21297708042485	5.63354559032898	6.0297781342569	6.4214705523485
3.21917859249026	5.64003179382996	6.03966986194967	6.44024874693757
3.22538010455567	5.6392099784051	6.04525908940486	6.448313366994
3.23158161662109	5.64745730804561	6.04990350377744	6.4527648717023
3.2377831286865	5.65616252259694	6.05736898322037	6.47028617380748
3.24398464075192	5.65106960693979	6.08965251685128	6.47104673406939
3.25018615281733	5.68102444006369	6.09077711405732	6.48802290015592
3.25638766488274	5.69985796877164	6.10958591129814	6.50345065387526
3.26258917694816	5.70696784350585	6.11735231856907	6.52866293670405
3.26879068901357	5.72184911651537	6.12184395448842	6.52586236416679
3.27499220107898	5.74695857700571	6.1364991707255	6.53958709658586
3.2811937131444	5.72517870591509	6.14871707922658	6.57533077411834
3.28739522520981	5.77044748673715	6.1646845372984	6.57017551526767
3.29359673727523	5.79248137740357	6.17014393865775	6.57352948650325
3.29979824934064	5.79122018315327	6.18905995023978	6.58494628596937
3.30599976140605	5.80176760455872	6.19004960871752	6.61485282819447
3.31220127347147	5.81095862576761	6.2058195260984	6.62543280501224
3.31840278553688	5.80731533001075	6.20722427809164	6.62885390784886
3.32460429760229	5.8457866410588	6.22834087520131	6.65628638517757
3.33080580966771	5.82504451738617	6.24355107160962	6.63609678559167
3.33700732173312	5.84677505717779	6.2534540417744	6.65381620569599
3.34320883379853	5.85070420573347	6.2646575904775	6.67919512055483
3.34941034586395	5.85852333907113	6.27826431564656	6.67359612028413
3.35561185792936	5.87944037743217	6.29364895328813	6.71540422410276
3.36181336999478	5.89223608593375	6.30575087460769	6.69917466455512
3.36801488206019	5.89722658424059	6.31473011595517	6.71110386458322
3.3742163941256	5.92769469019138	6.32613942250707	6.73401215866052
3.38041790619102	5.92261310702154	6.33372594808306	6.73609880799203
3.38661941825643	5.93500524028593	6.35067942622969	6.76383574023553
3.39282093032184	5.94609341386927	6.35055154142093	6.7532338640105
3.39902244238726	5.95272527506157	6.36562541459596	6.77160282271429
3.40522395445267	5.97664822587383	6.37624676960732	6.7942495825617
3.41142546651809	5.97718027008809	6.39893203818628	6.80583429265928
3.4176269785835	5.99701572888718	6.40365031025453	6.82718040393065
3.42382849064891	6.02787635214487	6.42377641998069	6.81646763680101
3.43003000271433	6.01490956627351	6.41343133415293	6.81918927486072
3.43623151477974	6.04880664200329	6.43982297346108	6.82541184273835
3.44243302684515	6.05385956835282	6.44541226670918	6.86043815259776
3.44863453891057	6.06658738208761	6.45693412699982	6.8721419337363
3.45483605097598	6.06872154959153	6.47426455112139	6.88455284068743
3.46103756304139	6.05188315759401	6.47894345929885	6.88587156812892
3.46723907510681	6.0594379749944	6.49910090755086	6.89497661528279
3.47344058717222	6.1032331744356	6.50332542379909	6.90295487834561
3.47964209923764	6.10096033298025	6.51781404421637	6.93220826470977
3.48584361130305	6.12138570053313	6.52436616000093	6.93079426824815
3.49204512336846	6.14917048150471	6.53521163879695	6.95595104067509
3.49824663543388	6.14694743554304	6.54747538313974	6.95594828964922
3.50444814749929	6.13391738583795	6.56949893723368	6.98753755989233
3.5106496595647	6.18382071869838	6.58039297501127	6.9978841661322
3.51685117163012	6.18110161102767	6.59104850446438	6.99028252261899
3.52305268369553	6.20054775785814	6.59380178193945	7.01506173833603
3.52925419576095	6.21844106507108	6.61527845841978	7.02432435208194
3.53545570782636	6.22638520284301	6.62168334919618	7.00988281376836
3.54165721989177	6.21073908710219	6.63869179617003	7.05501832464334
3.54785873195719	6.24864513501399	6.64301130357752	7.082240195508
3.5540602440226	6.2706351129116	6.662364881078	7.0959678504383
3.56026175608801	6.24183211878419	6.66768019597241	7.07386772618419
3.56646326815343	6.26660735161281	6.67143269972437	7.09531007275982
3.57266478021884	6.28201644746282	6.69619347488982	7.12340482974616
3.57886629228425	6.28882071783886	6.6983996625725	7.13412628005044
3.58506780434967	6.27938642359667	6.71174760182003	7.11711499996162
3.59126931641508	6.33303797979501	6.72064838771864	7.11871317234148
3.5974708284805	6.34332623069942	6.74223833917977	7.14237745889203
3.60367234054591	6.35479512709189	6.7355034197751	7.14155370330092
3.60987385261132	6.34633498391706	6.7575200776211	7.17035020361606
3.61607536467674	6.38541136110144	6.76950268354729	7.17854803397801
3.62227687674215	6.36037718242071	6.77564879487561	7.18781711081895
3.62847838880756	6.38391138375471	6.79842203008698	7.19448083950011
3.63467990087298	6.40419676597228	6.80323298295028	7.22212967835237
3.64088141293839	6.42556051713694	6.81522025936681	7.22662923954062
3.64708292500381	6.41358627329157	6.82409206495066	7.23666456177089
3.65328443706922	6.43148224395796	6.83223996666641	7.25818335918201
3.65948594913463	6.41865275918405	6.84686995147667	7.25453576039753
3.66568746120005	6.46616447619193	6.85747554882533	7.25994433528042
3.67188897326546	6.44436502208978	6.87466956936733	7.29606361651416
3.67809048533087	6.45819681034977	6.88835120281838	7.30030719771161
3.68429199739629	6.48571255837121	6.89606691427337	7.30885153749611
3.6904935094617	6.50317030591595	6.91152651699375	7.31719830123414
3.69669502152711	6.50711769309284	6.91997299734757	7.2950735522942
3.70289653359253	6.52021594712566	6.92875872100095	7.34111036416148
3.70909804565794	6.53252563929618	6.94387901637437	7.34428637272473
3.71529955772336	6.54956771243126	6.94853846848016	7.37129369990183
3.72150106978877	6.54640437984889	6.95924428724582	7.37494410778329
3.72770258185418	6.56264737520388	6.98258859580211	7.37476641492655
3.7339040939196	6.57140748629047	6.9877291019614	7.40460574847712
3.74010560598501	6.57759437094498	7.00860625062202	7.42472440914846
3.74630711805042	6.61448644436163	7.01418791050228	7.43099343088268
3.75250863011584	6.60862236600584	7.02398478895426	7.41378484440724
3.75871014218125	6.61506064634151	7.04068344808312	7.44865146199391
3.76491165424667	6.63020881345488	7.05761048531803	7.45510643002865
3.77111316631208	6.62129928797848	7.05320419299667	7.47163519850366
3.77731467837749	6.67734755152264	7.06471302250549	7.49045562815473
3.78351619044291	6.65428486505666	7.08314136571102	7.48989743626996
3.78971770250832	6.69138515703536	7.0915818313225	7.50317392148912
3.79591921457373	6.71813999889521	7.09647003164098	7.50246095985285
3.80212072663915	6.69521156290882	7.11558542600148	7.51776886680845
3.80832223870456	6.70220070540033	7.12999157795973	7.56515516427472
3.81452375076997	6.70630742116833	7.12948348309283	7.56032230588548
3.82072526283539	6.75700343987372	7.15621782586143	7.57952952293599
3.8269267749008	6.73149741171131	7.16281838360739	7.56771576673327
3.83312828696622	6.74671183878283	7.16783121219003	7.58361502310568
3.83932979903163	6.75710531980228	7.18522279790183	7.61181398307024
3.84553131109704	6.77817146621681	7.19253109388522	7.6011548031141
3.85173282316246	6.7936705840704	7.20235444265312	7.62365853925439
3.85793433522787	6.79567673941579	7.22547787250468	7.63395816723461
3.86413584729328	6.8371695583996	7.22143037192174	7.64104983531932
3.8703373593587	6.83363128785978	7.24119166476853	7.6620401427548
3.87653887142411	6.82873574409181	7.2520603228261	7.68601567532612
3.88274038348953	6.81109688233214	7.2634851024268	7.68703108392947
3.88894189555494	6.84616862501182	7.27408223878497	7.69753845058009
3.89514340762035	6.86186558982659	7.28231921370265	7.71450402601522
3.90134491968577	6.86250787295789	7.30841956305868	7.72260511585067
3.90754643175118	6.88446281488121	7.30837194290892	7.70221475316411
3.91374794381659	6.8900095978396	7.32484117689138	7.74821807186032
3.91994945588201	6.91773861489304	7.32950657432295	7.75815901725814
3.92615096794742	6.91865058768712	7.33911898250143	7.75916608266591
3.93235248001284	6.94285174516774	7.36375872387161	7.78702242647814
3.93855399207825	6.95273075296945	7.3528332489838	7.79441237816566
3.94475550414366	6.95243884637069	7.39010838118605	7.80619232501668
3.95095701620908	6.97349001201122	7.39601675792332	7.81594521313728
3.95715852827449	6.9779601733965	7.41097542387654	7.82987907264851
3.9633600403399	6.99406544500602	7.40705268212148	7.84755498816617
3.96956155240532	6.99225859247413	7.42483659577907	7.84492972563861
3.97576306447073	7.01171318059916	7.44102801687665	7.87694031736769
3.98196457653615	7.024443571251	7.45070831324169	7.87470936451162
3.98816608860156	7.02621792914465	7.46323047345638	7.89164787538276
3.99436760066697	7.07177900254301	7.47038485301037	7.88990030494685
4.00056911273239	7.05103747380556	7.48158319009815	7.91123511483121
4.0067706247978	7.08323332620908	7.49720471810366	7.91331675169689
4.01297213686321	7.08665211357341	7.50868542216165	7.9088059038353
4.01917364892863	7.11372062919876	7.51713921942507	7.94356092173831
4.02537516099404	7.10493092804267	7.54041404134807	7.94403354979845
4.03157667305945	7.12439570931486	7.54700244389881	7.97901199688034
4.03777818512487	7.12751743701329	7.55406164643425	7.96521513440207
4.04397969719028	7.15654781704919	7.56611488695407	7.99888005273775
4.0501812092557	7.15192587111191	7.57923554015511	7.97466606936362
4.05638272132111	7.16498181168238	7.58418832971954	8.02591418241848
4.06258423338652	7.17678995005594	7.60406623170643	8.03757806331653
4.06878574545194	7.1946594992675	7.61182656390415	8.02753604847606
4.07498725751735	7.20412663848053	7.61435559694271	8.04472409156755
4.08118876958276	7.21201182498599	7.63205044863898	8.0532894470434
4.08739028164818	7.22889382161389	7.64944387369828	8.07527781004398
4.09359179371359	7.21826358291649	7.64749500267689	8.09392733553835
4.09979330577901	7.2223623224534	7.67102269665797	8.09996157365538
4.10599481784442	7.26554173224679	7.68091904501384	8.13786869762182
4.11219632990983	7.25791907044105	7.68538212560392	8.11221364240519
4.11839784197525	7.27017923540787	7.70792011977958	8.10509679429724
4.12459935404066	7.30383518460807	7.7179149040448	8.14536773695508
4.13080086610607	7.29648615302504	7.72489412497865	8.12562152422012
4.13700237817149	7.30762290603613	7.74243253574348	8.13660890034524
4.1432038902369	7.3001177189773	7.73535287942389	8.14766116704755
4.14940540230231	7.34444738126719	7.76414237822702	8.19480304609776
4.15560691436773	7.3495477961667	7.77479105311132	8.19334318472409
4.16180842643314	7.34813569948262	7.78856094926799	8.20177192290844
4.16800993849855	7.3744858763419	7.77671872196414	8.20555017133652
4.17421145056397	7.358794895256	7.80287088902694	8.23746754567354
4.18041296262938	7.40673572046394	7.82034759136405	8.21514418816895
4.1866144746948	7.40683282631877	7.83560529343828	8.24785007141182
4.19281598676021	7.40864860106234	7.84681011620566	8.27350539011438
4.19901749882562	7.41239605542261	7.86011734050789	8.25736297933079
4.20521901089104	7.45067350533901	7.87064305175617	8.30820554094182
4.21142052295645	7.43151711061528	7.88288642335072	8.2955999340624
4.21762203502186	7.45331971399734	7.89149372193303	8.32110795031264
4.22382354708728	7.48456124823238	7.89845951935202	8.32301260728356
4.23002505915269	7.47976979607389	7.91791529947952	8.33205039830455
4.23622657121811	7.50586248846403	7.92457194146188	8.34498739415274
4.24242808328352	7.51454992292732	7.93213689089352	8.35689640351708
4.24862959534893	7.51939677000548	7.94559962528406	8.34730631416378
4.25483110741435	7.4983261327883	7.95947340205976	8.37442003932232
4.26103261947976	7.52927296274013	7.96525256729984	8.38695181719021
4.26723413154517	7.5350982773186	7.98227559956392	8.39323614201418
4.27343564361059	7.55632683463711	7.99330687741946	8.39756334641442
4.279637155676	7.56932553460021	7.99952593084149	8.42539970150469
4.28583866774142	7.60230442009376	8.00971613191938	8.45614889559376
4.29204017980683	7.58209536518517	8.03097527164708	8.48988881824142
