"mitochan"	"lwrNorm"	"medNorm"	"uprNorm"
-1.90327037354145	-3.98867488607837	-3.59200866565236	-3.19366445167028
-1.89700418466435	-3.97945886184981	-3.58008173947973	-3.15685683256562
-1.89073799578724	-4.00589112454405	-3.57132970066619	-3.12567544862919
-1.88447180691014	-3.97009329987222	-3.54703935322093	-3.12141105899352
-1.87820561803303	-3.94797373040308	-3.5390229732939	-3.13448625306891
-1.87193942915593	-3.94315949307378	-3.52835000191477	-3.11125510173753
-1.86567324027883	-3.95625805050604	-3.52704727366752	-3.10561871739541
-1.85940705140172	-3.93305210345888	-3.51363789486659	-3.09667296301091
-1.85314086252462	-3.9028104517927	-3.49153709334173	-3.09468663940686
-1.84687467364751	-3.87075851437894	-3.47410997265797	-3.07571326481578
-1.84060848477041	-3.88932514325621	-3.47017867877288	-3.05777293012187
-1.83434229589331	-3.89159319448312	-3.45295049982388	-3.05473320232019
-1.8280761070162	-3.85224352926186	-3.44661121016551	-3.02272006726865
-1.8218099181391	-3.86516288269053	-3.42858130590312	-3.01052337412697
-1.81554372926199	-3.85235552714427	-3.42425037331607	-3.00242442283815
-1.80927754038489	-3.83848948954262	-3.41117606649619	-3.00438605290972
-1.80301135150779	-3.82581156251583	-3.40806720262556	-2.99010846689183
-1.79674516263068	-3.79603222212848	-3.37882510733731	-2.96446394062465
-1.79047897375358	-3.77285361931085	-3.38596434485597	-2.95246303172008
-1.78421278487647	-3.78581887491681	-3.36471373586533	-2.92753021027213
-1.77794659599937	-3.75881097366484	-3.34732374381549	-2.92644266396453
-1.77168040712227	-3.75241421503905	-3.33821427327873	-2.92011615521527
-1.76541421824516	-3.75728348942462	-3.32641393590373	-2.90385342742059
-1.75914802936806	-3.73461567282405	-3.31793851470423	-2.90442907725375
-1.75288184049095	-3.73352341385346	-3.30117003287239	-2.88216010848869
-1.74661565161385	-3.68951332314292	-3.29415927370126	-2.89074161755868
-1.74034946273675	-3.69374846646691	-3.27224481235023	-2.84233214788114
-1.73408327385964	-3.67710630466104	-3.26914918760608	-2.86784296872749
-1.72781708498254	-3.67111571059536	-3.25910857617644	-2.8289701747096
-1.72155089610544	-3.67895351467522	-3.24257538157296	-2.83296455943098
-1.71528470722833	-3.65821882189975	-3.22994716055784	-2.83033121402554
-1.70901851835123	-3.62821813189668	-3.21449976942485	-2.81550641743882
-1.70275232947412	-3.63562385326922	-3.20379065370972	-2.81049310053671
-1.69648614059702	-3.58751246453606	-3.19993989593965	-2.78338294925848
-1.69021995171992	-3.5932679768313	-3.19055905865199	-2.75611280582951
-1.68395376284281	-3.59036143231493	-3.1743260490632	-2.7469774453233
-1.67768757396571	-3.55583768532712	-3.17121422745329	-2.72750356076908
-1.6714213850886	-3.55052529975204	-3.14465806993065	-2.74826188597042
-1.6651551962115	-3.54546892517125	-3.13174524555193	-2.71256097410773
-1.6588890073344	-3.52411003763286	-3.12400198260765	-2.71883862337452
-1.65262281845729	-3.56233162175193	-3.11644771154321	-2.67767254895112
-1.64635662958019	-3.51671781951492	-3.09954025800058	-2.69964198766253
-1.64009044070308	-3.49807846414959	-3.08541937488794	-2.66025988901631
-1.63382425182598	-3.47588792206808	-3.06827590392191	-2.70140674899677
-1.62755806294888	-3.49529240842332	-3.07043383804829	-2.64798536740148
-1.62129187407177	-3.45641984457297	-3.04047990092139	-2.6269794692699
-1.61502568519467	-3.4513775411169	-3.04619965679144	-2.63001944171845
-1.60875949631756	-3.43347738729283	-3.02608317196073	-2.62234437585836
-1.60249330744046	-3.42315020776509	-3.01343737515729	-2.58970200983931
-1.59622711856336	-3.41142665766506	-3.00479235849485	-2.59241579587169
-1.58996092968625	-3.40747994377879	-2.98256968357325	-2.57895929863014
-1.58369474080915	-3.37521099916951	-2.98117211757563	-2.55247619267964
-1.57742855193204	-3.36372962347187	-2.96475339514623	-2.53920777826441
-1.57116236305494	-3.37592728507793	-2.96776215448049	-2.54175373564676
-1.56489617417784	-3.35109650844768	-2.93090016143141	-2.53242771935859
-1.55862998530073	-3.32477383811476	-2.92524438599755	-2.51234056949624
-1.55236379642363	-3.3157188733248	-2.91742825811896	-2.50219188385009
-1.54609760754653	-3.30165582063512	-2.91581611497671	-2.49178503382708
-1.53983141866942	-3.29413306315238	-2.89496930948361	-2.48174652585361
-1.53356522979232	-3.3016869360998	-2.87858210239399	-2.47404929852235
-1.52729904091521	-3.28443860732029	-2.86502466227212	-2.46281728928513
-1.52103285203811	-3.27378598749274	-2.85666966168631	-2.46043937592483
-1.51476666316101	-3.25016877285361	-2.84091697139849	-2.43058622466826
-1.5085004742839	-3.25715908432829	-2.83521003622497	-2.41941003213262
-1.5022342854068	-3.23589405354875	-2.827172514662	-2.40163043463542
-1.49596809652969	-3.20718278426276	-2.80686696590256	-2.40336718177098
-1.48970190765259	-3.19305608250403	-2.79860857549147	-2.36919612234474
-1.48343571877549	-3.18742340917085	-2.78377008059819	-2.3663067219289
-1.47716952989838	-3.16588162314651	-2.78030360550698	-2.36041610483829
-1.47090334102128	-3.18349249800437	-2.76375371387902	-2.35912461246626
-1.46463715214417	-3.13915685091595	-2.75565033388868	-2.34808524296059
-1.45837096326707	-3.14636364699598	-2.73357010489813	-2.33360973113765
-1.45210477438997	-3.14254023421934	-2.72600367444709	-2.34304326637767
-1.44583858551286	-3.11831510811774	-2.71054365188741	-2.3008580964018
-1.43957239663576	-3.11804592719382	-2.70599442491095	-2.29260064947099
-1.43330620775865	-3.11328246610498	-2.69931717301312	-2.2668582212726
-1.42704001888155	-3.07236500141456	-2.67354829519369	-2.27364968627157
-1.42077383000445	-3.08237086618262	-2.67443667581774	-2.26613611465234
-1.41450764112734	-3.05048994574443	-2.65733493429703	-2.25339054878802
-1.40824145225024	-3.05963454790104	-2.6376244897364	-2.21487910040711
-1.40197526337314	-3.0204150052555	-2.63013457519774	-2.23083717998626
-1.39570907449603	-2.99723741277025	-2.61581418576995	-2.22925551233552
-1.38944288561893	-3.01097905038693	-2.60335510221395	-2.20133881254994
-1.38317669674182	-3.00477661039996	-2.59824993732518	-2.19576948143191
-1.37691050786472	-2.97240907066219	-2.57736189559816	-2.18706266377048
-1.37064431898762	-2.97147286070007	-2.56246098580919	-2.14399888557704
-1.36437813011051	-2.95358922425303	-2.55387553542123	-2.16287755696718
-1.35811194123341	-2.95208615202448	-2.54889663982577	-2.14503151491061
-1.3518457523563	-2.9532771836243	-2.53805636980201	-2.1331350991369
-1.3455795634792	-2.92136882854913	-2.52620433807734	-2.12359928887659
-1.3393133746021	-2.92442098152889	-2.52447989139297	-2.10458315028206
-1.33304718572499	-2.89630606804923	-2.48958435929669	-2.09708169130848
-1.32678099684789	-2.88067440028925	-2.47313942224766	-2.0833712348402
-1.32051480797078	-2.88547755679867	-2.48195051912078	-2.08794638414523
-1.31424861909368	-2.86642506012461	-2.46710261197873	-2.07299573542745
-1.30798243021658	-2.86119102471853	-2.45364458073272	-2.03413406390801
-1.30171624133947	-2.83830184272296	-2.44424704626114	-2.02864500852282
-1.29545005246237	-2.85178115556578	-2.42413698882854	-2.01582624820817
-1.28918386358526	-2.83102143171519	-2.41570306126094	-2.00151051441344
-1.28291767470816	-2.81778321975753	-2.40386544292064	-2.00127905803178
-1.27665148583106	-2.78704217593526	-2.39260177401255	-1.98833622572396
-1.27038529695395	-2.79791869430978	-2.37782264242686	-1.96891452329139
-1.26411910807685	-2.75867535833944	-2.37162664295596	-1.97756592138865
-1.25785291919974	-2.769712264564	-2.35531988424419	-1.93607625288344
-1.25158673032264	-2.76376993544815	-2.33835935596919	-1.91668421780927
-1.24532054144554	-2.73558705522769	-2.33320134299794	-1.94605078900806
-1.23905435256843	-2.72632592994537	-2.3268327968356	-1.91552058320136
-1.23278816369133	-2.72079270537741	-2.31573257230652	-1.90671010353422
-1.22652197481423	-2.67672355774694	-2.29577385399688	-1.88433463349075
-1.22025578593712	-2.68788879592734	-2.28429447406825	-1.87659818116848
-1.21398959706002	-2.66367571224106	-2.27013105383964	-1.89148852056692
-1.20772340818291	-2.65313397998368	-2.2619457604896	-1.85722668992505
-1.20145721930581	-2.67231318298706	-2.25274279671668	-1.83212932683528
-1.19519103042871	-2.62392420550956	-2.23336151373766	-1.84663460855528
-1.1889248415516	-2.62208749680378	-2.23527637977596	-1.82009119009112
-1.1826586526745	-2.6353338304353	-2.2049037553806	-1.80898756295092
-1.17639246379739	-2.60049843141323	-2.19865713627279	-1.80490122711962
-1.17012627492029	-2.60158120759671	-2.18776093528463	-1.78560787699307
-1.16386008604319	-2.58443955506484	-2.16904042381279	-1.7697724945391
-1.15759389716608	-2.54926271951184	-2.16581215219106	-1.72943834019092
-1.15132770828898	-2.542375427954	-2.15295883153972	-1.7297785757896
-1.14506151941187	-2.5364190367546	-2.13956638191923	-1.73915457206473
-1.13879533053477	-2.51458172888222	-2.13133438332986	-1.72446397057022
-1.13252914165767	-2.5104190753513	-2.10777124126403	-1.72080286245592
-1.12626295278056	-2.51123812358087	-2.09836680987204	-1.71156733469627
-1.11999676390346	-2.48347377394818	-2.08740613774857	-1.70101012209378
-1.11373057502635	-2.48431294595576	-2.08006008426493	-1.68068424848164
-1.10746438614925	-2.47282479471804	-2.06936727115451	-1.6666387498599
-1.10119819727215	-2.43741138343321	-2.04637638346319	-1.64574343512943
-1.09493200839504	-2.45415482913641	-2.04390755371791	-1.6495669192197
-1.08866581951794	-2.39195186902885	-2.0309052266865	-1.63860864299374
-1.08239963064083	-2.40634575732903	-2.01236885975452	-1.61266396000475
-1.07613344176373	-2.41215184888944	-2.00573649469511	-1.6099531230402
-1.06986725288663	-2.38936505476788	-1.99821396441018	-1.59117931440789
-1.06360106400952	-2.37606732343377	-1.97768311221682	-1.58834677478068
-1.05733487513242	-2.37386428307778	-1.97649390338832	-1.56596475136548
-1.05106868625532	-2.37058284863226	-1.95350923202026	-1.56905250535762
-1.04480249737821	-2.34207347316981	-1.93973908967519	-1.54036547296622
-1.03853630850111	-2.33729280181678	-1.93183242582406	-1.53271421406017
-1.032270119624	-2.34944991393961	-1.93239287951008	-1.54056111535375
-1.0260039307469	-2.31243677423068	-1.91262231768795	-1.51369641444339
-1.0197377418698	-2.32396060379862	-1.8976989171478	-1.52163293305607
-1.01347155299269	-2.31314498887497	-1.88976921863436	-1.47526177427865
-1.00720536411559	-2.26714301220826	-1.87036711019903	-1.48431851881682
-1.00093917523848	-2.26882162899352	-1.86659579907328	-1.45873273628763
-0.99467298636138	-2.25953524717561	-1.85097439266053	-1.46519303275502
-0.988406797484276	-2.23517212710462	-1.83997928615772	-1.43114964824596
-0.982140608607172	-2.23442339509183	-1.83073323552039	-1.44750304963113
-0.975874419730068	-2.21605125084437	-1.81966032330394	-1.41435604239026
-0.969608230852964	-2.19896977584944	-1.80750066960912	-1.4186784989379
-0.96334204197586	-2.18840276834858	-1.79371119369226	-1.40786214469358
-0.957075853098757	-2.17535829605759	-1.77496935642527	-1.38944356266644
-0.950809664221653	-2.18227352357724	-1.75981138040229	-1.36203607141249
-0.944543475344549	-2.14238330777987	-1.7538326569967	-1.34658105936812
-0.938277286467445	-2.15591012773383	-1.73953117149509	-1.33594666421756
-0.932011097590341	-2.13152076735441	-1.73309390508539	-1.32659578363089
-0.925744908713237	-2.13653926283498	-1.71624424427334	-1.31910049036381
-0.919478719836133	-2.10799722583486	-1.71142683943175	-1.32194659352964
-0.913212530959029	-2.08933999584851	-1.6962951028078	-1.29236603787426
-0.906946342081925	-2.07220198968649	-1.68135451843427	-1.28638642021851
-0.900680153204821	-2.06731786394765	-1.6682283341136	-1.28296914244942
-0.894413964327717	-2.05336495302418	-1.66241795470899	-1.26710385159404
-0.888147775450613	-2.05445361446113	-1.65308929337843	-1.24415260029049
-0.88188158657351	-2.04425253226212	-1.63514767251716	-1.23883867082837
-0.875615397696405	-2.02271335554333	-1.63265179739304	-1.21282677174406
-0.869349208819302	-2.02945810557328	-1.61227167332111	-1.19812894717589
-0.863083019942198	-1.99647662719205	-1.60310117137272	-1.18243076288105
-0.856816831065094	-1.98325105039777	-1.58644274414588	-1.19033846306693
-0.85055064218799	-1.98792901644102	-1.58026077747696	-1.17696923942647
-0.844284453310886	-1.96199852770701	-1.57481857578701	-1.15561350293547
-0.838018264433782	-1.94277608827596	-1.55142088400886	-1.14283651712899
-0.831752075556678	-1.91122163641901	-1.54754397086455	-1.1279333915694
-0.825485886679574	-1.90994894131192	-1.52991782108592	-1.11995438557501
-0.81921969780247	-1.92275830447291	-1.51265620657965	-1.11822411368803
-0.812953508925366	-1.92894070875824	-1.5036757678317	-1.10732653314052
-0.806687320048262	-1.90310819751424	-1.48671510301997	-1.09315270042692
-0.800421131171158	-1.8739944477352	-1.48570304309262	-1.09214674012361
-0.794154942294055	-1.85422597295361	-1.45763735356584	-1.08160553909854
-0.78788875341695	-1.8682310999045	-1.45393951167576	-1.05386829844647
-0.781622564539847	-1.8357258785306	-1.44831947786058	-1.04197957500339
-0.775356375662743	-1.81991885437226	-1.43258551900323	-1.03876239118226
-0.769090186785639	-1.82700371449446	-1.42260523071639	-1.03337225975009
-0.762823997908535	-1.78640712522041	-1.4078896726652	-1.00191570543274
-0.756557809031431	-1.78436526693812	-1.3994006994833	-0.994514491206164
-0.750291620154327	-1.77621203350968	-1.38476958609001	-0.978452955539908
-0.744025431277223	-1.7568631185682	-1.37848818258985	-0.974943453201459
-0.737759242400119	-1.75763360388202	-1.35928623756092	-0.964445747041818
-0.731493053523015	-1.74876245363163	-1.34887769692891	-0.953903087817702
-0.725226864645911	-1.7487357599054	-1.33778348811824	-0.955570267546638
-0.718960675768807	-1.70626046212783	-1.32666317487332	-0.935904004422789
-0.712694486891704	-1.69728487243186	-1.30567692397417	-0.912587698948807
-0.7064282980146	-1.71689961035553	-1.30542739666864	-0.913963798323962
-0.700162109137496	-1.66513916495509	-1.28604086046966	-0.889818105070036
-0.693895920260392	-1.66202713075579	-1.27793156888134	-0.877227315731649
-0.687629731383288	-1.64453352997784	-1.27491305747666	-0.889214461433203
-0.681363542506184	-1.64706760613218	-1.25494800711698	-0.851086729885419
-0.67509735362908	-1.65156342235117	-1.24628139503762	-0.854467743785865
-0.668831164751976	-1.62136722458643	-1.23020191976295	-0.830625152135553
-0.662564975874872	-1.60727139512976	-1.20748766879962	-0.824579884304567
-0.656298786997768	-1.61543378478581	-1.19554762786423	-0.796029750510252
-0.650032598120664	-1.57713871655598	-1.18565633347148	-0.788687035195718
-0.64376640924356	-1.58475859586152	-1.1871391896275	-0.775055555405471
-0.637500220366456	-1.55564048482308	-1.16927882783448	-0.779396463466261
-0.631234031489353	-1.56300035758557	-1.1536165929813	-0.759467529960625
-0.624967842612249	-1.53949459000522	-1.14167366852163	-0.743363090785792
-0.618701653735145	-1.51989946441901	-1.13969572793934	-0.724282452878402
-0.612435464858041	-1.54173069472008	-1.12976437671119	-0.715885934151633
-0.606169275980937	-1.4930270612554	-1.1017792491757	-0.714587154299336
-0.599903087103833	-1.48099768588045	-1.10646836014285	-0.693168245873077
-0.593636898226729	-1.46612848689358	-1.07889304369325	-0.679717350060427
-0.587370709349625	-1.46348063175254	-1.07590525356976	-0.67228938277811
-0.581104520472521	-1.4539549845469	-1.06188331749801	-0.666460389250095
-0.574838331595417	-1.4628322990781	-1.05498244613748	-0.648763505267367
-0.568572142718313	-1.43202326348608	-1.03178044120279	-0.644010912835551
-0.562305953841209	-1.41586402491304	-1.02017988692142	-0.634165987899068
-0.556039764964105	-1.4093376262688	-1.00797392204827	-0.624805313950729
-0.549773576087002	-1.39529932760297	-0.992529586240778	-0.598393837204594
-0.543507387209898	-1.37643180789623	-0.984569492713622	-0.572990803244099
-0.537241198332794	-1.38034332679472	-0.976951837603733	-0.594625552701791
-0.53097500945569	-1.34465172456884	-0.96722265339917	-0.563886208364535
-0.524708820578586	-1.35494881959617	-0.965762384230309	-0.567356847576946
-0.518442631701482	-1.32208461149614	-0.939043877857798	-0.54318759572789
-0.512176442824378	-1.31701528160446	-0.926473451502789	-0.52310611652208
-0.505910253947274	-1.28905681865421	-0.914432181951905	-0.547174630222982
-0.49964406507017	-1.28496765132113	-0.901467437286879	-0.512699524024745
-0.493377876193066	-1.28668421182467	-0.895706827250119	-0.482512230844875
-0.487111687315962	-1.2645484033944	-0.885407799924229	-0.482210772052819
-0.480845498438858	-1.28372647180099	-0.87258752065841	-0.471367152926518
-0.474579309561754	-1.24679865892194	-0.867606463119654	-0.480348493224716
-0.46831312068465	-1.22360968999	-0.844962467087371	-0.459505871252602
-0.462046931807547	-1.24182478946626	-0.827663903435543	-0.424452561627449
-0.455780742930443	-1.18534293036596	-0.830342629937507	-0.41861728641771
-0.449514554053339	-1.19764262801733	-0.813465331705786	-0.426435724918256
-0.443248365176235	-1.1862001127601	-0.791320032752426	-0.392005176374209
-0.436982176299131	-1.1682597046677	-0.774159052330119	-0.39200143359141
-0.430715987422027	-1.16691420263741	-0.771430322152032	-0.376737159071063
-0.424449798544923	-1.13324856719817	-0.755088088120915	-0.357629462089396
-0.418183609667819	-1.14797677710726	-0.756661834861373	-0.355252587556374
-0.411917420790715	-1.11820173169804	-0.72877901759371	-0.351036619211028
-0.405651231913611	-1.13250200738634	-0.721705941971262	-0.308717712769964
-0.399385043036507	-1.10735076140286	-0.716125875086996	-0.32609499620971
-0.393118854159404	-1.07722942152281	-0.691528314324348	-0.30326006183118
-0.386852665282299	-1.07139856704979	-0.687445748212683	-0.298669256702009
-0.380586476405196	-1.0652615136192	-0.68223133890471	-0.277231313552377
-0.374320287528092	-1.07461151171044	-0.66357237895912	-0.27093804827898
-0.368054098650988	-1.03515705686659	-0.655179814879857	-0.272868584985393
-0.361787909773884	-1.04631245973052	-0.646272856734772	-0.248573017325466
-0.35552172089678	-1.0309687137955	-0.632477204712973	-0.24219505037452
-0.349255532019676	-1.02188164019962	-0.617930379081231	-0.21903847365408
-0.342989343142572	-0.986466079081807	-0.615744753358472	-0.217784607380827
-0.336723154265468	-0.983113163934614	-0.593758989506415	-0.197021374378089
-0.330456965388364	-0.97091916069044	-0.580398867663438	-0.194788297022221
-0.32419077651126	-0.950922728933943	-0.564201615876545	-0.177939435827537
-0.317924587634156	-0.953216306069388	-0.553782518199273	-0.152927574137195
-0.311658398757052	-0.958169499655292	-0.545439531664373	-0.166657223663347
-0.305392209879948	-0.930085827847808	-0.542340793461667	-0.150793982476211
-0.299126021002845	-0.916432501669208	-0.521879160875413	-0.139252516053295
-0.292859832125741	-0.912107685977044	-0.508223464738045	-0.113953935322214
-0.286593643248637	-0.894604746696394	-0.491146938923805	-0.10087198542023
-0.280327454371533	-0.86660281424858	-0.485273540466847	-0.0921868807668004
-0.274061265494429	-0.869407688294004	-0.475081265770142	-0.0976355884510923
-0.267795076617325	-0.853120430090618	-0.451796283592306	-0.0554820309330633
-0.261528887740221	-0.825816112520426	-0.443998850255761	-0.0469016261617721
-0.255262698863117	-0.85059159239332	-0.438145143358213	-0.0446979910587135
-0.248996509986013	-0.80717816708899	-0.424458513438235	-0.0441771850407332
-0.242730321108909	-0.808614979241889	-0.41903471836935	-0.0506175680118068
-0.236464132231805	-0.792118265739197	-0.405790602721108	0.0177292946614374
-0.230197943354701	-0.769202454560271	-0.39126535982512	0.0060813587453173
-0.223931754477598	-0.78219034694384	-0.386317485691865	0.0179308201908843
-0.217665565600494	-0.767569027788455	-0.363008378104941	0.0214714295906828
-0.21139937672339	-0.751610647768231	-0.364116829367083	0.0281232733355541
-0.205133187846286	-0.74730465054452	-0.349606993239111	0.0545055877482062
-0.198866998969182	-0.724804596608567	-0.316551596795325	0.0513986670146791
-0.192600810092078	-0.693459728886309	-0.315573778667294	0.0427434967147118
-0.186334621214974	-0.679388277468034	-0.301263129551163	0.104081528124604
-0.18006843233787	-0.685002139466742	-0.289641424387201	0.113189461294097
-0.173802243460766	-0.676937635623861	-0.282998829949235	0.0992426728856791
-0.167536054583662	-0.679605229677563	-0.272014212545181	0.0958732289759826
-0.161269865706558	-0.643336716994627	-0.252125214237951	0.140910402801936
-0.155003676829454	-0.64035816739579	-0.242467489070176	0.152982877907541
-0.14873748795235	-0.633175519649631	-0.239965293039047	0.18007161736219
-0.142471299075247	-0.626643156418848	-0.222747638107837	0.161039225186142
-0.136205110198143	-0.603535869175164	-0.205342836440953	0.188904109113686
-0.129938921321039	-0.573625044865539	-0.200155718282537	0.189458687165652
-0.123672732443935	-0.576979018530721	-0.183540351950359	0.210464370990942
-0.117406543566831	-0.575301441207725	-0.172852175892869	0.229166891619064
-0.111140354689727	-0.564735790168468	-0.158735925508699	0.234258206442761
-0.104874165812623	-0.541524494733355	-0.147841433460633	0.246021684923096
-0.098607976935519	-0.523342324192123	-0.134715971265388	0.233788166910193
-0.0923417880584152	-0.491685506992487	-0.121596409446456	0.277434038329609
-0.0860755991813111	-0.500441933075343	-0.108367295408112	0.276196645767495
-0.0798094103042073	-0.467499311185115	-0.0995877676059488	0.307945114954329
-0.0735432214271032	-0.48595655327644	-0.0845609240663862	0.320746409234928
-0.0672770325499994	-0.472222781402949	-0.0823404040848549	0.30792305618085
-0.0610108436728956	-0.43462536043393	-0.0632810136604653	0.329163797388868
-0.0547446547957915	-0.462011392339269	-0.049469519530036	0.33878166690925
-0.0484784659186877	-0.426847401170685	-0.0388274646359238	0.340621000967079
-0.0422122770415838	-0.417682769550729	-0.0321254248139307	0.36508424519874
-0.0359460881644798	-0.411321753378301	-0.0259921128944765	0.339945564505346
-0.0296798992873759	-0.397943235037806	-0.00546340360783827	0.371828716552505
-0.0234137104102721	-0.374201603868208	0.0135974197183591	0.3966565103028
-0.017147521533168	-0.397441221707652	0.0142358202920879	0.400009811746957
-0.0108813326560642	-0.364488779607872	0.0320838236152439	0.413806176198085
-0.00461514377896011	-0.335652187148276	0.0526824776287434	0.434993693475372
0.00165104509814373	-0.346280154102288	0.0557216584187327	0.458149748507146
0.00791723397524757	-0.307878053672508	0.0667842594714921	0.457943401842487
0.0141834228523516	-0.305423084805032	0.0795637455467224	0.464605521592402
0.0204496117294555	-0.298417665969587	0.0951858498883	0.473936164056823
0.0267158006065595	-0.297657539117875	0.088913720216656	0.495786311015905
0.0329819894836634	-0.273957793282522	0.106389163380412	0.505971817577045
0.0392481783607672	-0.257262195520717	0.12614127270469	0.508973700378817
0.0455143672378713	-0.237098964098664	0.147716905111582	0.517915380383887
0.0517805561149751	-0.230219785366997	0.149851563330637	0.51421864234053
0.058046744992079	-0.218873542994837	0.160205246298174	0.547680983313669
0.064312933869183	-0.231056401555003	0.172283316599086	0.565658445696659
0.0705791227462869	-0.196222685008136	0.185004367098824	0.578406420716599
0.0768453116233907	-0.206676461594885	0.198952027818997	0.578920954308407
0.0831115005004948	-0.191769909378002	0.205456518731046	0.594712957904019
0.0893776893775986	-0.175931108130897	0.211738343266815	0.613352178301868
0.0956438782547027	-0.16140395109134	0.23292215142348	0.613935421727957
0.101910067131807	-0.145886079947291	0.244605229160802	0.622218214759291
0.10817625600891	-0.116133931946599	0.263801069281751	0.638531268102645
0.114442444886014	-0.1264943076523	0.277454789772494	0.667269719030166
0.120708633763118	-0.114933670657124	0.29148571893807	0.662637614832338
0.126974822640222	-0.0844538476325289	0.284596208013514	0.689467401756946
0.133241011517326	-0.080654542441518	0.297354947449037	0.685582760993339
0.13950720039443	-0.101048503115527	0.315159236149671	0.677427562928704
0.145773389271534	-0.050536547468053	0.33879535516355	0.725687883515928
0.152039578148638	-0.0382601732444893	0.348001629949416	0.737974421985081
0.158305767025742	-0.0359621105643651	0.354809540810411	0.722872769468205
0.164571955902846	0.00418734269541242	0.370256359914504	0.765146678006042
0.17083814477995	-0.0131669689617439	0.370904186251137	0.746581612158362
0.177104333657053	0.0118123880949922	0.396556899222978	0.765832086622888
0.183370522534157	0.0200200216891886	0.40646291598652	0.76683283293535
0.189636711411262	0.04046564350097	0.405353767028456	0.800643831055685
0.195902900288365	0.0380884990932127	0.417965376920353	0.81588301752313
0.202169089165469	0.0433146802949244	0.433528261553898	0.803215116901654
0.208435278042573	0.0724472297350068	0.446670823165052	0.820149255050495
0.214701466919677	0.0742870334779841	0.467496161890135	0.849880246035548
0.220967655796781	0.080319538331036	0.46659019028316	0.856159940940064
0.227233844673885	0.0893154247137519	0.481182107692218	0.873527362874718
0.233500033550989	0.129680750872607	0.500902922554594	0.867092020582804
0.239766222428093	0.146412554377564	0.517189489852468	0.89368795210731
0.246032411305197	0.133574832618703	0.524485132058674	0.899196359542353
0.2522986001823	0.161198288605115	0.542742742415851	0.938986981629073
0.258564789059405	0.165646788544255	0.546259338894068	0.92490385563559
0.264830977936509	0.156854064922503	0.556094659803365	0.964485333316483
0.271097166813612	0.179973974683096	0.555266068757276	0.913632881053613
0.277363355690716	0.205344972647947	0.575974345426298	0.979307062411343
0.28362954456782	0.1971673663518	0.599151788589656	0.982698042339325
0.289895733444924	0.218390015474598	0.605731927358931	0.998586485648173
0.296161922322028	0.238863097178248	0.615861506067356	0.992541190322577
0.302428111199132	0.253076506024574	0.638214534326741	1.00980876508941
0.308694300076236	0.241572779353124	0.642856983874009	1.05379206838819
0.31496048895334	0.265246401199173	0.667327359211345	1.05120284181132
0.321226677830444	0.282105128676056	0.666589645203298	1.06529796853273
0.327492866707548	0.295150985930214	0.6847852463377	1.06368650081308
0.333759055584652	0.309939204696535	0.682022789729687	1.07677219085232
0.340025244461756	0.308380413960019	0.693078903684772	1.09020598646147
0.346291433338859	0.338750285951771	0.707681504759464	1.11439849437219
0.352557622215964	0.345368855246681	0.720466482900704	1.10172925399552
0.358823811093067	0.348324348487527	0.740607324686031	1.12567319213652
0.365089999970171	0.382199230951517	0.753877510587092	1.14547017412274
0.371356188847275	0.383662245174389	0.760002083828945	1.15750994631053
0.377622377724379	0.400742641007947	0.777298116917512	1.16938487524521
0.383888566601483	0.421718347987865	0.795486581807968	1.1663739800776
0.390154755478587	0.435732642960568	0.792694396347445	1.15522190662308
0.396420944355691	0.419450621562871	0.807777768603811	1.22038483747282
0.402687133232795	0.429083807666563	0.823409151348052	1.1988068782141
0.408953322109899	0.453607451228914	0.843186749592367	1.21605212132432
0.415219510987002	0.465824959351811	0.84141397076854	1.23209605761756
0.421485699864107	0.499432050685934	0.866561592501321	1.24018956445346
0.427751888741211	0.487981555436946	0.865824340418735	1.23406513579815
0.434018077618314	0.502478087167381	0.880169398834433	1.27279459516548
0.440284266495418	0.499108380510953	0.88543521105933	1.26645188629193
0.446550455372522	0.504887668441079	0.903363904664321	1.28614600743795
0.452816644249626	0.537041565711517	0.91674222225621	1.29323248926888
0.45908283312673	0.546205514153074	0.921845442407186	1.33014092295768
0.465349022003834	0.544991349159608	0.937372070417392	1.33916496310813
0.471615210880938	0.578782444434295	0.964335044508823	1.35301889745927
0.477881399758042	0.585862909131438	0.970098182908962	1.34484184856075
0.484147588635146	0.577241897303395	0.967668725520951	1.35780033284307
0.49041377751225	0.623610270191652	0.997932893884177	1.37484331656261
0.496679966389354	0.6291207519207	0.99583488903563	1.38890340194165
0.502946155266458	0.638948722698186	1.01538257386808	1.40849258418223
0.509212344143561	0.665442452491311	1.02800297972259	1.41878597422041
0.515478533020665	0.673221533346263	1.0396825129427	1.4175600362525
0.52174472189777	0.675160224319102	1.05662794399351	1.42850056069599
0.528010910774873	0.685480917938748	1.05849996116561	1.43747547527398
0.534277099651977	0.70156369209209	1.07952438609296	1.46679958601228
0.540543288529081	0.670498956065152	1.08270592926355	1.44669449576842
0.546809477406185	0.697126897115355	1.09985804980111	1.48016743244884
0.553075666283289	0.742013230674519	1.10687455722315	1.48266365369941
0.559341855160393	0.737985713950022	1.13075975650847	1.50314042728356
0.565608044037497	0.754143275461005	1.13437431174893	1.52450770614592
0.571874232914601	0.767494017750528	1.14621995013298	1.51382121975638
0.578140421791705	0.771990272729333	1.16816311976042	1.55934552835058
0.584406610668808	0.783616541445213	1.17259762290551	1.54347966635868
0.590672799545913	0.777506092262427	1.18165490433411	1.58055965383851
0.596938988423017	0.813143466992168	1.19124388274268	1.57821259066234
0.60320517730012	0.829027409088361	1.21193381387563	1.58346395835637
0.609471366177224	0.80859526755199	1.21855309432416	1.60505122570519
0.615737555054328	0.843323588637247	1.22631121916684	1.62311132390337
0.622003743931432	0.83711462073175	1.23752763352778	1.62035039458693
0.628269932808536	0.851783976980433	1.25425590872286	1.64284015135626
0.63453612168564	0.877298410653718	1.25866224086814	1.64778629495324
0.640802310562744	0.905216625163534	1.27170383552112	1.65557232399242
0.647068499439848	0.902933355546353	1.29746299553769	1.66596253964926
0.653334688316952	0.929293395877742	1.30143603722915	1.6931932272685
0.659600877194056	0.929611536889599	1.30965144065066	1.68932196388438
0.66586706607116	0.93792307440382	1.32066946536008	1.70812322756617
0.672133254948263	0.971864380147732	1.34002987469511	1.72301868651688
0.678399443825367	0.952800147248426	1.34663812587949	1.72876582269422
0.684665632702471	0.96984406917754	1.36236322176714	1.77544605600391
0.690931821579575	0.995657617553722	1.37004803370665	1.74698031207977
0.697198010456679	1.00139291134721	1.37962917800045	1.75885925036118
0.703464199333783	1.04343587589352	1.39300815998586	1.77249092178676
0.709730388210887	1.01249025513222	1.4004863974	1.77856782766749
0.715996577087991	1.03669280637415	1.41809559944016	1.82041479284082
0.722262765965095	1.06471927109373	1.42677802691659	1.82829550305893
0.728528954842199	1.05781773078887	1.44928178390377	1.82622409596144
0.734795143719303	1.08973634721444	1.46054943537437	1.84577919799554
0.741061332596407	1.0894069547306	1.4755859818396	1.84329716243701
0.74732752147351	1.08929264699932	1.47805238758076	1.86583298283818
0.753593710350615	1.11592072014421	1.49420100712212	1.86917715841099
0.759859899227719	1.12711412201775	1.50111848340279	1.89129492690749
0.766126088104822	1.14628057729823	1.51860673067806	1.90298274532237
0.772392276981926	1.14626615572311	1.52994876282408	1.90694848198403
0.77865846585903	1.16219570009723	1.54799643212317	1.92029523533795
0.784924654736134	1.16229415866055	1.55856824857621	1.93987056945382
0.791190843613238	1.19200400379211	1.57211739828748	1.94815922411795
0.797457032490342	1.19032859023509	1.57716164370847	1.954045041772
0.803723221367446	1.19257117399554	1.592712433317	1.97402457130672
0.80998941024455	1.22503578746993	1.59414197063444	1.98942291837279
0.816255599121654	1.19952486150425	1.61324946670455	2.00374208129089
0.822521787998758	1.2618202351252	1.62280985561	2.01479617283293
0.828787976875862	1.24647834499308	1.64425210145856	2.00909246603226
0.835054165752966	1.25942027649672	1.65988164445467	2.03990884927703
0.841320354630069	1.26191790041519	1.65469578654294	2.04090323328872
0.847586543507173	1.29606039929928	1.66642555577633	2.06676449358795
0.853852732384277	1.30304339574172	1.67671030534178	2.07555411087547
0.860118921261381	1.31415340827597	1.69701249247978	2.08713928445739
0.866385110138485	1.31104117148773	1.70383446516033	2.09811288832339
0.872651299015589	1.35220657240283	1.72200686475845	2.09269148064926
0.878917487892693	1.34636892816677	1.73071753227599	2.12526441791756
0.885183676769797	1.36105995126514	1.7501975496712	2.1436902105097
0.891449865646901	1.36754160017178	1.75434677920969	2.12897399290577
0.897716054524005	1.40391828568984	1.77011073823792	2.16103516653875
0.903982243401109	1.38216092521874	1.78272519311702	2.16675429183536
0.910248432278213	1.39247639002387	1.79253687659624	2.13919678280726
0.916514621155316	1.42582996836639	1.80451323305912	2.18787081365093
0.922780810032421	1.4317928464549	1.81735705887775	2.19791983905848
0.929046998909524	1.43216521250806	1.83375399582934	2.20626513845083
0.935313187786628	1.46703193880284	1.83973263909332	2.20818888993335
0.941579376663732	1.44883261565899	1.8513883891622	2.24672620245465
0.947845565540836	1.47367496110751	1.86033097079889	2.24353642703678
0.95411175441794	1.4896725513063	1.87670445853316	2.25497839591053
0.960377943295044	1.50640871770351	1.89735610785657	2.26754399390316
0.966644132172148	1.54567882635647	1.88906059483387	2.2722434015764
0.972910321049252	1.51987101001326	1.91142356400905	2.28717811064503
0.979176509926356	1.54907037513698	1.91946176990713	2.29124478947071
0.98544269880346	1.54235815068112	1.94444065398336	2.32552093775506
0.991708887680564	1.55722503700312	1.94697284417839	2.33612118824154
0.997975076557668	1.58626799769472	1.96359916634329	2.33607735417442
1.00424126543477	1.60739631872853	1.9748075253252	2.36212951727305
1.01050745431188	1.60775050201777	1.9790828073854	2.3695961282399
1.01677364318898	1.59947685016175	1.99492527958296	2.39200577194867
1.02303983206608	1.6233915406793	2.01521422281769	2.40802834428985
1.02930602094319	1.64550972034749	2.01057206355629	2.38745993332579
1.03557220982029	1.64381266742562	2.02943577551937	2.42875262915611
1.04183839869739	1.66685448824442	2.03850310327901	2.42830866436843
1.0481045875745	1.67344145229232	2.04726554616887	2.42025118405601
1.0543707764516	1.663930636688	2.05752553175489	2.45979012030556
1.06063696532871	1.72435557332546	2.08430136785495	2.46686592441564
1.06690315420581	1.72516829880932	2.08864555567076	2.47164033310195
1.07316934308291	1.73470053709723	2.10468906311352	2.49320357813779
1.07943553196002	1.7361653805794	2.11757331987128	2.50308800935334
1.08570172083712	1.75821158929878	2.13549369107673	2.50702873753016
1.09196790971423	1.7656500301142	2.13566959704849	2.52830761911367
1.09823409859133	1.76014544520792	2.15370834600947	2.52522821781548
1.10450028746843	1.79857205625453	2.16987631311482	2.55299114109301
1.11076647634554	1.77939241435177	2.17755975162346	2.55471113216332
1.11703266522264	1.77831771269135	2.19356277309273	2.55657798939352
1.12329885409975	1.82679336666424	2.19823986116546	2.57623922197692
1.12956504297685	1.82386919013976	2.21625767522392	2.5838952930325
1.13583123185395	1.83498913272522	2.22349208504473	2.61685342607998
1.14209742073106	1.84882164977709	2.22578618193226	2.59836460018501
1.14836360960816	1.84870356436465	2.24860063649344	2.6155683582323
1.15462979848527	1.88421732049627	2.2665125217053	2.64812688870571
1.16089598736237	1.90979734760191	2.2783167539653	2.65782068032988
1.16716217623947	1.91115452613234	2.280028537131	2.65810762119635
1.17342836511658	1.88353950731932	2.29573051915254	2.68985577140511
1.17969455399368	1.92192073410392	2.32084462614759	2.68471047857923
1.18596074287079	1.93066891160465	2.3276478894861	2.72219551293203
1.19222693174789	1.92979361176666	2.33046753706182	2.72106394944947
1.19849312062499	1.9905501699048	2.34750534396011	2.71052806604068
1.2047593095021	1.96978348754261	2.36488460374247	2.74454778830391
1.2110254983792	2.00013247078789	2.37389823014933	2.73332909230218
1.2172916872563	2.00017373384312	2.38270657153002	2.74111056387046
1.22355787613341	2.01424992370812	2.39723198357367	2.77423535052639
1.22982406501051	2.01609575322866	2.40705710371169	2.78824015933931
1.23609025388762	2.01561957805138	2.40979475955037	2.79486596336192
1.24235644276472	2.0481261120268	2.43128155583728	2.81907045851291
1.24862263164182	2.05277697341095	2.44180991093818	2.81740258478042
1.25488882051893	2.07707489801935	2.45276055140291	2.8429551667083
1.26115500939603	2.06752284179014	2.46194482126752	2.85430698887376
1.26742119827314	2.0991892017231	2.47515430162651	2.85520782931954
1.27368738715024	2.10395126206599	2.49429556171631	2.88863808174528
1.27995357602734	2.10980946775031	2.49447557486762	2.89961486921308
1.28621976490445	2.13909436931734	2.50883830355306	2.90331337180513
1.29248595378155	2.15523362344991	2.52402027467622	2.89301090276198
1.29875214265866	2.15468550204407	2.53765687259358	2.9135047206257
1.30501833153576	2.17479180247094	2.54668801120036	2.92396068979006
1.31128452041286	2.18345500140093	2.56416110937395	2.9491093855868
1.31755070928997	2.16944609935011	2.56124757382156	2.96337990153099
1.32381689816707	2.18254151306052	2.59032478546805	2.97635586357265
1.33008308704418	2.22201917679544	2.58850150928111	2.99102913473179
1.33634927592128	2.23693114643906	2.61443879502981	2.9918650954495
1.34261546479838	2.22383011523241	2.61399686294929	3.01144145124056
1.34888165367549	2.25941444453137	2.64098173395251	3.00593013991512
1.35514784255259	2.25069463774099	2.64447890621008	3.02950817134454
1.3614140314297	2.27877845511034	2.65717216426468	3.04071490787526
1.3676802203068	2.28914358003688	2.6712431837932	3.03769152076072
1.3739464091839	2.30272641270728	2.69149542797061	3.09089938474131
1.38021259806101	2.30934570656787	2.68926910762066	3.06020729012279
1.38647878693811	2.32916898666162	2.69976244252975	3.085238084783
1.39274497581521	2.31202174661384	2.72544333235437	3.08882328851032
1.39901116469232	2.34162048362497	2.71982447283357	3.09792432023857
1.40527735356942	2.34894714312541	2.73440416008413	3.11694880122609
1.41154354244653	2.36850378930225	2.74574914128979	3.12048631059874
1.41780973132363	2.38693010095907	2.76488154056054	3.14295958827846
1.42407592020073	2.3824183481492	2.7714705920491	3.14314904414043
1.43034210907784	2.41021021892749	2.78172999001946	3.17050179654348
1.43660829795494	2.40850081568729	2.79996181382635	3.18253141656935
1.44287448683205	2.43338299153775	2.82438133509824	3.20306839601153
1.44914067570915	2.45167595271893	2.82876931034151	3.20303948792897
1.45540686458625	2.4456154123791	2.83517306449757	3.21774508144415
1.46167305346336	2.4698199844539	2.85181299339552	3.23987982565612
1.46793924234046	2.4465593373082	2.85617780350722	3.23837567380136
1.47420543121757	2.49381541608285	2.87290504794228	3.24480412059713
1.48047162009467	2.50678857819315	2.89343493975945	3.28238012529615
1.48673780897177	2.51765051530577	2.89340669228361	3.28601604072593
1.49300399784888	2.51336894701014	2.90605673611956	3.27082081638829
1.49927018672598	2.52893093604606	2.92382925261885	3.31049586373704
1.50553637560309	2.55947498072486	2.92647989999708	3.32755696543974
1.51180256448019	2.56892117240108	2.94006834884237	3.34072727767178
1.51806875335729	2.57545210089864	2.96683492594736	3.33615773654588
1.5243349422344	2.59301988520087	2.96599612751733	3.33260366064095
1.5306011311115	2.59145187625785	2.97749945692761	3.35002207622
1.5368673199886	2.59086833872855	2.98383706388181	3.38030821352401
1.54313350886571	2.62762724892023	3.00085165370994	3.37994564139624
1.54939969774281	2.62973231514321	3.00988581285549	3.41350030538579
1.55566588661992	2.64249449527952	3.03478482031937	3.42699622430219
1.56193207549702	2.6408680500715	3.03736333903782	3.44070396038878
1.56819826437412	2.65650844923862	3.04135239346622	3.41502817507031
1.57446445325123	2.6682687858492	3.05299731777134	3.44138543158447
1.58073064212833	2.69548754032304	3.07131971139121	3.44621806464965
1.58699683100544	2.68741067901754	3.0910814271613	3.47205922955584
1.59326301988254	2.72066157572611	3.10023882721138	3.4875463100961
1.59952920875964	2.71419346799128	3.10982021010894	3.4836596370237
1.60579539763675	2.73116029664334	3.11517355460949	3.51509780168395
1.61206158651385	2.75497891286616	3.12442595694367	3.51103288136625
1.61832777539096	2.76416625140327	3.15601792684838	3.52845535050794
1.62459396426806	2.77502669592846	3.15507953425775	3.54772327481001
1.63086015314516	2.78207357199977	3.16974655183356	3.5419425317444
1.63712634202227	2.79876760590053	3.18461019543436	3.54587054056263
1.64339253089937	2.81170641863649	3.18987739189546	3.56733317125839
1.64965871977648	2.82782970037703	3.2081946080775	3.5903307826034
1.65592490865358	2.85021009110987	3.21395623494566	3.59636799764244
1.66219109753068	2.86652054637454	3.22413942699285	3.62116966512327
1.66845728640779	2.85525969109784	3.23690539034625	3.61558052112179
1.67472347528489	2.85311039553074	3.24737230236762	3.61325445757909
1.680989664162	2.89103690552796	3.2669189863964	3.63841181228817
1.6872558530391	2.90593447664561	3.27785934405465	3.65529499173921
1.6935220419162	2.89897073703843	3.28977994243555	3.68101539260875
1.69978823079331	2.91235229476686	3.30185941915981	3.67971492310803
1.70605441967041	2.92358299094264	3.30959231000846	3.69389246390879
1.71232060854751	2.95960975827237	3.32825611175737	3.70831075446859
1.71858679742462	2.9657156660648	3.34406490425024	3.71849125215571
1.72485298630172	2.95775733183747	3.34555572969247	3.73027263928819
1.73111917517883	2.94880286282583	3.36327981468846	3.75406872304393
1.73738536405593	3.01605329390528	3.38709481823213	3.75857213003666
1.74365155293303	3.00714266894912	3.38952894196822	3.78607263700202
1.74991774181014	3.02825268453985	3.39353752174244	3.77673975473103
1.75618393068724	3.03638108516246	3.41329182374606	3.78153956246714
1.76245011956435	3.03459263939	3.4301457578991	3.78986199933922
1.76871630844145	3.0496299753617	3.42933280021452	3.83400180129604
1.77498249731855	3.06647865104684	3.45163743839943	3.83081268680322
1.78124868619566	3.0760607625538	3.46161923953549	3.84877293777966
1.78751487507276	3.10341667063548	3.4705629294813	3.8497179257236
1.79378106394987	3.10408783835392	3.49164290226443	3.86097219376156
1.80004725282697	3.13107500469299	3.49656073620393	3.89293965975256
1.80631344170407	3.13082385128418	3.51432736212169	3.90922827534346
1.81257963058118	3.14328961763209	3.51533545645274	3.92760457519328
1.81884581945828	3.16686498615489	3.52493808615698	3.92189450239764
1.82511200833539	3.1702360959627	3.54004764459399	3.93066606050588
1.83137819721249	3.149282242078	3.55155614284691	3.95897538078052
1.83764438608959	3.20942628164955	3.56784741594204	3.94917983850847
1.8439105749667	3.18303551471252	3.58112962764579	3.95404736273643
1.8501767638438	3.21082983108854	3.59046568151959	3.99814429879502
1.8564429527209	3.20052191401548	3.6107093221934	3.98214912037622
1.86270914159801	3.23571014834368	3.61778409866886	4.00035217765271
1.86897533047511	3.25215940354007	3.62341458107617	4.03249940600352
1.87524151935222	3.25002755854091	3.64201120378893	4.03440693346051
1.88150770822932	3.27230733863728	3.64423605676003	4.0523530137589
1.88777389710642	3.2858112210576	3.66469318251738	4.04371082390911
1.89404008598353	3.27249677332256	3.67240274435236	4.07464475277585
1.90030627486063	3.29900307405636	3.68239767203659	4.08039026562571
1.90657246373774	3.31496136835241	3.71120656196243	4.08684400242555
1.91283865261484	3.33112468244692	3.70872703862742	4.07263775066872
1.91910484149194	3.29332389399944	3.72265182414999	4.11207119296451
1.92537103036905	3.35536317913227	3.73086264188714	4.11715139831182
1.93163721924615	3.36413948322951	3.7368943976929	4.14059318854353
1.93790340812326	3.37764836955818	3.75415206281585	4.16049637911947
1.94416959700036	3.36694068666019	3.76813035102711	4.14718473348308
1.95043578587746	3.41272758265313	3.78229924056637	4.17068367412626
1.95670197475457	3.40018069088627	3.7993937084441	4.19232972230589
1.96296816363167	3.41026710923169	3.80663509693965	4.19075228412055
1.96923435250878	3.42959015956018	3.82343542466179	4.19444498702307
1.97550054138588	3.4408845565722	3.82978662068963	4.22365374275045
1.98176673026298	3.45598167814689	3.83816688288516	4.2327658884005
1.98803291914009	3.4636476925138	3.85551835193996	4.23169188235952
1.99429910801719	3.46078462661562	3.85785589632013	4.25706945726349
2.0005652968943	3.49622918940177	3.89054284373846	4.25400053887253
2.0068314857714	3.49664643269316	3.88959898400377	4.28775053538932
2.0130976746485	3.5030958371217	3.90064712229135	4.28715063516656
2.01936386352561	3.52149676072254	3.91370576254492	4.30400376667315
2.02563005240271	3.54944714543769	3.92621958763594	4.30196825613693
2.03189624127981	3.55291184640938	3.93732094968272	4.31278423923825
2.03816243015692	3.58934717075899	3.96199832677845	4.35266493168507
2.04442861903402	3.57693993325941	3.96511666773951	4.37388602677299
2.05069480791113	3.59371276021642	3.97017019145205	4.37268334810471
2.05696099678823	3.621084239119	3.99157428549624	4.36091348042669
2.06322718566533	3.63569917582247	4.00046577126841	4.39690227254004
2.06949337454244	3.6243629752377	4.02261536879657	4.3994630370651
2.07575956341954	3.65866060132581	4.02525899639092	4.41621110953666
2.08202575229665	3.64728269647346	4.0304953976417	4.45089206613999
2.08829194117375	3.66224470218113	4.04673438415912	4.41554978057854
2.09455813005085	3.6711593612033	4.05896537558282	4.45246915136051
2.10082431892796	3.68509805316822	4.06156774481131	4.45221708273493
2.10709050780506	3.69730468242343	4.08523305777948	4.45515077965318
2.11335669668217	3.69606444911733	4.09547152174159	4.45818307660005
2.11962288555927	3.72669422966682	4.11283558315399	4.50552021483201
2.12588907443637	3.72779557337344	4.10910338841299	4.49286453687821
2.13215526331348	3.74225341482526	4.12887940280823	4.4970489000303
2.13842145219058	3.76602813617051	4.15192066845894	4.5263114121361
2.14468764106769	3.76210758686454	4.15729066712015	4.54947243286079
2.15095382994479	3.78495518591551	4.15724971364668	4.55169196706669
2.15722001882189	3.78580315846989	4.17533749376586	4.55458975842092
2.163486207699	3.80287198442028	4.18181720634797	4.59695995183465
2.1697523965761	3.80328083794042	4.19821447743265	4.58575966321251
2.17601858545321	3.82268413217513	4.21606758751982	4.59149810849161
2.18228477433031	3.84128162001968	4.23141819372578	4.60721513224349
2.18855096320741	3.8482406022148	4.23520878485556	4.61784184362668
2.19481715208452	3.86113191800358	4.24590781808915	4.62907068906851
2.20108334096162	3.87580823297811	4.26012627840256	4.68144760422747
2.20734952983873	3.87952635593191	4.27187869531159	4.64298693578648
2.21361571871583	3.89867331420656	4.29197104780641	4.67179660294355
2.21988190759293	3.89782074500834	4.29319690742913	4.67277857191335
2.22614809647004	3.91890733929357	4.31454747093565	4.69743700102398
2.23241428534714	3.93118913418701	4.3108865408883	4.70595477790717
2.23868047422424	3.94393935728293	4.32669922747741	4.71477563411934
2.24494666310135	3.96594789710641	4.35469507378095	4.73752454185491
2.25121285197845	3.97913816952386	4.35925355297688	4.73224127692669
2.25747904085556	3.97029278493288	4.37060707423405	4.77389359709092
2.26374522973266	3.99047926975704	4.37872910167714	4.75527537630546
2.27001141860976	4.00926139476624	4.38809866446541	4.78721535527936
2.27627760748687	4.01874209215103	4.40030749313748	4.77664641165796
2.28254379636397	4.0382460994795	4.417939036968	4.78968190578829
2.28880998524108	4.04198677255129	4.42803540061306	4.79307344818284
2.29507617411818	4.04594147902748	4.43362055298606	4.84124069648097
2.30134236299528	4.07216380531549	4.44783315987215	4.85093061380152
2.30760855187239	4.06151528962194	4.46296044185378	4.84008757462672
2.31387474074949	4.08539817876583	4.47547169790739	4.89324727124351
2.3201409296266	4.11006903066543	4.48089223591506	4.85961450627318
2.3264071185037	4.1026943482462	4.49992845050743	4.85523976417851
2.3326733073808	4.10550068226652	4.50683916412884	4.90383417833072
2.33893949625791	4.1399012100176	4.53573512824825	4.90131332827501
2.34520568513501	4.14420922391859	4.5309363590517	4.90684271465032
2.35147187401211	4.15698082751542	4.54565121232155	4.92624752766816
2.35773806288922	4.19996496276965	4.55671132886485	4.9363463739281
2.36400425176632	4.17682255390454	4.57003079457154	4.96706650422496
2.37027044064343	4.19494791101952	4.58510407104366	4.98389461958585
2.37653662952053	4.2212407307201	4.60217170118399	4.9844519914648
2.38280281839763	4.21437943219544	4.59648474081478	4.98615884766496
2.38906900727474	4.22304807242954	4.6177065665094	5.01609464276678
2.39533519615184	4.23174946909627	4.63320935120007	5.00971350997898
2.40160138502895	4.25785536379637	4.64249972233313	5.03466299975033
2.40786757390605	4.2673735040262	4.64419094783368	5.03824640684121
2.41413376278315	4.29162135993218	4.66919456414947	5.06516945756138
2.42039995166026	4.29585416764276	4.67689119987218	5.08301227644844
2.42666614053736	4.30381936093202	4.69273101822516	5.08663374855262
2.43293232941447	4.33460462323702	4.70587981675833	5.08228345378226
2.43919851829157	4.30590234461024	4.71674725505945	5.11086807805043
2.44546470716867	4.35892449123617	4.72127960340267	5.12673520664874
2.45173089604578	4.35448368091925	4.74255748166492	5.13192845581714
2.45799708492288	4.35756495722354	4.74723120641147	5.14411870700783
2.46426327379999	4.37880332844952	4.77126149528395	5.16953026700165
2.47052946267709	4.38388893605131	4.78311887749036	5.1637484141281
2.47679565155419	4.37299488567152	4.78869342490329	5.18907885036653
2.4830618404313	4.41752359947651	4.80933438029852	5.19537606331705
2.4893280293084	4.41560150166093	4.80463299010754	5.22729052865952
2.49559421818551	4.42264101545812	4.81660699835539	5.19165740577045
2.50186040706261	4.45282788557912	4.83913880494052	5.22859648938975
2.50812659593971	4.44917233026571	4.84904842510859	5.23820346153823
2.51439278481682	4.47158471845949	4.86166236608691	5.22700595458448
2.52065897369392	4.50257712649983	4.87479759969039	5.27141613237536
2.52692516257102	4.49890912389835	4.88102233160244	5.27321282706015
2.53319135144813	4.52489573679322	4.89753805722765	5.29158036973854
2.53945754032523	4.50752330013938	4.91564149643022	5.29026256417465
2.54572372920234	4.5381458595029	4.90648945914224	5.30103002855507
2.55198991807944	4.54851406804148	4.93650663012473	5.33236244299324
2.55825610695654	4.55132137782146	4.93811913806946	5.34085381065764
2.56452229583365	4.57590743804809	4.96282817175395	5.35441156078952
2.57078848471075	4.58401219327754	4.98005976436789	5.37191589527993
2.57705467358786	4.5870503724766	4.97497452632428	5.37178422167848
2.58332086246496	4.62184747888154	4.99062008020442	5.37325955664649
2.58958705134206	4.59995967644395	5.00169832186162	5.39236380138134
2.59585324021917	4.62719455188206	5.01755971713305	5.41540339753566
2.60211942909627	4.63122311514035	5.02322464324217	5.40449225824089
2.60838561797338	4.63918456840766	5.02759889230493	5.43709990306606
2.61465180685048	4.64168306671727	5.05223559728346	5.47194952305057
2.62091799572758	4.66307526477153	5.06208849833945	5.4532407877518
2.62718418460469	4.68089878870006	5.07462018482119	5.47607752438914
2.63345037348179	4.70871465653181	5.09021213836385	5.48027117251629
2.6397165623589	4.701298887822	5.09099096116935	5.50898664243985
2.645982751236	4.73556429057193	5.10818157779729	5.5155943375813
2.6522489401131	4.73294227573689	5.12209581988939	5.50724879137987
2.65851512899021	4.74267027173535	5.1313321878457	5.53625607321279
2.66478131786731	4.76339314637532	5.14354762479252	5.53589366795041
2.67104750674441	4.77469585866894	5.15137720361812	5.55077115362418
2.67731369562152	4.77289652512399	5.16820320747589	5.54876212689051
2.68357988449862	4.80222822498039	5.19175051815555	5.58111903636133
2.68984607337573	4.79865479884528	5.19914370432433	5.60594264087197
2.69611226225283	4.81244758188055	5.20408068481974	5.60506570422518
2.70237845112993	4.84531754265925	5.22683726122811	5.61463379610126
2.70864464000704	4.83061902802471	5.24078771067887	5.6353327021434
2.71491082888414	4.86602405930872	5.23564612805914	5.64779503655136
2.72117701776125	4.8570699637434	5.26246917809955	5.65502325856352
2.72744320663835	4.88109085052219	5.27312437285736	5.6495251385399
2.73370939551545	4.88647550862801	5.28042092390808	5.69441518053649
2.73997558439256	4.88933278481395	5.28723718307712	5.6801643967068
2.74624177326966	4.940132709467	5.29951150999635	5.67499846809013
2.75250796214677	4.93370371943585	5.32198011143569	5.72029011772961
2.75877415102387	4.9470834480237	5.33421779968888	5.69282041647056
2.76504033990097	4.95970923752919	5.34289402422969	5.73092281648056
2.77130652877808	4.95471338563489	5.35197868938048	5.73317606331317
2.77757271765518	4.97817180375911	5.36109067416555	5.73775413204379
2.78383890653229	4.98317350316599	5.3760023853234	5.76811796990834
2.79010509540939	5.01039767016145	5.38854302268245	5.78443186289525
2.79637128428649	4.99446049844037	5.40603996204599	5.80202840225092
2.8026374731636	5.0160856971303	5.41542963380798	5.80306168371157
2.8089036620407	5.03157072674389	5.42536263769709	5.81294724280921
2.8151698509178	5.05296500920109	5.42656166819099	5.80646843497745
2.82143603979491	5.05506468714783	5.4552249568168	5.84134309804083
2.82770222867201	5.07283542802416	5.45636087703274	5.86363335496975
2.83396841754912	5.06233651614545	5.47163244121807	5.86481095375061
2.84023460642622	5.1022945459579	5.48473748044392	5.86028351146999
2.84650079530332	5.10771145091374	5.48459574880363	5.8843316119155
2.85276698418043	5.12139238792531	5.49644131992827	5.90271132204225
2.85903317305753	5.1205458224586	5.52431324433217	5.93351941709919
2.86529936193464	5.14155398144885	5.53540108047974	5.92447059548171
2.87156555081174	5.16494401801448	5.54220966884252	5.9334839502874
2.87783173968884	5.15553799116475	5.55458343590608	5.93744801454064
2.88409792856595	5.17356008163018	5.56074599775476	5.94986713794165
2.89036411744305	5.17963204224467	5.56922467349706	5.97686394859511
2.89663030632016	5.205632648959	5.5883461683862	5.98526303583622
2.90289649519726	5.2231482298914	5.59926404027606	5.98556739492946
2.90916268407436	5.2336895573202	5.61895507790056	5.99685979726749
2.91542887295147	5.25120952562286	5.62905247573449	6.00697875510044
2.92169506182857	5.26635054519084	5.63956257287308	6.02539629476603
2.92796125070568	5.26311270501817	5.6465050556716	6.04766268024099
2.93422743958278	5.2808893065204	5.66598954607805	6.05669939631565
2.94049362845988	5.29279847268779	5.67399546730436	6.06770277728103
2.94675981733699	5.29058710747997	5.67990166260845	6.07684805429875
2.95302600621409	5.29592588368771	5.70294504117507	6.09221934603115
2.9592921950912	5.29462094192624	5.71171794995107	6.09947330411883
2.9655583839683	5.34067735015186	5.72888956960058	6.11657237449961
2.9718245728454	5.3448956226155	5.74486047917424	6.15383217366731
2.97809076172251	5.35970000122397	5.74612953583393	6.12617289679457
2.98435695059961	5.36086125161162	5.76763064448727	6.15172032966943
2.99062313947672	5.3807523959399	5.76404637515179	6.16175600167012
2.99688932835382	5.38928589091382	5.78197282960616	6.16695926837458
3.00315551723092	5.41500225868929	5.80804184726464	6.17480447166989
3.00942170610803	5.42379294191935	5.8076733042223	6.1906953150842
3.01568789498513	5.44307225533968	5.82353693639019	6.22076313564319
3.02195408386223	5.43181733123725	5.83338254753621	6.24438413658499
3.02822027273934	5.45346555136174	5.83887756192067	6.23040735101773
3.03448646161644	5.46865623814784	5.85254116432468	6.25265612893497
3.04075265049355	5.45376570118562	5.86242893842729	6.24653681928648
3.04701883937065	5.45779982071681	5.87531575865336	6.29526936883635
3.05328502824775	5.48978270336386	5.89219337114395	6.28062360778588
3.05955121712486	5.52349481166717	5.90368060432763	6.29944890996084
3.06581740600196	5.51424846486592	5.91112042525348	6.31280767852971
3.07208359487907	5.51122387138888	5.92993007966643	6.3338833742243
3.07834978375617	5.53488369378171	5.94152109946538	6.34059575627511
3.08461597263327	5.55798733063735	5.94740254777275	6.3562769553439
3.09088216151038	5.53770689986619	5.96193548736043	6.35993091033181
3.09714835038748	5.57176159126301	5.97338440091917	6.38525289456067
3.10341453926459	5.58133655630844	5.98878266171404	6.38041761999469
3.10968072814169	5.61232413601098	6.00918938884014	6.39155557308628
3.11594691701879	5.63014749337098	6.00900059856671	6.39758779855732
3.1222131058959	5.61551461733972	6.02010640470792	6.43791442771536
3.128479294773	5.63163778548587	6.0265302749312	6.42346878313919
3.1347454836501	5.6329819754894	6.05210410844676	6.45199093965205
3.14101167252721	5.68759503335708	6.05287165878968	6.46063730908478
3.14727786140431	5.67653702436985	6.08613195699478	6.46927337545747
3.15354405028142	5.69341729412795	6.08376485338512	6.51884230959256
3.15981023915852	5.70863388841081	6.09284602762397	6.50659368710137
3.16607642803562	5.70391097431469	6.10888792653794	6.51158080140188
3.17234261691273	5.73061438527311	6.12897169011538	6.51009646323156
3.17860880578983	5.75444095474715	6.12272337018366	6.5260918480993
3.18487499466694	5.73866025572795	6.15146243830543	6.52630081344782
3.19114118354404	5.74208090395286	6.16397184764909	6.54426069478321
3.19740737242114	5.78795617436587	6.16562916753299	6.54558897538839
3.20367356129825	5.77850594479665	6.18049289696975	6.57823439100986
3.20993975017535	5.78538227583302	6.18723921716653	6.61224470403156
3.21620593905246	5.79681608722169	6.20262155906124	6.61680017747004
3.22247212792956	5.8203818402069	6.21675233705945	6.63638963349751
3.22873831680666	5.84973011063824	6.21888987565581	6.63430830887255
3.23500450568377	5.83290227281553	6.24784960782313	6.63604292841435
3.24127069456087	5.86564833707413	6.25408494360665	6.6449988699572
3.24753688343798	5.871323019356	6.25268770340198	6.67445592004453
3.25380307231508	5.85287007969788	6.26772612993775	6.65539545476193
3.26006926119218	5.89629449944552	6.29472683488223	6.67525385031589
3.26633545006929	5.91131005679147	6.30798838127515	6.71350321413765
3.27260163894639	5.93007709703753	6.31695354217286	6.72951629466859
3.2788678278235	5.91927800464248	6.3245403598346	6.7285280612146
3.2851340167006	5.93707010662536	6.33885513142648	6.73215359041278
3.2914002055777	5.9379585227276	6.3460380411436	6.73910076572705
3.29766639445481	5.97589354988713	6.35428317166389	6.75097841631777
3.30393258333191	5.97949732518466	6.36971204554341	6.76301402712837
3.31019877220902	5.99547159660097	6.37788544653529	6.78252322879511
3.31646496108612	6.0004709916429	6.39035808383102	6.80337637690112
3.32273114996322	5.99761140036444	6.40097305380547	6.80937056506335
3.32899733884033	6.01028943635722	6.41560830343903	6.7951105846294
3.33526352771743	6.02409303340247	6.4315161565467	6.83770477229369
3.34152971659453	6.04246557809725	6.441987667642	6.83717635222888
3.34779590547164	6.06598721010513	6.4501276174532	6.86426488511537
3.35406209434874	6.07145628564042	6.46285661324955	6.87332997725514
3.36032828322585	6.08063151766381	6.48469260387478	6.88056499382829
3.36659447210295	6.09411117839706	6.49268456472878	6.90202175300224
3.37286066098005	6.09175093653924	6.50440790365433	6.87720256079756
3.37912684985716	6.11277084419041	6.519394664167	6.92223318152382
3.38539303873426	6.12057125821126	6.52785912136696	6.91560201233942
3.39165922761137	6.1519399716053	6.53854791959038	6.9301272125503
3.39792541648847	6.14438651417298	6.55160074621492	6.96680107194117
3.40419160536557	6.15531358596515	6.55048863837825	6.98628555852508
3.41045779424268	6.13626633692096	6.57808910716629	6.98536811520107
3.41672398311978	6.185362806474	6.58000046661074	7.01877549008614
3.42299017199689	6.19418718752298	6.5885792830537	6.97397112689705
3.42925636087399	6.22729132673515	6.60865265842106	6.99318408909314
3.43552254975109	6.22539876883102	6.62002083980026	7.03494934380884
3.4417887386282	6.21025828097331	6.63330383134741	7.02925534267133
3.4480549275053	6.25794593852434	6.64464877889869	7.05384523163362
3.45432111638241	6.25809857794461	6.65984941561908	7.07586494499546
3.46058730525951	6.26470277295448	6.67184312078253	7.07824322442803
3.46685349413661	6.29719568008798	6.67778537684612	7.07138771686922
3.47311968301372	6.29346545415612	6.6931564624581	7.10257679614531
3.47938587189082	6.31018628035937	6.70045213610428	7.09300084757828
3.48565206076793	6.32390846363556	6.71428016643533	7.13643190107571
3.49191824964503	6.31219301516392	6.73650004864194	7.12880534834436
3.49818443852213	6.34274969259477	6.74690473924333	7.13151102249452
3.50445062739924	6.36483898396397	6.75795026381875	7.15885724140717
3.51071681627634	6.34574486086157	6.76941901017102	7.17677390796854
3.51698300515344	6.36625171545789	6.76565305149693	7.17331671321507
3.52324919403055	6.39045010748606	6.77912685333176	7.18773450190193
3.52951538290765	6.41628499207934	6.80310242273892	7.21381471769089
3.53578157178476	6.3995098973709	6.82126567627066	7.21452134999392
3.54204776066186	6.42370927277233	6.82842794988616	7.2446930564051
3.54831394953896	6.44022218611426	6.83773036124376	7.2432944022148
3.55458013841607	6.44573117873386	6.85805025898965	7.26871135140972
3.56084632729317	6.46583171338937	6.85196253528791	7.25979323083008
3.56711251617028	6.48371040465642	6.88381677421967	7.29372883350762
3.57337870504738	6.48830007224998	6.88646424537326	7.29194097406878
3.57964489392448	6.50505349261214	6.90200192263214	7.30637492900709
3.58591108280159	6.51914007734777	6.91067349280298	7.31476117626903
3.59217727167869	6.53841203656891	6.91493212195324	7.30354822868625
3.5984434605558	6.51640687931103	6.93355713173945	7.33590923712071
3.6047096494329	6.54660390885384	6.947197533055	7.34944640479979
3.61097583831	6.5550384481363	6.95584283992943	7.35046037740368
3.61724202718711	6.58987122442278	6.96805864016438	7.37576081407594
3.62350821606421	6.58890321457736	6.98630380342104	7.37313008586606
3.62977440494131	6.59803359044517	6.99912167148597	7.37461087405486
3.63604059381842	6.59337911479273	6.99706131200687	7.40848018015175
3.64230678269552	6.58496274633911	7.01994960970606	7.41087824093914
3.64857297157263	6.60710762155507	7.02568920483082	7.44487936917738
3.65483916044973	6.63801476747927	7.04111934363224	7.4291254754777
3.66110534932683	6.64832714390456	7.04422438707013	7.44600624504941
3.66737153820394	6.67119793729944	7.06656330928558	7.48624991541075
3.67363772708104	6.67542487463246	7.07076346565039	7.46642714558223
3.67990391595815	6.69508914601824	7.08708319457708	7.48749714799626
3.68617010483525	6.69010467280701	7.1102252575342	7.51664849711854
3.69243629371235	6.72649536499482	7.10878082074792	7.53120245959255
3.69870248258946	6.71838414729347	7.12485296636675	7.50861624317167
3.70496867146656	6.74946191885654	7.14249610442383	7.55025316603852
3.71123486034367	6.74571404292392	7.15724137815515	7.56180193218712
3.71750104922077	6.74503158088012	7.16367024714178	7.56613645341698
3.72376723809787	6.77165486308517	7.18262086336338	7.58437194666307
3.73003342697498	6.81466753587592	7.18927509988048	7.61280537922816
3.73629961585208	6.80269592942024	7.20195704907546	7.6034186947438
3.74256580472919	6.80152733014976	7.21705055594057	7.60563759035122
3.74883199360629	6.80831229314045	7.21880296765992	7.60148224720758
3.75509818248339	6.84634115995737	7.21950734588912	7.61472443061054
3.7613643713605	6.84474792653331	7.24137339344544	7.66259231192263
3.7676305602376	6.85276156272907	7.24333270934606	7.65968144935769
3.77389674911471	6.85920068969021	7.26395404433038	7.66119539659042
3.78016293799181	6.85526695218469	7.27484350824809	7.69293022030302
3.78642912686891	6.8827241853464	7.3027585869088	7.7122095778239
3.79269531574602	6.91076387304715	7.29706525388995	7.71645822084849
3.79896150462312	6.90989522562605	7.31685679089634	7.7552601403645
3.80522769350023	6.9308771053512	7.32656167618908	7.74778299845148
3.81149388237733	6.96579595001548	7.33929187880175	7.75119306313088
3.81776007125443	6.93970518468946	7.34932778982307	7.74554647253125
3.82402626013154	6.9554418189696	7.36042625965407	7.74124354803648
3.83029244900864	6.97567357432677	7.37869897998876	7.79000513908059
3.83655863788574	6.97789341186941	7.38747024184001	7.78187284302206
3.84282482676285	7.0035076585593	7.40606170887282	7.83490210339216
3.84909101563995	7.01504642726183	7.40891557894824	7.81518612941037
3.85535720451706	7.02155441073313	7.41864473169565	7.8428184852213
3.86162339339416	7.03858483691936	7.44451609061146	7.84208549195449
3.86788958227126	7.050296135853	7.46043581436194	7.8626274752925
3.87415577114837	7.06220585037161	7.46037627405037	7.86018723925206
3.88042196002547	7.08275518565812	7.47516453988449	7.88525174114545
3.88668814890258	7.07731086534526	7.48297290945167	7.88270474999642
3.89295433777968	7.07475507985997	7.50362951314536	7.9081268059937
3.89922052665678	7.1107181951062	7.50268103110365	7.90043713867638
3.90548671553389	7.12425796106905	7.51787661000465	7.91227905629043
3.91175290441099	7.1221041767013	7.53607989976369	7.93748062306558
3.9180190932881	7.11093932048625	7.55312731006845	7.94582724690499
3.9242852821652	7.1626092991101	7.55677862946323	7.95847049460659
3.9305514710423	7.1667730038921	7.56267077903984	7.95874081409953
3.93681765991941	7.1386623813333	7.57565144629915	7.9668124074704
3.94308384879651	7.18176400542296	7.59607363679284	8.02635678933527
3.94935003767362	7.18462158042578	7.59472850325736	8.01755861423737
3.95561622655072	7.19503011454425	7.61770744363753	8.02807827040464
3.96188241542782	7.24144083919501	7.62855589190077	8.0372087056169
3.96814860430493	7.22996200536661	7.63999648660061	8.02899659625062
3.97441479318203	7.24113034128504	7.65259927956002	8.08533884946683
3.98068098205914	7.25222177837626	7.65521863451998	8.04316455275625
3.98694717093624	7.26592627458565	7.6727037237154	8.10278380021992
3.99321335981334	7.26990809429469	7.68435820528451	8.09012673249088
3.99947954869045	7.26922954692523	7.70586080522541	8.10311442846715
4.00574573756755	7.31628985989583	7.71729706448433	8.13053780836611
4.01201192644465	7.32029173506202	7.72283723132052	8.1415402762184
4.01827811532176	7.31515658926592	7.74199893554076	8.15329073660552
4.02454430419886	7.34368605860249	7.74774622068426	8.18231230058327
4.03081049307597	7.36221623149266	7.75876298186198	8.16707688386051
4.03707668195307	7.36689745997885	7.76792616637856	8.20289692321413
4.04334287083017	7.37516823931558	7.78540074098049	8.18659103069003
4.04960905970728	7.39163403997267	7.79743989484085	8.2298560815752
4.05587524858438	7.37137272894783	7.80684860393846	8.23010296096724
4.06214143746149	7.41301270130452	7.81260629682309	8.2407354334954
4.06840762633859	7.43193486381829	7.83999925798035	8.248930666546
4.07467381521569	7.43211060670125	7.854448017948	8.2659316011325
4.0809400040928	7.44218295142242	7.85553877269017	8.25239756540633
4.0872061929699	7.46311962354234	7.86932887954344	8.27764228798356
4.09347238184701	7.43427776455337	7.88495264318083	8.29967640711378
4.09973857072411	7.48834576511521	7.88844459738355	8.31468549740744
4.10600475960121	7.48548729994145	7.88951636757739	8.30427116524879
4.11227094847832	7.49480971439433	7.91597947188006	8.31661476108415
4.11853713735542	7.53193833807972	7.93628438593451	8.35863315996025
4.12480332623253	7.54093566285038	7.94328949712461	8.34146192189471
4.13106951510963	7.54048102995206	7.95584525222954	8.37503110611376
4.13733570398673	7.53955354671356	7.96342224287258	8.37367845722433
4.14360189286384	7.53434346687285	7.96726416602735	8.39146970713691
4.14986808174094	7.57123587195281	7.99014002431012	8.39364095359057
4.15613427061805	7.5714950993732	8.00740485505383	8.41116224070341
4.16240045949515	7.59940381154707	8.01107711511621	8.40787933553269
4.16866664837225	7.58558904147786	8.02371054609359	8.43053122659631
4.17493283724936	7.6137162938011	8.03357996968121	8.43349142524655
4.18119902612646	7.6291035085125	8.03483043247044	8.46178253828976
4.18746521500356	7.65211357249738	8.06514894378081	8.48810312031912
4.19373140388067	7.66660466850897	8.06823264032599	8.46571538507771
4.19999759275777	7.66111219789486	8.08548872154582	8.48925399579326
4.20626378163488	7.69205236671056	8.09594733213191	8.51542252995757
4.21252997051198	7.68782910117065	8.10355492109719	8.5159823507929
4.21879615938908	7.7252761540184	8.1273452792175	8.52993334110254
4.22506234826619	7.72210901759081	8.13157972032422	8.52932992929648
4.23132853714329	7.73069049305392	8.14048773155415	8.56051977915711
4.2375947260204	7.73925396870493	8.15484772892199	8.58317895397973
4.2438609148975	7.75445205967567	8.16942135943997	8.57816304079251
4.2501271037746	7.78646663193487	8.18422389662631	8.60572846532917
4.25639329265171	7.78989311260245	8.18987479821903	8.62295343033246
4.26265948152881	7.80004341594616	8.19815688793115	8.62813899131957
4.26892567040592	7.79731711406783	8.21658381933693	8.63355157239202
4.27519185928302	7.78831372045544	8.23210868732227	8.64027430753268
4.28145804816012	7.80925734555227	8.24829024818312	8.66883889616465
4.28772423703723	7.82058204854181	8.24883774965115	8.66941974803383
4.29399042591433	7.85796598318654	8.2646730216571	8.67324423655196
4.30025661479143	7.86350283562777	8.28308184306336	8.69793280733866
4.30652280366854	7.86933528591195	8.29002515777888	8.68186371731755
4.31278899254564	7.89032718705968	8.30576647042251	8.73513624686145
4.31905518142275	7.89234888373887	8.32130263585142	8.7333519085205
4.32532137029985	7.93283101984522	8.32659327737003	8.74144625267077
4.33158755917695	7.90772036893928	8.32100993290684	8.76061679617287
4.33785374805406	7.91727960179447	8.33756798758663	8.77848911258809
4.34411993693116	7.95127323651612	8.3545559374145	8.76543750891259
4.35038612580827	7.98071523680409	8.37812273046685	8.79378843755933
4.35665231468537	7.95880235257158	8.37354865599366	8.79946361622716
