"mitochan"	"lwrNorm"	"medNorm"	"uprNorm"
-1.88999910457734	-4.95298394939417	-3.81462444636466	-2.69132685699469
-1.88360070599117	-4.88851983462581	-3.80660144644325	-2.71461127856221
-1.877202307405	-4.90656030365394	-3.77090796761722	-2.69901129962998
-1.87080390881883	-4.85408972125171	-3.77110368521867	-2.6622327532979
-1.86440551023266	-4.89013336841696	-3.76385243090104	-2.60180925408432
-1.85800711164649	-4.84614985819082	-3.74556530207279	-2.66146604668267
-1.85160871306032	-4.81262934908754	-3.73517147979687	-2.61150052187253
-1.84521031447415	-4.80852158474367	-3.72045347783844	-2.58224672108121
-1.83881191588798	-4.78093192655245	-3.70867398226078	-2.57552615844172
-1.83241351730181	-4.77262709923846	-3.69088155939537	-2.6057376167335
-1.82601511871564	-4.7544811680993	-3.67682623844178	-2.63722090241171
-1.81961672012947	-4.77017091511615	-3.68596210918215	-2.58827989207329
-1.8132183215433	-4.71535355157587	-3.64877560124791	-2.59477695184661
-1.80681992295713	-4.7503932524583	-3.66005957442579	-2.5672366936117
-1.80042152437096	-4.70688653000783	-3.62877608304064	-2.58549002033828
-1.79402312578479	-4.70938194997823	-3.61607351852765	-2.56637890999017
-1.78762472719862	-4.67072642468054	-3.61116735191017	-2.52381783393949
-1.78122632861246	-4.67965565587763	-3.58468026677668	-2.49085172775339
-1.77482793002629	-4.66512347721212	-3.5719360228272	-2.508426502061
-1.76842953144012	-4.65386722123012	-3.55209731230235	-2.49121843199193
-1.76203113285395	-4.60512651592208	-3.54908894991196	-2.48682962065872
-1.75563273426778	-4.602556102783	-3.52837637841616	-2.47148097720224
-1.74923433568161	-4.57672105754066	-3.51523924885584	-2.44527524640574
-1.74283593709544	-4.52445590074548	-3.49709996101596	-2.42786862927094
-1.73643753850927	-4.51463775370465	-3.49523362777675	-2.3872661481171
-1.7300391399231	-4.55749414717568	-3.4809177553104	-2.42088953448606
-1.72364074133693	-4.51786104767416	-3.47562710025943	-2.458352327716
-1.71724234275076	-4.46713126372221	-3.44206062767899	-2.41803940073823
-1.71084394416459	-4.45878286954884	-3.45542046513629	-2.43886959961759
-1.70444554557842	-4.46484185731982	-3.43127992547056	-2.36610156609169
-1.69804714699225	-4.43324708179328	-3.40704735852239	-2.40681402072916
-1.69164874840608	-4.44356893537169	-3.39272241722001	-2.3856365138228
-1.68525034981991	-4.42432756430242	-3.38767150806578	-2.35267245756007
-1.67885195123374	-4.41631693311499	-3.38079320971433	-2.34547411427168
-1.67245355264757	-4.37100938630374	-3.36497368863801	-2.34841707268375
-1.6660551540614	-4.39350069001058	-3.338889530225	-2.33061013044855
-1.65965675547523	-4.34318401940882	-3.34625373030194	-2.32492530667809
-1.65325835688906	-4.35976058747835	-3.33209260417127	-2.25460083020394
-1.64685995830289	-4.33842336277367	-3.30558815496976	-2.25957119848373
-1.64046155971672	-4.3063538392927	-3.28906174408346	-2.28166292729401
-1.63406316113056	-4.26653289763766	-3.29499345269329	-2.2111679993594
-1.62766476254439	-4.28790843649251	-3.2723258038701	-2.28928932783208
-1.62126636395822	-4.21750426018485	-3.25169543881157	-2.26010956010323
-1.61486796537205	-4.25146048392659	-3.24765588461608	-2.21711241589087
-1.60846956678588	-4.20275904548436	-3.24780339492801	-2.20968288581796
-1.60207116819971	-4.22749094473317	-3.20584728523856	-2.19336281378407
-1.59567276961354	-4.19128121299407	-3.21309120486135	-2.20727860763692
-1.58927437102737	-4.19129200387741	-3.18503135060431	-2.15691483736983
-1.5828759724412	-4.18768170562163	-3.1796193728518	-2.16640283792265
-1.57647757385503	-4.20297075808022	-3.16450799303401	-2.18391669637895
-1.57007917526886	-4.14395539499058	-3.14567887083423	-2.16441458951143
-1.56368077668269	-4.13680090087366	-3.13598897123924	-2.17432384275746
-1.55728237809652	-4.13633012809822	-3.12585874567888	-2.14868070001196
-1.55088397951035	-4.0752849015556	-3.11297703210019	-2.11378225206767
-1.54448558092418	-4.0770212165719	-3.099248692676	-2.11672074360624
-1.53808718233801	-4.06706691795667	-3.08051124433093	-2.11204202698887
-1.53168878375184	-4.05505087009866	-3.06539637976247	-2.10977138182352
-1.52529038516567	-4.03693585012619	-3.05268052309985	-2.05993204600836
-1.5188919865795	-4.00470426309779	-3.02594251113908	-2.04386675330227
-1.51249358799333	-3.9873757468876	-3.05205155953941	-2.05420158861606
-1.50609518940716	-3.98288023070946	-3.01390152835159	-2.04319602712511
-1.49969679082099	-3.97181951378308	-3.01110906668974	-2.06931826413622
-1.49329839223482	-4.01337723695397	-2.98937060216381	-2.05844640180488
-1.48689999364866	-3.94612526156555	-2.98941521307707	-2.01259451610047
-1.48050159506249	-3.93818435395441	-2.98510083677987	-1.99381249587861
-1.47410319647632	-3.87957665170165	-2.94497603396329	-1.98027107761772
-1.46770479789015	-3.9210235535489	-2.9238871857034	-2.00147561942607
-1.46130639930398	-3.89634204958976	-2.91848457219119	-1.97630347232518
-1.45490800071781	-3.85097351569848	-2.90925748477378	-1.9578408993065
-1.44850960213164	-3.83001274159736	-2.89975449655809	-1.9562643986382
-1.44211120354547	-3.85014424618061	-2.88020639783847	-1.94937995388597
-1.4357128049593	-3.7914477350713	-2.87390330120682	-1.93604519366836
-1.42931440637313	-3.85371631970034	-2.84973422207447	-1.94672251806098
-1.42291600778696	-3.81182314969547	-2.8379470328999	-1.87806757773861
-1.41651760920079	-3.75578347234574	-2.82337147356549	-1.88153919265161
-1.41011921061462	-3.75472953908403	-2.81786747394658	-1.885424732045
-1.40372081202845	-3.70068928162391	-2.8061774300422	-1.88906555486665
-1.39732241344228	-3.71659887492197	-2.7913474260594	-1.85259852362113
-1.39092401485611	-3.79238946344905	-2.77613405191576	-1.86231564886983
-1.38452561626994	-3.71897489321124	-2.75095183872474	-1.85416216356222
-1.37812721768377	-3.68168945580336	-2.75239049503185	-1.81526479083136
-1.3717288190976	-3.69077030725359	-2.72945501932899	-1.81081576790485
-1.36533042051143	-3.65502438316297	-2.71995320032856	-1.82809526192354
-1.35893202192526	-3.5994903956474	-2.68836135534426	-1.78299609649426
-1.35253362333909	-3.63926533144299	-2.71049718026845	-1.77415817811696
-1.34613522475292	-3.63177672597056	-2.68069877297367	-1.75558815415864
-1.33973682616676	-3.60657337093102	-2.69149877731632	-1.77221952165067
-1.33333842758059	-3.57215604398712	-2.65842861961696	-1.78696453631949
-1.32694002899442	-3.56270156557405	-2.6464724286683	-1.74113118825672
-1.32054163040825	-3.59545716619825	-2.61279530647386	-1.7337596555028
-1.31414323182208	-3.54712091653285	-2.6119672373653	-1.72946475127882
-1.30774483323591	-3.53035270551214	-2.61324760829096	-1.73718405587008
-1.30134643464974	-3.47621996006665	-2.59673502022665	-1.69623027993816
-1.29494803606357	-3.48418233126508	-2.586209276882	-1.70084346803701
-1.2885496374774	-3.45608500969818	-2.57013631774435	-1.72037263733462
-1.28215123889123	-3.42638199489198	-2.54874879368074	-1.66261315319603
-1.27575284030506	-3.39500955257322	-2.54282853495066	-1.63609380266171
-1.26935444171889	-3.38467037757822	-2.53776631366705	-1.65858922828256
-1.26295604313272	-3.39205196400915	-2.50660589329972	-1.61927594412711
-1.25655764454655	-3.38789075914976	-2.50058469933006	-1.65093818192709
-1.25015924596038	-3.38600015076037	-2.49715652570431	-1.62253724663912
-1.24376084737421	-3.40297341086219	-2.47667653236613	-1.60327383140959
-1.23736244878804	-3.3678638431638	-2.46617719277908	-1.56820248763757
-1.23096405020187	-3.35694029074086	-2.45199244735248	-1.53565186253291
-1.2245656516157	-3.31234310618904	-2.4386149206666	-1.5402291457991
-1.21816725302953	-3.28340569330728	-2.42076550177658	-1.52075241708356
-1.21176885444336	-3.29812336602458	-2.4005002286905	-1.52139381609345
-1.20537045585719	-3.26187829477107	-2.40097193983557	-1.55252053669245
-1.19897205727102	-3.23699778634876	-2.38504684131387	-1.52654624162621
-1.19257365868485	-3.22050454687989	-2.38035221043594	-1.51053389859003
-1.18617526009869	-3.24925823408937	-2.3491420946896	-1.46634110135056
-1.17977686151252	-3.20410101801614	-2.34044356299783	-1.47275163358145
-1.17337846292635	-3.1824335256596	-2.33814012083223	-1.46632756535236
-1.16698006434018	-3.19226480225534	-2.32559858259391	-1.45482025905119
-1.16058166575401	-3.15247835836702	-2.28889827495504	-1.44659882895933
-1.15418326716784	-3.12232254445089	-2.29176880783202	-1.41802140965013
-1.14778486858167	-3.11248280241158	-2.27851047982538	-1.45905112591564
-1.1413864699955	-3.12539158967564	-2.25069820997921	-1.38931855820614
-1.13498807140933	-3.10048771664553	-2.2355043995344	-1.41310600682798
-1.12858967282316	-3.07955642012325	-2.23802302663793	-1.40945307470769
-1.12219127423699	-3.04423553534757	-2.21997239645866	-1.37637995735417
-1.11579287565082	-3.03263153408228	-2.20290907656361	-1.35947302443195
-1.10939447706465	-3.01100879576813	-2.19447752507165	-1.35605359913955
-1.10299607847848	-3.0095791560469	-2.18503240674156	-1.38324784020179
-1.09659767989231	-3.01123641641	-2.17730246072417	-1.33638559616107
-1.09019928130614	-3.00951686145015	-2.14977110954898	-1.31803573160737
-1.08380088271997	-2.97702140698195	-2.13872536618416	-1.28196251040936
-1.0774024841338	-2.96300437013214	-2.11898293679522	-1.28954576230059
-1.07100408554763	-2.93447173577516	-2.10802228350982	-1.25772739365429
-1.06460568696146	-2.9297824289535	-2.09745484187168	-1.28025451375191
-1.05820728837529	-2.91414958048721	-2.10030692730644	-1.26219200706392
-1.05180888978912	-2.89308985188531	-2.06774805869723	-1.23246955513914
-1.04541049120295	-2.89912483157063	-2.06466735991329	-1.2798598983158
-1.03901209261679	-2.86164797342162	-2.05384087115112	-1.22250656439883
-1.03261369403062	-2.86845132113704	-2.02757452894692	-1.21202425289938
-1.02621529544445	-2.84292079047316	-2.02465144150411	-1.2156018491418
-1.01981689685828	-2.80671675039686	-2.00802982145777	-1.18303986982281
-1.01341849827211	-2.8400860521326	-2.00183852666982	-1.16572285835725
-1.00702009968594	-2.82520706731826	-1.97893137010224	-1.16204775050223
-1.00062170109977	-2.80895293036049	-1.96157444100706	-1.16124149193054
-0.994223302513598	-2.7551490000974	-1.96526815217837	-1.17037386894869
-0.987824903927429	-2.77753403779188	-1.95615052325467	-1.13612400049083
-0.981426505341259	-2.76980432888792	-1.93121193234066	-1.15613687970162
-0.97502810675509	-2.72784624646828	-1.90755125208835	-1.13366520398155
-0.96862970816892	-2.74855666332894	-1.89708412150791	-1.09551845894566
-0.96223130958275	-2.69188866093348	-1.88170349128398	-1.09119403235223
-0.955832910996581	-2.67751116550824	-1.88811782615798	-1.10513548426998
-0.949434512410411	-2.71172716901526	-1.86133815908365	-1.07174936689379
-0.943036113824242	-2.63685991513757	-1.84440405514459	-1.04139010588855
-0.936637715238072	-2.64024884147747	-1.84171359786687	-1.06823456847596
-0.930239316651903	-2.60909168980062	-1.82656348098532	-1.03855150942723
-0.923840918065733	-2.64572514636445	-1.80746399123923	-1.02368135974243
-0.917442519479564	-2.58401097070049	-1.80646308586025	-1.04340999324548
-0.911044120893394	-2.59419451088545	-1.75994757482208	-0.968763575580813
-0.904645722307224	-2.5433132309443	-1.77295577526516	-1.01702632536418
-0.898247323721055	-2.54025962601676	-1.75279822155828	-0.997313570392052
-0.891848925134885	-2.51137461378087	-1.74282706561122	-0.968183822526164
-0.885450526548716	-2.51483307839284	-1.71754568044671	-0.968692135111101
-0.879052127962546	-2.4995368776302	-1.73282152331099	-0.955382952954897
-0.872653729376377	-2.50659789735212	-1.71507431839386	-0.949155050589665
-0.866255330790207	-2.47369423889016	-1.68945412858449	-0.92353292510336
-0.859856932204037	-2.45230421549601	-1.68237539163377	-0.896020670548605
-0.853458533617868	-2.44672003745476	-1.66835289687167	-0.925529746777236
-0.847060135031698	-2.45102652030407	-1.64208837883061	-0.873585663143818
-0.840661736445529	-2.42790168088709	-1.639405359207	-0.861583952754222
-0.834263337859359	-2.40705107175894	-1.61059877814015	-0.893973145558521
-0.82786493927319	-2.41068377843026	-1.6176195831066	-0.833705158956561
-0.82146654068702	-2.35061432598438	-1.5890754886245	-0.840967172550573
-0.81506814210085	-2.3897585211951	-1.57750984350564	-0.809639177200625
-0.808669743514681	-2.32940591382253	-1.57264621539193	-0.842337305753804
-0.802271344928511	-2.31988284393061	-1.56516894820514	-0.791173270050611
-0.795872946342342	-2.3242887734391	-1.54487041771889	-0.791032033265465
-0.789474547756172	-2.2963972653234	-1.53201680126647	-0.767557105448446
-0.783076149170003	-2.29386657362174	-1.50793567968176	-0.745520813960265
-0.776677750583833	-2.23894544973341	-1.50110844554449	-0.745054882594314
-0.770279351997663	-2.26150638770452	-1.4863400027982	-0.739962000756377
-0.763880953411494	-2.25620320288702	-1.48028366707428	-0.720369424969103
-0.757482554825324	-2.2274422320278	-1.46442503714962	-0.726724540410156
-0.751084156239155	-2.2199012309502	-1.45418912236285	-0.727743555849237
-0.744685757652985	-2.22116034970543	-1.4436732862518	-0.696435408228582
-0.738287359066816	-2.1593533189995	-1.42691485113632	-0.707172263476266
-0.731888960480646	-2.18637776842987	-1.39778046887546	-0.703657473288004
-0.725490561894476	-2.11958151167202	-1.40167501706282	-0.643147459200495
-0.719092163308307	-2.09469302682036	-1.38752012125275	-0.626188182935698
-0.712693764722137	-2.12961742194381	-1.37419974569472	-0.620052042433119
-0.706295366135968	-2.08681296028686	-1.36315228027895	-0.604821718507663
-0.699896967549798	-2.08657853787446	-1.33985935883913	-0.619531202517978
-0.693498568963629	-2.08560094756234	-1.33364691881808	-0.601383694472381
-0.687100170377459	-2.06250754275369	-1.30848832272194	-0.612186050179317
-0.68070177179129	-2.04732154600002	-1.31116095945742	-0.583930023232902
-0.67430337320512	-2.0502258670155	-1.29037893883356	-0.571390361187602
-0.66790497461895	-2.02808323433382	-1.27896708382459	-0.54460343505776
-0.661506576032781	-2.02356532360899	-1.26867488510749	-0.520292648920669
-0.655108177446611	-1.9875133016784	-1.25249295493042	-0.536686492100625
-0.648709778860442	-1.9823193140825	-1.24430457755123	-0.510628417769524
-0.642311380274272	-1.97444737709289	-1.22260245879281	-0.531645998638222
-0.635912981688103	-1.95501679909027	-1.20593894861888	-0.500415783752894
-0.629514583101933	-1.88667752875347	-1.20074323250939	-0.488629835281671
-0.623116184515763	-1.89138322238169	-1.18751968150755	-0.48571589121923
-0.616717785929594	-1.90719489920117	-1.1634364336443	-0.465988113674846
-0.610319387343424	-1.88940557582168	-1.15453763602803	-0.456058928192056
-0.603920988757255	-1.87146220701035	-1.1496495489447	-0.413134823176106
-0.597522590171085	-1.8278395727863	-1.13626703795033	-0.447921884022162
-0.591124191584915	-1.86049930107484	-1.09608630599216	-0.416141543977935
-0.584725792998746	-1.83692842209583	-1.10166058671115	-0.422843189584405
-0.578327394412576	-1.87225812025812	-1.09274742221521	-0.386341436474659
-0.571928995826407	-1.7783585642072	-1.0687499921569	-0.35033557109752
-0.565530597240237	-1.75318809456812	-1.04929374864876	-0.334552981336084
-0.559132198654068	-1.75646221123634	-1.06753910833102	-0.333054145917767
-0.552733800067898	-1.73053140096899	-1.0400971316255	-0.323911424406162
-0.546335401481729	-1.72219941669534	-1.03367407783382	-0.356285860840916
-0.539937002895559	-1.73974956863151	-1.01712105183277	-0.321553837656013
-0.53353860430939	-1.72361321363591	-1.00939584113942	-0.287247730329418
-0.52714020572322	-1.68776322099166	-0.992633767917233	-0.290868888159938
-0.52074180713705	-1.67856191962569	-0.958246696121888	-0.281217452379166
-0.514343408550881	-1.68195207063809	-0.945650890008082	-0.265451373138831
-0.507945009964711	-1.62362398582786	-0.941381654387953	-0.254530068882482
-0.501546611378542	-1.66272375876097	-0.932464768410099	-0.235084812097474
-0.495148212792372	-1.62164826469727	-0.908825806927771	-0.232866869819506
-0.488749814206203	-1.59506037340302	-0.904207509728092	-0.209945371328292
-0.482351415620033	-1.58755675347078	-0.888112411680611	-0.224152968939168
-0.475953017033863	-1.57575135664218	-0.887209127029206	-0.194740510393959
-0.469554618447694	-1.5605628627913	-0.853596621830849	-0.189599402521802
-0.463156219861524	-1.50985762168618	-0.85196696781983	-0.185296033872938
-0.456757821275355	-1.55507976313803	-0.851622865231251	-0.204983427217217
-0.450359422689185	-1.5413696456155	-0.833769327012285	-0.153990114749521
-0.443961024103015	-1.52223732411349	-0.818067159588706	-0.124017545544327
-0.437562625516846	-1.46366507811575	-0.791665138360717	-0.110130529686851
-0.431164226930676	-1.48055692737637	-0.782668474300702	-0.0611863473024174
-0.424765828344507	-1.46772575001344	-0.770195752554841	-0.087233972526287
-0.418367429758337	-1.45384844099211	-0.758412780009277	-0.0572241837623764
-0.411969031172168	-1.42336242675577	-0.740453908697977	-0.0535513894405514
-0.405570632585998	-1.44799032166324	-0.731090920183323	-0.0525763352027382
-0.399172233999828	-1.42199646692464	-0.71310617888006	-0.0547851545265494
-0.392773835413659	-1.37180891957772	-0.706112965958327	-0.0541538133881871
-0.386375436827489	-1.39369613215128	-0.691334618438498	-0.0207852356155881
-0.37997703824132	-1.37538584579147	-0.675868374301172	-0.0181182676360915
-0.37357863965515	-1.35743152209789	-0.660588525381797	0.0335912767388055
-0.367180241068981	-1.34958406256885	-0.661597133412622	-0.00097144412238085
-0.360781842482811	-1.32068022561881	-0.644619617560137	0.0181385238791018
-0.354383443896642	-1.29071416576678	-0.628469839085286	0.0183185922466305
-0.347985045310472	-1.30954622175324	-0.608378499694614	0.047200423701304
-0.341586646724302	-1.27638846871996	-0.589642654352487	0.0716632192759047
-0.335188248138133	-1.28792551690399	-0.58484474707432	0.099076896698344
-0.328789849551963	-1.26892236245943	-0.573253433683714	0.0841219269895733
-0.322391450965794	-1.23959889358912	-0.554409944321531	0.0938548306212358
-0.315993052379624	-1.21097844953813	-0.54759981116438	0.125679381652125
-0.309594653793455	-1.25886390403089	-0.534399310003718	0.142319175177775
-0.303196255207285	-1.22066195749862	-0.528327022459647	0.13080181733795
-0.296797856621115	-1.2066214543313	-0.488562197797458	0.174028902144402
-0.290399458034946	-1.17193143829608	-0.493306540559431	0.197374639455943
-0.284001059448776	-1.16835242045304	-0.468688614440862	0.187145720085863
-0.277602660862607	-1.14456879532915	-0.471292007817407	0.193148478400459
-0.271204262276437	-1.12133688916496	-0.459271668312644	0.202483493793579
-0.264805863690267	-1.13449478578883	-0.445330914945753	0.227540662199104
-0.258407465104098	-1.14813384390312	-0.424863514122915	0.266897187458721
-0.252009066517928	-1.09644335963528	-0.41917529867341	0.261691415064387
-0.245610667931759	-1.05292254543191	-0.412404073985678	0.262035125074394
-0.239212269345589	-1.05989423900703	-0.389894628582998	0.288556160844052
-0.23281387075942	-1.06725293790002	-0.385264244113014	0.273788191950274
-0.22641547217325	-1.03883855115722	-0.37438259026119	0.304875511042728
-0.220017073587081	-1.00608259985255	-0.354994187448996	0.305751558223883
-0.213618675000911	-0.993208438200652	-0.342121941151283	0.335359008753709
-0.207220276414741	-1.03929772109859	-0.312954499010431	0.28819964521204
-0.200821877828572	-0.994686461945516	-0.314837909962335	0.328010809832873
-0.194423479242402	-0.991099189969444	-0.290443336030679	0.363695463309004
-0.188025080656233	-0.972882245380474	-0.280915661538918	0.353442517109681
-0.181626682070063	-0.937046067380736	-0.253109001313971	0.370026477528093
-0.175228283483894	-0.911837372982655	-0.252593280099932	0.380629921883744
-0.168829884897724	-0.917958731711121	-0.23924721744282	0.386408879212893
-0.162431486311555	-0.90530646176826	-0.233806802119987	0.426695972121916
-0.156033087725385	-0.897222043868305	-0.207228003921153	0.446887950668171
-0.149634689139215	-0.860086236259286	-0.200613153031401	0.443138168878071
-0.143236290553046	-0.860243209556201	-0.190816099844919	0.452487557286453
-0.136837891966876	-0.832794359972556	-0.174431462503821	0.46346574164121
-0.130439493380707	-0.823209973079007	-0.160258707858526	0.509524472382778
-0.124041094794537	-0.826976520192985	-0.155310223443188	0.506027380629698
-0.117642696208367	-0.79136379626966	-0.139005649005848	0.494538262585903
-0.111244297622198	-0.779172817967916	-0.123697618861772	0.516547282172044
-0.104845899036028	-0.796104135273136	-0.107924023564758	0.505560526797401
-0.0984475004498588	-0.794442765383474	-0.103320879653429	0.569708617755015
-0.0920491018636893	-0.749563520203511	-0.0681389159795126	0.56506003037666
-0.0856507032775196	-0.728239148721481	-0.0645300364468118	0.578103612666204
-0.07925230469135	-0.695380953553661	-0.05429585804774	0.565165672963383
-0.0728539061051805	-0.691328191823755	-0.0437301001994978	0.604284305355504
-0.066455507519011	-0.688950674738936	-0.0359190171828137	0.609870507940101
-0.0600571089328414	-0.695996303211618	-0.0188891493073464	0.673707641839966
-0.0536587103466719	-0.661663435814042	-0.00221332579972033	0.642327637465981
-0.0472603117605022	-0.682613761711279	0.0134317381491318	0.661407680427203
-0.0408619131743326	-0.656399078142843	0.0192598871885645	0.684846499441802
-0.0344635145881631	-0.640332799903266	0.0477003622579153	0.665927998190503
-0.0280651160019936	-0.639308350241912	0.0361807220797677	0.686988615471581
-0.021666717415824	-0.589380302063089	0.0498020923392303	0.702117831636511
-0.0152683188296543	-0.631727569181804	0.0871834365534	0.748147893315561
-0.00886992024348476	-0.579134609151537	0.0894694302885719	0.730610100744997
-0.00247152165731523	-0.559795388721547	0.103267146033718	0.769621907200296
0.0039268769288543	-0.555122352559795	0.112684655113584	0.735305595922085
0.0103252755150238	-0.515760930382456	0.134733792569315	0.772552108104557
0.0167236741011934	-0.508750712966102	0.151492976341488	0.77532823222884
0.0231220726873631	-0.519281930466572	0.165638162797208	0.80217820092875
0.0295204712735326	-0.501350981975568	0.161486258820318	0.815289676570582
0.0359188698597022	-0.474481012853523	0.17828671575074	0.822698291030858
0.0423172684458717	-0.460266072785418	0.200560151959678	0.855874103903459
0.0487156670320412	-0.463838875330814	0.216948227604412	0.888048105416336
0.0551140656182108	-0.438050124434137	0.216410319833102	0.854825329066578
0.0615124642043805	-0.450672077904277	0.227814255795597	0.915926359402965
0.06791086279055	-0.412387889732094	0.247449273228643	0.899398461124288
0.0743092613767196	-0.415618620550997	0.25925448693908	0.932121500522642
0.0807076599628891	-0.386136134323015	0.276691294698069	0.916731346460648
0.0871060585490586	-0.373646207537927	0.297774139255504	0.947552236088893
0.0935044571352281	-0.376095025992272	0.293546685355681	0.940685604323731
0.0999028557213979	-0.349454108736563	0.322203952886909	0.958154616313816
0.106301254307567	-0.352136760820963	0.327463675318388	0.97736406683797
0.112699652893737	-0.316553905475887	0.345909073605907	0.975989456277662
0.119098051479907	-0.316434114173839	0.355623348155305	1.02117997694384
0.125496450066076	-0.313848881248236	0.376398720240376	1.03178612670427
0.131894848652246	-0.27683477869184	0.392387478613911	1.04603028458409
0.138293247238415	-0.251123446954363	0.380509319774074	1.03636710201823
0.144691645824585	-0.271846855092209	0.39375564303296	1.00649818123998
0.151090044410755	-0.250917696528923	0.423801815634171	1.07503932024486
0.157488442996924	-0.235932897249287	0.440612131994661	1.08443677886135
0.163886841583094	-0.21119733998768	0.448309635801733	1.10974096882813
0.170285240169263	-0.246119753263007	0.467041972275852	1.11478974342021
0.176683638755433	-0.193619908154621	0.480338859303799	1.11684002469711
0.183082037341602	-0.172960048146875	0.474093043210184	1.13683766447459
0.189480435927772	-0.177209061342478	0.498229291835713	1.16269444596168
0.195878834513942	-0.149483084435485	0.514777799471351	1.17450879078447
0.202277233100111	-0.119264068298182	0.538218283304797	1.17267872733418
0.208675631686281	-0.119203838535376	0.542335756195629	1.20089525550531
0.21507403027245	-0.0876229226647252	0.557963317991965	1.22039156714888
0.22147242885862	-0.0820414650729781	0.54858216337131	1.22342443193602
0.227870827444789	-0.106648935880003	0.574793576741151	1.2033989657574
0.234269226030959	-0.0991025961921332	0.602700419659536	1.23761127451821
0.240667624617128	-0.082705417559546	0.608040237710012	1.26389424084632
0.247066023203298	-0.0510955985364652	0.617036215513908	1.27114855805032
0.253464421789467	-0.0319982986488762	0.626705969231345	1.29825477665162
0.259862820375637	-0.0538918136873534	0.651726769176459	1.29337929094192
0.266261218961807	-0.0318941539475506	0.661012717043623	1.31046474342668
0.272659617547976	-0.0495795177561908	0.678272627916247	1.36944800198754
0.279058016134146	0.0350032082598632	0.674855010348961	1.35439771052303
0.285456414720315	0.00866188775131361	0.696451311447144	1.34521027158614
0.291854813306485	0.0346701085814746	0.706154433066082	1.38488745597912
0.298253211892654	0.0328076066529431	0.736793446002921	1.39877993612514
0.304651610478824	0.0501631244288851	0.741435029112584	1.44506711636731
0.311050009064993	0.0858295461022077	0.751673397631326	1.41924246078058
0.317448407651163	0.10132633187927	0.76617164395178	1.42257208516033
0.323846806237333	0.0854608682239523	0.773261101398827	1.45711214733874
0.330245204823502	0.107205549930425	0.798708814815931	1.45241616320742
0.336643603409672	0.128505281998168	0.790533333305193	1.46342145069079
0.343042001995841	0.148169508684306	0.82600934370953	1.52294863279181
0.349440400582011	0.145227712140837	0.843091652539236	1.49441975379543
0.35583879916818	0.161907365998217	0.83985076238045	1.50736679945895
0.36223719775435	0.162851845304299	0.880467202991962	1.53148473552996
0.36863559634052	0.170708909265393	0.865502491507937	1.55118454788236
0.375033994926689	0.156979801171615	0.892596023391901	1.59115360985513
0.381432393512859	0.210883357460151	0.901760601465788	1.56514303374477
0.387830792099028	0.239342072217967	0.90570858241498	1.60396760038501
0.394229190685198	0.233081152228393	0.932725747842457	1.60260898420969
0.400627589271367	0.238765345451228	0.933034002665025	1.59701637204268
0.407025987857537	0.23552830797855	0.946924900611267	1.63972937937742
0.413424386443707	0.23024900120006	0.963377655068483	1.61817727175677
0.419822785029876	0.275050988974387	0.977117391731382	1.62910800433229
0.426221183616046	0.306803607535808	0.990095223566878	1.66006676294451
0.432619582202215	0.300291282119308	1.003253686401	1.71383691798435
0.439017980788385	0.303905752217542	1.03259284391828	1.65649502698036
0.445416379374555	0.324682813278069	1.03961132968461	1.71690518534009
0.451814777960724	0.359743330809555	1.04829339385271	1.72491938817833
0.458213176546894	0.372925578474135	1.05355694004629	1.74718912369622
0.464611575133063	0.385089371052875	1.0832696996511	1.76965500681992
0.471009973719233	0.409096925952457	1.08663096355948	1.75050940138992
0.477408372305403	0.39732578759861	1.10226873290212	1.8181680589194
0.483806770891572	0.418477529150415	1.11801639239114	1.8350535355036
0.490205169477742	0.417941353143143	1.12690571288802	1.8269522319795
0.496603568063911	0.404495881477229	1.13235017207141	1.85643639098072
0.503001966650081	0.439893124694988	1.15484781768201	1.84671899587707
0.50940036523625	0.445911324784108	1.16849813919254	1.8882090569866
0.51579876382242	0.462636129379742	1.178563759228	1.90731315206183
0.52219716240859	0.467990424158148	1.19130984543052	1.88149602535831
0.528595560994759	0.48365837533876	1.20616351882765	1.90010232371121
0.534993959580929	0.503702328239539	1.22050461433182	1.93397077356765
0.541392358167098	0.502422188507711	1.23430012380948	1.90723236700671
0.547790756753268	0.486526391528583	1.24198528032415	1.97167998058696
0.554189155339437	0.492802706920302	1.25329706942509	1.95020588830157
0.560587553925607	0.526708893053375	1.27247202026767	1.98928745642227
0.566985952511776	0.547692864899053	1.28288038811238	1.97567831778001
0.573384351097946	0.594902287931809	1.29671389331832	2.02692275727888
0.579782749684115	0.600237647328712	1.31306758368001	2.04032644674597
0.586181148270285	0.627084262211291	1.31872979259024	2.03114057179843
0.592579546856455	0.605685991491699	1.33990097738991	2.04963483161251
0.598977945442624	0.621705277483765	1.33711845530558	2.08896612013625
0.605376344028794	0.606489805108857	1.37203894046426	2.07440532507249
0.611774742614963	0.648021797460576	1.37629024146665	2.087672605375
0.618173141201133	0.640040885748122	1.38650141917646	2.10235581364165
0.624571539787302	0.672790167289382	1.39289624386728	2.14421767459104
0.630969938373472	0.678525670048526	1.41564800223033	2.1385756675299
0.637368336959641	0.667723415428259	1.43100793851623	2.16104991146077
0.643766735545811	0.697576936645204	1.4457809984948	2.18177372103066
0.65016513413198	0.712805054843639	1.46249643825314	2.20474235358337
0.65656353271815	0.73559611884496	1.47867004519793	2.19256000353854
0.66296193130432	0.714367324012932	1.47397063313432	2.21081636576428
0.669360329890489	0.728857589630751	1.50823553077118	2.2244804645059
0.675758728476659	0.760537449319236	1.50192456615349	2.23965955668275
0.682157127062828	0.767847203686562	1.52468215799075	2.26833483002614
0.688555525648998	0.764266841430324	1.54346741237647	2.2913897109434
0.694953924235168	0.800985775202665	1.54718595384324	2.27926789442501
0.701352322821337	0.781847353125592	1.56653444043029	2.28543638487874
0.707750721407507	0.80613243790354	1.57729051416675	2.32134093849836
0.714149119993676	0.828651710923455	1.60547567408136	2.33088817444799
0.720547518579846	0.852818365648437	1.60009353826942	2.3316083980164
0.726945917166015	0.825378559200745	1.62957841571445	2.32539382839588
0.733344315752185	0.879360588011642	1.63727390290262	2.39857544827199
0.739742714338355	0.882481449509876	1.64522357750659	2.3714512017946
0.746141112924524	0.878825178104208	1.65406815344955	2.35675153233969
0.752539511510694	0.889636429620047	1.67582068988452	2.41746785165093
0.758937910096863	0.909719896617594	1.68891761965614	2.42629111653353
0.765336308683033	0.936182550737679	1.67793124594887	2.44998477246146
0.771734707269203	0.929645075052521	1.69750802346802	2.45773857154464
0.778133105855372	0.951915948387923	1.73033394644556	2.48845288628318
0.784531504441542	0.965223527189319	1.74261247459077	2.49152835065264
0.790929903027711	0.966351385116989	1.7452136570155	2.51137227740245
0.797328301613881	0.959445281082138	1.75364960280796	2.51765437223625
0.80372670020005	0.991671829568257	1.79495189832011	2.55311715804337
0.81012509878622	0.984933078609125	1.78731364793415	2.57058527738683
0.81652349737239	0.994989129146934	1.8122644471148	2.56135442179965
0.822921895958559	1.02501638838091	1.82140707939299	2.58639278738923
0.829320294544729	1.01120457271231	1.83136948190152	2.58710301816173
0.835718693130898	1.03877530532702	1.84212650924699	2.61113474870469
0.842117091717068	1.05945556615758	1.85555460541992	2.6193582669247
0.848515490303237	1.06094750373481	1.87788963488393	2.61149300404763
0.854913888889407	1.06773464800041	1.87106912801869	2.66713312394918
0.861312287475577	1.09383341133077	1.90634454125097	2.66217950375092
0.867710686061746	1.10132530972176	1.89422314546024	2.64806661311236
0.874109084647916	1.10555252190812	1.92443252746368	2.71742800876218
0.880507483234085	1.12027912616113	1.91974578532986	2.73301037159803
0.886905881820255	1.11429336246996	1.94986147134157	2.72097249982336
0.893304280406424	1.14374106994102	1.95370597791858	2.75137477418675
0.899702678992594	1.17666082379995	1.96865771364148	2.7684358016701
0.906101077578763	1.17702746365263	1.97199549005059	2.76610242429296
0.912499476164933	1.19586747981648	2.00047885536244	2.80203730547927
0.918897874751103	1.19437566493166	2.01278319640217	2.81737373918383
0.925296273337272	1.21950500366634	2.02308471522334	2.83421818715073
0.931694671923442	1.23099241990638	2.03998411288709	2.8174970889732
0.938093070509611	1.19975857468849	2.04883514991644	2.87054602727067
0.944491469095781	1.28269023538904	2.06869910022962	2.9039787647313
0.95088986768195	1.28273016808908	2.09145543348278	2.89287304280036
0.95728826626812	1.24765929956997	2.09156885998399	2.90068837421038
0.96368666485429	1.24764058960723	2.09394032687832	2.91032390253827
0.970085063440459	1.29781589734108	2.1256025136229	2.95321722425868
0.976483462026629	1.32674150834914	2.1487574670384	2.93683534319416
0.982881860612798	1.32718425258934	2.13736328881698	2.95541695175703
0.989280259198968	1.30614133521398	2.16421029569308	2.97257198370403
0.995678657785137	1.35533351995459	2.18510533844675	2.97363932877146
1.00207705637131	1.32752461382103	2.18282371604867	3.01700489043572
1.00847545495748	1.35796377246639	2.21292945976882	3.02685379133389
1.01487385354365	1.35119968750313	2.21875674051233	3.04668814846075
1.02127225212982	1.35379112446862	2.22510272766436	3.04068817697335
1.02767065071599	1.40059295779571	2.23466810231156	3.03402935141982
1.03406904930215	1.44564937935265	2.25588998914204	3.07132319962234
1.04046744788832	1.4111693397587	2.26913222115805	3.1225637097212
1.04686584647449	1.42686880399654	2.28888863948137	3.11818129716138
1.05326424506066	1.44475532921207	2.2928613993317	3.10339068607806
1.05966264364683	1.43761270852618	2.30515742690609	3.1749780739173
1.066061042233	1.45053200218484	2.32377444694327	3.13715168877395
1.07245944081917	1.51548089590965	2.33396641385833	3.21644015509137
1.07885783940534	1.46854864394828	2.34495654501175	3.17502855164457
1.08525623799151	1.47332793528095	2.34919497391715	3.18225044330157
1.09165463657768	1.50592316825208	2.37296801463286	3.22105889759062
1.09805303516385	1.53433779241063	2.37816580700082	3.23628902475284
1.10445143375002	1.50483981047847	2.40122365194937	3.22731946717925
1.11084983233619	1.54386315450714	2.40941208036281	3.26429132513317
1.11724823092236	1.57017094411162	2.42284199389066	3.3086827772839
1.12364662950853	1.6019639706852	2.443462602243	3.28180435299687
1.1300450280947	1.62638242249935	2.44126865351719	3.33085139685839
1.13644342668087	1.58599297636279	2.45728630793607	3.31705432178703
1.14284182526704	1.60825403230783	2.46024558482938	3.32223434616651
1.14924022385321	1.59371616149123	2.47354834018606	3.3083011217145
1.15563862243938	1.61464400611052	2.49143511432958	3.39682648257798
1.16203702102555	1.60470003727296	2.51589984114559	3.36919439158499
1.16843541961172	1.65915312721253	2.5323376423079	3.38836526467147
1.17483381819789	1.62771956491499	2.54792652245194	3.43218915790666
1.18123221678405	1.67558726973831	2.55617992616769	3.43376839496806
1.18763061537022	1.69926401473131	2.56355108772079	3.46136168182132
1.19402901395639	1.67484932191093	2.57839731573788	3.43631617889397
1.20042741254256	1.70503645963613	2.59122825338571	3.49464050953551
1.20682581112873	1.71360008063943	2.60320037247015	3.50029433382723
1.2132242097149	1.72461399046696	2.63564359618571	3.53043091600513
1.21962260830107	1.7521127160346	2.64228325503055	3.52516335069973
1.22602100688724	1.72783680244018	2.658277966544	3.48314982603015
1.23241940547341	1.72129093122483	2.66709346927066	3.52882911318882
1.23881780405958	1.76283263066519	2.68213242433993	3.57295763456082
1.24521620264575	1.79727834925727	2.70251277796701	3.6054910359147
1.25161460123192	1.80863134011047	2.70775770039831	3.5635763767373
1.25801299981809	1.81356642294372	2.71581364697919	3.5767145486311
1.26441139840426	1.87526537802166	2.74358922398503	3.61950922538603
1.27080979699043	1.83565787478119	2.74518039105802	3.67346231686203
1.2772081955766	1.84888428706411	2.7550574656108	3.66963184574786
1.28360659416277	1.84831757537641	2.76941418174441	3.68663241877285
1.29000499274894	1.88265118919579	2.78740015172426	3.7196520851627
1.29640339133511	1.87618022637057	2.80330047058595	3.71037596396308
1.30280178992128	1.89070054844086	2.81319462639109	3.69027374249281
1.30920018850745	1.85132036745374	2.82327997055682	3.70850769147147
1.31559858709362	1.91009635243242	2.84959717415585	3.75725489447208
1.32199698567979	1.910555711241	2.85830603197147	3.76367584812231
1.32839538426596	1.92350268003557	2.86171504003914	3.80317579896935
1.33479378285212	1.95195117344838	2.8639508420896	3.81943402006874
1.34119218143829	1.90569060085125	2.88070553488899	3.815653007219
1.34759058002446	1.95812977493026	2.90061674504211	3.85876973804748
1.35398897861063	1.94532115846202	2.92496486913478	3.84952984379778
1.3603873771968	2.01133240628421	2.9216307900558	3.85087067822532
1.36678577578297	1.99173608814023	2.94515114080718	3.85243397479459
1.37318417436914	1.98992731534668	2.95827809913807	3.87184966857971
1.37958257295531	2.02866774584559	2.96442537212398	3.87810143291692
1.38598097154148	1.97942108115883	2.9869090708612	3.91668229464661
1.39237937012765	2.01671958020738	3.00458903730278	3.9490551759397
1.39877776871382	2.02535373169158	3.02744749382942	3.94804113781118
1.40517616729999	2.0669170272391	3.0331248286032	3.97001459867562
1.41157456588616	2.07354945679691	3.02909856701261	3.95406751108974
1.41797296447233	2.08273168054709	3.03906983493155	3.98603647772492
1.4243713630585	2.08185792726779	3.05902126193269	4.02535108988294
1.43076976164467	2.11697314884758	3.0787235428216	4.02550415704345
1.43716816023084	2.13052683964976	3.08922185220737	4.01085582117938
1.44356655881701	2.12459728748023	3.0941064465095	4.08553101298838
1.44996495740318	2.12574514187968	3.10544598256433	4.10846487841739
1.45636335598935	2.1447698270283	3.12899995466694	4.13559463321025
1.46276175457552	2.14798860415646	3.1579303577263	4.07317281763509
1.46916015316169	2.16187410344559	3.15383112433566	4.12712376441658
1.47555855174785	2.18430831241474	3.16729486938765	4.12132213217825
1.48195695033402	2.17845911103299	3.17716497002809	4.13301440557737
1.48835534892019	2.20518017402178	3.19384677839044	4.17687446503337
1.49475374750636	2.24272275360552	3.20558879145205	4.1894576430891
1.50115214609253	2.21700839064668	3.22100655194409	4.19875704142697
1.5075505446787	2.28040478278583	3.22923249570853	4.20228138350536
1.51394894326487	2.23451666786009	3.24768183897462	4.21214767188054
1.52034734185104	2.24043748536599	3.2702766146287	4.22733084074752
1.52674574043721	2.26989889980448	3.28503713149669	4.26821370285628
1.53314413902338	2.30134285282509	3.29418969033991	4.22789343831731
1.53954253760955	2.29296097798489	3.29386924481797	4.25468364632476
1.54594093619572	2.26977130302372	3.32006212366875	4.29378154038208
1.55233933478189	2.28509128824855	3.3222911647039	4.34106688581973
1.55873773336806	2.30706753505199	3.33988089748223	4.31680352773071
1.56513613195423	2.33710619760696	3.34546846628999	4.32903640312549
1.5715345305404	2.33743156796735	3.36009954305537	4.34928207426886
1.57793292912657	2.36358102575594	3.37728219712481	4.3617793990645
1.58433132771274	2.40142667257728	3.41144724116102	4.37027819673679
1.59072972629891	2.32735885090411	3.40446571795672	4.4061787385653
1.59712812488508	2.40209083410534	3.42031150069349	4.44661849154862
1.60352652347125	2.38977098787347	3.45104762700399	4.39216193253902
1.60992492205742	2.41437361641987	3.45096028211487	4.44470613020047
1.61632332064359	2.46149122491941	3.46445766178621	4.47192629880147
1.62272171922976	2.38926593714444	3.47876684573921	4.50116020575418
1.62912011781592	2.44742480243545	3.49114086742746	4.4838490698906
1.63551851640209	2.46782429866507	3.5128094094645	4.53581928350898
1.64191691498826	2.48078779841961	3.51760097124828	4.47569652329736
1.64831531357443	2.47679629008052	3.52117104914736	4.55753410387837
1.6547137121606	2.49948459029202	3.53714381048908	4.54015612916964
1.66111211074677	2.49513590103367	3.56609067747094	4.61613312043412
1.66751050933294	2.52919312525042	3.56331609359597	4.59876728776586
1.67390890791911	2.47302256311386	3.58338311037247	4.66972271767198
1.68030730650528	2.55370881718591	3.60256451673111	4.68573231815705
1.68670570509145	2.53803677909288	3.6013297676244	4.69854069387746
1.69310410367762	2.53239288097357	3.61469357067739	4.6625005485838
1.69950250226379	2.56834778713377	3.62224125532784	4.67466604514238
1.70590090084996	2.6116750745864	3.65789492259587	4.69886623443329
1.71229929943613	2.59064183247058	3.65909819100113	4.70209291569388
1.7186976980223	2.6095806845973	3.68862426115315	4.74370431715328
1.72509609660847	2.62770975092507	3.67956120441507	4.72303001755993
1.73149449519464	2.62878204497059	3.71123377512384	4.70524602722713
1.73789289378081	2.64466129421691	3.70479568295128	4.729603225846
1.74429129236698	2.6440063060884	3.71350308309699	4.76971202342745
1.75068969095315	2.66325796691152	3.73371764429607	4.79909924550304
1.75708808953932	2.67958043203884	3.75910728610189	4.78836039760935
1.76348648812549	2.66366570787257	3.75259517143301	4.87808422748344
1.76988488671166	2.69936916183039	3.78282420083235	4.85931917127164
1.77628328529782	2.69663698908631	3.78572902455454	4.87098639752659
1.78268168388399	2.7082582787566	3.79777866498648	4.83914707239863
1.78908008247016	2.7269061478325	3.82513230267063	4.87792475215819
1.79547848105633	2.75992357340922	3.83240638053923	4.89869832227793
1.8018768796425	2.73221591342127	3.83751113295574	4.93190495001775
1.80827527822867	2.72929123708221	3.85470511949654	4.96080260598357
1.81467367681484	2.79761936714709	3.87081261179465	4.93347112451315
1.82107207540101	2.76650643147667	3.88867044479767	4.98635241965849
1.82747047398718	2.80169838375975	3.90402774535527	5.00736627052972
1.83386887257335	2.80914914562429	3.90234992260548	5.01671805433783
1.84026727115952	2.8335245331482	3.92127423263853	4.99600226301186
1.84666566974569	2.84155088475365	3.95931055434398	5.06839665275667
1.85306406833186	2.85037352821451	3.94047411894321	5.04931679702508
1.85946246691803	2.83999487971471	3.96995356884763	5.0212038896218
1.8658608655042	2.80247960075805	3.97693388810456	5.092026681
1.87225926409037	2.88547743640996	4.0042199906837	5.12278440658673
1.87865766267654	2.85480886199401	4.00369764201973	5.07828811174749
1.88505606126271	2.87702412515218	4.01934105135834	5.09158822481715
1.89145445984888	2.87235957972593	4.03123455824417	5.15278192381241
1.89785285843505	2.88961401119981	4.0489363565637	5.13874977006699
1.90425125702122	2.9306411442061	4.06359284883814	5.216693369092
1.91064965560739	2.90271586086276	4.06618562797477	5.18909885340272
1.91704805419356	2.94785482094081	4.09083147219218	5.18640358405166
1.92344645277972	2.98446683241593	4.09903176901815	5.24199851194595
1.92984485136589	2.92725415982125	4.11010468901471	5.27457842928969
1.93624324995206	2.98549477333027	4.12935351761927	5.24175771568752
1.94264164853823	2.99133257008238	4.13445602991627	5.31457371307124
1.9490400471244	3.01599976503715	4.1422863670276	5.27658580487725
1.95543844571057	2.99782175668438	4.17574835513922	5.30489494198061
1.96183684429674	2.99825088153177	4.16586749225897	5.30995092501517
1.96823524288291	2.99230087332554	4.19229388278359	5.36144240930875
1.97463364146908	3.0373335282878	4.20712216850577	5.32812148691367
1.98103204005525	2.99475448887695	4.23319474775398	5.38013283732898
1.98743043864142	3.05629271996095	4.22694583364544	5.35249507339682
1.99382883722759	3.10053561188141	4.23393649029413	5.40132409835591
2.00022723581376	3.06926025707959	4.25790217162537	5.39756194981369
2.00662563439993	3.12118006695121	4.27938930721133	5.40340921362187
2.0130240329861	3.11238927530618	4.29248591675481	5.46009555758758
2.01942243157227	3.11818912976901	4.30462492086317	5.46165040817151
2.02582083015844	3.09472881165426	4.30474797560157	5.44967225705623
2.03221922874461	3.14037937422067	4.31298145360878	5.46634700427177
2.03861762733078	3.19988514258184	4.33639473745382	5.49573945151421
2.04501602591695	3.16339580015355	4.34164884906829	5.50336234759618
2.05141442450312	3.17277158548423	4.36292687672667	5.53333104856391
2.05781282308929	3.21403022972566	4.36680232029945	5.5879430286748
2.06421122167546	3.21132394562932	4.39573215402406	5.59939792864456
2.07060962026162	3.20878691378103	4.41594434815471	5.59747016577947
2.07700801884779	3.22977230528762	4.40868867678145	5.59462232864213
2.08340641743396	3.23314865360961	4.44365254276781	5.62477616864189
2.08980481602013	3.19105618991928	4.43537106393104	5.64142144377711
2.0962032146063	3.26165976004228	4.45723973444169	5.67057180821887
2.10260161319247	3.22054481506727	4.46677506145897	5.64040786526277
2.10900001177864	3.26772834692846	4.47174663390008	5.63545696854413
2.11539841036481	3.23764464748536	4.50851709113396	5.67578615926729
2.12179680895098	3.26842528643416	4.51662781348516	5.75690431576604
2.12819520753715	3.25410796857682	4.52692569883097	5.751715246978
2.13459360612332	3.30104331824665	4.5416950306544	5.73574823258367
2.14099200470949	3.36738763121601	4.53936187706322	5.74867848646595
2.14739040329566	3.32588944207847	4.57300654248483	5.75142445534175
2.15378880188183	3.34543494242024	4.56371093528238	5.7481231211038
2.160187200468	3.38546562362102	4.5765004967632	5.76972387255398
2.16658559905417	3.39542751030683	4.61386348538868	5.82094519622061
2.17298399764034	3.36757100305691	4.60003197891203	5.82754964345451
2.17938239622651	3.35263212323181	4.64681558060351	5.85706462355515
2.18578079481268	3.3403736382226	4.65058229156186	5.87409301570704
2.19217919339885	3.43147455864177	4.65718919781421	5.82913227441009
2.19857759198502	3.393715316695	4.6740928507573	5.89582864129828
2.20497599057119	3.41212857759783	4.66905126973072	5.91246810870223
2.21137438915735	3.4723179761199	4.67845263759529	5.91117191301363
2.21777278774353	3.42366238403146	4.69805562813418	5.96463797356933
2.22417118632969	3.45858860967337	4.71714713039896	5.93900408520298
2.23056958491586	3.46018400687298	4.72748585472061	5.93253982359805
2.23696798350203	3.44088998817882	4.75820528287778	5.95374031674312
2.2433663820882	3.50489515789864	4.76233941008305	5.98263998267158
2.24976478067437	3.48756855488039	4.77722071224809	6.01198588431702
2.25616317926054	3.47542313294848	4.7798248713202	6.0126529726135
2.26256157784671	3.49106437336224	4.81550633565145	6.02460220492869
2.26895997643288	3.54392961140256	4.83487682169672	6.09629315949156
2.27535837501905	3.58053230124306	4.83677961757409	6.06465093417449
2.28175677360522	3.5772513582757	4.85052161843593	6.11144074053803
2.28815517219139	3.54415609143059	4.84984478632457	6.05724944291837
2.29455357077756	3.54449301794853	4.8881100453531	6.10239170991824
2.30095196936373	3.57423896094931	4.87336771529809	6.14822639705287
2.3073503679499	3.56751942697787	4.90008897915607	6.11934587353017
2.31374876653607	3.59418326334099	4.89812589396066	6.204802860247
2.32014716512224	3.64238416039767	4.9187023212249	6.15037900801242
2.32654556370841	3.57934690057037	4.94456519968424	6.23260016504917
2.33294396229458	3.6190552058673	4.94949308742623	6.20677443480349
2.33934236088075	3.6164469593082	4.95992917042139	6.2303984942373
2.34574075946692	3.6851984379416	4.97149516804405	6.25397121889713
2.35213915805309	3.6840097145017	4.99913990781276	6.24553185670303
2.35853755663926	3.6605007026164	4.99168001061884	6.30156190767258
2.36493595522542	3.67505685786985	5.01639730686791	6.35095547131368
2.37133435381159	3.7103168708739	5.02340169872457	6.33223638242984
2.37773275239776	3.71918982169414	5.04700809173882	6.33611358509991
2.38413115098393	3.68696868159533	5.04874644703249	6.32982597314094
2.3905295495701	3.73676849078351	5.06616691797609	6.41266974038798
2.39692794815627	3.77122440960999	5.09269810126453	6.38859624851007
2.40332634674244	3.72780551033539	5.11082186111439	6.37037846469766
2.40972474532861	3.75316034855114	5.09512315562152	6.41784451935634
2.41612314391478	3.74050901098303	5.11777014760802	6.38152353949577
2.42252154250095	3.78397142777247	5.13548533412711	6.43611465497308
2.42891994108712	3.7968558120162	5.13574104704993	6.47130536588024
2.43531833967329	3.83290570955413	5.15796556561325	6.48243081646481
2.44171673825946	3.82384339884555	5.17248554920544	6.53096775177425
2.44811513684563	3.84528486477758	5.1835871505801	6.48725430657954
2.4545135354318	3.82435897327812	5.19061243530124	6.53265623006761
2.46091193401797	3.85799898666788	5.23606715981347	6.51420632453351
2.46731033260414	3.86468036256464	5.22856000202929	6.54236524675461
2.47370873119031	3.92439673732207	5.22954703751764	6.60464106255885
2.48010712977648	3.87676102676687	5.25987302260045	6.5631731954985
2.48650552836265	3.91733127662835	5.26094226747434	6.56863810954957
2.49290392694882	3.91466220319316	5.27888526242484	6.60223073764952
2.49930232553499	3.94719098809495	5.30069074324628	6.5785323773207
2.50570072412116	3.91069576271647	5.31909177443557	6.62048932325444
2.51209912270732	3.96587953406594	5.32608888669525	6.68943465572327
2.5184975212935	3.95357167031895	5.32057210571451	6.64174404914466
2.52489591987966	3.96105354785818	5.35414092649803	6.72384297711824
2.53129431846583	3.96232182877174	5.34519563656712	6.69389420458523
2.537692717052	4.02013465963456	5.36758267399167	6.75564940078683
2.54409111563817	4.00566933017939	5.39372804873007	6.70615810214458
2.55048951422434	4.01752790021208	5.39699119349903	6.78170413656448
2.55688791281051	4.02214052522899	5.3922656880131	6.79436251700495
2.56328631139668	4.01963220455677	5.41620504496364	6.79477696892013
2.56968470998285	4.06781382575764	5.43925289391073	6.82311201497302
2.57608310856902	4.04132542299956	5.44746410005826	6.81063336569688
2.58248150715519	4.022500338043	5.4677483926389	6.85312195303266
2.58887990574136	4.0795305858361	5.47932961990782	6.84311175241521
2.59527830432753	4.07597676725882	5.49152571782885	6.90438867796542
2.6016767029137	4.11652211398983	5.50405291621843	6.86067751728634
2.60807510149987	4.13292374065113	5.51423226630285	6.86373251756337
2.61447350008604	4.09629820590899	5.5236693744247	6.91903332449505
2.62087189867221	4.13038953236902	5.53660724882756	6.94322826449509
2.62727029725838	4.15484443526684	5.55999656163938	6.96731719889636
2.63366869584455	4.15354050636481	5.57543387015171	6.96936731045436
2.64006709443072	4.15150368537074	5.60505060079378	6.92290625040313
2.64646549301689	4.16581425033794	5.59540094161084	6.9729009879482
2.65286389160306	4.20765658244104	5.61411392116147	7.02328957531521
2.65926229018923	4.14436178241868	5.60993384609847	7.00817095507939
2.66566068877539	4.23007176032232	5.65204800037497	6.99219729545915
2.67205908736156	4.19752883848408	5.65370950445498	7.040625106193
2.67845748594773	4.1852018919937	5.64605999945736	7.10085280838029
2.6848558845339	4.21596222667234	5.66839406162611	7.10388481056638
2.69125428312007	4.227438029265	5.69314352044606	7.06138224504598
2.69765268170624	4.26873029465844	5.7237532390992	7.10961895973036
2.70405108029241	4.2600419728939	5.72028875554818	7.15429943325542
2.71044947887858	4.27588002223287	5.74120511447049	7.15858561698367
2.71684787746475	4.33861968942924	5.75695331225886	7.19274417062897
2.72324627605092	4.31003606081985	5.75420740452808	7.21191455046318
2.72964467463709	4.29342426013922	5.7993235761944	7.22867830290498
2.73604307322326	4.30940606433115	5.77363584905367	7.21572646285147
2.74244147180943	4.32900804935296	5.7857962604876	7.21532678777294
2.7488398703956	4.34224313445673	5.80787001405132	7.21559495293548
2.75523826898177	4.34667509127072	5.83621077633801	7.30507773941786
2.76163666756794	4.33484142985648	5.82957258671911	7.2783648986133
2.76803506615411	4.37341291290777	5.84217133232192	7.24639579083818
2.77443346474028	4.41874389954426	5.87339551021344	7.29540155626818
2.78083186332645	4.37869490173212	5.88304466536455	7.33044502636309
2.78723026191262	4.38172834844214	5.91257115879605	7.27250566794231
2.79362866049879	4.37082702650233	5.91683385329417	7.3931253998224
2.80002705908496	4.40385307634012	5.90844014574618	7.34627518418955
2.80642545767113	4.41803287474273	5.94197856216553	7.37946044523835
2.81282385625729	4.46910743869465	5.94031862116848	7.4389875019281
2.81922225484346	4.46240364937885	5.95052583646018	7.41038826060747
2.82562065342963	4.41839941398659	5.98702230184178	7.40939105562469
2.8320190520158	4.46754548352348	5.99187514812094	7.42334638282884
2.83841745060197	4.47305724298527	5.99954004903784	7.41053017502823
2.84481584918814	4.48193777698683	6.01257881038671	7.46454246126135
2.85121424777431	4.52079056865298	6.01443604151626	7.5342128898926
2.85761264636048	4.56331834978044	6.03870414031747	7.5282818136588
2.86401104494665	4.49017648602413	6.04642203129765	7.54337828093935
2.87040944353282	4.48872994119749	6.06507259281115	7.55462406173782
2.87680784211899	4.5428080708182	6.0654312492905	7.57119491109022
2.88320624070516	4.51810859265081	6.08182907711558	7.65661317986846
2.88960463929133	4.54506306739088	6.10476763507086	7.62699393608885
2.8960030378775	4.61685863888775	6.11125916566874	7.60515773486561
2.90240143646367	4.57757974339823	6.15529392884924	7.647289789524
2.90879983504984	4.57251074435546	6.13030155881928	7.61150292689983
2.91519823363601	4.59107955549544	6.15375103146172	7.65992124273268
2.92159663222218	4.61660045151956	6.17632881954274	7.63934605977257
2.92799503080835	4.6093604354396	6.17598054157497	7.65615947881327
2.93439342939452	4.70912681248694	6.18383352302337	7.72266183660703
2.94079182798069	4.61420916320408	6.21533086603461	7.73828998782313
2.94719022656686	4.60251300805579	6.21157161705813	7.7734238500385
2.95358862515303	4.67530275252594	6.22886746582401	7.74701949518543
2.9599870237392	4.6886754522302	6.25594016821745	7.74584679922717
2.96638542232536	4.65743929249771	6.26689429730661	7.81757009860257
2.97278382091153	4.69835009593035	6.27722872756242	7.86195830903755
2.9791822194977	4.72971613781439	6.30537975661187	7.83148362233552
2.98558061808387	4.73525694932731	6.29114010710525	7.81247972816596
2.99197901667004	4.74567854158833	6.30230097413977	7.83755089906254
2.99837741525621	4.76553895279582	6.3087558033851	7.93689335623571
3.00477581384238	4.80271273960518	6.33647501997044	7.90739902880738
3.01117421242855	4.7777344994917	6.34496300033998	7.8963909921622
3.01757261101472	4.83832000637282	6.36944184227139	7.86148982204428
3.02397100960089	4.76072217431982	6.38715173157832	7.93847653780737
3.03036940818706	4.83502202652653	6.37887743649015	7.97309889659232
3.03676780677323	4.85278519027696	6.41670560086693	7.96331590172616
3.0431662053594	4.85682547750131	6.42417674622415	7.97503024406995
3.04956460394557	4.77812437961229	6.43521567618487	7.977501573935
3.05596300253174	4.85885423258631	6.43890787767044	8.0507862336945
3.06236140111791	4.89492126138533	6.45770280936624	8.03156742628606
3.06875979970408	4.87693070853491	6.4709952691494	8.03059599181526
3.07515819829025	4.88017466824422	6.49749703911585	8.07105974529848
3.08155659687642	4.84367762217508	6.5098395556532	8.04424049432819
3.08795499546259	4.93218073328638	6.52552900156317	8.08278899418796
3.09435339404876	4.9074694805266	6.53067131503071	8.15499309102616
3.10075179263493	4.92674403548591	6.53076083319798	8.10386146955059
3.1071501912211	4.87333191266039	6.53635992138659	8.16032640181261
3.11354858980726	4.92578021061476	6.57025362238949	8.15299247255535
3.11994698839343	4.92860092699717	6.58274482422283	8.12547695416433
3.1263453869796	4.93521650996367	6.58241618445477	8.17114991830454
3.13274378556577	4.94181313406143	6.59136552470064	8.18058477698821
3.13914218415194	5.01741305173043	6.61176738300186	8.28568147943507
3.14554058273811	5.02646411672589	6.61457402918022	8.23617354137364
3.15193898132428	5.00663087582721	6.64124947016278	8.20223441121017
3.15833737991045	5.03827150044263	6.66733079942398	8.28077494749564
3.16473577849662	5.05125779244382	6.65531576119558	8.28121868675077
3.17113417708279	5.04493733213603	6.67882321879048	8.31465402367575
3.17753257566896	5.0931484400789	6.71210342020983	8.31415100929227
3.18393097425513	5.04554039097357	6.70077187087056	8.29854543834899
3.1903293728413	5.01172112015397	6.71077769531758	8.37847381452667
3.19672777142747	5.05210571153527	6.73779717786556	8.35387063126725
3.20312617001364	5.0571527017166	6.73909926648156	8.38485802066889
3.20952456859981	5.07392241096734	6.78341355654713	8.39612784256297
3.21592296718598	5.05953507055944	6.7935272662596	8.40757211800483
3.22232136577215	5.14215198166312	6.78580607976617	8.48507570159967
3.22871976435832	5.05929806694207	6.80323531064729	8.43542236156333
3.23511816294449	5.15820925692349	6.82125291771847	8.44707159072775
3.24151656153066	5.17052469243198	6.83198698698045	8.48796688795589
3.24791496011683	5.16317534584167	6.83610003215771	8.45501312326567
3.25431335870299	5.16191537722326	6.86704476823474	8.54203683274619
3.26071175728916	5.26229090984619	6.85523423921395	8.50108922443481
3.26711015587533	5.14718926549983	6.88162090266884	8.50489079991537
3.2735085544615	5.19078749155643	6.89145327645811	8.51619730159351
3.27990695304767	5.29022860034194	6.91184461170736	8.54838619878338
3.28630535163384	5.20484477817933	6.92190244208344	8.63689832382699
3.29270375022001	5.19179739294843	6.93239594919963	8.60287671839711
3.29910214880618	5.23167435218095	6.95824030615359	8.60515148497624
3.30550054739235	5.22843178240292	6.9721787215605	8.66653358955114
3.31189894597852	5.27169797012372	6.98249249187803	8.63357871463386
3.31829734456469	5.38962501893628	6.98362437799136	8.65809779136138
3.32469574315086	5.28506775433266	7.00388476350566	8.63730799329359
3.33109414173703	5.32153711396041	7.01405974172743	8.66811796786946
3.3374925403232	5.31058938477387	7.03819765970316	8.75554304686163
3.34389093890937	5.31228127743159	7.03555969872306	8.70317659937798
3.35028933749554	5.32916033050991	7.07379672624067	8.7429028632671
3.35668773608171	5.29858074428301	7.0700054968682	8.76664284331994
3.36308613466788	5.34343425188519	7.08997422458745	8.76752782988698
3.36948453325405	5.34806942787448	7.09469331204982	8.79335163725567
3.37588293184022	5.39454345085273	7.11536459570074	8.83872775248549
3.38228133042639	5.36964551614129	7.12589128716536	8.80534949994573
3.38867972901256	5.39020485947544	7.1204189010626	8.89449560023344
3.39507812759873	5.40592873629051	7.11854471436222	8.80982348850959
3.4014765261849	5.40278125855271	7.14288321575001	8.91587156339524
3.40787492477106	5.38223716530172	7.16573351681005	8.87603974979103
3.41427332335723	5.4463106815614	7.17864384421109	8.9105573914429
3.4206717219434	5.43616379660422	7.20821041468702	8.86910209623323
3.42707012052957	5.50401518322746	7.22881579501619	8.9094282325905
3.43346851911574	5.48674570147287	7.23733709118828	8.96580619884105
3.43986691770191	5.39993562866057	7.24683996261119	8.94815253411911
3.44626531628808	5.52142044679539	7.27457677143706	8.98295999316168
3.45266371487425	5.50089768671206	7.25952272848547	9.02637924728983
3.45906211346042	5.51540112841998	7.29911791203115	9.01001258838704
3.46546051204659	5.50356585123893	7.30793288092385	9.0347921575106
3.47185891063276	5.51807607002337	7.31455557201718	9.10494674237819
3.47825730921893	5.56164686648118	7.3398245313851	9.05900417674328
3.4846557078051	5.55567234919479	7.34659185142942	9.09231017671857
3.49105410639127	5.58181207804504	7.35634903399358	9.11863358152103
3.49745250497744	5.61876055553171	7.34956317664551	9.11435704678426
3.50385090356361	5.65222398006131	7.35246916001644	9.15439545878506
3.51024930214978	5.62848644913786	7.38401765562963	9.14457505009368
3.51664770073595	5.59378258784076	7.39953531304278	9.10983434949459
3.52304609932212	5.62470407484502	7.43286395722959	9.1541353269829
3.52944449790829	5.64190427986882	7.43808110716133	9.17624840432198
3.53584289649446	5.64350414067198	7.43057305035035	9.22005234722469
3.54224129508063	5.61954100925753	7.45898148863939	9.22556305058939
3.5486396936668	5.61742787888255	7.46777802591401	9.2060524921178
3.55503809225296	5.70306683338904	7.49616731763977	9.36000551760468
3.56143649083913	5.73439888575754	7.47475216944654	9.27685378742873
3.5678348894253	5.68228957566443	7.49102194106871	9.29340169755193
3.57423328801147	5.73482082121681	7.49754663443259	9.26431522908754
3.58063168659764	5.71494703043814	7.5350905736503	9.36660824481038
3.58703008518381	5.7950968097024	7.5471308232405	9.33278094432413
3.59342848376998	5.70260385611582	7.56013969222562	9.3132532620488
3.59982688235615	5.73395831135282	7.56430793408377	9.31961425452293
3.60622528094232	5.72450867016923	7.57668034182171	9.34887623577653
3.61262367952849	5.70933701604963	7.6110990441836	9.39096359535143
3.61902207811466	5.76681840860946	7.60960975761188	9.42055405740588
3.62542047670083	5.81103962778791	7.59680227952656	9.41410962076158
3.631818875287	5.72696062144982	7.63641907822228	9.44010167485061
3.63821727387317	5.83038597470196	7.65602658705066	9.43708260374529
3.64461567245934	5.80846274733467	7.65523849557756	9.53557423620579
3.65101407104551	5.81676902657751	7.68625740153002	9.46406819652457
3.65741246963168	5.8366386490374	7.67533425575699	9.50082543802772
3.66381086821785	5.84370097063296	7.69316336566166	9.52292810058201
3.67020926680402	5.82731282542857	7.73363805093467	9.55726603931991
3.67660766539019	5.90515634491802	7.7442138484226	9.55955925194446
3.68300606397636	5.88890336409807	7.75354536581632	9.59079095868719
3.68940446256253	5.897750323365	7.74410916390021	9.59681450744772
3.6958028611487	5.91774925431055	7.79605489015946	9.59695240690313
3.70220125973486	5.92096663081715	7.75649974050657	9.62932157361753
3.70859965832103	5.87764702093403	7.81219163346235	9.72620465357931
3.7149980569072	5.97275649316051	7.82075811781604	9.65324970983685
3.72139645549337	5.92352098246331	7.81458578279802	9.73653831126827
3.72779485407954	5.97329142789092	7.84276458232392	9.74153596382088
3.73419325266571	5.93205339695792	7.83414281756883	9.74163080124633
3.74059165125188	6.00774588323063	7.86252825129284	9.68795561715724
3.74699004983805	5.98714672270267	7.87443596079733	9.72463216518791
3.75338844842422	6.01014033305548	7.87960421833775	9.74884881881763
3.75978684701039	6.00087479499048	7.90796017587837	9.77562869632795
3.76618524559656	6.00598002471383	7.90202942170593	9.80573210325873
3.77258364418273	6.08861827487307	7.92347904700587	9.80489037075636
3.7789820427689	6.12104274951501	7.9492659385904	9.75319625470188
3.78538044135507	6.08046134073114	7.95646715487409	9.85367481380267
3.79177883994124	6.05037366358323	7.95670385563628	9.83750923879436
3.79817723852741	6.03894621657422	7.99606871303688	9.89084310862844
3.80457563711358	6.08075127276723	8.0112305784388	9.92431670953056
3.81097403569975	6.12070635251384	8.00470979528066	9.88423307292945
3.81737243428592	6.1143586063805	8.01898420136933	9.8909630794843
3.82377083287209	6.16236444785154	8.03706376147614	9.92342147743439
3.83016923145826	6.13545312261915	8.06462913690799	9.93100609973252
3.83656763004443	6.1851440228866	8.04502860293139	9.9462264669093
3.8429660286306	6.16489966363139	8.0857814861199	9.98449704305611
3.84936442721677	6.15802457413044	8.08884398059189	10.0085106801647
3.85576282580293	6.13580481724762	8.0855484431444	10.0094349070485
3.8621612243891	6.2019528911648	8.0908566954573	10.0465915486389
3.86855962297527	6.22242656448445	8.14189096550276	10.0445583093297
3.87495802156144	6.18384376185838	8.14471459447742	10.020037194768
3.88135642014761	6.18578986175181	8.16102860971819	10.0941281883373
3.88775481873378	6.23480252721517	8.15503107496897	10.117761075603
3.89415321731995	6.2032792514197	8.17491004496528	10.0976142440515
3.90055161590612	6.23486432296589	8.21604004584454	10.1389238871452
3.90695001449229	6.26937454949309	8.21935578070429	10.1423193968906
3.91334841307846	6.23351352285939	8.23125478420171	10.1254229563925
3.91974681166463	6.26966785806193	8.23199602886114	10.1606351168899
3.9261452102508	6.28198767013202	8.26014005471018	10.1481231923792
3.93254360883697	6.32592635640737	8.23775810885566	10.2172239773389
3.93894200742314	6.25611246175447	8.26826807834501	10.2562440779059
3.94534040600931	6.25938142299308	8.28778471881467	10.228978581306
3.95173880459548	6.36148031630738	8.30757917517599	10.3164203515651
3.95813720318165	6.31628504771069	8.29808995124298	10.3092223819943
3.96453560176782	6.36480757098511	8.31339400108394	10.2994461300204
3.97093400035399	6.35380399036913	8.33338211001425	10.2665842443372
3.97733239894016	6.34608375270507	8.35211964881836	10.2815159211212
3.98373079752633	6.38454461930584	8.34894761387775	10.3354838310637
3.9901291961125	6.39774680195075	8.38637431540032	10.3691460778353
3.99652759469866	6.46796211037622	8.39843638902862	10.3330845168865
4.00292599328484	6.43248728705639	8.41899355976887	10.3597421963094
4.009324391871	6.38463672630215	8.42742665825138	10.452868990694
4.01572279045717	6.44272951323739	8.420251298133	10.4053504139328
4.02212118904334	6.45718410133681	8.44323246762129	10.437222749499
4.02851958762951	6.44997498204559	8.4536191567737	10.4914351521075
4.03491798621568	6.50729773467372	8.455270354362	10.48458948325
4.04131638480185	6.45087821564161	8.49782952624989	10.501587870075
4.04771478338802	6.47384428118762	8.49901023275146	10.4744945463561
4.05411318197419	6.46109605509333	8.50133318210972	10.5178219555429
4.06051158056036	6.49974378403847	8.5005230213318	10.5093170005238
4.06690997914653	6.52331934468661	8.53920186435872	10.5962230305458
4.0733083777327	6.46371128376083	8.55459887365864	10.5639506734205
4.07970677631887	6.47169591502783	8.58093057082338	10.6003452110528
4.08610517490504	6.55973277902998	8.59062096191614	10.5768535668421
4.09250357349121	6.58178008638646	8.58283822367369	10.6313597106629
4.09890197207738	6.59180220895352	8.62757360243307	10.630170741387
4.10530037066355	6.62798151638852	8.62487495513003	10.6371175647972
4.11169876924972	6.57477295777759	8.64158933578169	10.6524373733617
4.11809716783589	6.63108961785293	8.64330226379245	10.7135444192746
4.12449556642206	6.63775009078939	8.65336121152974	10.6665419342101
4.13089396500823	6.59870396120237	8.6864973578445	10.7161348436994
4.1372923635944	6.61564462921032	8.67927909138361	10.6948212490144
4.14369076218057	6.61222339664906	8.70934485559499	10.7068732938577
4.15008916076673	6.66751228343603	8.72032461212197	10.7717216004754
4.1564875593529	6.69802966709271	8.74016311511159	10.7822439978412
4.16288595793907	6.62672417770496	8.74304883609969	10.7770843817929
4.16928435652524	6.65437689071274	8.76064472137827	10.7574331086766
4.17568275511141	6.73622987567912	8.77545165229943	10.7788712796188
4.18208115369758	6.73314281161532	8.7566061585532	10.8529903023511
4.18847955228375	6.68934942642397	8.785261316774	10.8903846521667
4.19487795086992	6.75490931475186	8.79668755404685	10.8491440778656
4.20127634945609	6.72326796811263	8.8245626348466	10.8693769356464
4.20767474804226	6.81306221690676	8.82182838647976	10.8546875355652
4.21407314662843	6.74202129402106	8.85022288890645	10.9916321982589
4.2204715452146	6.81430780257749	8.84105584281486	10.9063204865722
4.22686994380077	6.79271812543767	8.84411643062852	10.951925146858
4.23326834238694	6.78168026904064	8.87742262021668	10.9301962033231
4.23966674097311	6.82421874223408	8.90605368893928	11.0042884475198
4.24606513955928	6.81071119022136	8.91560633328062	11.0419495737872
4.25246353814545	6.80257631176622	8.90723662923715	10.9142879208441
4.25886193673162	6.83604173403265	8.91890387105233	11.0471310573634
4.26526033531779	6.87247830217646	8.92203210341147	11.0687601531443
4.27165873390396	6.85382082748293	8.97444987227364	11.0382000368744
4.27805713249013	6.8478156932393	8.97883475069049	11.0559620976786
4.2844555310763	6.88372311277836	8.99862728276578	11.1346246550865
4.29085392966246	6.87948496911537	9.00508066510703	11.0989594630048
4.29725232824863	6.80329914759099	9.01550326536663	11.1326796989616
4.3036507268348	6.91022982238383	9.03097520270923	11.1630223401192
4.31004912542097	6.87751851471059	9.05092842319176	11.1461577706114
4.31644752400714	6.94887072623535	9.06937995097237	11.1696952361288
4.32284592259331	6.93224229367456	9.06943673064285	11.2103970798196
4.32924432117948	6.94525482755667	9.07838696074874	11.196760745209
4.33564271976565	6.9341814602963	9.07787023728069	11.2151111009199
4.34204111835182	6.96931518332322	9.10881153371042	11.2661772854819
4.34843951693799	6.92371705880626	9.12816477201207	11.2631608210553
4.35483791552416	6.99926396184151	9.13460495188057	11.2761070421972
4.36123631411033	6.98310433501993	9.13747195647636	11.2881272994129
4.3676347126965	6.99956933736732	9.16533510221865	11.280718365522
4.37403311128267	7.08550290917666	9.15968995644042	11.3385485701908
4.38043150986884	7.00858473280288	9.1762261307548	11.3057202941611
4.38682990845501	7.00266439378423	9.22213727088864	11.318807842424
4.39322830704118	7.07253162388761	9.22039183965253	11.3654579225218
4.39962670562735	7.0477290938589	9.22823380500736	11.3803359091427
4.40602510421352	7.079406593735	9.23327288322777	11.3962162330587
4.41242350279969	7.0849462352739	9.2534407609815	11.4344993305916
4.41882190138586	7.07094883318946	9.28018428910002	11.4081033803851
4.42522029997203	7.12218690460883	9.27462420145391	11.4287602724937
4.43161869855819	7.07532358780117	9.30453848123503	11.4390469568643
4.43801709714437	7.1335718124535	9.2822805705173	11.48107966931
4.44441549573054	7.11631727135982	9.31795409509151	11.4883622180608
4.4508138943167	7.13872473805096	9.33534738492498	11.5358097547002
4.45721229290287	7.14061918169567	9.35647783361493	11.49745438148
4.46361069148904	7.18402732493518	9.34266122982588	11.4945493397311
4.47000909007521	7.10993474438659	9.38348647753095	11.5277915434248
4.47640748866138	7.19328086429668	9.38305321040444	11.5664773367135
4.48280588724755	7.16022226975376	9.41542812148757	11.619198756785
4.48920428583372	7.17530393303213	9.40060515532195	11.6221468232714
4.49560268441989	7.23250390855075	9.42736978526324	11.5862079408088
4.50200108300606	7.21981248325345	9.43433136399489	11.6442980203126
