"mitochan"	"lwrNorm"	"medNorm"	"uprNorm"
-1.90327037354145	-4.44748209456648	-3.26482188046562	-2.18015640326946
-1.89616204912226	-4.41520359633443	-3.24989176761275	-2.08087757595315
-1.88905372470308	-4.46054127788586	-3.25205035284226	-2.1169309678835
-1.88194540028389	-4.42861350247292	-3.24658458916504	-2.07197124852188
-1.8748370758647	-4.4226663521461	-3.20966953464449	-2.11438109999505
-1.86772875144552	-4.41057267927798	-3.21080175197576	-2.10176246082626
-1.86062042702633	-4.40606206427204	-3.20657641520723	-2.08916649304005
-1.85351210260715	-4.41083673059367	-3.20337775437276	-2.08129417398392
-1.84640377818796	-4.3668195084842	-3.17323023171736	-2.06696998956471
-1.83929545376877	-4.31405665718833	-3.16482859569621	-2.05270274528038
-1.83218712934959	-4.30495203502958	-3.17633883813391	-2.05806613988031
-1.8250788049304	-4.27399273024511	-3.12753858073979	-2.01903328060836
-1.81797048051122	-4.34151417620757	-3.11774074755953	-1.98754549581885
-1.81086215609203	-4.31745931452012	-3.12070815364563	-1.97584215753636
-1.80375383167284	-4.25309654881837	-3.09814190037437	-2.01456841294309
-1.79664550725366	-4.22894369894728	-3.09230950839988	-2.0194316772857
-1.78953718283447	-4.222426250609	-3.08270676072688	-1.9959371454529
-1.78242885841529	-4.23355679852143	-3.05846681291994	-1.98265947312989
-1.7753205339961	-4.22922384318154	-3.04953225372724	-1.97772672784283
-1.76821220957691	-4.17852925990039	-3.03568770598485	-1.95099191072073
-1.76110388515773	-4.14887545086904	-3.02683241706617	-1.92088979142573
-1.75399556073854	-4.13153952826186	-3.03314561934305	-1.92977681243357
-1.74688723631936	-4.14596861880802	-2.99157221729373	-1.88647793039951
-1.73977891190017	-4.14240363893295	-2.98247695946395	-1.90011532005237
-1.73267058748098	-4.10420141281457	-2.98323880338629	-1.90600832134765
-1.7255622630618	-4.12667910271536	-2.96628075738751	-1.89212270841392
-1.71845393864261	-4.03489419237252	-2.96251597038535	-1.84048988667894
-1.71134561422343	-4.04113086037154	-2.92835471283948	-1.88355270509515
-1.70423728980424	-4.0594663017495	-2.92334962323262	-1.86337629423865
-1.69712896538505	-4.03639608619974	-2.89259381235112	-1.85419557930224
-1.69002064096587	-3.96271524557401	-2.91323433985665	-1.8488975623522
-1.68291231654668	-3.97742045205828	-2.88280908475684	-1.80649206443083
-1.6758039921275	-3.96699578073999	-2.87476734722832	-1.80015257562663
-1.66869566770831	-3.9832112391796	-2.86626699977271	-1.81286361215557
-1.66158734328912	-3.92320910625511	-2.85168911120096	-1.77866854092723
-1.65447901886994	-3.96656361845179	-2.85171803298607	-1.75821216629781
-1.64737069445075	-3.94743480753276	-2.81453796756874	-1.82434565233487
-1.64026237003157	-3.87068546965091	-2.8263055742922	-1.81768493013766
-1.63315404561238	-3.88503353421743	-2.80909490837494	-1.77267497889173
-1.62604572119319	-3.86933291474808	-2.78441883818336	-1.7506100844449
-1.61893739677401	-3.87129897334968	-2.77866178654444	-1.71614630747837
-1.61182907235482	-3.83775815915401	-2.75666002931918	-1.75625222839019
-1.60472074793564	-3.79998326889713	-2.75983403921989	-1.7239782301407
-1.59761242351645	-3.80994762483755	-2.73250305323573	-1.73750361588793
-1.59050409909726	-3.83761144754182	-2.73446063270194	-1.71715343235224
-1.58339577467808	-3.8089500239875	-2.72823266256706	-1.73576159168647
-1.57628745025889	-3.72649266385191	-2.70349939133956	-1.708004878333
-1.56917912583971	-3.71486295020624	-2.69672218224198	-1.70408287430716
-1.56207080142052	-3.75890898341317	-2.67442852728312	-1.69045991734107
-1.55496247700133	-3.70516442707454	-2.66787595346516	-1.63234377679436
-1.54785415258215	-3.7291877929999	-2.65626941928619	-1.62208119852056
-1.54074582816296	-3.71767527743154	-2.63443845810842	-1.65796854168206
-1.53363750374378	-3.67453785460986	-2.62274610422033	-1.66068714730539
-1.52652917932459	-3.6662275411453	-2.63865675003899	-1.57992397645343
-1.5194208549054	-3.67471634612876	-2.61044454663063	-1.57791100622903
-1.51231253048622	-3.59883383453308	-2.61204069047719	-1.62762747204876
-1.50520420606703	-3.62757070867414	-2.57898161452207	-1.56854316314124
-1.49809588164785	-3.60348714344715	-2.56494921484601	-1.58408233779314
-1.49098755722866	-3.56878678072221	-2.55016834185438	-1.56718662360437
-1.48387923280947	-3.53162800323715	-2.5360961248701	-1.55964223424687
-1.47677090839029	-3.51308467125366	-2.52922508149614	-1.58522149485899
-1.4696625839711	-3.50487840684956	-2.52455440117402	-1.54311997782258
-1.46255425955192	-3.52751826343101	-2.50019953854193	-1.50328012577107
-1.45544593513273	-3.50452348495873	-2.50335482837475	-1.49817437097295
-1.44833761071354	-3.48321256941263	-2.47231298102015	-1.51206550727497
-1.44122928629436	-3.46006563529756	-2.46068824645088	-1.47530386617687
-1.43412096187517	-3.45172204177809	-2.44728746407469	-1.49020524770592
-1.42701263745599	-3.42661362844971	-2.44390904469908	-1.47049915673608
-1.4199043130368	-3.42570997316138	-2.42551938099658	-1.48403886547042
-1.41279598861761	-3.39603403278091	-2.42184696035021	-1.45257164374839
-1.40568766419843	-3.40039151152222	-2.39531905897188	-1.46375430035362
-1.39857933977924	-3.37372641614356	-2.38993425479679	-1.43896662043884
-1.39147101536006	-3.35786374042917	-2.39538556365967	-1.41605354623116
-1.38436269094087	-3.3707866768744	-2.36821557252185	-1.39917444876805
-1.37725436652168	-3.35364794127332	-2.34635085441425	-1.383593253725
-1.3701460421025	-3.32556741737709	-2.34097762743373	-1.39147777261974
-1.36303771768331	-3.30706807600356	-2.33522639652761	-1.40470031893184
-1.35592939326413	-3.30982915468104	-2.31179239340755	-1.35709813564639
-1.34882106884494	-3.26607260297879	-2.30512717556815	-1.3344252492688
-1.34171274442575	-3.26668924441729	-2.29251774853837	-1.39830542285949
-1.33460442000657	-3.23313556944676	-2.28174007583807	-1.32082042081938
-1.32749609558738	-3.23618319001929	-2.25243051736041	-1.3063132862183
-1.3203877711682	-3.20973194250096	-2.25576517122259	-1.31013048053113
-1.31327944674901	-3.22704454082433	-2.24578880065827	-1.34334014779694
-1.30617112232982	-3.19300105768709	-2.21818609594448	-1.28875404082075
-1.29906279791064	-3.20166998736587	-2.23603813164129	-1.3003115769179
-1.29195447349145	-3.1647560570281	-2.20515614418883	-1.28516843774505
-1.28484614907227	-3.15774549629695	-2.19518982821167	-1.26742808409738
-1.27773782465308	-3.16783851073506	-2.17739980930798	-1.2738375115489
-1.27062950023389	-3.0893428069803	-2.18701874766614	-1.24807325153348
-1.26352117581471	-3.09351452871827	-2.15660410821005	-1.23652363172242
-1.25641285139552	-3.09095185487805	-2.12998420236894	-1.25265095403485
-1.24930452697634	-3.07154819551656	-2.12326133942877	-1.22791858193705
-1.24219620255715	-3.01356102981366	-2.13013218751068	-1.24371329322196
-1.23508787813796	-3.04012772631211	-2.10609152003026	-1.17556079264935
-1.22797955371878	-3.06666979876744	-2.08862171160075	-1.18401800785251
-1.22087122929959	-3.02065680451095	-2.09155065744199	-1.15489648036144
-1.21376290488041	-2.98277880035963	-2.06620104422172	-1.11953158938956
-1.20665458046122	-2.98499628352676	-2.05739563849303	-1.11443093846917
-1.19954625604203	-2.97202174534584	-2.05879912161438	-1.10620105054874
-1.19243793162285	-2.96158269197668	-2.03073419197369	-1.12876718122309
-1.18532960720366	-2.95983885558353	-2.03269080605908	-1.12364207636654
-1.17822128278448	-2.91266530189163	-1.99912728551898	-1.11849836194976
-1.17111295836529	-2.91060059945478	-2.00541101585156	-1.12441962621797
-1.1640046339461	-2.87284411342253	-1.96518027481777	-1.0770515012128
-1.15689630952692	-2.92114523196002	-1.95603079661421	-1.0727434120139
-1.14978798510773	-2.82901893925323	-1.9396809395149	-1.09174553785685
-1.14267966068855	-2.87337990323447	-1.95105127573304	-1.05566682602478
-1.13557133626936	-2.84521699463478	-1.92919611310175	-1.03227047743805
-1.12846301185017	-2.82332878506309	-1.92622766406009	-1.06518350498894
-1.12135468743099	-2.82229176948107	-1.90242247984926	-1.05185546542637
-1.1142463630118	-2.80030522431454	-1.89057388036008	-1.04293978374245
-1.10713803859262	-2.76570287859843	-1.89547724170747	-1.04879466478902
-1.10002971417343	-2.72551423114388	-1.88269316327977	-1.0184882682525
-1.09292138975424	-2.73194965277747	-1.85784562183357	-1.00406731410375
-1.08581306533506	-2.72538513859112	-1.85575816110096	-1.00438974765594
-1.07870474091587	-2.70628458750396	-1.833077922313	-1.01536538479474
-1.07159641649669	-2.70084371721488	-1.82207685794861	-1.00676050970376
-1.0644880920775	-2.69982759269267	-1.81524156438955	-0.953709407304863
-1.05737976765831	-2.63782860996526	-1.79445265680864	-0.94906826377832
-1.05027144323913	-2.64258790929009	-1.77728885386294	-0.956170952271194
-1.04316311881994	-2.63368357519982	-1.76040463220089	-0.906032208823241
-1.03605479440076	-2.62449581707347	-1.74785379273404	-0.91756103851674
-1.02894646998157	-2.59079462976651	-1.7486121954528	-0.943697134774918
-1.02183814556238	-2.58770378381922	-1.72455697184923	-0.906350471307843
-1.0147298211432	-2.59216254135606	-1.71932237360955	-0.91295915884351
-1.00762149672401	-2.56956728084298	-1.71183947192845	-0.863213234596523
-1.00051317230483	-2.53555884650948	-1.703118005558	-0.850171397656652
-0.99340484788564	-2.52022450558481	-1.68248671245816	-0.861054960282861
-0.986296523466454	-2.50423975952539	-1.66903927930487	-0.847015492303968
-0.979188199047268	-2.5097969678758	-1.65364787915108	-0.823348667862704
-0.972079874628082	-2.4791354406069	-1.65551134066636	-0.824634288874882
-0.964971550208896	-2.49034887279732	-1.62236488844047	-0.830744231177031
-0.95786322578971	-2.4866632719236	-1.61104301400306	-0.790013969836576
-0.950754901370524	-2.42694897639429	-1.60949203158623	-0.796988789510419
-0.943646576951338	-2.40928711492075	-1.58814976091151	-0.79894218515557
-0.936538252532152	-2.3996810168329	-1.58342938999031	-0.769172066568427
-0.929429928112966	-2.41275238945367	-1.56516108738714	-0.749804672659471
-0.92232160369378	-2.39046252646593	-1.57334314240986	-0.766184429191904
-0.915213279274594	-2.40555082207954	-1.54700200729916	-0.777586315645464
-0.908104954855408	-2.3753805612725	-1.54021879768461	-0.756486746108535
-0.900996630436222	-2.3455006221281	-1.51641887436052	-0.727040671902026
-0.893888306017036	-2.33100064957562	-1.52956210845551	-0.690647939659078
-0.88677998159785	-2.29992117210231	-1.48858122475706	-0.732479825317144
-0.879671657178664	-2.31837353883482	-1.48701714515073	-0.740546112380167
-0.872563332759478	-2.3015210666125	-1.47906465741225	-0.701751093587014
-0.865455008340292	-2.25137820128688	-1.46401306519557	-0.629779245700486
-0.858346683921106	-2.26652429113936	-1.4437417814776	-0.639583837329136
-0.85123835950192	-2.23573464920991	-1.43898438034107	-0.635496360550614
-0.844130035082734	-2.22905295341186	-1.42831204806362	-0.643872676604942
-0.837021710663548	-2.20993130209263	-1.42088458774603	-0.63967479845128
-0.829913386244362	-2.20608894573921	-1.39716308980603	-0.605926999314167
-0.822805061825176	-2.18413482105973	-1.37743800002324	-0.57155492091782
-0.81569673740599	-2.15904679941721	-1.36008557434232	-0.558771719082011
-0.808588412986804	-2.12197199323157	-1.33907563722075	-0.596483568690384
-0.801480088567618	-2.14112230788131	-1.35379747697468	-0.553642463750933
-0.794371764148432	-2.09343854500217	-1.33344665331271	-0.561513710501478
-0.787263439729246	-2.0933227360766	-1.32294428912932	-0.546710728857643
-0.78015511531006	-2.1068010671713	-1.29280969125671	-0.513233944614452
-0.773046790890874	-2.08442338609674	-1.27948582220017	-0.537462523700986
-0.765938466471688	-2.08051323379125	-1.2764594097445	-0.516517758070742
-0.758830142052502	-2.0736609979403	-1.28103058219281	-0.509475704670344
-0.751721817633316	-2.09159149246407	-1.27479194943394	-0.467679954725314
-0.74461349321413	-2.0193116988337	-1.26151983079151	-0.442435667657941
-0.737505168794944	-1.9917284919155	-1.23356391658298	-0.4848120582172
-0.730396844375758	-2.02581890699058	-1.22709795176445	-0.46481093816887
-0.723288519956572	-1.97744732549776	-1.22316024386784	-0.455862968756445
-0.716180195537386	-1.98428282006866	-1.20115534631691	-0.405236980311614
-0.7090718711182	-1.96025847524392	-1.17338472330868	-0.389922121013589
-0.701963546699014	-1.90767263027757	-1.18006450511079	-0.38431957209483
-0.694855222279828	-1.95923760269129	-1.16028786279499	-0.416776762506224
-0.687746897860642	-1.87483065782618	-1.15047407109745	-0.359371000623109
-0.680638573441456	-1.91772219600545	-1.12535174455745	-0.381321518769875
-0.67353024902227	-1.86659189452803	-1.12270016901605	-0.393367072322036
-0.666421924603084	-1.87881137994788	-1.11116996799161	-0.341999037876587
-0.659313600183898	-1.85108657864207	-1.10208503310578	-0.345574060634767
-0.652205275764712	-1.8339446506488	-1.08003040661366	-0.32892955497336
-0.645096951345526	-1.84153181538801	-1.07793545769986	-0.329293163517679
-0.63798862692634	-1.81046785340873	-1.05843564069655	-0.321218497393745
-0.630880302507154	-1.78988961719392	-1.04658729259605	-0.312707245611335
-0.623771978087968	-1.77506881541638	-1.03678539354706	-0.298764098458832
-0.616663653668782	-1.77373190810114	-1.02483567244152	-0.276832444616024
-0.609555329249596	-1.77582141756503	-1.01117264203192	-0.254355277131794
-0.60244700483041	-1.7405347278342	-1.00112151106083	-0.246205297437617
-0.595338680411224	-1.70841883830995	-0.986585290283132	-0.270212441568658
-0.588230355992038	-1.68809353757414	-0.97840570124207	-0.231288985963657
-0.581122031572852	-1.70083914543612	-0.95541711703315	-0.220010714701766
-0.574013707153666	-1.68371943333816	-0.952696621099894	-0.189264672840293
-0.56690538273448	-1.67394135946396	-0.930163169018317	-0.209136416305272
-0.559797058315294	-1.66374512260972	-0.921831876831584	-0.178904220390112
-0.552688733896108	-1.67066158413053	-0.900632137058076	-0.150751041445301
-0.545580409476922	-1.64223733061655	-0.89939733531222	-0.171309501064992
-0.538472085057736	-1.63345385209837	-0.887296469196306	-0.126161398272265
-0.53136376063855	-1.62081863480881	-0.876078088093169	-0.121391423254111
-0.524255436219364	-1.57517071484079	-0.857767552014408	-0.15189063322743
-0.517147111800178	-1.55772334984551	-0.845723218837138	-0.101157605660925
-0.510038787380992	-1.51405109782405	-0.831678999698829	-0.102785593137603
-0.502930462961806	-1.56467013188874	-0.822706774946377	-0.136670563263357
-0.49582213854262	-1.5341179606836	-0.817734681491786	-0.0644542769483791
-0.488713814123434	-1.51907245024355	-0.794802769957969	-0.0455257400157586
-0.481605489704248	-1.48648162021093	-0.805471487554286	-0.0760475655135505
-0.474497165285062	-1.4659050145899	-0.772467007000951	-0.050381671419626
-0.467388840865876	-1.46257961906655	-0.753501799376458	-0.000269998337930915
-0.46028051644669	-1.46970843004368	-0.756804901729843	-0.0503757483720794
-0.453172192027504	-1.4590710652435	-0.737521955413247	-0.0263095054107177
-0.446063867608318	-1.45020050981941	-0.731496926996773	-0.00122211413428876
-0.438955543189132	-1.42024793550026	-0.707719106514217	-0.0252125513856447
-0.431847218769946	-1.41693805666222	-0.699003913624572	0.0520235160363806
-0.42473889435076	-1.38614707578788	-0.682954033720166	0.0521447698452799
-0.417630569931574	-1.38781294819012	-0.664705215741763	0.0360746813013976
-0.410522245512388	-1.35300262189609	-0.659981307029356	0.0540998607583029
-0.403413921093202	-1.35470171215526	-0.648019069139334	0.0907580249825718
-0.396305596674016	-1.33073202663321	-0.638916217731867	0.0702497346802953
-0.38919727225483	-1.3544853951918	-0.615524444401575	0.126901721654868
-0.382088947835644	-1.30257117085136	-0.620823014933098	0.133151535322247
-0.374980623416458	-1.30161082017128	-0.593518689789762	0.0991259186330501
-0.367872298997272	-1.27231579118388	-0.580166604686032	0.151019181142989
-0.360763974578086	-1.28344530979586	-0.567807137891728	0.120260980790525
-0.3536556501589	-1.28036518209772	-0.552923005722876	0.152308162258905
-0.346547325739714	-1.25858890003259	-0.543167472117878	0.159042696840325
-0.339439001320528	-1.22015820794	-0.530855437154903	0.172735774219486
-0.332330676901342	-1.2521605087966	-0.519922937361771	0.186865921073388
-0.325222352482156	-1.19358123799278	-0.510950870097162	0.188057095877605
-0.31811402806297	-1.2140069426132	-0.498011426169352	0.231708425485639
-0.311005703643784	-1.20825571780675	-0.477143843460413	0.19461259380511
-0.303897379224598	-1.20130262021533	-0.470862268036653	0.23211227873669
-0.296789054805412	-1.15614288369486	-0.460761725432689	0.230538326939789
-0.289680730386226	-1.1271050957045	-0.447779587156862	0.264083181776595
-0.28257240596704	-1.11347010641915	-0.435111731268272	0.276271665147747
-0.275464081547854	-1.09030216786548	-0.424736408642171	0.259449925153815
-0.268355757128668	-1.12766318960668	-0.394689984452581	0.30648817513999
-0.261247432709482	-1.10574041385362	-0.397952233022568	0.316799117956269
-0.254139108290296	-1.08138432921464	-0.384089074402264	0.338121870825788
-0.24703078387111	-1.03658934932716	-0.374210505510212	0.29234276714821
-0.239922459451924	-1.05101134169438	-0.3533243346672	0.33650869129337
-0.232814135032738	-1.02462870264981	-0.350598175456512	0.341756793981629
-0.225705810613552	-1.0210265727609	-0.337563533437241	0.336761614155799
-0.218597486194366	-1.02417195402898	-0.337120207865703	0.362449827054616
-0.21148916177518	-0.9996322747732	-0.313712096329866	0.368195433728954
-0.204380837355994	-0.95451426141518	-0.293738466918325	0.431985569943967
-0.197272512936808	-0.953589302432385	-0.290082470476706	0.400857280280053
-0.190164188517622	-0.94689897687222	-0.278174181248292	0.402758868020397
-0.183055864098436	-0.963079318574826	-0.269643637683662	0.413814504464555
-0.17594753967925	-0.92473144927114	-0.244836363288437	0.423743928940669
-0.168839215260064	-0.926286835531604	-0.247768533716447	0.419442990961564
-0.161730890840878	-0.915702279409289	-0.213561109794386	0.448232584426826
-0.154622566421692	-0.900326075297236	-0.221969752408383	0.464782766535708
-0.147514242002506	-0.855254734304733	-0.197850232660911	0.472738251054128
-0.14040591758332	-0.878463152416281	-0.180666458989198	0.510687391826118
-0.133297593164134	-0.855158509317768	-0.160694810292212	0.513329682613422
-0.126189268744948	-0.824796681498583	-0.165964999090058	0.539649041270175
-0.119080944325761	-0.827445031715959	-0.163222437238268	0.559278660282773
-0.111972619906576	-0.817959348775309	-0.134696567845432	0.567634087782966
-0.10486429548739	-0.827947419774444	-0.125670430708958	0.57090457727121
-0.0977559710682034	-0.80906868677036	-0.10475401032594	0.59023821658817
-0.0906476466490176	-0.761045580441559	-0.091987552695517	0.596659703372701
-0.0835393222298315	-0.759704746102988	-0.0760929994085655	0.607605283069077
-0.0764309978106454	-0.78672778699483	-0.0751536938844365	0.634441873984754
-0.0693226733914596	-0.739297747274153	-0.066019981855558	0.621323357135573
-0.0622143489722735	-0.706769622583911	-0.0397897220848226	0.649455827674268
-0.0551060245530874	-0.741458112489697	-0.0351728740471622	0.667495487040692
-0.0479977001339016	-0.690540850944392	-0.0257469285622486	0.680970556103492
-0.0408893757147155	-0.657253062427941	-0.0220634607725104	0.704674993885104
-0.0337810512955294	-0.674602221311577	0.000224725351397938	0.655853815958472
-0.0266727268763434	-0.676882258417028	0.0226159020193537	0.709665331076082
-0.0195644024571575	-0.659959918343123	0.0222400946300492	0.746616585018331
-0.0124560780379714	-0.632539091764214	0.0422628716867126	0.748755882735667
-0.00534775361878537	-0.632381497983997	0.0454670654102461	0.770797190220369
0.00176057080040048	-0.614326717607649	0.0616976187547264	0.791120716840153
0.00886889521958656	-0.598195772403197	0.081082665597665	0.764408591189242
0.0159772196387726	-0.601972614506842	0.0812415037873462	0.778970336817449
0.0230855440579585	-0.592618791664786	0.104815187678089	0.785954044202001
0.0301938684771446	-0.573954583980346	0.112668892745147	0.797643108473222
0.0373021928963306	-0.576279063696543	0.124459910067337	0.819610510886825
0.0444105173155165	-0.528464405035311	0.124179387942427	0.833734152557123
0.0515188417347026	-0.52696165171782	0.154025308481551	0.83444604090042
0.0586271661538886	-0.546993658313396	0.158774986674508	0.842514617759421
0.0657354905730747	-0.519331328685441	0.165601791721588	0.848002822841496
0.0728438149922606	-0.481660908055804	0.188711732743693	0.903248054333887
0.0799521394114466	-0.488728215617403	0.19250611910239	0.933564586634126
0.0870604638306327	-0.505325113244025	0.216956329492353	0.930974269515302
0.0941687882498186	-0.435879509676443	0.221627068246933	0.927178033638707
0.101277112669004	-0.483256508983247	0.246084024259958	0.911138123493696
0.108385437088191	-0.422792181400068	0.258031673508638	0.961139835714033
0.115493761507377	-0.420946537317683	0.28003026907376	0.990550263111345
0.122602085926563	-0.398601035568353	0.283536266393997	0.95116902248603
0.129710410345749	-0.396379111543406	0.294434640110247	0.968879541917172
0.136818734764935	-0.392072594696451	0.325521987640823	1.01986439122654
0.143927059184121	-0.397862508233166	0.326456816567645	1.00705889861572
0.151035383603307	-0.395935002048388	0.330644494755431	1.057231062286
0.158143708022493	-0.352133332848137	0.356637907257676	1.01377529139375
0.165252032441679	-0.294338293477822	0.355126375373559	1.0732540742408
0.172360356860865	-0.33889198557886	0.371389403038301	1.0559079233355
0.179468681280051	-0.317571882225832	0.388942609320334	1.04303218516978
0.186577005699237	-0.302832286627819	0.394898850170886	1.06166933865442
0.193685330118423	-0.265841787319351	0.40470441213545	1.1124972186327
0.200793654537609	-0.264316544594378	0.402621185248458	1.07136461802437
0.207901978956795	-0.212178093662852	0.426105655633012	1.14765890893045
0.215010303375981	-0.256482236078798	0.43246850357184	1.16463024445387
0.222118627795167	-0.231208739220153	0.455670583906021	1.17883544023939
0.229226952214353	-0.219347257187501	0.46368411057341	1.18646689196286
0.236335276633539	-0.215276924369454	0.480798076057549	1.19318636453395
0.243443601052725	-0.218031448167032	0.484426574563769	1.21943328985179
0.250551925471911	-0.171371614853339	0.508404276642904	1.18395457758719
0.257660249891097	-0.193127217885594	0.520215222294671	1.23478672611395
0.264768574310283	-0.177223728719906	0.524993500687927	1.21399305237802
0.271876898729469	-0.137006760131426	0.550421387403712	1.2464437243869
0.278985223148655	-0.157747814670879	0.5572194246815	1.24979904141593
0.286093547567841	-0.137470050308614	0.562153899054438	1.2839463304713
0.293201871987027	-0.102158526072998	0.583845490555245	1.30142860800142
0.300310196406213	-0.116188153135584	0.593429551674622	1.28128767928749
0.307418520825399	-0.0815299742555743	0.607807603907617	1.31925472324886
0.314526845244585	-0.09864037559481	0.630394719244149	1.32267742154871
0.321635169663771	-0.0609007131005337	0.617503189917434	1.37157122090533
0.328743494082957	-0.0734399698151842	0.659339566064381	1.33747730502105
0.335851818502143	-0.0577934344016933	0.644723822396416	1.38989421147096
0.342960142921329	-0.0581668935713421	0.659598230585068	1.35609169758336
0.350068467340515	-0.000287570062728312	0.67974984398833	1.3860524302664
0.357176791759701	-0.00539460906501913	0.684849405899809	1.40151526830464
0.364285116178887	-0.0389194523775076	0.690122699986742	1.45808771859985
0.371393440598073	-0.0346541782343687	0.707306953090215	1.4421737164186
0.378501765017259	0.024528135877835	0.731864432966809	1.45893627603339
0.385610089436445	0.0325281961747048	0.744796632961116	1.46913762974849
0.392718413855631	0.0412189100805505	0.762922336221369	1.47224058399535
0.399826738274817	0.0402392982639295	0.774819839109177	1.47687231592716
0.406935062694003	0.05389040155657	0.768674627729528	1.50781934926308
0.414043387113189	0.0651546889840201	0.78858990786378	1.54380666950595
0.421151711532375	0.100212657428533	0.804659393748585	1.52998352337064
0.428260035951561	0.083132456639002	0.794469340509954	1.55540339705579
0.435368360370747	0.108513794123055	0.825650445875947	1.55180559656934
0.442476684789933	0.123453873946831	0.832853023104337	1.57103333537507
0.449585009209119	0.156164670832602	0.844851945775174	1.57708772521155
0.456693333628305	0.136911755866749	0.860383812739142	1.59411068372933
0.463801658047491	0.16904341496424	0.874899506539559	1.61895724592898
0.470909982466677	0.151931134489007	0.877725318222332	1.64043841252167
0.478018306885863	0.158253575947725	0.90141277271812	1.63294039180026
0.485126631305049	0.16834261298863	0.917982718607647	1.68164200185926
0.492234955724235	0.24674676777557	0.926327194714067	1.67798742062864
0.499343280143421	0.222887517839269	0.926913198528812	1.69100419463051
0.506451604562607	0.198395856178203	0.933127144191115	1.6699044716938
0.513559928981793	0.23469521421886	0.94698760007436	1.70936262641712
0.520668253400979	0.265982449472422	0.985583803126016	1.75833555943391
0.527776577820165	0.285508660708919	0.997702379332235	1.73297214828342
0.534884902239351	0.278245098162657	1.00918576763525	1.74477794979727
0.541993226658537	0.29733993287693	1.01012893736876	1.75211339653349
0.549101551077723	0.272777848039522	1.0234305684881	1.76425010733951
0.556209875496909	0.324904381548133	1.03375005873989	1.7840252924019
0.563318199916095	0.29956539988873	1.04669919932233	1.8065787005353
0.570426524335281	0.317348620208692	1.06283701515101	1.8040811411215
0.577534848754467	0.320161168222909	1.07710115520644	1.84585451385028
0.584643173173653	0.336946101412522	1.09757926142132	1.8295772134982
0.591751497592839	0.348642839066979	1.09506899371129	1.82367321616925
0.598859822012025	0.381127219439828	1.10852214943876	1.86287644756269
0.605968146431211	0.380279583522134	1.12880930502378	1.88348815455714
0.613076470850397	0.374281625496166	1.13490447658099	1.95093418243546
0.620184795269583	0.393882743738909	1.15915534099782	1.88158041354791
0.627293119688769	0.398165251270518	1.16089089510358	1.93416544698273
0.634401444107955	0.440294150461751	1.18860484507646	1.95715755406331
0.641509768527141	0.405886638879225	1.18107029892923	1.9472291308032
0.648618092946327	0.445579067518782	1.2097275483054	1.95726995802018
0.655726417365513	0.465100708488614	1.22670030196889	1.98182853123224
0.662834741784699	0.471771664493538	1.22058460989001	2.02404447204855
0.669943066203885	0.476786564531494	1.23502118387247	2.00241526296153
0.677051390623071	0.484142649967173	1.25181362553238	2.01407092223537
0.684159715042257	0.479141785044996	1.24734074669292	2.05963593926782
0.691268039461443	0.486175175731244	1.28323596355833	2.07416130404368
0.698376363880629	0.508967957079993	1.28889637270533	2.10049777047165
0.705484688299815	0.533102740012989	1.30151143882842	2.06573124170807
0.712593012719001	0.539833322274212	1.32022765302077	2.08723111504334
0.719701337138187	0.543140590300072	1.32268474838565	2.1220059754118
0.726809661557373	0.537763378614672	1.33222979584202	2.12322648115551
0.733917985976559	0.558152091211229	1.35163698786817	2.1291003193048
0.741026310395745	0.608342775720368	1.36495935742023	2.1666011545511
0.748134634814931	0.594799050341582	1.38395006120873	2.17617279460796
0.755242959234117	0.612595120924332	1.38788709656899	2.18396999219664
0.762351283653303	0.590540182636516	1.39993544816409	2.19836684501612
0.769459608072489	0.617614021996292	1.40729132874459	2.22415690716101
0.776567932491675	0.670158913958796	1.41753464303219	2.19869410337136
0.783676256910861	0.648167164057008	1.43425919890874	2.26418064126066
0.790784581330047	0.635367573114806	1.44425121956191	2.2766571155111
0.797892905749233	0.646158910926914	1.4629754137288	2.26419355660809
0.805001230168419	0.713589259963064	1.47495102974783	2.29031511722729
0.812109554587605	0.726328352990535	1.48981140199819	2.27414197904104
0.819217879006791	0.71563646116233	1.49969546483465	2.31968164292552
0.826326203425977	0.735688000570013	1.51668939469358	2.33863075103753
0.833434527845163	0.693240772849137	1.53220388496452	2.33817707805216
0.840542852264349	0.735881159305348	1.53531886990115	2.36681005836276
0.847651176683535	0.75391493419844	1.54306402822307	2.36912399678973
0.854759501102721	0.729789303084641	1.57372037521007	2.41187994535043
0.861867825521907	0.737129446135755	1.57012662237008	2.43759310315449
0.868976149941093	0.82395666781634	1.57993035506852	2.43803664717843
0.876084474360279	0.781210004976308	1.60220693006342	2.43756300706713
0.883192798779465	0.811948366596777	1.6132241981434	2.47634276929799
0.890301123198651	0.801284672239392	1.62125685668548	2.45158855293223
0.897409447617837	0.801910157007804	1.64509303527377	2.46324338518801
0.904517772037023	0.804076260726814	1.64750894026928	2.47084342459296
0.911626096456209	0.863171458953354	1.65432661744997	2.47135824903503
0.918734420875395	0.837487715880601	1.66649619700009	2.52030496681173
0.925842745294581	0.871127519002895	1.69728282908842	2.53395375393803
0.932951069713767	0.88921309160953	1.69029802907049	2.58714127067089
0.940059394132953	0.882444370884719	1.71368825355833	2.55434001048433
0.947167718552139	0.891831944401672	1.71842565286891	2.58887999442056
0.954276042971325	0.91690881725063	1.72538201812106	2.59033465300093
0.961384367390511	0.923339539512723	1.75521364093841	2.59824903514481
0.968492691809697	0.912997021323415	1.75881988114775	2.60196699517844
0.975601016228883	0.948238421794056	1.77259956504878	2.65540885453305
0.982709340648069	0.924446564258138	1.78573023309081	2.65687986373613
0.989817665067255	0.950845897680819	1.8098639447162	2.68778526021563
0.996925989486441	0.97533655275156	1.80949512775606	2.66959634003928
1.00403431390563	1.01597677958392	1.83190193223947	2.69578304724114
1.01114263832481	1.01872069438016	1.83321810239346	2.72189166613875
1.018250962744	1.00619331026886	1.84656172356101	2.72937552092682
1.02535928716319	0.979185037996043	1.86063974912919	2.72963440462982
1.03246761158237	1.03661381990693	1.8813737291942	2.78226532420832
1.03957593600156	1.01801815259665	1.886489847222	2.78767567649305
1.04668426042074	1.0570861574174	1.90124878135706	2.78453594322881
1.05379258483993	1.06087695763899	1.91234138944284	2.78365213280009
1.06090090925912	1.0552194103013	1.92196978836967	2.83032820162283
1.0680092336783	1.10240518254138	1.94424039642334	2.79935662209208
1.07511755809749	1.09056685523934	1.95149119035316	2.87000085696477
1.08222588251667	1.11857823256229	1.95192617161576	2.87705657471163
1.08933420693586	1.10242936655893	1.96627069820934	2.86684265161174
1.09644253135505	1.13474072141802	1.98871594799717	2.88488136535279
1.10355085577423	1.13490885419607	1.97938544079997	2.90507659836666
1.11065918019342	1.16223752907339	2.00804179449867	2.92139175473138
1.1177675046126	1.16037653579673	2.02806869026026	2.90277818139911
1.12487582903179	1.13566292173917	2.02686035620834	2.99433351477226
1.13198415345098	1.14159161725293	2.06182142720606	2.93364325913436
1.13909247787016	1.20004326391455	2.07252710497619	2.95684232642669
1.14620080228935	1.17770387192202	2.08578324057914	2.97184803268812
1.15330912670853	1.21407318956346	2.07604006709129	2.98248125102619
1.16041745112772	1.19400323988631	2.10783972745941	3.01384049479515
1.16752577554691	1.18855410848666	2.11293301097583	3.01644160775596
1.17463409996609	1.23463090693155	2.11378644767064	3.08744718945247
1.18174242438528	1.20495243000035	2.14303843029886	3.04681202225533
1.18885074880446	1.2437699592597	2.17081597100205	3.05116195407069
1.19595907322365	1.29870554653584	2.16592941469945	3.07837557100621
1.20306739764284	1.2498018383135	2.15962264222221	3.08772479809665
1.21017572206202	1.27274404541514	2.20149099642973	3.13583458755261
1.21728404648121	1.29892095892582	2.20938188359172	3.11923966901346
1.22439237090039	1.31083471651796	2.22885511072736	3.1301486691512
1.23150069531958	1.31604011854475	2.22174857698264	3.15587901098708
1.23860901973877	1.34360548426096	2.22854867696744	3.20609095750512
1.24571734415795	1.29869313198852	2.24500568461683	3.19165468029105
1.25282566857714	1.35421178398983	2.25198627036851	3.23968886500913
1.25993399299632	1.31260238454445	2.28900726884006	3.2359978100942
1.26704231741551	1.39786691445896	2.2948980808157	3.23120321194222
1.2741506418347	1.3699797917016	2.28799823043838	3.25855560859691
1.28125896625388	1.39844806048388	2.32672328877765	3.27035349894828
1.28836729067307	1.40677922411008	2.32247425930977	3.26868707222472
1.29547561509225	1.39452302320478	2.33974423382676	3.3102989764496
1.30258393951144	1.40128937608179	2.34444321111912	3.30722916137588
1.30969226393063	1.44737785613508	2.3629130995209	3.30160982356802
1.31680058834981	1.45127774275372	2.37750369632324	3.38108271126202
1.323908912769	1.463148258597	2.37556387637862	3.34288404023461
1.33101723718818	1.43638539347183	2.39236213573262	3.39141252714399
1.33812556160737	1.47243985427722	2.40408856790684	3.42115683656434
1.34523388602656	1.4794282296869	2.43169298179369	3.43868260557993
1.35234221044574	1.49524190001604	2.44593900568884	3.40341509481819
1.35945053486493	1.48004173848654	2.44594396438828	3.39607194001298
1.36655885928411	1.52121501535554	2.46680213829641	3.43885811444384
1.3736671837033	1.50656721663716	2.45713572164056	3.51175608146875
1.38077550812249	1.53575833446746	2.49139615952472	3.46469199067199
1.38788383254167	1.52732933777615	2.49858587176287	3.53316260251055
1.39499215696086	1.57529373721087	2.5013779160877	3.51135277976427
1.40210048138004	1.53367958146394	2.51589791393442	3.48476304125864
1.40920880579923	1.57133018393109	2.53893440646202	3.5379744296133
1.41631713021842	1.55333686039601	2.55842331564912	3.56850722378111
1.4234254546376	1.60709871135965	2.56776087084087	3.55222498398617
1.43053377905679	1.53465583084762	2.57209244864173	3.60006248382516
1.43764210347597	1.59259043692645	2.58989153790322	3.63753170672417
1.44475042789516	1.62854908448845	2.59636371421611	3.60562924637378
1.45185875231435	1.62829226521185	2.61273419710376	3.62760895093574
1.45896707673353	1.61414520336044	2.6298458202783	3.67385719558587
1.46607540115272	1.65556386795274	2.61863819058424	3.66768800380501
1.4731837255719	1.67270967970645	2.64398073234909	3.69534069845601
1.48029204999109	1.66694494929166	2.66455048368473	3.67616437702859
1.48740037441028	1.69472837611729	2.67987162558771	3.72754172337059
1.49450869882946	1.67594756324903	2.68914585651688	3.70005790148841
1.50161702324865	1.67677584250078	2.70508575668238	3.72074783674114
1.50872534766783	1.68158759557648	2.70299319222541	3.73988860305281
1.51583367208702	1.72020432107267	2.72928837241437	3.77771409660467
1.52294199650621	1.74174628439215	2.74730832367292	3.79415618237337
1.53005032092539	1.72633561494392	2.75753322333987	3.80450217838894
1.53715864534458	1.76554307713166	2.74160213215196	3.82233716765762
1.54426696976376	1.77083901898249	2.76823116839693	3.84479384758064
1.55137529418295	1.76996260138671	2.78139574085681	3.80561959884565
1.55848361860214	1.74548465364223	2.78087176163091	3.85873081561443
1.56559194302132	1.76658015156871	2.79971402214637	3.88503670781886
1.57270026744051	1.80665584262236	2.8136302974327	3.88911531396453
1.57980859185969	1.79750113455754	2.83293680610796	3.90870982349402
1.58691691627888	1.80294086270966	2.84285546013543	3.9113471979726
1.59402524069807	1.8217193057022	2.86918811248628	3.93699604265843
1.60113356511725	1.83477999530406	2.88881460127365	3.95320856921612
1.60824188953644	1.86875790709915	2.89263417540267	3.94722815783752
1.61535021395562	1.86578240506994	2.9050326470621	3.94530330375556
1.62245853837481	1.85244103640015	2.91498577074895	4.04277254601204
1.629566862794	1.8691796056141	2.92202325982056	4.01712091006029
1.63667518721318	1.89643129928094	2.94298035925494	4.03483403934173
1.64378351163237	1.86365466154859	2.947870823854	4.02465905007837
1.65089183605155	1.90249151069537	2.95872414899793	4.01373169478128
1.65800016047074	1.89221432011327	2.9848656444272	4.06526654647404
1.66510848488993	1.90825839206118	2.98232151011582	4.09395358681958
1.67221680930911	1.95373546019133	2.99216174339895	4.10196956555524
1.6793251337283	1.93163524522263	3.01171857745481	4.10856278813704
1.68643345814748	1.92189894361806	3.01820955738658	4.21401594035275
1.69354178256667	1.9950370746429	3.03022677755521	4.16860220394816
1.70065010698586	1.93671084322764	3.05057790600308	4.17715590385329
1.70775843140504	2.02371140117474	3.05239979356684	4.17194842290299
1.71486675582423	1.99674145006702	3.06885835004164	4.2010104080469
1.72197508024341	2.02079695663501	3.0949983579979	4.1848676321681
1.7290834046626	2.02510496671816	3.10819033505579	4.22090810684425
1.73619172908179	1.99163740871051	3.13318573888359	4.1864976932814
1.74330005350097	2.01046571287454	3.11782440603154	4.25279153431537
1.75040837792016	1.99153062515166	3.14183456944867	4.28819324966825
1.75751670233934	2.00624165064949	3.13140916017708	4.27399849530287
1.76462502675853	2.09953107058534	3.16626686250707	4.27149960635159
1.77173335117772	2.03979642608971	3.17270948313849	4.33943119397539
1.7788416755969	2.10591559341314	3.16715869870142	4.33094141262047
1.78595000001609	2.11992614452418	3.19543146389422	4.33950384417432
1.79305832443527	2.07846389830748	3.20956238435781	4.34976311685509
1.80016664885446	2.09512512665563	3.21124566895422	4.37283727947582
1.80727497327365	2.13134924325768	3.24353696568585	4.39799369592662
1.81438329769283	2.11903563372423	3.26457313962581	4.43172329977484
1.82149162211202	2.08764079912867	3.24175379723825	4.44966164465578
1.8285999465312	2.18071832000286	3.28341706111144	4.47885665498399
1.83570827095039	2.13115813763552	3.2923235259656	4.42931737101253
1.84281659536958	2.20550341621777	3.28882244094255	4.48166137200365
1.84992491978876	2.19336560881231	3.31393533776003	4.48914083217178
1.85703324420795	2.23072340167162	3.31490202467818	4.50159973338317
1.86414156862713	2.14194777255172	3.33025133368759	4.54855879619082
1.87124989304632	2.20671685901822	3.34817660506987	4.54278698430982
1.87835821746551	2.19937539425648	3.35348085761273	4.57614330265232
1.88546654188469	2.22047822954344	3.37359162967206	4.61887598415713
1.89257486630388	2.24009234212335	3.3861160082236	4.54369271251182
1.89968319072306	2.2645251053389	3.40456435555428	4.64596949485717
1.90679151514225	2.2474369178042	3.40675027589709	4.5884331788118
1.91389983956144	2.24981522324707	3.419922334619	4.63799116975219
1.92100816398062	2.293252699032	3.4443301398065	4.63460663235295
1.92811648839981	2.2775322658932	3.44716675272156	4.68430448413678
1.93522481281899	2.31651515774395	3.46670338773859	4.66172955400826
1.94233313723818	2.28089720361586	3.48427743860263	4.68517463897792
1.94944146165737	2.35105396013482	3.49987761736294	4.67436380491797
1.95654978607655	2.2937986866807	3.5049680191264	4.70520193478436
1.96365811049574	2.30681676981626	3.50480846597665	4.71395192558355
1.97076643491492	2.3293699689034	3.5221374981791	4.7345999132122
1.97787475933411	2.34282833867913	3.53715001274926	4.77159865278328
1.9849830837533	2.35340837676629	3.55389913440087	4.80089177495837
1.99209140817248	2.30444504854741	3.54918712029256	4.81267939963428
1.99919973259167	2.39641976790608	3.57126896630824	4.83898628607338
2.00630805701085	2.365503544363	3.58259340460136	4.83460474745583
2.01341638143004	2.38423481919048	3.59686299972634	4.84831071785117
2.02052470584923	2.42688912862789	3.59671939523608	4.8564319402327
2.02763303026841	2.39515429149587	3.62316577540164	4.83166372875298
2.0347413546876	2.36149024941004	3.65022518982148	4.90080571662869
2.04184967910678	2.45654587961397	3.64827046377368	4.9526892112808
2.04895800352597	2.4631499224379	3.67299155274304	4.92581607380383
2.05606632794516	2.44780050635928	3.67410429313899	4.93041171964234
2.06317465236434	2.52251312743111	3.68052645112349	4.9574936995482
2.07028297678353	2.46371202026779	3.70908181612518	4.9445830588131
2.07739130120271	2.45613140341906	3.71470641524944	4.996362904696
2.0844996256219	2.49574229545958	3.72090966931929	4.9829835638199
2.09160795004109	2.51539799279952	3.7360540818113	5.02246899171905
2.09871627446027	2.5005821956442	3.74684158072582	5.03376968485959
2.10582459887946	2.50605114246477	3.76455996239255	5.07291059534915
2.11293292329864	2.47860273425152	3.78173697972894	5.08901163605983
2.12004124771783	2.5347989810469	3.79464839772827	5.09294226641268
2.12714957213702	2.52478171806779	3.79993276467758	5.11127008946676
2.1342578965562	2.53972406920473	3.80186846184946	5.1033735249053
2.14136622097539	2.5985492822475	3.82186587869185	5.13052946229563
2.14847454539457	2.59532667311324	3.82689088509466	5.17166172572482
2.15558286981376	2.60471560978559	3.84206277809783	5.17253658541199
2.16269119423295	2.57686006327293	3.8569981485915	5.16365282894311
2.16979951865213	2.61038544945894	3.86581675885839	5.15378595834581
2.17690784307132	2.57941312543084	3.88258069503457	5.2336940026889
2.1840161674905	2.61857369717075	3.90251625954732	5.17766612955039
2.19112449190969	2.61804185767718	3.89881156680888	5.27151070720902
2.19823281632888	2.66382990799053	3.92152108626449	5.25921595719635
2.20534114074806	2.66557854312266	3.93976857525848	5.23873153803328
2.21244946516725	2.67692942631788	3.9414599306992	5.30015840166227
2.21955778958643	2.7112152211443	3.95938721449947	5.33705498810535
2.22666611400562	2.71623216860339	3.97713849431051	5.28186027345494
2.23377443842481	2.72559731258941	3.98078146243006	5.32809190193708
2.24088276284399	2.6804948596376	3.99179409664364	5.34346972088491
2.24799108726318	2.69550182498571	3.98558775473713	5.35704392213401
2.25509941168236	2.71229551320741	4.02051542673941	5.38476176640859
2.26220773610155	2.70909420685069	4.04356931751671	5.40984772650725
2.26931606052074	2.68247200530051	4.06045399179728	5.40439057872551
2.27642438493992	2.77032001090154	4.04678130755251	5.44957028853446
2.28353270935911	2.77167052547484	4.05345673797742	5.51308551504661
2.29064103377829	2.74760954369274	4.10620319337291	5.45048859902557
2.29774935819748	2.76488422800815	4.08166152748553	5.46142435993498
2.30485768261667	2.84183695947673	4.10098391189453	5.49775131798887
2.31196600703585	2.78297250191611	4.11336858664253	5.53208326814473
2.31907433145504	2.82481545889201	4.13222654837605	5.52390541322819
2.32618265587422	2.82996005086095	4.14609633804403	5.52156367558079
2.33329098029341	2.82584230960478	4.18365387569424	5.55862536928441
2.3403993047126	2.83562309812898	4.17354791396884	5.5871978918766
2.34750762913178	2.82531314843289	4.17995630368451	5.58065227752799
2.35461595355097	2.85340214195953	4.2000222132564	5.5997004753298
2.36172427797015	2.83309136176672	4.21101608792413	5.60910346691724
2.36883260238934	2.88819814790149	4.22351780485966	5.6291216626035
2.37594092680853	2.8815353971513	4.2424607657601	5.6402463303908
2.38304925122771	2.91746524168401	4.23944519772003	5.65919179213812
2.3901575756469	2.9066463229804	4.25809813676799	5.65815327742811
2.39726590006608	2.92362152237912	4.27214344867669	5.6977352108664
2.40437422448527	2.91585633836089	4.2788746087417	5.70008656456702
2.41148254890446	2.86662957116018	4.30367807654138	5.73930587996745
2.41859087332364	2.93003052117814	4.30896043042661	5.69315951592194
2.42569919774283	2.97287070581018	4.33952554952846	5.71273054583902
2.43280752216201	2.95740943866047	4.3563480136126	5.76604629040096
2.4399158465812	3.01777457669893	4.34089827119245	5.76546098349266
2.44702417100039	2.97741522514643	4.36424860631148	5.7838282122093
2.45413249541957	2.96913483325357	4.38366867549084	5.85336124684078
2.46124081983876	3.02495995212558	4.38113606540575	5.89813858708785
2.46834914425794	2.93182959794633	4.39441628145641	5.84598939768785
2.47545746867713	2.95730592711697	4.42807131464895	5.88612981605025
2.48256579309632	3.0312227116583	4.41508875832406	5.86149942139215
2.4896741175155	3.04142516376849	4.44433199517405	5.91814459081446
2.49678244193469	3.03182714757037	4.44835074812844	5.90348567116262
2.50389076635387	3.00309290630722	4.45799722398545	5.93196169412721
2.51099909077306	3.08434573726131	4.49332320316655	5.98260666165965
2.51810741519225	3.08966153429779	4.4885480063765	5.9663728228221
2.52521573961143	3.06795679792174	4.50879300327985	6.00625377018071
2.53232406403062	3.04842440894732	4.50494653839269	6.0110172700074
2.5394323884498	3.12269487442263	4.53019886787693	5.97118265936573
2.54654071286899	3.14206080447667	4.53146850938014	6.04759797235243
2.55364903728818	3.1257399975333	4.55006118226788	6.05344610258026
2.56075736170736	3.05406086046883	4.56143750296346	6.05293493824021
2.56786568612655	3.09850849783385	4.58216117904945	6.06452890321635
2.57497401054573	3.17552436511103	4.58828447833354	6.06698362477106
2.58208233496492	3.17396114157234	4.58614858942511	6.08072209881478
2.58919065938411	3.18555300172011	4.61267897530346	6.08102840458444
2.59629898380329	3.18812150947908	4.60432604381823	6.15524551660914
2.60340730822248	3.19122664021841	4.6420842841347	6.1180078933378
2.61051563264166	3.18485438191652	4.65190176369282	6.15774328397369
2.61762395706085	3.22499708253606	4.63382702747739	6.23287649792624
2.62473228148004	3.24010669511453	4.66106878946743	6.19985660821489
2.63184060589922	3.25565102700264	4.68207018032161	6.21011319734498
2.63894893031841	3.22448459361789	4.70819526765426	6.26074622912516
2.6460572547376	3.22056969145628	4.6951283385594	6.22259930478178
2.65316557915678	3.25913697544687	4.71299630259656	6.237266327391
2.66027390357597	3.23883148957873	4.74090789815064	6.28925446074388
2.66738222799515	3.30798641322698	4.76133027165164	6.26308415596133
2.67449055241434	3.31121428048509	4.76815648611666	6.34391298181428
2.68159887683352	3.33386562570942	4.7678189864555	6.30136559440067
2.68870720125271	3.34188936335288	4.77153377381009	6.34557810236052
2.6958155256719	3.31563565932276	4.80211300953089	6.31875980818865
2.70292385009108	3.35034699578004	4.82221023584467	6.36435564706782
2.71003217451027	3.37141798466081	4.8284737500813	6.43267014169792
2.71714049892945	3.31005221595239	4.83966552411753	6.47007611751493
2.72424882334864	3.34971636545621	4.85119450851675	6.40570178400479
2.73135714776783	3.37498567495118	4.86064888825856	6.41449362351745
2.73846547218701	3.39168174736662	4.88180354292025	6.4435613150109
2.7455737966062	3.35464011961208	4.90428089833834	6.51244811541877
2.75268212102538	3.41039660027678	4.90641945069609	6.44444031472378
2.75979044544457	3.41071142686201	4.9100281703522	6.51223867240569
2.76689876986376	3.42527661689104	4.92301005762536	6.4951044817989
2.77400709428294	3.387732949514	4.94121442371722	6.48974538660069
2.78111541870213	3.44838047707659	4.95268093478291	6.51618303908521
2.78822374312131	3.39611278897175	4.96051326761063	6.59609078379918
2.7953320675405	3.46579418249182	4.97296899432941	6.63329219580368
2.80244039195969	3.47602177715508	5.00943892345036	6.65362861050562
2.80954871637887	3.47182991344781	5.00796183757766	6.62508388876989
2.81665704079806	3.50345748734611	5.02284655988736	6.64536608034064
2.82376536521724	3.49995660645104	5.03250780748675	6.58684338295003
2.83087368963643	3.50014028849712	5.05176824112889	6.67329430933731
2.83798201405562	3.50385034804806	5.04591274311023	6.69687527193227
2.8450903384748	3.55032391359809	5.07034447535143	6.74292392717967
2.85219866289399	3.52937736435372	5.07528991640351	6.7590700853019
2.85930698731317	3.57190100872525	5.07137907526504	6.70848648616851
2.86641531173236	3.54529288786653	5.09838674590145	6.74285109606413
2.87352363615155	3.56382313613489	5.11730921167678	6.69908386857984
2.88063196057073	3.57690671476608	5.12268849384666	6.77294422146784
2.88774028498992	3.58748521427919	5.13325534528982	6.80017261000073
2.8948486094091	3.58723213441722	5.13926682528003	6.82300545785178
2.90195693382829	3.54486647624766	5.15096596747536	6.82446812333044
2.90906525824748	3.58765973762558	5.16278003569861	6.83812271827266
2.91617358266666	3.6127745755902	5.16144772324977	6.85076259325159
2.92328190708585	3.62172117083711	5.21413209907048	6.87569849399558
2.93039023150504	3.64512760719006	5.19117201948708	6.88147490627989
2.93749855592422	3.68496530301564	5.20727069651962	6.89460519675433
2.94460688034341	3.64950395106018	5.23481751888195	6.89370629633476
2.95171520476259	3.63178342842865	5.25847891813317	6.88599685069041
2.95882352918178	3.67761495890713	5.26898490162439	6.9592757870368
2.96593185360096	3.67720483778484	5.27744340100947	6.96660541449424
2.97304017802015	3.65121620929788	5.28845253962821	6.99748983785445
2.98014850243934	3.67786884770721	5.29573640364644	7.01054426135322
2.98725682685852	3.7328597230027	5.30639212249919	7.07412822478011
2.99436515127771	3.7089695940197	5.33994173275403	6.97490124305438
3.00147347569689	3.74109199031877	5.31838540832491	7.00897963768905
3.00858180011608	3.72219025652384	5.3541829040771	7.0459807115792
3.01569012453527	3.7388209901748	5.34385281739149	7.10834555395931
3.02279844895445	3.72350200799968	5.37966334305367	7.09737170286827
3.02990677337364	3.75175198418541	5.38794381235656	7.12394421564644
3.03701509779283	3.7387792946209	5.39632877505797	7.11972095133975
3.04412342221201	3.75120438971161	5.39850945306823	7.14206476732019
3.0512317466312	3.75784665043742	5.41186434990447	7.14819103310298
3.05834007105038	3.77571027455633	5.42689460787224	7.18068234331455
3.06544839546957	3.78640518190436	5.42946651345284	7.17417962265061
3.07255671988875	3.7889209033602	5.46991396181367	7.21682236735918
3.07966504430794	3.85503133251885	5.46307052993365	7.2333924589626
3.08677336872713	3.87498509390595	5.49057743713989	7.2415815715441
3.09388169314631	3.83013735484464	5.4866789461926	7.27465586027975
3.1009900175655	3.85281430515116	5.50003296535107	7.29659969793142
3.10809834198468	3.88322760788052	5.53828304725506	7.26195973682908
3.11520666640387	3.8490909771025	5.53654661376615	7.27619607147723
3.12231499082306	3.89599062100055	5.53159196599549	7.30733752010466
3.12942331524224	3.88086651868082	5.54711935423999	7.29784095664038
3.13653163966143	3.89040077946469	5.58773742836463	7.36325214924413
3.14363996408062	3.8832512346417	5.5883170159886	7.31283838175765
3.1507482884998	3.92091527484966	5.59779902373829	7.36158255639986
3.15785661291899	3.92194125093628	5.60255128150187	7.37622735129269
3.16496493733817	3.9584429244243	5.61880331591489	7.3718028889265
3.17207326175736	3.9788197561691	5.65674888591564	7.47695122637364
3.17918158617654	3.97389259010276	5.63049419329174	7.43286995344523
3.18628991059573	3.95429582950182	5.65453547039696	7.47719162358425
3.19339823501492	3.98817106851426	5.67999858500023	7.48649168015966
3.2005065594341	3.94334662242568	5.66887906031643	7.49492351803942
3.20761488385329	3.97547847344995	5.71051586363407	7.50069198488733
3.21472320827247	3.99145693720274	5.7007889671575	7.51674871666294
3.22183153269166	4.0135884243249	5.72612474860443	7.53301861730258
3.22893985711085	4.05331900420926	5.73260415343127	7.59453699933767
3.23604818153003	4.02530404410537	5.75576169249572	7.51675130965709
3.24315650594922	4.02193532544813	5.73874989471018	7.54258785561524
3.2502648303684	4.06373234452469	5.76864596619489	7.59413859069011
3.25737315478759	4.06715178847924	5.79665369285536	7.59896718053125
3.26448147920678	4.06804068100007	5.79922372520249	7.62443934881769
3.27158980362596	4.11372144060623	5.81830998372255	7.5637830654058
3.27869812804515	4.08965924293828	5.82016138612664	7.60809618485024
3.28580645246433	4.13987952163648	5.84395779956855	7.70573589013172
3.29291477688352	4.08526971542066	5.86390045220024	7.68556088134371
3.30002310130271	4.13410830241436	5.85748067877564	7.656360379227
3.30713142572189	4.1071137822027	5.87416757726385	7.73353632523266
3.31423975014108	4.10744611416372	5.92164269950866	7.72982572185433
3.32134807456027	4.14546336860588	5.90161504749449	7.77446643543863
3.32845639897945	4.16477521548351	5.91660409942302	7.80684983640707
3.33556472339864	4.20082377262914	5.90583141335991	7.78851707083338
3.34267304781782	4.21824259099097	5.94327892257202	7.80153462151833
3.34978137223701	4.12777139519658	5.93693306275864	7.78012090693454
3.3568896966562	4.15853245754763	5.94276604231673	7.82195923438421
3.36399802107538	4.20550967272026	5.96831241424952	7.81252099727855
3.37110634549457	4.18524064741379	5.98404836298704	7.83345958664166
3.37821466991375	4.1971766311447	5.98554104835431	7.91133677640973
3.38532299433294	4.25726932434009	6.01071212849802	7.91560719169969
3.39243131875212	4.22838623812679	6.01571258206325	7.91517020907889
3.39953964317131	4.2257825417895	6.03043179655398	7.93145297853916
3.4066479675905	4.25369613563014	6.04984101634428	7.93670759604304
3.41375629200968	4.2487724269562	6.07159348477112	7.99593059911393
3.42086461642887	4.30001794770134	6.0884776121453	7.9993129751236
3.42797294084806	4.3498267642858	6.07389257103396	7.96353328728211
3.43508126526724	4.28183921745236	6.10552781352151	8.01931357623703
3.44218958968643	4.28401589057644	6.10534655738709	8.01069738574559
3.44929791410561	4.32527855430596	6.11119025241672	7.97153587709882
3.4564062385248	4.36750887493082	6.12452144214108	8.10643225392231
3.46351456294399	4.35754007248762	6.15958429826432	8.06823259324329
3.47062288736317	4.37647476417783	6.16172903541884	8.04792556178663
3.47773121178236	4.38255661171513	6.16147374550617	8.1325512592436
3.48483953620154	4.35601684764476	6.17993433380243	8.15033627720931
3.49194786062073	4.41304492405047	6.20747697154488	8.15150653815619
3.49905618503991	4.34563373406226	6.21295783359757	8.22274303908984
3.5061645094591	4.42661564278386	6.23288232899594	8.16568654212547
3.51327283387829	4.36147148444563	6.22332844179291	8.16756639510806
3.52038115829747	4.42649635752747	6.25915102153637	8.18241866780467
3.52748948271666	4.39192786580658	6.25596425712348	8.19635339445956
3.53459780713585	4.45744932137779	6.28500624586705	8.21889488028205
3.54170613155503	4.46429523117846	6.25469786749382	8.25385997191033
3.54881445597422	4.42110615292194	6.26828832720107	8.29673712995253
3.5559227803934	4.50626288430442	6.33368514233976	8.21257243439339
3.56303110481259	4.46030213131513	6.32117446946228	8.32966599898744
3.57013942923178	4.43552430202329	6.33300604069674	8.31469870847483
3.57724775365096	4.51235472279683	6.35891379305806	8.33555289520984
3.58435607807015	4.47920255442099	6.37008149079344	8.3334856805781
3.59146440248933	4.51303569014472	6.34470624547979	8.34356392163815
3.59857272690852	4.50464824462403	6.37165237660732	8.3929979262026
3.6056810513277	4.47607690574801	6.39791110215407	8.37362904140638
3.61278937574689	4.52494779949988	6.4183318385291	8.40585923584928
3.61989770016608	4.5876092611458	6.392476884359	8.36950794844469
3.62700602458526	4.50948452701164	6.42057128060543	8.39999174635959
3.63411434900445	4.54372855953303	6.44029793311449	8.39423668179716
3.64122267342364	4.51550840633457	6.45038410894467	8.48428802975188
3.64833099784282	4.51806406485982	6.46301041513459	8.4979832672261
3.65543932226201	4.53849390347766	6.47997513008297	8.53860141327943
3.66254764668119	4.62583897734063	6.49703552552576	8.47653558173713
3.66965597110038	4.58455916595829	6.49788035755636	8.6273290463136
3.67676429551957	4.61189871406518	6.51818301061026	8.58109842399503
3.68387261993875	4.69209441430776	6.53789256759099	8.54244996794977
3.69098094435794	4.56925391741347	6.54503084563355	8.5436129804416
3.69808926877712	4.64489374158928	6.55816726190106	8.60759991395511
3.70519759319631	4.68760601265812	6.56384899224159	8.60008505356152
3.7123059176155	4.60925322218681	6.57528409484805	8.61054242717467
3.71941424203468	4.62213375118195	6.601818186463	8.6518075431378
3.72652256645387	4.70045123633386	6.61146328994276	8.60067381710702
3.73363089087305	4.74219619162981	6.63178572279746	8.66895987296227
3.74073921529224	4.67074149801556	6.6131111529881	8.68359462792239
3.74784753971143	4.67117442552691	6.64389607578788	8.70488833385934
3.75495586413061	4.71825180402665	6.65637849561947	8.71926863908084
3.7620641885498	4.76352315002009	6.66515499325303	8.72691404246209
3.76917251296898	4.77194749240161	6.67755372962742	8.72311298880138
3.77628083738817	4.75151176638641	6.69186519608029	8.74814224050995
3.78338916180736	4.77163137236528	6.70504816353672	8.74529827314414
3.79049748622654	4.7771259879492	6.70439200185824	8.77946566439922
3.79760581064573	4.80572448429951	6.71007514480579	8.90360287061412
3.80471413506491	4.66919131714805	6.74979268564468	8.84566417833197
3.8118224594841	4.78680027338269	6.74630171356673	8.83699069565739
3.81893078390329	4.78331939197471	6.76814078410903	8.89310569681279
3.82603910832247	4.79568710432813	6.78176699288031	8.89189352694715
3.83314743274166	4.79325760250398	6.7939645402721	8.93321712379634
3.84025575716084	4.80465211292432	6.79520107729756	8.91272159901461
3.84736408158003	4.86034057780044	6.83326287656275	8.88581680240307
3.85447240599922	4.86802603224384	6.825599827386	8.96280514365758
3.8615807304184	4.88545788169467	6.85271902475841	8.89495072818514
3.86868905483759	4.89109835883705	6.8636887230247	8.97592749414309
3.87579737925677	4.87022736286941	6.85726384705212	9.06076183981665
3.88290570367596	4.91814927731285	6.8760639050196	8.99106352170413
3.89001402809515	4.9084308465052	6.88091488190209	9.08128463969847
3.89712235251433	4.92196939117536	6.91681126096323	9.00507270584471
3.90423067693352	4.87589398010882	6.92250866564304	9.02096079584588
3.9113390013527	4.9584244386895	6.92842648965374	9.06605609962752
3.91844732577189	4.88727620057285	6.94634248490336	9.10586827178839
3.92555565019108	4.92146494250913	6.94470173833757	9.113144926095
3.93266397461026	4.91972291430432	6.96066734157615	9.17108654838016
3.93977229902945	4.93411573243272	6.97089776106499	9.15705321833359
3.94688062344863	4.99352555891247	7.00808149440014	9.17508347513258
3.95398894786782	4.95285781455926	7.00467380358002	9.16446613128884
3.96109727228701	4.97934136600907	7.02657014344802	9.19687474567074
3.96820559670619	4.92540165244995	7.0513352481363	9.16723367234758
3.97531392112538	5.00448200556099	7.07879107609782	9.22363451602189
3.98242224554456	5.04100108637057	7.04384008585505	9.27214198604331
3.98953056996375	5.05546434180449	7.06413050555414	9.26969557059955
3.99663889438294	5.02631394474198	7.09094376475525	9.21159759389126
4.00374721880212	5.07403155756525	7.08599992612157	9.2256190187073
4.01085554322131	5.09645139851194	7.1112066826117	9.27393466346828
4.01796386764049	5.07516411496592	7.11504195855818	9.29654025650741
4.02507219205968	5.10416945880131	7.12537351733238	9.33806145266392
4.03218051647887	5.13479969024174	7.13696768639665	9.32347763778993
4.03928884089805	5.06569732082595	7.15230858824659	9.33326305762315
4.04639716531724	5.10332282568807	7.17952415798077	9.35710213589743
4.05350548973642	5.08072384886079	7.16762425221148	9.43722006528059
4.06061381415561	5.16283344855761	7.20563319425579	9.41294878590006
4.0677221385748	5.11625129947166	7.20444128448649	9.45661525524833
4.07483046299398	5.14105420600034	7.21216476966468	9.4659267428263
4.08193878741317	5.17447207680954	7.22542083951715	9.44220873287969
4.08904711183235	5.19294502275004	7.28112119578692	9.46230201774621
4.09615543625154	5.12692889719204	7.24249242847792	9.47239411802371
4.10326376067073	5.10357425579843	7.26056948011481	9.48351702820634
4.11037208508991	5.19983586187455	7.27668433025567	9.5179751269922
4.1174804095091	5.164451550619	7.28846289133428	9.5233586533945
4.12458873392828	5.24166327253198	7.32491778066958	9.57136472181054
4.13169705834747	5.17436693117908	7.33216588054199	9.57541553400359
4.13880538276666	5.21072903694546	7.31622490851242	9.57983005646811
4.14591370718584	5.19882572545508	7.34392731041015	9.65365148160057
4.15302203160503	5.26967379826714	7.35057054241411	9.6117313931447
4.16013035602421	5.20540401630741	7.36100045987305	9.59272748027889
4.1672386804434	5.27693636113146	7.38648502317698	9.66856859325885
4.17434700486259	5.29580065670205	7.40333082302681	9.63040469250095
4.18145532928177	5.28645990151192	7.40662877974698	9.70891093015149
4.18856365370096	5.28414953330333	7.43669467533308	9.79733427271649
4.19567197812014	5.26697585511834	7.43801177789309	9.75182610053045
4.20278030253933	5.27856195135274	7.44548727930602	9.78536176554172
4.20988862695852	5.33028422603308	7.46293940225862	9.72632161539386
4.2169969513777	5.29929541585466	7.45398497684423	9.71205448324526
4.22410527579689	5.34155510637946	7.48193622631564	9.81919998194233
4.23121360021607	5.30730235519029	7.51235827400994	9.79238558223438
4.23832192463526	5.30165699525756	7.51120789261417	9.79945473623309
4.24543024905445	5.36905503577275	7.52231742440895	9.77102032423486
4.25253857347363	5.39437787729715	7.53933459020548	9.82716635778221
4.25964689789282	5.37243924066585	7.5513749867793	9.89438770695704
4.266755222312	5.40622503733321	7.56098984214291	9.82509690257769
4.27386354673119	5.36694838842369	7.55307786125221	9.89605296395132
4.28097187115038	5.42531697123999	7.59554910037187	9.95181607302218
4.28808019556956	5.44629746602983	7.5847229576235	9.93858044385855
4.29518851998875	5.44478434648888	7.60474357286922	9.94198404721549
4.30229684440793	5.4469699918364	7.59700058699059	9.99450711418852
4.30940516882712	5.42470873108332	7.64876424270217	10.00064516683
4.31651349324631	5.51169967822093	7.64831201914505	10.0264462293203
4.32362181766549	5.45128820006959	7.63270290811331	10.0468530369875
4.33073014208468	5.45363612147535	7.68233364714083	10.0658354501176
4.33783846650386	5.52231719566628	7.6844866366671	10.0173799555145
4.34494679092305	5.44711973672716	7.70997476311349	9.98794844282155
4.35205511534224	5.47999012224196	7.71428888527159	10.0151113079265
4.35916343976142	5.491140127513	7.72313819183263	10.145788723885
4.36627176418061	5.4914447612657	7.72565512429498	10.1089270772285
4.37338008859979	5.52679526927504	7.74294377021557	10.093121120045
4.38048841301898	5.58179672987468	7.78262998675959	10.1276012327199
4.38759673743817	5.5578774565446	7.74098115161035	10.1538447806775
4.39470506185735	5.57392518679389	7.78446708230869	10.127855106852
4.40181338627654	5.53214226702245	7.77887783524679	10.1931079421678
4.40892171069572	5.55854726335367	7.79682487400079	10.2415566400222
4.41603003511491	5.59768270948077	7.80058384399171	10.1635684057498
4.4231383595341	5.60995315512995	7.82533306654769	10.1765466044057
4.43024668395328	5.63801529985056	7.82606520434454	10.2199437055966
4.43735500837247	5.56010338809091	7.85790338946663	10.2858607312623
4.44446333279165	5.61927252702444	7.88001130388664	10.2521648398519
4.45157165721084	5.64838088232407	7.89342186904835	10.3131341463428
4.45867998163003	5.66444345435638	7.89780499205204	10.3248201898154
4.46578830604921	5.65237891208587	7.90441217305687	10.308133084254
4.4728966304684	5.58939874891454	7.93140024087128	10.3186282572937
4.48000495488758	5.72474778578412	7.92610480969572	10.3337977086545
4.48711327930677	5.69761191718633	7.93368947993462	10.3377112949125
4.49422160372596	5.68095236000238	7.94389759269092	10.4396240104298
4.50132992814514	5.72151618316786	7.95684542941032	10.3951554449353
4.50843825256433	5.74353166513943	7.9779137523373	10.3979746119068
4.51554657698351	5.67328498102723	7.98392597266004	10.4886451203145
4.5226549014027	5.73580603642019	7.98186905535359	10.4044378691528
4.52976322582189	5.76162114301088	7.99998910628538	10.3977949404492
4.53687155024107	5.71792916768062	8.05528369302622	10.4975438818669
4.54397987466026	5.7486261611167	8.0458161406399	10.4846574079149
4.55108819907944	5.78480785692948	8.06294956733112	10.4962634117538
4.55819652349863	5.81446480326905	8.06202370702673	10.5893374126634
4.56530484791782	5.78035835221851	8.0850912286361	10.5559159071996
4.572413172337	5.75588311027952	8.10214430610911	10.5257327435026
4.57952149675619	5.75786921432955	8.07965242228253	10.5747369731755
4.58662982117537	5.81263715954638	8.09805065207957	10.5515036536023
4.59373814559456	5.73126867935583	8.15017200177064	10.6551272906729
4.60084647001375	5.86856435031773	8.13649470047174	10.6507544044966
4.60795479443293	5.82768984554798	8.15074407274452	10.6502145333329
4.61506311885212	5.82181903414538	8.15989378932291	10.679890948902
4.6221714432713	5.8370747350384	8.16983375606189	10.6437332129424
4.62927976769049	5.87271838430584	8.19895858864863	10.7314553010199
4.63638809210968	5.89564768474608	8.20140166876716	10.7221735146618
4.64349641652886	5.88567350142636	8.20008835333229	10.7693125235982
4.65060474094805	5.93745902285098	8.22325247302503	10.7688605491672
4.65771306536723	5.91547858171947	8.23486564755883	10.8290795517604
4.66482138978642	5.93867885323627	8.2546362769566	10.7086966106228
4.67192971420561	5.88838380574287	8.27888229652443	10.7824793483438
4.67903803862479	5.91346807539486	8.29845352765121	10.7316912961923
4.68614636304398	5.9205762267262	8.28138360156964	10.7871853657105
4.69325468746316	5.9755322518836	8.29223616909035	10.8363502084411
4.70036301188235	5.99413425724717	8.3093224442531	10.8903278958666
4.70747133630154	6.01598732628715	8.33180002797006	10.8903750380644
4.71457966072072	5.99871103076761	8.36263572824784	10.8807071737446
4.72168798513991	6.0432250883223	8.36054816406884	10.8720274124482
4.72879630955909	5.98397571999511	8.37008477132966	10.9214352333377
4.73590463397828	6.01719966160261	8.40089478387451	10.9235052593505
4.74301295839747	6.03560668091237	8.3947393521477	10.9731370870471
4.75012128281665	5.99418085932272	8.40612998530809	10.9374663060841
4.75722960723584	6.00786214108051	8.41261307542948	11.000614177039
4.76433793165502	6.03306497302627	8.42841509348243	10.9283071120262
4.77144625607421	6.11738483883889	8.4775926723045	10.959756432052
4.7785545804934	6.02778888357228	8.45846882636488	11.0720643958159
4.78566290491258	6.08971952318216	8.47738354294048	11.0711168986049
4.79277122933177	6.0557297715001	8.4575371883389	11.0002718407371
4.79987955375095	6.07378603809356	8.49081098170197	11.1266060346697
4.80698787817014	6.10209498850945	8.53379566426488	11.0833498442612
4.81409620258933	6.11508679982913	8.50669331666788	11.1020321092091
4.82120452700851	6.17731953812351	8.51647065860154	11.1294443140569
4.8283128514277	6.1344041681522	8.53180309599121	11.0954000454527
4.83542117584688	6.10363151684404	8.5300116632582	11.177543765935
4.84252950026607	6.10357706456278	8.53598161998964	11.1791732544988
4.84963782468526	6.15552054801514	8.57217148498523	11.1877084921756
4.85674614910444	6.12913166377109	8.59264910138551	11.2132454582764
4.86385447352363	6.12228616754874	8.61164543741045	11.2285875737232
4.87096279794281	6.151548761202	8.62718391209801	11.2069065727289
4.878071122362	6.20382419197967	8.65456670354547	11.2849859702555
4.88517944678119	6.2066765709008	8.65798854607173	11.2479998939752
4.89228777120037	6.22099776205265	8.63655772019427	11.2611498013629
4.89939609561956	6.23037689649001	8.67185465408782	11.3071556964016
4.90650442003875	6.22586662625386	8.68824372100731	11.376702880144
4.91361274445793	6.28152144751583	8.6619804172458	11.3940179158759
4.92072106887712	6.24711587587924	8.67897246675581	11.3949521061099
4.9278293932963	6.23894707942413	8.72318194605762	11.4266977182526
4.93493771771549	6.30329165038134	8.72736064605393	11.3454095524221
4.94204604213467	6.30009464532719	8.75204028065655	11.4017035380944
4.94915436655386	6.26608282993954	8.73580429501644	11.4234110828281
4.95626269097305	6.22379639516373	8.75837142620746	11.4049840291414
4.96337101539223	6.28030691355222	8.76762255549511	11.4062727764189
4.97047933981142	6.26218960074155	8.80227664922192	11.4834181560403
4.9775876642306	6.40767416529515	8.79293096721269	11.5266204737904
4.98469598864979	6.32817361168677	8.81617424133189	11.5534981450339
4.99180431306898	6.27204816794191	8.84663278605124	11.5199164585682
4.99891263748816	6.34009891300043	8.83759764020466	11.4399771188953
5.00602096190735	6.3901068660063	8.84932710044387	11.5798520803922
5.01312928632654	6.3470242086474	8.85524387009549	11.5805850090033
5.02023761074572	6.33355688172013	8.89666376159167	11.5102467063938
5.02734593516491	6.43483711012974	8.89498060527353	11.6101322070429
5.03445425958409	6.37869177068538	8.87561485303309	11.5597514788402
5.04156258400328	6.40584161694837	8.88978064895345	11.5451393389907
5.04867090842246	6.44242691055021	8.92965164491199	11.5850452848992
5.05577923284165	6.37470411648655	8.9602580473284	11.6183358310228
5.06288755726084	6.47811130102934	8.9537504463219	11.692006054051
5.06999588168002	6.43512496779403	8.96871207633514	11.6849658260289
5.07710420609921	6.44283673740389	8.96175467723118	11.6822535170267
5.08421253051839	6.45644850633104	8.97272252479527	11.6813835711794
5.09132085493758	6.47701875828457	8.97031331902589	11.683647897729
5.09842917935677	6.41756461544148	9.02523912602194	11.7157103924974
5.10553750377595	6.52523788725351	9.0265646327055	11.7263768052481
5.11264582819514	6.50288479243142	9.05215306909686	11.7749636027674
5.11975415261433	6.4605015491802	9.05893681442215	11.8427332163015
5.12686247703351	6.49285897990989	9.05743837581699	11.9179234285776
5.1339708014527	6.54681872125019	9.05089576682655	11.8588095974164
5.14107912587188	6.53911262654426	9.0813679402581	11.8031865620315
5.14818745029107	6.5360695783431	9.10853876912083	11.9017131985008
5.15529577471025	6.50591567485296	9.13119505547874	11.8568024447248
5.16240409912944	6.57533081626199	9.11777873955874	11.8321227217097
5.16951242354863	6.59410507524948	9.12635178273449	11.9232720621037
5.17662074796781	6.58075983886254	9.10304509386028	11.8956920894784
5.183729072387	6.52526524710912	9.16906414034817	11.9151743147695
5.19083739680618	6.63768788444044	9.16913761287708	11.9377053265668
5.19794572122537	6.5703081635057	9.19965899184126	11.93314650424
