"mitochan"	"lwrNorm"	"medNorm"	"uprNorm"
-1.90327037354145	-3.70113459262726	-3.28844363150873	-2.87267920943194
-1.89704053151173	-3.68752430454342	-3.2755213854094	-2.86582202800757
-1.89081068948202	-3.65680220322031	-3.26037453918415	-2.84803152653857
-1.8845808474523	-3.66926379064343	-3.24500767321866	-2.84874265972457
-1.87835100542258	-3.6423718153476	-3.23252536798119	-2.81618810980819
-1.87212116339287	-3.66478104261745	-3.23482465037625	-2.81272858226952
-1.86589132136315	-3.6338176846206	-3.21708787123957	-2.78496682740444
-1.85966147933344	-3.6258707688024	-3.20691810631611	-2.8051500530215
-1.85343163730372	-3.61179538380228	-3.18891054889625	-2.77471204113209
-1.847201795274	-3.59681908866416	-3.17820598304656	-2.75710339135717
-1.84097195324429	-3.58880935823694	-3.17058102196282	-2.76928098065535
-1.83474211121457	-3.58457740916146	-3.16476482337112	-2.76810404108129
-1.82851226918486	-3.55890951334407	-3.14732494339952	-2.72074194520931
-1.82228242715514	-3.52772770203524	-3.1386201819663	-2.71798713074901
-1.81605258512542	-3.52976469811837	-3.12795733160199	-2.72339686261069
-1.80982274309571	-3.50733842596312	-3.09814672302218	-2.68500288629692
-1.80359290106599	-3.51364793937052	-3.09842186484803	-2.69272048403755
-1.79736305903628	-3.50964926388208	-3.08897762852707	-2.68403166067656
-1.79113321700656	-3.4913482733096	-3.07607302921366	-2.66786595841482
-1.78490337497684	-3.47486248000057	-3.07030078552191	-2.65699157318718
-1.77867353294713	-3.44503670746599	-3.0573329223705	-2.64331896071348
-1.77244369091741	-3.43760204106114	-3.04640674037091	-2.64844218796396
-1.7662138488877	-3.44573464690357	-3.03440874588699	-2.61627197585979
-1.75998400685798	-3.44949687117223	-3.01499894694539	-2.60718191971311
-1.75375416482826	-3.42799545298599	-3.00809765219074	-2.59267105692413
-1.74752432279855	-3.4147808711566	-2.9948006345276	-2.57601908618581
-1.74129448076883	-3.40463106471338	-2.9924217831358	-2.58388002524483
-1.73506463873912	-3.41827799495031	-2.97377161052392	-2.57687076813056
-1.7288347967094	-3.36515667387904	-2.962318384966	-2.54511332224745
-1.72260495467968	-3.36361184398616	-2.95857409077308	-2.53794239258098
-1.71637511264997	-3.36723397832052	-2.94997829122605	-2.54704387618836
-1.71014527062025	-3.34076582345079	-2.9271607657506	-2.51674256084853
-1.70391542859053	-3.31324919863588	-2.91273156736894	-2.50197490955978
-1.69768558656082	-3.33812567029614	-2.90531751448468	-2.49506510615733
-1.6914557445311	-3.29392997447831	-2.89557176241672	-2.45842150495319
-1.68522590250139	-3.29989385135651	-2.8810220391873	-2.46254531449468
-1.67899606047167	-3.29791052733604	-2.8887172773975	-2.45742658621131
-1.67276621844195	-3.25670721856974	-2.86787065140661	-2.46793243219184
-1.66653637641224	-3.25917931847004	-2.85478246949387	-2.42837646007251
-1.66030653438252	-3.25783578421422	-2.84481027425842	-2.42638917725075
-1.65407669235281	-3.24452269111933	-2.83241282301162	-2.42020036408717
-1.64784685032309	-3.23378056307959	-2.81529374481163	-2.3993357490106
-1.64161700829337	-3.22763598417834	-2.8059187482977	-2.40209500574361
-1.63538716626366	-3.2211763994611	-2.79678404943699	-2.38762418405657
-1.62915732423394	-3.18794775619808	-2.79091893585248	-2.38493980880136
-1.62292748220423	-3.174505726556	-2.76466433014323	-2.368548814601
-1.61669764017451	-3.16320038956471	-2.75811858531557	-2.33724631984043
-1.61046779814479	-3.14079346104233	-2.76177599601085	-2.34246909824089
-1.60423795611508	-3.17328554616567	-2.74020213364729	-2.32541112414225
-1.59800811408536	-3.1347731756699	-2.73057421236351	-2.31623664229936
-1.59177827205565	-3.13117187125913	-2.71822931648853	-2.30637342810048
-1.58554843002593	-3.12111077682127	-2.70465585927533	-2.29005434360593
-1.57931858799621	-3.13154062919709	-2.70099683398114	-2.30801389199487
-1.5730887459665	-3.10003177050548	-2.68874210266189	-2.29958856240742
-1.56685890393678	-3.0810086480383	-2.67282692690437	-2.26182687036271
-1.56062906190707	-3.0940372336345	-2.65324010930757	-2.23700903070592
-1.55439921987735	-3.07020485476653	-2.64962196222699	-2.24650463888361
-1.54816937784763	-3.05534051617577	-2.6388179772731	-2.25118802422983
-1.54193953581792	-3.02865981526255	-2.62676752761457	-2.22934710525624
-1.5357096937882	-3.01697260586634	-2.60863029042159	-2.21584087756452
-1.52947985175848	-3.00749633482805	-2.60181715133049	-2.18635954402691
-1.52325000972877	-3.00039913026915	-2.5823680590837	-2.19101751387048
-1.51702016769905	-2.98267581522715	-2.59461413048629	-2.18053167557027
-1.51079032566934	-2.97567652638064	-2.56491337447144	-2.16837338209178
-1.50456048363962	-2.95223332545694	-2.55674821875944	-2.13798840371836
-1.4983306416099	-2.94871489959138	-2.53983440660817	-2.15507422784867
-1.49210079958019	-2.92139262441527	-2.53822220078134	-2.1231911432027
-1.48587095755047	-2.950838048997	-2.5268230281955	-2.10898643290154
-1.47964111552076	-2.92558669631285	-2.5059428905149	-2.10562653866105
-1.47341127349104	-2.9235137440942	-2.50931762084805	-2.10798366037742
-1.46718143146132	-2.89864779009056	-2.49192730801983	-2.09039577145124
-1.46095158943161	-2.88158929210994	-2.48490421961784	-2.06263932364194
-1.45472174740189	-2.86082889189736	-2.46088625293225	-2.0755171056777
-1.44849190537218	-2.84204912342872	-2.45883028941423	-2.05723799133241
-1.44226206334246	-2.85466501949945	-2.44403004744297	-2.03385865438766
-1.43603222131274	-2.83320043158793	-2.44064615172983	-2.02126153418926
-1.42980237928303	-2.82053431637024	-2.41289380148306	-1.99639691352803
-1.42357253725331	-2.82467067851619	-2.41513811004398	-1.98422102358291
-1.4173426952236	-2.80519740207665	-2.39796075033133	-2.00530452404325
-1.41111285319388	-2.80308873471607	-2.38222438758704	-1.98890176856512
-1.40488301116416	-2.77897160976748	-2.36877111740238	-1.96901166776568
-1.39865316913445	-2.77715737954305	-2.37526365704969	-1.93680581441138
-1.39242332710473	-2.77043348381244	-2.35305966166225	-1.93671294593426
-1.38619348507502	-2.72894579610998	-2.33290735318412	-1.9358277499733
-1.3799636430453	-2.73048709122064	-2.33397004003805	-1.91652696253064
-1.37373380101558	-2.71320839339303	-2.31478896473631	-1.91227774163572
-1.36750395898587	-2.70480307793702	-2.29607711764109	-1.90304289396337
-1.36127411695615	-2.71124012489385	-2.29631565161089	-1.9011281711476
-1.35504427492644	-2.7032400996011	-2.2896997082192	-1.89656249532178
-1.34881443289672	-2.66986233772382	-2.27401368100681	-1.85622987565125
-1.342584590867	-2.69290373628753	-2.26318605671689	-1.87757230427426
-1.33635474883729	-2.66311170390366	-2.25614910600101	-1.85437844165427
-1.33012490680757	-2.64140332243495	-2.24667601590817	-1.84841755591415
-1.32389506477785	-2.63707890156	-2.23044520289851	-1.82808594353167
-1.31766522274814	-2.63571460876056	-2.20965868995234	-1.80922522879795
-1.31143538071842	-2.61426312494318	-2.20879811269	-1.80002320637894
-1.30520553868871	-2.59947812565783	-2.18463150945918	-1.79837917094294
-1.29897569665899	-2.58025173785662	-2.17990467361954	-1.80000517649903
-1.29274585462927	-2.60060655944066	-2.17847218683497	-1.7723012071454
-1.28651601259956	-2.56711983862457	-2.15966177402701	-1.73389106158663
-1.28028617056984	-2.55199579445818	-2.15545037448531	-1.75030174533994
-1.27405632854013	-2.55508404332627	-2.13381628395763	-1.72190420744815
-1.26782648651041	-2.53020517319455	-2.09820403720811	-1.72019621836264
-1.26159664448069	-2.52033409396434	-2.11173609513199	-1.71597456129385
-1.25536680245098	-2.50489388314394	-2.10758988434373	-1.68908917252175
-1.24913696042126	-2.49678610318025	-2.09450648201816	-1.66871606529397
-1.24290711839155	-2.50612163506564	-2.07984026440118	-1.67124516342676
-1.23667727636183	-2.47076151269329	-2.06580632279143	-1.66863367287355
-1.23044743433211	-2.45403058253327	-2.05464926308926	-1.65413130054995
-1.2242175923024	-2.45893419057632	-2.05942380311569	-1.64096954453466
-1.21798775027268	-2.43541352234321	-2.02853502082634	-1.63834522180942
-1.21175790824297	-2.4319851616941	-2.02021989512501	-1.61705972933462
-1.20552806621325	-2.43031982555669	-2.01796619742656	-1.61330896563418
-1.19929822418353	-2.42415164931087	-2.00869865594171	-1.5832701608632
-1.19306838215382	-2.3953303367202	-2.00202142172811	-1.59698870981497
-1.1868385401241	-2.38544553819989	-1.97607356550998	-1.5411376891848
-1.18060869809439	-2.39236312549337	-1.9752257084192	-1.55100788658636
-1.17437885606467	-2.35903713284546	-1.95725781218122	-1.55974171178141
-1.16814901403495	-2.33220336644279	-1.94044348630506	-1.52655413511866
-1.16191917200524	-2.36559147737658	-1.92162070000075	-1.55210954699162
-1.15568932997552	-2.32694602978835	-1.92356409638473	-1.52676871351247
-1.1494594879458	-2.30284429750783	-1.90965958484136	-1.52225411362023
-1.14322964591609	-2.2895791685854	-1.89295127903121	-1.50541354303279
-1.13699980388637	-2.27264622979438	-1.89439640904079	-1.49094722573863
-1.13076996185666	-2.29552629795789	-1.87831533983182	-1.47870692653222
-1.12454011982694	-2.27267776743005	-1.86726861733997	-1.47820511680398
-1.11831027779722	-2.25632275833304	-1.8595907171066	-1.44320646665648
-1.11208043576751	-2.24040635733996	-1.83668864888806	-1.42113579340029
-1.10585059373779	-2.23784407195739	-1.83322010837722	-1.44320042492455
-1.09962075170808	-2.22524215693592	-1.83198666010328	-1.41939472361986
-1.09339090967836	-2.21501113490401	-1.81076140859033	-1.4049228950363
-1.08716106764864	-2.20757808972873	-1.80609506298651	-1.41476340090057
-1.08093122561893	-2.18563603391481	-1.78076051152229	-1.3877466812813
-1.07470138358921	-2.19309843781134	-1.77778871376978	-1.37308584803028
-1.0684715415595	-2.16766253006827	-1.76993720301823	-1.36658211075146
-1.06224169952978	-2.16933507055668	-1.75083360023117	-1.34092709012382
-1.05601185750006	-2.14437554691969	-1.74487409600905	-1.33795045973976
-1.04978201547035	-2.13895138105124	-1.72843458253739	-1.30680040849515
-1.04355217344063	-2.13452733390017	-1.72127218288516	-1.29776210380953
-1.03732233141092	-2.10447085136846	-1.69880742298212	-1.31024987799214
-1.0310924893812	-2.10077381416285	-1.68239769319067	-1.28884378311843
-1.02486264735148	-2.08675343179102	-1.67958025565326	-1.28632298844456
-1.01863280532177	-2.09039337730421	-1.67538355915391	-1.25982752845476
-1.01240296329205	-2.04890611128263	-1.66065583056213	-1.26963073367486
-1.00617312126234	-2.06059450904336	-1.65007830984507	-1.2371829999332
-0.999943279232619	-2.05692083059362	-1.63906357161228	-1.23901070474968
-0.993713437202903	-2.04449889038233	-1.6320673340056	-1.23714124884432
-0.987483595173187	-2.01143674596794	-1.62070037266174	-1.21471665385789
-0.981253753143471	-2.01082869896739	-1.59900621374653	-1.17808689368749
-0.975023911113755	-1.99380307924587	-1.58944127441506	-1.19779073378829
-0.968794069084039	-1.9768810526342	-1.58302407622566	-1.18206308579747
-0.962564227054323	-1.9507574182283	-1.56651381362111	-1.17118653836189
-0.956334385024607	-1.95590770062692	-1.56727461655797	-1.1717396550779
-0.950104542994891	-1.94359652320358	-1.54393923251495	-1.14875677672187
-0.943874700965175	-1.93353977413298	-1.54179153714418	-1.15214031245281
-0.937644858935459	-1.91156217832371	-1.53068321662926	-1.11449460108319
-0.931415016905743	-1.90990690631384	-1.5112868095077	-1.11284682906976
-0.925185174876027	-1.88684253970101	-1.50267637634087	-1.10288692861279
-0.91895533284631	-1.8967203987162	-1.4974027277917	-1.09580322601825
-0.912725490816594	-1.88475871088069	-1.47702054511504	-1.07815966646252
-0.906495648786878	-1.86179544940926	-1.4720537353213	-1.06327309376104
-0.900265806757162	-1.87092717957534	-1.46388708694997	-1.0590529272176
-0.894035964727446	-1.85601769655405	-1.44881254290462	-1.05656241420473
-0.88780612269773	-1.83595721599514	-1.44401356417962	-1.05199058020811
-0.881576280668014	-1.81996375972984	-1.41449870968354	-1.02064312178458
-0.875346438638298	-1.82970438710297	-1.40526846461425	-1.00661901362263
-0.869116596608582	-1.80838499503217	-1.39492628118589	-0.991771514479363
-0.862886754578866	-1.78923193888341	-1.39211349477023	-0.985204705223663
-0.85665691254915	-1.79601281119274	-1.37860058431601	-0.976534682545284
-0.850427070519434	-1.77168635333973	-1.3705747697089	-0.954234930139448
-0.844197228489718	-1.76416352522769	-1.35652711083234	-0.95690363365882
-0.837967386460002	-1.74838590905599	-1.34195779533787	-0.943622517833063
-0.831737544430286	-1.7091486033561	-1.32535273206598	-0.942367567300348
-0.82550770240057	-1.70244188951329	-1.31767522913938	-0.912076038010218
-0.819277860370853	-1.70877590676088	-1.31676999633173	-0.904086174626072
-0.813048018341137	-1.70783570240291	-1.30975378167613	-0.908323566739486
-0.806818176311421	-1.68719921531385	-1.28824200915424	-0.877284056768743
-0.800588334281705	-1.69014692344387	-1.27205541811124	-0.87865344474512
-0.794358492251989	-1.65937711129217	-1.2691664160696	-0.877705728985368
-0.788128650222273	-1.65282275922516	-1.25321262699631	-0.861542832851992
-0.781898808192557	-1.62328240805601	-1.23823619816941	-0.840472515245451
-0.775668966162841	-1.62844135104045	-1.22760348743751	-0.803908896971454
-0.769439124133125	-1.61199194933429	-1.22516263537536	-0.815442426270621
-0.763209282103409	-1.60404919840944	-1.21417615732279	-0.818115218551711
-0.756979440073693	-1.57769097721216	-1.19231684330279	-0.758227273440148
-0.750749598043977	-1.59593574934248	-1.19566359850148	-0.807035642722693
-0.744519756014261	-1.57497147708029	-1.17502166078401	-0.791789328789699
-0.738289913984545	-1.5600807212635	-1.16330572329812	-0.780276590114282
-0.732060071954828	-1.54432462180402	-1.15533895119692	-0.769590399885689
-0.725830229925112	-1.51406278430511	-1.14697864034921	-0.750107814636646
-0.719600387895396	-1.55400481655185	-1.12374762972231	-0.707003489308682
-0.71337054586568	-1.52772065909193	-1.1114965566546	-0.714826945274025
-0.707140703835964	-1.50840959477186	-1.10862402422478	-0.706248088767517
-0.700910861806248	-1.49972151160325	-1.09185885686345	-0.682382769222166
-0.694681019776532	-1.48271427091947	-1.08843735372504	-0.674101277044526
-0.688451177746816	-1.48155167058075	-1.08406001171222	-0.670427106594247
-0.6822213357171	-1.44569641240226	-1.06422901320623	-0.651378684485901
-0.675991493687384	-1.45111565478464	-1.05403087315485	-0.6347152609754
-0.669761651657668	-1.42640098720252	-1.04530648881384	-0.659216067239754
-0.663531809627952	-1.42853871601639	-1.02977254475786	-0.623650879476055
-0.657301967598236	-1.42818330034038	-1.00935191384983	-0.607127969492891
-0.65107212556852	-1.40155753143199	-1.00925131808208	-0.602386707297159
-0.644842283538804	-1.38282735601349	-0.993882067726484	-0.589410950058382
-0.638612441509087	-1.38086171152243	-0.982159290783838	-0.596932847298959
-0.632382599479371	-1.38817449532653	-0.971453736248063	-0.564385489398222
-0.626152757449655	-1.37147346641272	-0.954091559736091	-0.580745712732963
-0.619922915419939	-1.36492858237019	-0.949621898741971	-0.552140321753114
-0.613693073390223	-1.34761462947707	-0.933962395233541	-0.5304216790843
-0.607463231360507	-1.31914808484047	-0.932026702315625	-0.521043168594054
-0.601233389330791	-1.32214156958123	-0.918053532216311	-0.524163369683713
-0.595003547301075	-1.2944306894209	-0.897868793279638	-0.5062841541201
-0.588773705271359	-1.29868954037117	-0.889753919359333	-0.504775209039714
-0.582543863241643	-1.26584757651172	-0.87162253741939	-0.464777325616231
-0.576314021211927	-1.25832464182276	-0.866424502443008	-0.47204151311453
-0.570084179182211	-1.26351172256495	-0.849437928192971	-0.452318509621853
-0.563854337152495	-1.2512826395725	-0.847758723383612	-0.441416414261232
-0.557624495122779	-1.22917370815645	-0.828035735838196	-0.417464848934198
-0.551394653093063	-1.21923067565795	-0.81266939614805	-0.414688469013672
-0.545164811063346	-1.20812749015202	-0.797429374569183	-0.388932627816473
-0.53893496903363	-1.22585406754939	-0.798717481319953	-0.397894622109488
-0.532705127003914	-1.20549238448967	-0.789117460589186	-0.390337256049804
-0.526475284974198	-1.16376259606643	-0.772299835652575	-0.364761354843489
-0.520245442944482	-1.17710468259537	-0.768998640805964	-0.350234234390599
-0.514015600914766	-1.13580396431027	-0.755624950243443	-0.351270031302936
-0.50778575888505	-1.14373693844105	-0.752017719650123	-0.34771244013027
-0.501555916855334	-1.12683924490164	-0.73225999887763	-0.316633831319003
-0.495326074825618	-1.10909619424243	-0.718259232050671	-0.329604488201855
-0.489096232795902	-1.09582230993546	-0.706343433204102	-0.314201841438506
-0.482866390766186	-1.11042249866298	-0.696163684915027	-0.299660173560616
-0.47663654873647	-1.08849825330552	-0.690809384513747	-0.29875781548501
-0.470406706706754	-1.10823193081765	-0.677749423186607	-0.278940167318235
-0.464176864677038	-1.07694702460251	-0.667245733188401	-0.237244116404184
-0.457947022647322	-1.0635694558279	-0.654467546733	-0.259892289368909
-0.451717180617606	-1.02052278229078	-0.640946814229025	-0.21753181709619
-0.44548733858789	-1.04244652919322	-0.633128049930744	-0.224917042977831
-0.439257496558173	-1.02929342446223	-0.623453431032241	-0.216308988437951
-0.433027654528457	-1.02957469585447	-0.609642963553616	-0.211774750831884
-0.426797812498741	-0.989402684136333	-0.592898160398821	-0.216354752988772
-0.420567970469025	-0.970152987410996	-0.577156089747135	-0.195283504888029
-0.414338128439309	-0.981004123155268	-0.567602880095821	-0.173058550320916
-0.408108286409593	-0.94979849704394	-0.553647921198176	-0.146831562867939
-0.401878444379877	-0.946609138209186	-0.546396585686086	-0.147768730281628
-0.395648602350161	-0.950684890850942	-0.544976209058839	-0.137729704843944
-0.389418760320445	-0.914262834209117	-0.530376360143507	-0.124107343041281
-0.383188918290729	-0.925523694852369	-0.52875971516011	-0.111058000415715
-0.376959076261013	-0.90269645014541	-0.513369176047636	-0.100416694264644
-0.370729234231297	-0.896125210071169	-0.504030961013405	-0.109616643101146
-0.364499392201581	-0.883480877304144	-0.494560897564649	-0.0865976594450022
-0.358269550171865	-0.875887399932325	-0.470227517534399	-0.0670466959391742
-0.352039708142148	-0.855386773786528	-0.456756334760216	-0.0942628723203686
-0.345809866112432	-0.858987859593244	-0.455839508022534	-0.0322520298293337
-0.339580024082716	-0.838647683427524	-0.447012433061082	-0.0535890632032465
-0.333350182053	-0.820777231358601	-0.419608947108981	-0.0300279689249226
-0.327120340023284	-0.822772217930212	-0.42755411036797	-0.0273193657687238
-0.320890497993568	-0.806015067284878	-0.406155221845553	-0.0208106707516346
-0.314660655963852	-0.761453889570523	-0.388946029220962	0.00131703925309212
-0.308430813934136	-0.788430428895763	-0.377294894712177	0.0110732509483167
-0.30220097190442	-0.78824073950598	-0.369162404833458	0.0484109008666665
-0.295971129874704	-0.751241155075652	-0.347846418159549	0.0634272118015276
-0.289741287844988	-0.757015542500436	-0.342756341676121	0.0447516873873526
-0.283511445815272	-0.745358251872324	-0.340240706952656	0.0742628322787345
-0.277281603785556	-0.717803838806698	-0.320635319511491	0.0877321783096284
-0.27105176175584	-0.707590902969153	-0.314413416445059	0.071885979846758
-0.264821919726124	-0.709597728314632	-0.30747210389062	0.0843837284141529
-0.258592077696407	-0.699258804623651	-0.287307837344381	0.111520081166083
-0.252362235666691	-0.660681254084983	-0.269767134115636	0.121496985426382
-0.246132393636975	-0.655761930021476	-0.268387786655229	0.122979079199142
-0.239902551607259	-0.648349524370037	-0.268122118021112	0.15625682253062
-0.233672709577543	-0.646132169064612	-0.246559933214366	0.154212352820698
-0.227442867547827	-0.625967703353315	-0.237322243955994	0.177900454247481
-0.221213025518111	-0.614386451123271	-0.224552653692342	0.157142431618876
-0.214983183488395	-0.601162701701095	-0.212434090582533	0.174498629734239
-0.208753341458679	-0.591948307064821	-0.208173438699517	0.191789435055094
-0.202523499428963	-0.570758134734689	-0.188086781293326	0.207403206810923
-0.196293657399247	-0.595501711320386	-0.176080056679244	0.230846091740335
-0.190063815369531	-0.562086470450261	-0.165717806218152	0.234248537646513
-0.183833973339815	-0.540134474080353	-0.151879194666678	0.246684605917395
-0.177604131310099	-0.533906399384984	-0.131331071355479	0.263625209720153
-0.171374289280383	-0.540002072774093	-0.127926291760217	0.255442823997809
-0.165144447250666	-0.518649329491888	-0.11611908857142	0.279350705508837
-0.15891460522095	-0.520778972900843	-0.106362453572068	0.303718331313332
-0.152684763191234	-0.483175918293311	-0.099376447149349	0.298791920048586
-0.146454921161518	-0.485340639774718	-0.0815438407441282	0.313481122103317
-0.140225079131802	-0.466758363830118	-0.0767163027855623	0.354352502858123
-0.133995237102086	-0.464427813918061	-0.0659367285022118	0.327399434519045
-0.12776539507237	-0.458741573494939	-0.0522496430434596	0.341280070467158
-0.121535553042654	-0.430444235703346	-0.0437369890463983	0.32966681840672
-0.115305711012938	-0.419435692023731	-0.0256840955670616	0.385162720362014
-0.109075868983222	-0.400989690096178	-0.0188887404211732	0.363774333958826
-0.102846026953506	-0.389570990706529	-0.00546173499907185	0.395342972495457
-0.0966161849237899	-0.386351935063077	0.00631404700876223	0.404661743452941
-0.0903863428940739	-0.379558651034241	0.011722615774923	0.425770128545354
-0.0841565008643577	-0.381963935525236	0.0300342739527779	0.439762794974674
-0.0779266588346417	-0.343738745471952	0.0420852088018017	0.424748500453735
-0.0716968168049257	-0.332144304062631	0.0648185489703635	0.45135619345023
-0.0654669747752095	-0.333005081724603	0.0580930352293952	0.461313085287163
-0.0592371327454935	-0.316536094514766	0.0742651984048481	0.4860833456883
-0.0530072907157775	-0.306759287001106	0.0900353623586264	0.488134806806048
-0.0467774486860613	-0.309013759567031	0.100393776895527	0.496693588887058
-0.0405476066563453	-0.284290294937275	0.10991545383779	0.518644015527706
-0.0343177646266293	-0.261253740520928	0.118212550872915	0.52102191472315
-0.0280879225969131	-0.277583750524726	0.137929608301396	0.521159578140045
-0.0218580805671971	-0.237352417825299	0.14915886584316	0.555936654635493
-0.0156282385374811	-0.255963129511869	0.145796404711465	0.546119211758712
-0.00939839650776486	-0.260689527147125	0.16185144773694	0.567357899425201
-0.00316855447804887	-0.22304935389606	0.180629400316879	0.574411800306248
0.00306128755166712	-0.225922982245675	0.182763152045973	0.585346355996063
0.00929112958138334	-0.20702031041775	0.201614537341145	0.594297494151419
0.0155209716110993	-0.179457268777473	0.204258264944914	0.59300128787185
0.0217508136408153	-0.169357671597395	0.236602976097341	0.636886005269891
0.0279806556705315	-0.170822637467058	0.234771257202582	0.626577077382408
0.0342104977002475	-0.145943312538719	0.250753427102624	0.661689449583715
0.0404403397299635	-0.156357011688215	0.263349122156382	0.659153097669045
0.0466701817596797	-0.142367609715705	0.271755149819685	0.651817402462241
0.0529000237893957	-0.12373950223757	0.280061358756101	0.677861130543322
0.0591298658191117	-0.104035586898255	0.283684350991283	0.705431370649529
0.0653597078488279	-0.0963932957974664	0.291969474332222	0.685635513345698
0.0715895498785439	-0.07670248400886	0.31765847335732	0.706892017342841
0.0778193919082599	-0.0755451319788056	0.325232529627166	0.696989348845519
0.0840492339379761	-0.0660222094788963	0.336330874881374	0.74705490081888
0.0902790759676921	-0.0616023640536085	0.344517193017345	0.733181902000884
0.0965089179974081	-0.0513298012645331	0.360454367323691	0.781832870917149
0.102738760027124	-0.0201981887499774	0.363483637644523	0.763439285122264
0.10896860205684	-0.0116107245080629	0.380750727380668	0.775666676008119
0.115198444086556	0.00889717029384678	0.393626374627112	0.780790060413678
0.121428286116272	-0.00821059898007842	0.397832352519824	0.837176368636808
0.127658128145988	0.00692690460579859	0.42397070585118	0.803274806664366
0.133887970175705	0.0293029930204019	0.424686052077436	0.812268706335511
0.140117812205421	0.0416318977317032	0.433253775811903	0.838189508869528
0.146347654235137	0.0470199454753198	0.448063763598644	0.827957814437962
0.152577496264853	0.0511463118879204	0.45672782600805	0.839992743165966
0.158807338294569	0.0620682019529947	0.469093321433804	0.858414339925419
0.165037180324285	0.102203060282496	0.481077408577985	0.894022287089423
0.171267022354001	0.103353919209865	0.486297107453825	0.907985674495631
0.177496864383717	0.122565727352945	0.50570182965807	0.886286637552829
0.183726706413433	0.110351817313037	0.514835943766112	0.911627839232796
0.189956548443149	0.133241065532256	0.526606541384199	0.92401409433139
0.196186390472865	0.142426597044104	0.537416902327289	0.939598845836376
0.202416232502581	0.146057888232477	0.554746094069694	0.960986439144802
0.208646074532298	0.188008236890041	0.560663853262265	0.952169075577744
0.214875916562014	0.170827842778445	0.56776705890667	0.960794521455861
0.22110575859173	0.182777517403605	0.581789645581911	0.980800195171159
0.227335600621446	0.19539906956043	0.594260768509603	0.970941608288521
0.233565442651162	0.202987880544809	0.60204047506207	0.995865133286547
0.239795284680878	0.214125903843029	0.614664725020714	1.01280665665933
0.246025126710594	0.222462794758473	0.628729964718604	1.00589353671646
0.25225496874031	0.23960858096417	0.634029666556952	1.03692082038653
0.258484810770026	0.247870454645754	0.660096422060319	1.05335127542279
0.264714652799742	0.271890861168097	0.66918024435193	1.05999696434092
0.270944494829458	0.282795461156588	0.679395470559296	1.07333377209066
0.277174336859174	0.291285495784273	0.674487795554315	1.08269397108872
0.28340417888889	0.292247030774398	0.703859602305831	1.08559765466112
0.289634020918606	0.31568648141854	0.704218649211292	1.10285100760806
0.295863862948322	0.321155236690644	0.714841965641484	1.11233680492792
0.302093704978038	0.320650322725102	0.73073589766952	1.11666091415399
0.308323547007754	0.360853071415508	0.743924855173803	1.14157997883951
0.31455338903747	0.366216480357382	0.759084461079443	1.15921499349515
0.320783231067187	0.365424683221063	0.768839384015716	1.15700953043177
0.327013073096903	0.385817648333398	0.77353992746477	1.16804111533355
0.333242915126619	0.391685418235899	0.791089441041674	1.17756664325325
0.339472757156335	0.404542835842526	0.800266332283412	1.21696510174956
0.345702599186051	0.418003671712564	0.808545495444233	1.19061476209662
0.351932441215767	0.436221291114491	0.820479397657631	1.22541146758787
0.358162283245483	0.444962024480012	0.829122388754859	1.21169444877064
0.364392125275199	0.467690392596758	0.851388062503503	1.23132135242738
0.370621967304915	0.455638194597152	0.854145707430495	1.24953019356506
0.376851809334631	0.444412787844724	0.862944931770489	1.2837301057478
0.383081651364347	0.475714681793192	0.880367145351373	1.27721210239014
0.389311493394063	0.490287415385186	0.892151156350566	1.29217139116533
0.39554133542378	0.519588863613787	0.910314037766995	1.29516814921736
0.401771177453496	0.512928759246667	0.916865900047716	1.32544223352479
0.408001019483212	0.529381144273894	0.924853573698108	1.32253296008898
0.414230861512928	0.558784441917727	0.938187925038282	1.32298554607347
0.420460703542644	0.569799879563624	0.935988811022648	1.33255167070495
0.42669054557236	0.557644376839818	0.951028566940986	1.3562804221807
0.432920387602076	0.569030269604627	0.968735429004573	1.35917455601206
0.439150229631792	0.564992604864983	0.989850978602108	1.3564014928162
0.445380071661508	0.592727457081992	0.990905480984997	1.39883162285237
0.451609913691224	0.606883576936085	1.00297333795594	1.40298031501691
0.45783975572094	0.627396914922451	1.01394276915481	1.40711838798468
0.464069597750656	0.628928331574182	1.02309193186727	1.43082362902689
0.470299439780372	0.626940862071027	1.03368869711162	1.42799206522759
0.476529281810088	0.664663627292944	1.0379211745287	1.42797467834381
0.482759123839804	0.662656868784947	1.06291780487997	1.46174837824818
0.48898896586952	0.673146227449803	1.06473190893582	1.4624806382348
0.495218807899236	0.716049370127543	1.08184953964473	1.48406651169709
0.501448649928952	0.687043869421896	1.10045158386062	1.48220860218581
0.507678491958668	0.693580202347346	1.10269439237822	1.50435367707416
0.513908333988385	0.73134583727468	1.12015540757937	1.52177147292102
0.520138176018101	0.747960075892342	1.13073743531941	1.51926490858344
0.526368018047817	0.74950236569859	1.13584851033248	1.55742681484068
0.532597860077533	0.75105847793416	1.15827876822883	1.56555245694003
0.538827702107249	0.783519367996404	1.16784057719916	1.53862310013282
0.545057544136965	0.78308180047478	1.16668673769916	1.55292128559206
0.551287386166681	0.81033206365891	1.18903653100021	1.58244753629735
0.557517228196397	0.80740743820721	1.19966508201739	1.58120754858212
0.563747070226113	0.810566836892553	1.20852937212523	1.59199086052718
0.569976912255829	0.831998617663885	1.23124945689997	1.61436414802464
0.576206754285545	0.82938511638682	1.22612259306749	1.62282392204622
0.582436596315261	0.850189727388451	1.2466112862701	1.65157461065182
0.588666438344978	0.835914504391042	1.24886510027645	1.64731079200007
0.594896280374694	0.878889179334454	1.25993351949734	1.67534852437575
0.60112612240441	0.877507594588609	1.28206408555412	1.68096838226298
0.607355964434126	0.886226619622951	1.28612037394869	1.68739335400723
0.613585806463842	0.910533403575483	1.29677639022691	1.70204762639776
0.619815648493558	0.899867207977341	1.31480186917467	1.71155627583535
0.626045490523274	0.921095062426151	1.31027946621956	1.7125891724283
0.63227533255299	0.95992093028969	1.33586278922785	1.74005571194862
0.638505174582706	0.954867915031018	1.34965290300937	1.73395443732334
0.644735016612422	0.958095626133715	1.37085127705536	1.73984819365501
0.650964858642138	0.989511747118738	1.36272007207634	1.77137464152367
0.657194700671854	0.984171178280826	1.3779909877287	1.77476631715966
0.66342454270157	0.995301945808338	1.38887213420639	1.79680099552054
0.669654384731286	0.998469770071826	1.39603920101404	1.81091366309117
0.675884226761002	1.00483276463224	1.40549943480985	1.82656815512238
0.682114068790718	1.02992455935481	1.42631430554231	1.80191031257361
0.688343910820434	1.03634066135673	1.43977731800624	1.82337863076904
0.69457375285015	1.07289390577182	1.44827271130733	1.84922481743698
0.700803594879867	1.06907162453243	1.45634782765121	1.8674898473461
0.707033436909583	1.07569070545663	1.47525502919488	1.87195934023963
0.713263278939299	1.10333648615664	1.4794238334091	1.87318475446725
0.719493120969015	1.11184934887742	1.49318907161444	1.88294255078957
0.725722962998731	1.11806263317741	1.50346577814405	1.89965597455996
0.731952805028447	1.14205410590297	1.51667740836268	1.90490741143051
0.738182647058163	1.12600514485954	1.52021556211666	1.93104925022493
0.744412489087879	1.14056155699993	1.52987326469278	1.92704293674332
0.750642331117595	1.14406575476936	1.54129152631805	1.95104808187949
0.756872173147311	1.16780495002975	1.55574584993242	1.95901431306871
0.763102015177027	1.16161220345457	1.57264530291839	1.95820285443491
0.769331857206743	1.18410120385314	1.57952556926296	1.98207551834091
0.77556169923646	1.18986500723681	1.58374618303104	1.97804335952194
0.781791541266176	1.21439321933357	1.61176545301095	2.01308738646325
0.788021383295892	1.21850728436007	1.60534624037076	2.003458203009
0.794251225325608	1.23424084208366	1.6331821276517	2.02828948977929
0.800481067355324	1.2328078169534	1.64728775920241	2.02417346928847
0.80671090938504	1.26471908567991	1.66065318010777	2.03956225034198
0.812940751414756	1.2724306442619	1.66292989346101	2.05695010134209
0.819170593444472	1.26198665782992	1.68080184337528	2.06766831060251
0.825400435474188	1.28473980091165	1.69427549119883	2.09789842789648
0.831630277503904	1.31048506756993	1.69141320193032	2.06973246928686
0.83786011953362	1.28565657147737	1.70406533556418	2.09383145540967
0.844089961563336	1.32152147121306	1.72284498530298	2.1041495931109
0.850319803593052	1.32762633860087	1.73525284602332	2.11313056899211
0.856549645622768	1.35238136305906	1.74197837216872	2.14009690866192
0.862779487652484	1.33462837592839	1.74834955206338	2.13085994181486
0.8690093296822	1.38279294784854	1.7715260399929	2.15220738799566
0.875239171711916	1.36022081823341	1.768678763256	2.16871532359451
0.881469013741632	1.40909257617788	1.79398722108879	2.19151553585314
0.887698855771349	1.40315984474374	1.79527766068282	2.17998596362253
0.893928697801065	1.42664655137738	1.80488280357872	2.20880668688662
0.900158539830781	1.42411223799409	1.8123989667805	2.23073303985984
0.906388381860497	1.43181951306972	1.83477847490306	2.20707068045594
0.912618223890213	1.4664954996945	1.84390366019794	2.2182719073239
0.918848065919929	1.45136999092247	1.85631249201427	2.25573368114499
0.925077907949645	1.46588048474652	1.86786034746747	2.2664608463279
0.931307749979361	1.48174496028206	1.87375290720414	2.27968546196442
0.937537592009077	1.4866192496818	1.88771447837913	2.27922157878504
0.943767434038793	1.523027377496	1.90098444356214	2.30271302209132
0.949997276068509	1.50733069451672	1.9219611409257	2.31514554264801
0.956227118098225	1.51654688238314	1.9183343348426	2.32671829887065
0.962456960127941	1.55391802290101	1.93545860984379	2.3233036616377
0.968686802157658	1.54513188504736	1.94318855588373	2.34560337102329
0.974916644187374	1.57203983707912	1.94578402303596	2.34334319700665
0.98114648621709	1.56515598768955	1.96695255263901	2.37972517735925
0.987376328246806	1.58913486916654	1.98321234465664	2.36945388250996
0.993606170276522	1.59515358500957	1.98893283030851	2.36961827206389
0.999836012306238	1.58197509108369	2.00646985629566	2.38291961716615
1.00606585433595	1.62365346404987	2.01590118495756	2.38975674284466
1.01229569636567	1.64310735721397	2.02229701253939	2.43180324070591
1.01852553839539	1.63178715469339	2.03821186857692	2.4007862709383
1.0247553804251	1.65162206460487	2.0526659131954	2.46070275337815
1.03098522245482	1.66299296212729	2.05571131760342	2.46463087118453
1.03721506448453	1.67528053082335	2.06004124573521	2.47139917310664
1.04344490651425	1.69573847782658	2.09345837732467	2.47408198060056
1.04967474854397	1.69887925457096	2.09057239290128	2.47490295594477
1.05590459057368	1.72422567148487	2.10482960237923	2.49895365697411
1.0621344326034	1.7264906035191	2.12111566361132	2.53717460492218
1.06836427463311	1.73753575585829	2.12403752702045	2.51963828728547
1.07459411666283	1.73679497632055	2.13426048535897	2.52513808563417
1.08082395869255	1.73802779460297	2.147681114321	2.53642500769281
1.08705380072226	1.78538607993388	2.15936592124565	2.55443179028679
1.09328364275198	1.78320882224974	2.17908617483551	2.56510168616791
1.09951348478169	1.77229657719411	2.17946244490616	2.56465487612421
1.10574332681141	1.8003083945913	2.19527938631541	2.58131954020597
1.11197316884113	1.79095720781691	2.20552854258768	2.60444956088994
1.11820301087084	1.85768176423044	2.22680327856252	2.62654067517343
1.12443285290056	1.84098174073909	2.22339589768833	2.60422533761128
1.13066269493028	1.82527332096958	2.23960538037031	2.62928134928837
1.13689253695999	1.86147286021319	2.24538151224606	2.6582577976482
1.14312237898971	1.87821233273457	2.26365657050915	2.64670328395007
1.14935222101942	1.8689522039059	2.2699371208212	2.67787629607801
1.15558206304914	1.89604760274065	2.290842752972	2.66540939907886
1.16181190507886	1.92351240556343	2.28880630337265	2.71683617836027
1.16804174710857	1.90234869000936	2.30587179536408	2.70640585987944
1.17427158913829	1.89747728686296	2.31699174125929	2.71125239414195
1.180501431168	1.9283935662367	2.32404363577707	2.73939014728836
1.18673127319772	1.94542055645685	2.33495737459511	2.7433764209875
1.19296111522744	1.94856487518338	2.34335635654202	2.74008130793057
1.19919095725715	1.96770169877709	2.36362649811124	2.77068919447146
1.20542079928687	1.97974453322498	2.37998163828313	2.7854389317504
1.21165064131658	2.00351325320334	2.37375898399295	2.78003555129009
1.2178804833463	2.00982116331298	2.40092799182769	2.79052874806139
1.22411032537602	2.01379873266137	2.40925315187217	2.80466092664223
1.23034016740573	2.05056652220042	2.4152207472685	2.80340955360235
1.23657000943545	2.04242547514465	2.43544124464373	2.83585741029399
1.24279985146516	2.04364614807273	2.44807725616823	2.86112159673195
1.24902969349488	2.05911714293402	2.44952203897304	2.83693702517858
1.2552595355246	2.09808771739315	2.47330689212848	2.85714493984085
1.26148937755431	2.07920311005349	2.48423459065954	2.88076979151888
1.26771921958403	2.0813776363751	2.4946360757136	2.89003063863255
1.27394906161374	2.11143540187243	2.5014242171672	2.86437852713228
1.28017890364346	2.11943764907702	2.50578167763836	2.92601219082626
1.28640874567318	2.14408646396305	2.52663482135562	2.93593656401129
1.29263858770289	2.14023227452532	2.54362988010379	2.94222908932681
1.29886842973261	2.14764231609351	2.54613754170484	2.92457798510356
1.30509827176232	2.15686741916404	2.55739735870987	2.95544358635638
1.31132811379204	2.17908173317768	2.57195169419758	2.96178776304527
1.31755795582176	2.19578212369222	2.57579478727052	2.95595294010471
1.32378779785147	2.21179379109411	2.59518694178857	2.98154195649997
1.33001763988119	2.20228864800521	2.61126183782189	3.02651526494658
1.33624748191091	2.21563401818442	2.62079012975181	2.99801674742122
1.34247732394062	2.23608487814842	2.63704936200747	3.03030173611312
1.34870716597034	2.22904164935415	2.63581652832065	3.02792862290102
1.35493700800005	2.27175398303921	2.65351573179436	3.03113353294442
1.36116685002977	2.25589805957945	2.66297360176496	3.07243254106692
1.36739669205949	2.28665682008634	2.67408433733673	3.07035628888757
1.3736265340892	2.27784802705926	2.67419995584731	3.07644581188654
1.37985637611892	2.28251750612985	2.68037584785263	3.0907110270403
1.38608621814863	2.32220598846354	2.70832923078057	3.08964880513171
1.39231606017835	2.34977167607801	2.71281426903273	3.11967757791398
1.39854590220807	2.33100951996958	2.72777147052426	3.1173604246125
1.40477574423778	2.35893361942504	2.7383459565002	3.13138498969648
1.4110055862675	2.36330064873747	2.7534170408588	3.12737494144537
1.41723542829721	2.3610974689175	2.75960030688683	3.15800516962634
1.42346527032693	2.36982553996243	2.77563445346316	3.17212524169835
1.42969511235665	2.42024293087031	2.78204398787183	3.17620336632055
1.43592495438636	2.41221138281551	2.79871503310427	3.19825032429265
1.44215479641608	2.39096366044074	2.80346437898754	3.19789556400558
1.44838463844579	2.42340020771516	2.81736713408484	3.22163620213153
1.45461448047551	2.43477410311219	2.82803964869943	3.21834348261074
1.46084432250523	2.45250941346238	2.83427906816016	3.21106102888999
1.46707416453494	2.45143850922159	2.85177391187509	3.23787167049864
1.47330400656466	2.46624468487601	2.86622756499024	3.26600026096958
1.47953384859437	2.46854338901949	2.868664812346	3.29205729330133
1.48576369062409	2.49192510288519	2.88884679877548	3.29757354925775
1.49199353265381	2.49900524360544	2.89618448365968	3.2906004051342
1.49822337468352	2.50327613854428	2.91307988957005	3.30318595074047
1.50445321671324	2.55361679494599	2.92586109879972	3.33421921483819
1.51068305874296	2.5568067823335	2.94622396533825	3.32091440722645
1.51691290077267	2.53084942591347	2.94690472228118	3.33640790565236
1.52314274280239	2.57106937836903	2.95047921088612	3.35670864831243
1.5293725848321	2.58140073363368	2.96108849092915	3.34532930776738
1.53560242686182	2.5942856868462	2.98302386553862	3.37869041644455
1.54183226889154	2.57594154721772	2.99034634085942	3.39606551494868
1.54806211092125	2.60564381217265	2.99558524769758	3.39585727439897
1.55429195295097	2.62870118675175	3.01043093123014	3.40355434776884
1.56052179498068	2.6413342158912	3.02023428155487	3.40365056481238
1.5667516370104	2.62837573043171	3.04638851290896	3.41185158259721
1.57298147904012	2.6584607451565	3.04607768251237	3.43792589715813
1.57921132106983	2.67830565869897	3.0641818266863	3.46379419687899
1.58544116309955	2.6697258446241	3.06543100159496	3.45335406241573
1.59167100512926	2.68871834536138	3.08011005686297	3.47365129971604
1.59790084715898	2.67231871754485	3.09402096729403	3.47383686481321
1.6041306891887	2.67643146073242	3.09872659641891	3.50155421788937
1.61036053121841	2.72480381506772	3.11122889887085	3.51501643326771
1.61659037324813	2.71264766271846	3.12053571899939	3.50192848044524
1.62282021527784	2.74849252791261	3.1398511492592	3.52814262643011
1.62905005730756	2.73958571922958	3.13744280966565	3.53419518904175
1.63527989933728	2.78239062021187	3.1607983664951	3.54270007973402
1.64150974136699	2.77294451716207	3.1657972687256	3.57661132656198
1.64773958339671	2.79343019541162	3.17428885532243	3.5718793530367
1.65396942542642	2.79982606262997	3.1937978308318	3.58607063776556
1.66019926745614	2.79628568151097	3.20605099409458	3.61339657216592
1.66642910948586	2.82334780262077	3.20511652551333	3.60878833184662
1.67265895151557	2.83404037679517	3.22916973127606	3.61675365368761
1.67888879354529	2.84861950744817	3.25050913286713	3.64213664045658
1.685118635575	2.84378421730958	3.24256570641155	3.63891009063494
1.69134847760472	2.87002222548295	3.2577989462231	3.66372360378559
1.69757831963444	2.87691321572192	3.26571488632154	3.6905492681712
1.70380816166415	2.87766887560863	3.28472584348872	3.68007381644629
1.71003800369387	2.90553353767539	3.30358274816213	3.68426027216922
1.71626784572359	2.91721156611507	3.31097351885617	3.70456509267089
1.7224976877533	2.92025124551108	3.31912397960337	3.71814452952064
1.72872752978302	2.94502681569587	3.33024201639328	3.71407179575089
1.73495737181273	2.96580792864617	3.33701933502514	3.72776544903616
1.74118721384245	2.94317541600403	3.35214178242969	3.75301575607114
1.74741705587217	2.97559880407731	3.36432125852594	3.76229470488026
1.75364689790188	2.97676915356522	3.37650624395955	3.76035672128577
1.7598767399316	2.97740001899054	3.37950887729978	3.77410242159326
1.76610658196131	3.00863324374929	3.39981384831158	3.81152929593403
1.77233642399103	3.02233537001163	3.40267397307491	3.77166203416682
1.77856626602075	3.03056936932013	3.412886858614	3.81910840951708
1.78479610805046	3.03006970544271	3.41830067213058	3.82171859109142
1.79102595008018	3.06477603777754	3.43977658629747	3.83822009228891
1.79725579210989	3.07292561261506	3.45617741436138	3.86180531168913
1.80348563413961	3.06103552628474	3.46808850456614	3.8441753947344
1.80971547616933	3.06292767014245	3.47782407741483	3.87597854176442
1.81594531819904	3.08612620354931	3.49034480431008	3.88759346752414
1.82217516022876	3.08219616114822	3.49710379994244	3.8867198684924
1.82840500225847	3.12097543545201	3.50371258023681	3.89880256860619
1.83463484428819	3.14760223224085	3.52289133157672	3.92918069902358
1.84086468631791	3.12349435541998	3.52498965556144	3.91371463328392
1.84709452834762	3.15536911343207	3.54080516529566	3.94275433609016
1.85332437037734	3.1592341751907	3.55997773815334	3.96875999899681
1.85955421240705	3.19866225043899	3.57439342517634	3.97521767617579
1.86578405443677	3.20109953513491	3.57988127109041	3.98529492319785
1.87201389646649	3.19009962118322	3.5947107595149	3.97700376738525
1.8782437384962	3.21741373361723	3.59919741228963	3.98325994459259
1.88447358052592	3.2155589029345	3.61203440514575	4.00318636114916
1.89070342255564	3.23119190365084	3.63147671813007	4.02655663352675
1.89693326458535	3.22694653666125	3.62759484357916	4.02503370098181
1.90316310661507	3.26926561881854	3.65171951938298	4.04492843993435
1.90939294864478	3.24355502620067	3.65319999203127	4.03696765884978
1.9156227906745	3.25907960778989	3.66537097676051	4.07510970057239
1.92185263270422	3.29926067398325	3.69296737867625	4.0976559130885
1.92808247473393	3.30794574397467	3.689629525888	4.08341875761859
1.93431231676365	3.32653789882151	3.71039886080388	4.08751810898574
1.94054215879336	3.31225380578228	3.71529431031425	4.10381886879422
1.94677200082308	3.33104188530904	3.73072424357852	4.1200502760131
1.9530018428528	3.35206156832741	3.73918106477785	4.14009655257439
1.95923168488251	3.35896242061187	3.75408303494672	4.14265815868602
1.96546152691223	3.35206549894272	3.76820241919629	4.17518599732331
1.97169136894194	3.38498610648082	3.77474313832894	4.17922764613778
1.97792121097166	3.41390606665133	3.78490383781522	4.18078530675542
1.98415105300138	3.40302765302912	3.79473840578979	4.19893247305804
1.99038089503109	3.42669386272865	3.79784939210545	4.19776544154675
1.99661073706081	3.44390377985243	3.81874509037074	4.1948749756712
2.00284057909052	3.40604277146855	3.8169293474025	4.22698534771565
2.00907042112024	3.44485327483122	3.84259294078494	4.25205013947618
2.01530026314996	3.4715785319557	3.85603213005438	4.24790909161617
2.02153010517967	3.47338477900659	3.86539996694164	4.26289565239962
2.02775994720939	3.46001441238414	3.87275255935399	4.26922994825769
2.0339897892391	3.50017278095362	3.89087134658713	4.27014236328358
2.04021963126882	3.50223405456127	3.89456988743998	4.30206068019544
2.04644947329854	3.49158070777956	3.91472274124608	4.3145989690511
2.05267931532825	3.51788711042547	3.91620575163137	4.31233113182593
2.05890915735797	3.55450817435486	3.93174591801176	4.33703297510156
2.06513899938769	3.55597879616677	3.93015711538881	4.32106658573847
2.0713688414174	3.56411809828766	3.95765485601543	4.34720882008549
2.07759868344712	3.58688813224102	3.96311282813224	4.36484080511421
2.08382852547683	3.5613932214232	3.9778748523839	4.35792849741468
2.09005836750655	3.59669088058334	3.99309060157746	4.39347008631641
2.09628820953627	3.59505979401787	3.99922574578007	4.39955379389694
2.10251805156598	3.60547748052682	4.00945940843733	4.41463264431758
2.1087478935957	3.63095039401943	4.02907930373381	4.4252038910537
2.11497773562541	3.63200324179565	4.02284100623396	4.41296959654244
2.12120757765513	3.66168151746933	4.04189123869875	4.44276678372509
2.12743741968485	3.65222674133556	4.04992211100556	4.44409880057599
2.13366726171456	3.66922329685359	4.07195293116504	4.47005793603787
2.13989710374428	3.67305688482579	4.08336139461409	4.4876585145655
2.14612694577399	3.69022097973084	4.08308695128268	4.48463901083593
2.15235678780371	3.70046962554405	4.11084413781759	4.49935145692403
2.15858662983343	3.71583526004482	4.11645029818982	4.52118819888512
2.16481647186314	3.72824976383379	4.12433744927813	4.51684322611329
2.17104631389286	3.74342736619366	4.14248797220317	4.55533630912644
2.17727615592257	3.75506794770333	4.15507070143345	4.54545924300135
2.18350599795229	3.75707185476893	4.15855799153372	4.54530039578753
2.18973583998201	3.7643754980949	4.15824255989062	4.55920324082476
2.19596568201172	3.77116304394795	4.17761152012367	4.57586050105471
2.20219552404144	3.76922829042376	4.19028590413373	4.58773690017369
2.20842536607115	3.79613370625816	4.2042422601191	4.56331975350631
2.21465520810087	3.82610023919068	4.22114550843414	4.59256537230817
2.22088505013059	3.8289325889049	4.23289077403767	4.60621724603174
2.2271148921603	3.82853730535286	4.23725714250877	4.63094158734851
2.23334473419002	3.85278375635865	4.2480641109353	4.64954052012363
2.23957457621973	3.84463181331961	4.26018283651001	4.64734994879145
2.24580441824945	3.88172962668088	4.27065537144703	4.68299296451116
2.25203426027917	3.86783584089359	4.28682794298818	4.66439850970643
2.25826410230888	3.89087225528035	4.29661507494498	4.70401094960665
2.2644939443386	3.92300363573277	4.30715313873075	4.68662993230686
2.27072378636832	3.93245934982655	4.32027459027423	4.73552569702235
2.27695362839803	3.95764811908002	4.32362969037835	4.71545643404674
2.28318347042775	3.9332353466946	4.34770581817057	4.74310625266094
2.28941331245746	3.95791043892682	4.3482504668964	4.75207106474605
2.29564315448718	3.9651314094797	4.3568652726912	4.76276943917244
2.3018729965169	3.99010250679149	4.36965888634527	4.7689787024371
2.30810283854661	4.00232553142513	4.38466024967505	4.78795833776195
2.31433268057633	3.99833296365926	4.39558321129349	4.81132013039216
2.32056252260604	4.01130960271176	4.41322601418168	4.80624800415162
2.32679236463576	4.01772276805243	4.41752771815909	4.83621558786397
2.33302220666548	4.04659495786446	4.4356264197064	4.82687724279291
2.33925204869519	4.04209855030641	4.43899735770583	4.83758361402446
2.34548189072491	4.03960099332127	4.45773891370214	4.86940640029941
2.35171173275462	4.05266751551594	4.46278404849635	4.86620660600166
2.35794157478434	4.07409197577579	4.48869212908372	4.86694117786547
2.36417141681406	4.07752397160254	4.48560089873999	4.87291521028296
2.37040125884377	4.11115403059369	4.49854505609338	4.88446578690759
2.37663110087349	4.13009691427395	4.52547442894887	4.89565521299213
2.3828609429032	4.12522706751186	4.51805587511136	4.91413685037359
2.38909078493292	4.13950531591899	4.52779799028439	4.92867811562065
2.39532062696264	4.16349865436914	4.54915075225264	4.93995770937369
2.40155046899235	4.18134443352277	4.55149626342436	4.94873865323082
2.40778031102207	4.1774782029081	4.5847653593075	4.97961724903996
2.41401015305178	4.15497393300836	4.57039719580923	4.9593723401051
2.4202399950815	4.20457609569004	4.58677826469682	4.99724385578976
2.42646983711122	4.2104269920998	4.60022159097585	4.99253592788085
2.43269967914093	4.20533543665931	4.61997399171469	5.00454457126975
2.43892952117065	4.21171137581255	4.62502114327773	5.02264588414654
2.44515936320036	4.25686567519119	4.63102054471796	5.03878427808428
2.45138920523008	4.24633528527551	4.64442848687866	5.02283523778944
2.4576190472598	4.23104328922372	4.6585753259761	5.07333696897619
2.46384888928951	4.27708852809813	4.66753834191748	5.0747239054821
2.47007873131923	4.28644747217653	4.68629860456014	5.0902283177646
2.47630857334895	4.27945170612831	4.68226888313856	5.10815926814862
2.48253841537866	4.29702013434994	4.70120146007731	5.09398284479888
2.48876825740838	4.31179222096476	4.71485320320922	5.12805944565074
2.49499809943809	4.28972737559069	4.73312243257833	5.12242252681056
2.50122794146781	4.34159921487699	4.74244448775345	5.1468466915189
2.50745778349753	4.3219715179119	4.7508716260481	5.1511135839116
2.51368762552724	4.37275166344755	4.76358681243735	5.17538524962599
2.51991746755696	4.38498576211719	4.76971506575459	5.14657850581939
2.52614730958667	4.38016334109654	4.78632446452572	5.19580239284758
2.53237715161639	4.4099521714344	4.79470386441828	5.18092381750339
2.53860699364611	4.39712970479212	4.80893268356033	5.19071847064147
2.54483683567582	4.40438821541354	4.81735858070451	5.23508043365637
2.55106667770554	4.42709865070881	4.82261338581859	5.23463355351769
2.55729651973525	4.44131730618722	4.82982043382781	5.22759738347072
2.56352636176497	4.45498090506613	4.85060324143911	5.2598573832102
2.56975620379469	4.47241705093617	4.86028350540626	5.24814579933915
2.5759860458244	4.47005341569563	4.87269343873547	5.26016516921671
2.58221588785412	4.47913305831645	4.88261989453666	5.26118392385637
2.58844572988383	4.47554387033055	4.89534990967571	5.28990468509601
2.59467557191355	4.52259715332649	4.90228047428761	5.30477567806996
2.60090541394327	4.52147481149201	4.921507579402	5.33353827471844
2.60713525597298	4.52424084787632	4.93332229693212	5.32692061705194
2.6133650980027	4.52627469867465	4.93536724590262	5.33240318283544
2.61959494003242	4.55668466853901	4.94557665680765	5.33869911237197
2.62582478206213	4.57835622694824	4.95689529150051	5.3636293545161
2.63205462409185	4.58714466949163	4.97223079711136	5.37600739633347
2.63828446612156	4.58385650249162	4.98533412196606	5.38335247222046
2.64451430815128	4.60565398429061	4.99155603102819	5.41251144490806
2.65074415018099	4.60592558904846	5.01278778312572	5.43409205310083
2.65697399221071	4.61966018836586	5.02843166455171	5.44053626412353
2.66320383424043	4.62308357655916	5.03480176997548	5.44437944195188
2.66943367627014	4.63690934429556	5.03908812321098	5.45074146449318
2.67566351829986	4.67153191638806	5.05312050706202	5.46139412743248
2.68189336032958	4.65749060875166	5.05936764109314	5.46835015127318
2.68812320235929	4.66006898157987	5.08607453250737	5.48048991386081
2.69435304438901	4.70856345905044	5.08722866140401	5.45920313810416
2.70058288641872	4.6844857399806	5.09909662072588	5.50136082451136
2.70681272844844	4.70579237676336	5.10601783508199	5.50495163117645
2.71304257047816	4.73303529729171	5.12717224745829	5.5321224333432
2.71927241250787	4.76019793885537	5.1293433987236	5.52922715726736
2.72550225453759	4.72612568653398	5.13868451457126	5.52591713539777
2.7317320965673	4.76921168765497	5.15360591561402	5.5366130312901
2.73796193859702	4.76380210135425	5.16472779471434	5.55052167055376
2.74419178062674	4.79528050815632	5.18166417994631	5.57270069133868
2.75042162265645	4.77356408195153	5.18191923665092	5.59458936902957
2.75665146468617	4.80621995477424	5.19389132794126	5.59294538162463
2.76288130671588	4.81139007798636	5.20346989459219	5.60068129115402
2.7691111487456	4.82460266609768	5.22727736865134	5.62969466842772
2.77534099077532	4.81996267949707	5.22988417935927	5.63450951260182
2.78157083280503	4.84934369807949	5.24689014677883	5.64105686775819
2.78780067483475	4.85693902048608	5.25714659794941	5.68393805535098
2.79403051686446	4.86775556383795	5.25983940838933	5.70061683160879
2.80026035889418	4.87250835769569	5.29162333973598	5.71043173371249
2.8064902009239	4.90868720465266	5.29470941806552	5.68301333972858
2.81272004295361	4.88762570398895	5.30185882250713	5.72717977690882
2.81894988498333	4.92609597363271	5.31689536660833	5.71899763312962
2.82517972701305	4.93886928072032	5.33421625821591	5.753185987671
2.83140956904276	4.92655616691338	5.34224718312258	5.74331762445652
2.83763941107248	4.94063268408852	5.34897260587586	5.75198990159072
2.84386925310219	4.96888057234609	5.36105047403337	5.77546754701355
2.85009909513191	4.96005057064752	5.37219901261553	5.78297071460835
2.85632893716163	4.96285766789792	5.38220611098854	5.76797548454883
2.86255877919134	4.99410401040915	5.39646835720678	5.81605896932942
2.86878862122106	5.00733208230157	5.40866638599903	5.8097608476697
2.87501846325077	5.03843641729044	5.41288482896945	5.79899917535535
2.88124830528049	5.02146482212218	5.42947804083581	5.82875462867909
2.88747814731021	5.00198193224012	5.4445187789031	5.83954843829966
2.89370798933992	5.05464123564646	5.44271096959238	5.85132024361231
2.89993783136964	5.06220505543189	5.45628920971039	5.87687036281073
2.90616767339935	5.08108866748836	5.47321636905322	5.88813714651259
2.91239751542907	5.09016775266718	5.48136527636631	5.90315839896263
2.91862735745879	5.08537254219697	5.510829982542	5.88555788755919
2.9248571994885	5.11697491470846	5.51953159565849	5.90030260601403
2.93108704151822	5.13125410184037	5.51408987720592	5.93422429384599
2.93731688354793	5.1270932211076	5.51784231785971	5.94387911230633
2.94354672557765	5.12555451106359	5.54399394954773	5.94220570481585
2.94977656760737	5.19453096446808	5.55896650297252	5.95298313297889
2.95600640963708	5.16193138253746	5.56793042717862	5.97628747470659
2.9622362516668	5.16425974852804	5.56156544094654	5.98397695545734
2.96846609369651	5.17313299940185	5.56855680268943	5.97817148154126
2.97469593572623	5.20699318265278	5.60174366453638	6.00629981456378
2.98092577775595	5.20167566961355	5.6079220817552	6.01203061669576
2.98715561978566	5.23199955922383	5.61446561666587	6.01301966784177
2.99338546181538	5.22486776408602	5.61904031389999	6.0267974448482
2.9996153038451	5.26097332011007	5.64606880381674	6.04187451678259
3.00584514587481	5.24670124871915	5.66287724879209	6.06100490001066
3.01207498790453	5.26295264528624	5.66239932856584	6.08256704718565
3.01830482993424	5.27032827196841	5.6849774865991	6.07652549175665
3.02453467196396	5.28045591680294	5.69621472512648	6.09857757587458
3.03076451399368	5.29412009338478	5.69840948573266	6.097337566641
3.03699435602339	5.32344863676835	5.72598016038863	6.11617044003837
3.04322419805311	5.31948280719427	5.72429212695916	6.14624775115788
3.04945404008282	5.34297437799087	5.73000844648783	6.16252457526761
3.05568388211254	5.35035040896145	5.74814141072156	6.1816477491212
3.06191372414226	5.37990249765951	5.75666765122899	6.17039310527994
3.06814356617197	5.3642764117255	5.77470168705817	6.1480083821913
3.07437340820169	5.38282565251316	5.77309438113448	6.15992959085291
3.0806032502314	5.39069418664773	5.79512624571232	6.16359561382135
3.08683309226112	5.39891772281454	5.80401346549569	6.2038243563779
3.09306293429084	5.41274138494472	5.81652678741085	6.22130977680574
3.09929277632055	5.42638384291894	5.82733881144298	6.24133832821699
3.10552261835027	5.44536322364614	5.82579944548454	6.24561350771967
3.11175246037998	5.43976861208926	5.84781230975139	6.23725441569759
3.1179823024097	5.44527999841964	5.8665790960319	6.27695873791693
3.12421214443942	5.43794031912952	5.87679755942972	6.28360727908291
3.13044198646913	5.47936705628208	5.88533293798761	6.2910757543289
3.13667182849885	5.49881602671212	5.88677134877434	6.28303780778011
3.14290167052856	5.50015525794572	5.90457036435086	6.31748078281449
3.14913151255828	5.50585961395369	5.90273826454263	6.32059043165063
3.155361354588	5.51535430588615	5.92947612108983	6.32804303936939
3.16159119661771	5.52206697975677	5.9408389440216	6.34393775685845
3.16782103864743	5.5510140103089	5.94819634973888	6.35469689873756
3.17405088067714	5.56606305278508	5.95814442308103	6.35462988122251
3.18028072270686	5.5702725872137	5.96813220223209	6.39151300595182
3.18651056473658	5.58848385091945	5.98323073682668	6.3730341756164
3.19274040676629	5.5910529326744	5.99822362880796	6.41246619827481
3.19897024879601	5.59501656242215	6.00696460522663	6.40544978514742
3.20520009082572	5.62382387629343	6.02125525069454	6.42533174556352
3.21142993285544	5.64289248582259	6.03621948794859	6.42616240386074
3.21765977488516	5.66679079026808	6.03209546324507	6.45222068399458
3.22388961691487	5.63950156807276	6.05218874723341	6.45632138849428
3.23011945894459	5.66170885275944	6.0601841015017	6.45759288533873
3.2363493009743	5.68710406173986	6.08381413054591	6.50863887611032
3.24257914300402	5.67517975445756	6.08848378872969	6.50464150821566
3.24880898503374	5.70864981285658	6.10660319025947	6.4791365646245
3.25503882706345	5.69190571740868	6.09924451319944	6.51744996233958
3.26126866909317	5.70582090278365	6.1239692619179	6.52410472102202
3.26749851112289	5.72387980298611	6.13415783952336	6.52324706798242
3.2737283531526	5.73895361145651	6.14877213465822	6.53739049989688
3.27995819518232	5.72402130770843	6.1537251303469	6.55300415604437
3.28618803721203	5.75403701164525	6.16980728196376	6.57498759900981
3.29241787924175	5.76705593377476	6.18666270537678	6.58959233251269
3.29864772127147	5.78148783930144	6.18267368316404	6.58280297042091
3.30487756330118	5.78738173316712	6.19331286368145	6.61225608033662
3.3111074053309	5.79126798924601	6.20787977089666	6.61848375125514
3.31733724736061	5.82577601431577	6.22348375467867	6.6176944684369
3.32356708939033	5.82009398058257	6.2320329855453	6.6618031233277
3.32979693142005	5.83153848492279	6.24359279474724	6.65032420900008
3.33602677344976	5.85318497999585	6.25409582614884	6.67150272659125
3.34225661547948	5.87269289499635	6.27325359789636	6.67182587541692
3.3484864575092	5.87739264790599	6.27457747930733	6.6959545843673
3.35471629953891	5.89417469593124	6.29271469040727	6.69871652162431
3.36094614156863	5.88650286456439	6.3167284717822	6.71124699543255
3.36717598359834	5.91252555824343	6.31896000399242	6.73449778913619
3.37340582562806	5.91875569305918	6.32241820452692	6.73210717011013
3.37963566765778	5.94308546210478	6.33993517316386	6.7418459556801
3.38586550968749	5.9503035802834	6.34727225746947	6.75411261601859
3.39209535171721	5.95638733215739	6.34652319122725	6.78108840085555
3.39832519374692	5.95911517770498	6.37873263228728	6.77980838762128
3.40455503577664	5.96911961258849	6.38315590197133	6.78957388991584
3.41078487780635	5.99366938827678	6.39022294259776	6.79506801713249
3.41701471983607	5.99302744596181	6.41061341684792	6.81843959851996
3.42324456186579	6.01341683534574	6.40949652118667	6.82416524213647
3.4294744038955	6.01919237606393	6.42100187785068	6.83299582473909
3.43570424592522	6.03481561208613	6.44122242123486	6.86893012720164
3.44193408795494	6.04149605762819	6.447123678554	6.87504222489608
3.44816392998465	6.06422795711469	6.46468827355332	6.8812379536521
3.45439377201437	6.07471896467705	6.48701049183124	6.8724557426328
3.46062361404408	6.09202609627617	6.47263776194818	6.90403041930092
3.4668534560738	6.08753628604568	6.49645855172195	6.89155379713484
3.47308329810352	6.08623300211118	6.5058311978618	6.89840917994913
3.47931314013323	6.09649773637338	6.51729799274591	6.92692468028876
3.48554298216295	6.1265761175343	6.5337055838735	6.93017163949063
3.49177282419266	6.15021745500694	6.54222687172461	6.94597684893303
3.49800266622238	6.14877914673998	6.5347312411474	6.95057497008591
3.5042325082521	6.15925893681048	6.56483967912075	6.98026101831321
3.51046235028181	6.14586352667303	6.56330199791415	6.97499823086107
3.51669219231153	6.20333143759837	6.58311759000426	6.9780036314626
3.52292203434124	6.18159333568723	6.59589612998685	7.01121653763317
3.52915187637096	6.19407165690408	6.6027766709062	7.01530564360843
3.53538171840068	6.22351885356136	6.62694824383732	7.034250668333
3.54161156043039	6.22572265173609	6.62911839464419	7.02939380623599
3.54784140246011	6.24603407921999	6.63650769825566	7.0297975888226
3.55407124448982	6.23999447904327	6.64806224398353	7.05358678973583
3.56030108651954	6.27539539071195	6.67185503627617	7.09084609378043
3.56653092854926	6.27957177473472	6.66615085661452	7.08251177733483
3.57276077057897	6.29473655011568	6.68786962544468	7.10247091119633
3.57899061260869	6.26830614685855	6.6918184588486	7.09531567684473
3.5852204546384	6.30097336564932	6.71166826401769	7.12652763728781
3.59145029666812	6.32550447500902	6.709767770409	7.12596264835943
3.59768013869784	6.31434817375281	6.7328728590445	7.13526360965171
3.60390998072755	6.34266417137879	6.73378820665726	7.15523746297782
3.61013982275727	6.36091717073537	6.76596576243218	7.16280595635384
3.61636966478699	6.35472084210019	6.76266580419402	7.17914320148158
3.6225995068167	6.34557917081329	6.76834659472717	7.17809654531506
3.62882934884642	6.3895621713025	6.7907122641583	7.20702556356993
3.63505919087613	6.37795036309824	6.79644800359973	7.19494881939415
3.64128903290585	6.41492679236772	6.81514250837692	7.20470415101596
3.64751887493557	6.42876201752279	6.82983085268934	7.21485505495299
3.65374871696528	6.42710476203591	6.83387245038745	7.24538268780395
3.659978558995	6.4337763334997	6.84456047969902	7.2577125492112
3.66620840102471	6.47438299177619	6.8667397430534	7.28485742954485
3.67243824305443	6.44944871003276	6.86943526608614	7.29064014034091
3.67866808508415	6.47614474174414	6.87635448428008	7.2981254758589
3.68489792711386	6.48278023487519	6.8868739206979	7.30622646577771
3.69112776914358	6.49826427906123	6.90296429837454	7.30032464042261
3.69735761117329	6.52060663542294	6.90261237273944	7.32958376069894
3.70358745320301	6.50489287532826	6.93629799142185	7.33052476729189
3.70981729523273	6.52692887331147	6.94017583710582	7.32665802143733
3.71604713726244	6.55803558624936	6.94656163669228	7.33658138724364
3.72227697929216	6.54062936390976	6.95257302078876	7.36907495350722
3.72850682132187	6.57522367816492	6.97659669340647	7.37174309530979
3.73473666335159	6.57536165754252	6.97048912970416	7.3947059336282
3.74096650538131	6.57003107763094	6.99298943787734	7.39177608561065
3.74719634741102	6.58732774877277	7.01075260390047	7.42016783292393
3.75342618944074	6.59180273765275	7.0115287079614	7.40828175833309
3.75965603147045	6.61496303690871	7.04069576964691	7.43788208709622
3.76588587350017	6.63971886645365	7.03697363830129	7.46338037902482
3.77211571552989	6.63000063632057	7.05533418518336	7.44615460986694
3.7783455575596	6.64341012425727	7.06306427599556	7.47624197234241
3.78457539958932	6.64897481129805	7.06111337742605	7.47052231294546
3.79080524161904	6.69251864300957	7.08667815380127	7.48499078009189
3.79703508364875	6.69066105687692	7.09024389641362	7.48278474637648
3.80326492567847	6.69393275516752	7.09741303058356	7.4954876918764
3.80949476770818	6.71455010414494	7.12291296511343	7.50296896600253
3.8157246097379	6.70463939208339	7.13082339379752	7.53272782520664
3.82195445176762	6.73921365732283	7.13372386110063	7.55007939227963
3.82818429379733	6.75212639110875	7.1491849247149	7.5719907740736
3.83441413582705	6.74380531949894	7.16205709524525	7.56461259964238
3.84064397785676	6.76454966520018	7.17363026440766	7.56835331111356
3.84687381988648	6.77689053121059	7.18896917697003	7.59377216872679
3.8531036619162	6.76705350448613	7.19370138126823	7.62345472568599
3.85933350394591	6.78513990531533	7.21238576835442	7.62079388289383
3.86556334597563	6.80449491214273	7.23265966120263	7.64508539731812
3.87179318800534	6.83675695292032	7.23383901878415	7.65045056214735
3.87802303003506	6.84765887126043	7.24682860321164	7.66665694587197
3.88425287206478	6.83511037633566	7.25129762961769	7.64314075487859
3.89048271409449	6.86737483786843	7.25969122504533	7.6931953478174
3.89671255612421	6.86540065149826	7.2738814086154	7.69442497225462
3.90294239815392	6.86906245739629	7.28180174785131	7.68647378494215
3.90917224018364	6.88636310917686	7.30350735267933	7.72849580802605
3.91540208221336	6.90245385215524	7.31334196139262	7.72649576891877
3.92163192424307	6.91507777381853	7.31985989436965	7.72592377481255
3.92786176627279	6.93234579406995	7.32528492080405	7.75062216914228
3.9340916083025	6.93670034814217	7.34264341318971	7.74817741063438
3.94032145033222	6.93930264796258	7.35871233038814	7.77200156487619
3.94655129236194	6.96414846853769	7.37294034155743	7.78971954192409
3.95278113439165	6.98296199153927	7.37602953811878	7.7890869539196
3.95901097642137	6.99915080186099	7.39128775703279	7.77876970460524
3.96524081845108	6.9688170849356	7.40527156106933	7.81961332906835
3.9714706604808	7.01207436745777	7.42009033839143	7.80759740371228
3.97770050251052	7.01568273183494	7.42515165125704	7.83833418930875
3.98393034454023	7.01121203517304	7.44094823548472	7.85532083418649
3.99016018656995	7.0165000302493	7.44819907125426	7.84510514237322
3.99639002859967	7.04582953313826	7.46076884881013	7.87818632458864
4.00261987062938	7.0787964838254	7.47060965408809	7.87410725642639
4.0088497126591	7.06407549235456	7.48044939889662	7.89376776452088
4.01507955468881	7.07382384369816	7.48896678688276	7.92374603305249
4.02130939671853	7.07944176908564	7.50943841564359	7.94106389394017
4.02753923874825	7.10182683238629	7.51801646256537	7.92255301709347
4.03376908077796	7.10685401488112	7.52893277988914	7.95838501630067
4.03999892280768	7.12821723864154	7.54126020549031	7.94816263228606
4.04622876483739	7.12546387536028	7.5529644055673	7.96918962380482
4.05245860686711	7.14725008827927	7.56368609509298	7.97140302520276
4.05868844889683	7.16950496642349	7.57905755832316	8.01235980802625
4.06491829092654	7.16595980308046	7.58244100677415	7.9869711299336
4.07114813295626	7.1762463849332	7.58839648523326	8.00450220171191
4.07737797498597	7.19308998467146	7.60886965863232	8.01384983903009
4.08360781701569	7.1927572891611	7.61555436105104	8.0136733388656
4.08983765904541	7.19801398040385	7.63027225290672	8.02560168496369
4.09606750107512	7.23330900058144	7.64756984681694	8.07273615382285
4.10229734310484	7.24007273656909	7.65477265102624	8.06120197470544
4.10852718513456	7.24892669735189	7.66005615475348	8.075753129303
4.11475702716427	7.26367687469214	7.67571837234649	8.09133230135601
4.12098686919399	7.26748720051361	7.68542555067896	8.0692738991369
4.1272167112237	7.28813373319868	7.70059033204788	8.08843003829938
4.13344655325342	7.28981900232903	7.71083077371961	8.14043781191428
4.13967639528314	7.31114533150894	7.72561979029474	8.13527780270539
4.14590623731285	7.31286224730968	7.72790172264311	8.14481074773031
4.15213607934257	7.31359488631704	7.74239685006705	8.15641965867195
4.15836592137228	7.3252884342457	7.74982463783058	8.1769942036565
4.164595763402	7.37613252020607	7.76860710977048	8.18722039533294
4.17082560543171	7.34801029032171	7.7787050989138	8.18203815673049
4.17705544746143	7.38177000654095	7.7927368926015	8.2039788599031
4.18328528949115	7.39323052729268	7.7932817925946	8.20543418165062
4.18951513152086	7.41463895651365	7.81029979903453	8.22997928770137
4.19574497355058	7.39847994339295	7.81580722200196	8.22763134252841
4.2019748155803	7.41062809191497	7.83291483269515	8.2322975716945
4.20820465761001	7.42747393972147	7.83985639576898	8.26714490008785
4.21443449963973	7.45226683035327	7.8557357326025	8.28722165881106
4.22066434166944	7.45002312041273	7.85979017169895	8.26749644972996
4.22689418369916	7.47212837362254	7.87826465758446	8.27864458994534
4.23312402572888	7.48266297339707	7.88671022958893	8.31739368862719
4.23935386775859	7.48992315212014	7.9017400557518	8.31832524179194
4.24558370978831	7.51041873261793	7.9154705417468	8.33454448095819
4.25181355181802	7.50648530271714	7.93209361570546	8.34870858331211
4.25804339384774	7.52836870879565	7.9400224281753	8.35249284201399
4.26427323587746	7.5203752453623	7.94474137680767	8.35576209936634
4.27050307790717	7.54703117628089	7.95945969739905	8.36763285037883
4.27673291993689	7.56308781793838	7.97321941767773	8.38867328509764
4.2829627619666	7.57866037337179	7.98444645388449	8.40369230296508
4.28919260399632	7.57281663895857	7.9860804747672	8.41721061043285
4.29542244602604	7.59386465680861	8.00509868304414	8.40808717242554
4.30165228805575	7.60528945152263	8.01396586675382	8.40763071300625
4.30788213008547	7.62190257492771	8.02905144361983	8.4450820570971
4.31411197211519	7.63338424679184	8.03289505031612	8.4409232263719
4.3203418141449	7.64734251257154	8.05877735072853	8.46787032561837
