"mitochan"	"lwrNorm"	"medNorm"	"uprNorm"
-1.90327037354145	-3.32393194458014	-2.90253251295538	-2.47983509949835
-1.89675012620563	-3.34493361555905	-2.8884566785554	-2.44988850072483
-1.89022987886982	-3.31366797958438	-2.87665041529915	-2.46931701431413
-1.88370963153401	-3.28777086808598	-2.87309574357888	-2.4491878234766
-1.87718938419819	-3.2926279238512	-2.87067876940952	-2.41658039987405
-1.87066913686238	-3.26217908155309	-2.85575707225139	-2.40725845213681
-1.86414888952656	-3.26605892205178	-2.8446283273227	-2.41357725579879
-1.85762864219075	-3.26281739871587	-2.83702013088902	-2.39047749702544
-1.85110839485494	-3.23411030384485	-2.82224805470459	-2.42913667924993
-1.84458814751912	-3.23046263650283	-2.81152400551289	-2.36838713667246
-1.83806790018331	-3.22510059731663	-2.79984657640578	-2.3782379957548
-1.83154765284749	-3.21064135673758	-2.79384479573808	-2.37061599178295
-1.82502740551168	-3.20827486399241	-2.76531706431788	-2.33404912608515
-1.81850715817587	-3.16343599581539	-2.76076448956327	-2.3356470847933
-1.81198691084005	-3.19135541260926	-2.7523745095431	-2.31179892832405
-1.80546666350424	-3.19396514990088	-2.75262324254276	-2.32118165178191
-1.79894641616842	-3.16898534411104	-2.73572266371575	-2.32487291216698
-1.79242616883261	-3.1461403441376	-2.71642829037836	-2.31186252170824
-1.7859059214968	-3.13795283216808	-2.70423017082776	-2.29602579386492
-1.77938567416098	-3.10782702942206	-2.70126184455749	-2.28655789491786
-1.77286542682517	-3.11954633701604	-2.68900095571836	-2.25793980584337
-1.76634517948935	-3.10105954242781	-2.68242678004593	-2.25829788770203
-1.75982493215354	-3.0744786581154	-2.65532067151366	-2.26131680699061
-1.75330468481773	-3.10269115043613	-2.64870612185221	-2.23051408844779
-1.74678443748191	-3.08173663452579	-2.64764324212626	-2.23210809307623
-1.7402641901461	-3.06545273803709	-2.63108982655346	-2.21604373088381
-1.73374394281028	-3.04783064940406	-2.61877981945342	-2.17886320047868
-1.72722369547447	-3.0450388911541	-2.62436519803094	-2.1857020501003
-1.72070344813866	-3.03233673259694	-2.59077892221646	-2.19437441186517
-1.71418320080284	-3.0310899228807	-2.58294982016568	-2.13905911290597
-1.70766295346703	-3.00773761414287	-2.57845821327368	-2.16509151858584
-1.70114270613121	-2.98356249685817	-2.5667016886109	-2.15051220119399
-1.6946224587954	-2.98609901242428	-2.54699526973467	-2.1187392815844
-1.68810221145959	-2.96059608055673	-2.55058319282403	-2.14186011057094
-1.68158196412377	-2.95651458510078	-2.53131794587651	-2.10721758647919
-1.67506171678796	-2.9346318287196	-2.5265604196882	-2.10132304692293
-1.66854146945214	-2.92608222008279	-2.50764631594572	-2.11707537000143
-1.66202122211633	-2.93303908151041	-2.50487157091687	-2.09687119505801
-1.65550097478052	-2.90231713123062	-2.47947917240181	-2.06556989013615
-1.6489807274447	-2.89539191355463	-2.47628141899765	-2.05292089896183
-1.64246048010889	-2.86282381106187	-2.46531008222939	-2.05441032997857
-1.63594023277307	-2.88632169509133	-2.46197314101965	-2.03005372918699
-1.62941998543726	-2.8549706300015	-2.44170585183597	-2.03290188588306
-1.62289973810145	-2.86299902747977	-2.42378632824848	-2.01571432950384
-1.61637949076563	-2.85642425956029	-2.43360769974297	-1.98625721878609
-1.60985924342982	-2.8323279547459	-2.41041254902815	-1.98409262225919
-1.603338996094	-2.82423999759852	-2.40360943535251	-1.97861428254943
-1.59681874875819	-2.80995786667644	-2.39335175231561	-1.96570523284051
-1.59029850142237	-2.79633144119555	-2.37316222765333	-1.96376846498288
-1.58377825408656	-2.78540192164379	-2.36520546966635	-1.9347965136496
-1.57725800675075	-2.76784890828931	-2.35227362942939	-1.9391586041407
-1.57073775941493	-2.78179410000216	-2.34160878292067	-1.91653505436418
-1.56421751207912	-2.74119883153851	-2.33821769444151	-1.8984276313821
-1.5576972647433	-2.75376732278809	-2.32384497850616	-1.89519193178588
-1.55117701740749	-2.7256528735207	-2.31009832220594	-1.88216040975089
-1.54465677007168	-2.7405000716293	-2.30124203322632	-1.8795156230795
-1.53813652273586	-2.7164020060908	-2.28625861620858	-1.86516450787407
-1.53161627540005	-2.69833469613702	-2.27865033435731	-1.84497932783353
-1.52509602806423	-2.67547470363437	-2.26865823575338	-1.84825625173844
-1.51857578072842	-2.66416536746707	-2.27032883287541	-1.84056087430738
-1.51205553339261	-2.68634363460247	-2.25791030065373	-1.83895427864122
-1.50553528605679	-2.66910702125343	-2.23645897604896	-1.79119555604969
-1.49901503872098	-2.66192453539332	-2.21308693877571	-1.79084776455224
-1.49249479138516	-2.64626248145994	-2.2171828631078	-1.77743246209776
-1.48597454404935	-2.65391512521306	-2.19295596669764	-1.78631628587033
-1.47945429671354	-2.61628509265048	-2.18508971745519	-1.77071458444479
-1.47293404937772	-2.59237627017204	-2.17654025309724	-1.74839728716238
-1.46641380204191	-2.60268607150137	-2.17719772480372	-1.75902177621978
-1.45989355470609	-2.57549265899362	-2.16229411855736	-1.75876177236545
-1.45337330737028	-2.56017676221049	-2.14304137845672	-1.72404222202216
-1.44685306003447	-2.54519699908549	-2.13792952795449	-1.68928889152542
-1.44033281269865	-2.54486585245521	-2.11548607660815	-1.7045177719666
-1.43381256536284	-2.53816092829317	-2.11897266595285	-1.67296924421537
-1.42729231802702	-2.51866671902346	-2.09871008043189	-1.68889784355156
-1.42077207069121	-2.51741677810104	-2.08529174206901	-1.7050666260209
-1.4142518233554	-2.50862071535748	-2.07660599174806	-1.65121973640072
-1.40773157601958	-2.49157808126263	-2.07894366197468	-1.65817962941952
-1.40121132868377	-2.46719523014702	-2.04888041569055	-1.6450018033137
-1.39469108134795	-2.48768972437855	-2.05208148249839	-1.62782348208088
-1.38817083401214	-2.44911139116071	-2.04141743591762	-1.61745574106328
-1.38165058667633	-2.44809579056242	-2.03470338003805	-1.60621048535247
-1.37513033934051	-2.42099839295813	-2.0194286927255	-1.58309173029919
-1.3686100920047	-2.41946904395667	-2.00444746962978	-1.60065976190246
-1.36208984466888	-2.39539572252138	-1.98591749742501	-1.57091657071639
-1.35556959733307	-2.41093094247844	-1.98396754337261	-1.55888592030834
-1.34904934999726	-2.39480225830619	-1.96706335625286	-1.54622357836062
-1.34252910266144	-2.39077533454711	-1.96702682541686	-1.53122767317804
-1.33600885532563	-2.35724099106802	-1.94775530094483	-1.50558842845207
-1.32948860798981	-2.34332968140837	-1.94328194998987	-1.52659622293022
-1.322968360654	-2.35513912002961	-1.93122421246148	-1.50910582310615
-1.31644811331819	-2.3491489152788	-1.91343648548741	-1.50602825693014
-1.30992786598237	-2.33814348811802	-1.90553721136227	-1.50937593989907
-1.30340761864656	-2.28899854772562	-1.90360536797881	-1.46910329849889
-1.29688737131074	-2.29741369344057	-1.88068192734537	-1.45544639801379
-1.29036712397493	-2.30231098692982	-1.87369362260499	-1.44306534957052
-1.28384687663911	-2.27187772164423	-1.86271071003871	-1.44476121796463
-1.2773266293033	-2.29297103816092	-1.85806566907436	-1.44664270147297
-1.27080638196749	-2.26343203622752	-1.83587379460463	-1.41863409824907
-1.26428613463167	-2.24543076577788	-1.83676251316461	-1.38566878212545
-1.25776588729586	-2.23417270921676	-1.82041529264756	-1.39387590710395
-1.25124563996004	-2.22420676036627	-1.8058154793805	-1.40475638046269
-1.24472539262423	-2.22628034153961	-1.7901642588218	-1.39316629638135
-1.23820514528842	-2.21923695092194	-1.77477230815754	-1.36506606621412
-1.2316848979526	-2.17736898812785	-1.76553102239633	-1.33616751028978
-1.22516465061679	-2.18248501100618	-1.7600362914552	-1.34541232484115
-1.21864440328097	-2.17472171569459	-1.75272830873765	-1.33979566244327
-1.21212415594516	-2.15619027265564	-1.74973938363399	-1.29894712260764
-1.20560390860935	-2.14910432556093	-1.7283937254123	-1.30265111954569
-1.19908366127353	-2.13377693758389	-1.71146474600513	-1.28734950956158
-1.19256341393772	-2.1300701448117	-1.71251790676942	-1.29896343920513
-1.1860431666019	-2.12317589686868	-1.69681213385741	-1.27355396500834
-1.17952291926609	-2.10193524888126	-1.68418545738504	-1.27158329238767
-1.17300267193028	-2.11223010720778	-1.67489384383177	-1.26415550802277
-1.16648242459446	-2.07144158625956	-1.67360436767041	-1.24749634867934
-1.15996217725865	-2.06077576962793	-1.65434275529063	-1.23025711999452
-1.15344192992283	-2.08421724828976	-1.64370551464433	-1.23180894815964
-1.14692168258702	-2.02836933296557	-1.62976663225381	-1.20866479413955
-1.14040143525121	-2.04597920538921	-1.61421905089729	-1.20807616318471
-1.13388118791539	-2.01534171918899	-1.6067618451768	-1.21496715825165
-1.12736094057958	-2.01718801418029	-1.59877065615967	-1.19324787386617
-1.12084069324376	-1.99986585251139	-1.58930825100976	-1.17828013690903
-1.11432044590795	-1.98949171800329	-1.57244465573995	-1.14293631775492
-1.10780019857214	-1.9916803372679	-1.57183403359784	-1.14200927587152
-1.10127995123632	-1.99692969884946	-1.55532154528797	-1.1458543015751
-1.09475970390051	-1.93487994673446	-1.55128712009439	-1.13781433865009
-1.08823945656469	-1.94557475826309	-1.53371503877623	-1.12812732390373
-1.08171920922888	-1.93290542257542	-1.52722876990344	-1.12489492628287
-1.07519896189307	-1.9455707197069	-1.52203221252102	-1.09203733080649
-1.06867871455725	-1.94698859568627	-1.50630109262981	-1.08639995104261
-1.06215846722144	-1.92010280018243	-1.49169173947601	-1.10290356563777
-1.05563821988562	-1.91033411040789	-1.48362832695912	-1.09253145756405
-1.04911797254981	-1.8952084292842	-1.47335454888858	-1.03874980422472
-1.042597725214	-1.8844340819174	-1.45468795116593	-1.00595683416179
-1.03607747787818	-1.85215905272404	-1.44399614976927	-1.01164958315589
-1.02955723054237	-1.87060980271983	-1.43145636392578	-1.02713607613959
-1.02303698320655	-1.83681954838251	-1.42310995946201	-0.994847474271877
-1.01651673587074	-1.80536753998431	-1.41053069866952	-1.02311063722356
-1.00999648853493	-1.79739352609843	-1.40139883948943	-0.983868898488332
-1.00347624119911	-1.81844063197618	-1.37916684475642	-0.974524842616842
-0.996955993863297	-1.79506446691951	-1.37934361275631	-0.971675330981439
-0.990435746527483	-1.77049926900808	-1.3567153788138	-0.958955712413058
-0.983915499191669	-1.77989237427184	-1.35098699317314	-0.943288183058783
-0.977395251855855	-1.75154407692972	-1.34580832391169	-0.925571222084797
-0.970875004520041	-1.76425031425611	-1.34165363910607	-0.918868587014776
-0.964354757184227	-1.74864895595183	-1.32794538293455	-0.901697853726668
-0.957834509848413	-1.73396231702829	-1.31779537693112	-0.874711171707336
-0.951314262512599	-1.73186962672918	-1.3011357312516	-0.890187026441926
-0.944794015176785	-1.70749111071394	-1.29203753470601	-0.901056939245693
-0.938273767840971	-1.68859017519796	-1.28656040579906	-0.868769547834277
-0.931753520505157	-1.6887051883822	-1.26225144822333	-0.871216419935963
-0.925233273169343	-1.66816114549489	-1.25694157052305	-0.821563768915
-0.918713025833529	-1.65995463540545	-1.24669932278371	-0.842541678981847
-0.912192778497715	-1.63305514471246	-1.25071262177085	-0.811431566243659
-0.9056725311619	-1.64216539889236	-1.22653140394097	-0.803085434436109
-0.899152283826086	-1.62953163702616	-1.2196731337266	-0.809412107791296
-0.892632036490272	-1.62736249541322	-1.20313044679653	-0.791231634704928
-0.886111789154458	-1.62961424153386	-1.18079099330241	-0.772260842937851
-0.879591541818644	-1.59981920011711	-1.17349520151196	-0.73437327218014
-0.87307129448283	-1.58700037551037	-1.16552364378298	-0.75776926847275
-0.866551047147016	-1.57383122226183	-1.16030325084231	-0.731581835260743
-0.860030799811202	-1.57078068618167	-1.14500925258309	-0.734669414154885
-0.853510552475388	-1.54508816441862	-1.12792385668623	-0.710307207064724
-0.846990305139574	-1.53237659803671	-1.12045804529286	-0.708792379561652
-0.84047005780376	-1.49427501899996	-1.11233684796824	-0.709151326806739
-0.833949810467946	-1.50761419216961	-1.10663961176714	-0.679575082329696
-0.827429563132132	-1.49791675959379	-1.09841213942027	-0.683097120990747
-0.820909315796318	-1.46825138949227	-1.07870054031387	-0.666011504054345
-0.814389068460504	-1.50321004625185	-1.06792330578439	-0.653060837615069
-0.80786882112469	-1.44985814858464	-1.05877572708375	-0.650882304008577
-0.801348573788876	-1.46075823294829	-1.04577756339055	-0.623363385413668
-0.794828326453062	-1.4465342046028	-1.0336963195829	-0.623025055118964
-0.788308079117248	-1.42812897309389	-1.02940565997512	-0.60840649368484
-0.781787831781434	-1.40245692955638	-1.01624885495801	-0.593989602078578
-0.77526758444562	-1.40832555817145	-1.00859633409681	-0.583598723509518
-0.768747337109805	-1.393686036806	-0.992622793054714	-0.574912867397757
-0.762227089773992	-1.39755280743887	-0.977212732726438	-0.565836343952087
-0.755706842438177	-1.4058072612148	-0.973306546149725	-0.522752875664507
-0.749186595102364	-1.36718725051201	-0.962122138515777	-0.556044487514864
-0.742666347766549	-1.36075054176997	-0.94954814160415	-0.532545928244079
-0.736146100430735	-1.3427206554291	-0.952092346601549	-0.511708233197732
-0.729625853094921	-1.34994020398784	-0.92889167571769	-0.511653079802832
-0.723105605759107	-1.32551300629308	-0.9211002842696	-0.497178210754066
-0.716585358423293	-1.29456219336471	-0.906274172970662	-0.475439342535056
-0.710065111087479	-1.28792537060055	-0.891792660994226	-0.486049843759827
-0.703544863751665	-1.28988473863641	-0.889289449549698	-0.471108740458749
-0.697024616415851	-1.26419909149916	-0.86217592239472	-0.463252272950146
-0.690504369080037	-1.25166039985402	-0.85958178261122	-0.451900999004188
-0.683984121744223	-1.26681918660211	-0.852837225302195	-0.441242313493201
-0.677463874408409	-1.26322158521198	-0.844717477493219	-0.419074498512861
-0.670943627072595	-1.22635447078278	-0.833533109584051	-0.395516796645545
-0.664423379736781	-1.25253510694286	-0.822701255291683	-0.383865033736722
-0.657903132400967	-1.20038883858708	-0.811094170369066	-0.371375444661227
-0.651382885065153	-1.18911795377488	-0.795501261611731	-0.38105036892685
-0.644862637729339	-1.19185909399774	-0.786564891317025	-0.37676415106177
-0.638342390393525	-1.17896339441732	-0.773568588154802	-0.361089895419272
-0.631822143057711	-1.15916776637231	-0.767170933149092	-0.342307526084853
-0.625301895721897	-1.14295119207633	-0.750608484728606	-0.365027927688427
-0.618781648386083	-1.151419983678	-0.749901269064028	-0.332938831967111
-0.612261401050268	-1.1399818826379	-0.730037073205318	-0.310273657533407
-0.605741153714455	-1.12532910651809	-0.724989815080036	-0.30428003972007
-0.59922090637864	-1.10395445880989	-0.700302790826269	-0.287393586903154
-0.592700659042826	-1.10833195932033	-0.699939912021199	-0.303245765684024
-0.586180411707012	-1.11047697834881	-0.689310667291743	-0.281831857556525
-0.579660164371198	-1.0804189116167	-0.680075746024318	-0.275201072846701
-0.573139917035384	-1.0635842172555	-0.668617662357117	-0.248001889135106
-0.56661966969957	-1.06202887021893	-0.655578842610327	-0.275068447875816
-0.560099422363756	-1.07501549142345	-0.634344522749095	-0.21183230886917
-0.553579175027942	-1.05180022133763	-0.620238116142137	-0.220232626507903
-0.547058927692128	-1.04168713366883	-0.62571843091434	-0.213870347977934
-0.540538680356314	-1.03725533641299	-0.608051591479505	-0.206397232600548
-0.5340184330205	-0.999335399803662	-0.598679872222857	-0.188052611097983
-0.527498185684686	-1.01254343032585	-0.583773109903682	-0.170589179908321
-0.520977938348872	-0.994142147408857	-0.573102980547213	-0.179194176006532
-0.514457691013058	-0.973501931017329	-0.563153488043628	-0.150404863023244
-0.507937443677244	-0.947815694294749	-0.54867140960868	-0.157198526076767
-0.50141719634143	-0.946777769327566	-0.542092596496988	-0.129335651867139
-0.494896949005616	-0.935435127291488	-0.528759477979486	-0.116891754283728
-0.488376701669802	-0.946206366623344	-0.517138262898868	-0.111135412892413
-0.481856454333988	-0.92353686142185	-0.513205614912969	-0.10813032466691
-0.475336206998174	-0.92751194834954	-0.497471982097694	-0.100705001495853
-0.46881595966236	-0.906910808781786	-0.488119398552306	-0.0750734895261907
-0.462295712326546	-0.879617382722085	-0.473000522958114	-0.074355518708369
-0.455775464990732	-0.86793488895699	-0.461843505362645	-0.0778665689485872
-0.449255217654917	-0.852699650301328	-0.451581119873237	-0.0410173061704577
-0.442734970319103	-0.845076642747107	-0.432910017399199	-0.0138859507734465
-0.436214722983289	-0.840940711340172	-0.434776676211759	-0.0141253145629364
-0.429694475647475	-0.846259017213945	-0.428956886631454	-0.0188093888793816
-0.423174228311661	-0.803758789910104	-0.41650607742077	0.00483307724019454
-0.416653980975847	-0.823476719474686	-0.405399935462674	0.0199049483665605
-0.410133733640033	-0.784579841136159	-0.382758597954882	0.0148004578771837
-0.403613486304219	-0.783953237129757	-0.380937746884667	0.0245996268770642
-0.397093238968405	-0.762140778342564	-0.364946957455539	0.0433615043363899
-0.390572991632591	-0.771854254011589	-0.347924408143366	0.067492529378429
-0.384052744296777	-0.784867151004385	-0.345195465926521	0.0629298665102993
-0.377532496960963	-0.748626358630252	-0.330305580473878	0.0818939314158178
-0.371012249625149	-0.720674395266338	-0.312124046833551	0.0826539637274482
-0.364492002289335	-0.717774618046434	-0.302468898161073	0.0798118237402123
-0.357971754953521	-0.71873116318479	-0.304726246916135	0.10801371112258
-0.351451507617707	-0.705274792135295	-0.302926245700555	0.134501409574718
-0.344931260281893	-0.695567644268319	-0.274754434572355	0.121668498807597
-0.338411012946079	-0.671342701655571	-0.262493890761353	0.166418146218011
-0.331890765610265	-0.649462362028872	-0.25932540214252	0.144253752216401
-0.325370518274451	-0.660175707691835	-0.246108520199853	0.154616835084317
-0.318850270938637	-0.644200281938774	-0.238069505346521	0.212122588805956
-0.312330023602823	-0.635525467434529	-0.227065684364613	0.163132905104137
-0.305809776267008	-0.612282099109569	-0.215952012755286	0.190344133826403
-0.299289528931195	-0.609941516758289	-0.195538674589704	0.231145575433256
-0.29276928159538	-0.607905178766408	-0.188465529403896	0.212301627418261
-0.286249034259566	-0.580159040497943	-0.168732790080274	0.212286287991629
-0.279728786923752	-0.579495514584779	-0.17146930947559	0.250241291992158
-0.273208539587938	-0.581525184054789	-0.151679118690033	0.277829606219798
-0.266688292252124	-0.578019260238483	-0.147869318637223	0.26318274431856
-0.26016804491631	-0.537852812276995	-0.134261798571944	0.266585721347457
-0.253647797580496	-0.542901128935388	-0.126416264007753	0.249802766867243
-0.247127550244682	-0.51575507259276	-0.118570707594428	0.302837713449439
-0.240607302908868	-0.508984256727752	-0.0991392791029616	0.307359357529605
-0.234087055573054	-0.508205551911142	-0.0805934775324584	0.321396555065179
-0.22756680823724	-0.490722727523961	-0.079327916531427	0.313216916923783
-0.221046560901426	-0.466603390674563	-0.0695276038749709	0.333664492348706
-0.214526313565612	-0.450519961056136	-0.0634773328470999	0.340116802269693
-0.208006066229798	-0.457606292278155	-0.0518109108861348	0.352395434941744
-0.201485818893984	-0.45049646098798	-0.0383779486331915	0.362969665787215
-0.19496557155817	-0.440605011755663	-0.0238566855523423	0.380584729137216
-0.188445324222356	-0.419974068720656	-0.00883070701319796	0.419444451898445
-0.181925076886542	-0.400797226321322	-0.00426773501182865	0.426098378293619
-0.175404829550728	-0.417434859951021	0.0101432910377765	0.416929763240919
-0.168884582214914	-0.394982736496585	0.00648060465074795	0.427280456027348
-0.1623643348791	-0.400286126147131	0.0278385362501806	0.44560062454384
-0.155844087543286	-0.387821431998126	0.0339343831397968	0.442209633871985
-0.149323840207471	-0.35757640820599	0.0455119141646495	0.447306557470458
-0.142803592871658	-0.350380536483373	0.0725078278137562	0.46704623689349
-0.136283345535843	-0.331003117038888	0.0789630482524037	0.470623247052319
-0.12976309820003	-0.332620166969503	0.0832201598382622	0.478471431975876
-0.123242850864215	-0.324296187393567	0.0786127833798353	0.500524404352861
-0.116722603528401	-0.312560625068587	0.103860575611193	0.51306580562652
-0.110202356192587	-0.278915173938903	0.11797411045922	0.519248390927623
-0.103682108856773	-0.280137763654564	0.146670541944423	0.52864882908868
-0.0971618615209593	-0.262365827711598	0.144607146698433	0.554317443930909
-0.0906416141851452	-0.232417424894165	0.156362267790841	0.557124268264681
-0.084121366849331	-0.239932566457667	0.154360787429026	0.564444618709453
-0.0776011195135171	-0.234048437589729	0.170561713782585	0.57055862369248
-0.071080872177703	-0.216364828322911	0.178373200360509	0.593761313254468
-0.0645606248418891	-0.221574659977657	0.19092039162579	0.606029594883194
-0.0580403775060749	-0.198022816800509	0.199580339070375	0.626079096195951
-0.0515201301702608	-0.190132780082483	0.215672638092519	0.625054108838609
-0.0449998828344469	-0.181235702892837	0.223237892637111	0.638500247318932
-0.0384796354986328	-0.166235968573544	0.237402138914384	0.638041295603786
-0.0319593881628188	-0.185171427660524	0.240386825154564	0.6608327427694
-0.0254391408270047	-0.13192545097965	0.260555074015082	0.664586744914871
-0.0189188934911908	-0.152531345208747	0.278544284977603	0.670667586337726
-0.0123986461553767	-0.115343314912271	0.287243396265487	0.712299695896187
-0.00587839881956254	-0.115856399556395	0.28835412149351	0.69702764012729
0.000641848516251375	-0.104603286270556	0.298441970260521	0.695808683052881
0.00716209585206551	-0.0818631716092712	0.312853234041115	0.721456716105434
0.0136823431878794	-0.0746695550917127	0.323542386668293	0.735662966956948
0.0202025905236936	-0.0677499300393455	0.339696941557689	0.730652118255088
0.0267228378595077	-0.0650957585273751	0.344090586348976	0.767594446975155
0.0332430851953216	-0.0561101581063195	0.360922170141389	0.773834379612956
0.0397633325311357	-0.0473962339180631	0.368171844672835	0.766008525652864
0.0462835798669496	-0.0270792386483042	0.376319106051541	0.783088510151423
0.0528038272027638	-0.000544974614792175	0.387384421000554	0.794253342665239
0.0593240745385779	0.0199987932855938	0.397996378249393	0.813367530752427
0.0658443218743918	0.0269552440825705	0.420372237403034	0.83056537009325
0.072364569210206	0.00649098870796862	0.421068864359417	0.833569886076927
0.0788848165460199	0.0181118422643793	0.443343067846572	0.851347344361794
0.085405063881834	0.0617418249923158	0.446950534965312	0.843748729303614
0.0919253112176479	0.049277671993586	0.462233436545998	0.86278989681901
0.098445558553462	0.0575343002806151	0.470079358970166	0.890346844709926
0.104965805889276	0.069353318992343	0.479472026670695	0.892220784914624
0.11148605322509	0.107351309523056	0.500910080220574	0.886672762632487
0.118006300560904	0.117214517335366	0.503373349765553	0.926439205476461
0.124526547896718	0.095121286851809	0.505551748199516	0.919980344190969
0.131046795232532	0.116101317167524	0.526485156591712	0.945817833724018
0.137567042568346	0.127419284272834	0.535875854962279	0.947075968398531
0.144087289904161	0.111612076821445	0.534145399471586	0.974883626929601
0.150607537239974	0.13368608319788	0.561623405103153	0.961077978190936
0.157127784575788	0.15952214411625	0.566868952399051	0.979772303128975
0.163648031911602	0.187630188410535	0.584112337976631	1.0005501343635
0.170168279247417	0.192039841472586	0.59386205363384	0.989957880837045
0.176688526583231	0.195117540138247	0.601815547110261	1.00335787238431
0.183208773919044	0.206085333315694	0.630471975881133	1.02583881728333
0.189729021254859	0.222524417319866	0.619347151672088	1.04352080216413
0.196249268590673	0.254851324945037	0.627735476189239	1.02211913791777
0.202769515926487	0.235433470526132	0.64419979745928	1.03942773968698
0.209289763262301	0.254464295585325	0.648829997527389	1.04630964909365
0.215810010598115	0.275476661386405	0.666752843039341	1.06935446301523
0.222330257933929	0.261613967570225	0.680815048416408	1.07994229974795
0.228850505269743	0.281703860075502	0.692573195127149	1.10428809545057
0.235370752605557	0.292311224023158	0.708021552156382	1.08982060606994
0.241890999941371	0.30908269756861	0.720478184235874	1.12111772977716
0.248411247277185	0.297904312660922	0.724933575024739	1.14632058168143
0.254931494612999	0.314876699951059	0.724898151497182	1.12541186547901
0.261451741948813	0.368533563973058	0.74894237820948	1.16705590239227
0.267971989284627	0.342847290492558	0.75566470976643	1.1636475527819
0.274492236620441	0.391397142985263	0.772197955687678	1.19556448651421
0.281012483956255	0.373676587758973	0.790290282669973	1.18464485268534
0.287532731292069	0.388762697486452	0.78270787870541	1.18097073267958
0.294052978627883	0.394153028245377	0.79390203224689	1.19211723744793
0.300573225963698	0.401488205773489	0.812513301565571	1.20361890393676
0.307093473299511	0.40401383866394	0.833383573442287	1.21837505220695
0.313613720635325	0.439942331644703	0.836917772514096	1.21979403904277
0.320133967971139	0.429947520831614	0.841901360649667	1.24896481768878
0.326654215306954	0.45122451925834	0.854473212762993	1.26004970991906
0.333174462642768	0.454782699111217	0.862407243308176	1.26372665404174
0.339694709978581	0.472087828193093	0.87003498320712	1.25999339561473
0.346214957314396	0.480356776531717	0.884148876206095	1.30496200470077
0.35273520465021	0.481999774215136	0.897732463846652	1.30917831540519
0.359255451986024	0.522678597860204	0.913486055216786	1.31992778698969
0.365775699321838	0.50695320619298	0.913852026339563	1.3526401371237
0.372295946657652	0.532968476040422	0.939008135011249	1.34519633411309
0.378816193993466	0.56200336960572	0.946344461290789	1.35727545090216
0.38533644132928	0.569825118725008	0.953506352642293	1.3617975616124
0.391856688665094	0.562806828068022	0.96379430125125	1.37149546669743
0.398376936000908	0.578651745065011	0.978737685659493	1.38376233824778
0.404897183336722	0.573522042326245	0.98583962174265	1.41239578416067
0.411417430672536	0.592130342095407	0.99294381624831	1.40051984180149
0.41793767800835	0.607964500903531	1.01218772312604	1.42188199321622
0.424457925344164	0.627430489817498	1.01824417758884	1.41611132185684
0.430978172679978	0.628482983240428	1.02848303399087	1.45158102431081
0.437498420015792	0.633736012288912	1.03668919342853	1.45444547420806
0.444018667351606	0.655295473377704	1.04979056302493	1.45622407782296
0.45053891468742	0.640028266561164	1.05045427347667	1.4663777947593
0.457059162023234	0.670388021704906	1.0802510857581	1.48605317243003
0.463579409359049	0.692209806855558	1.07357724331722	1.48130505867689
0.470099656694862	0.684723922139817	1.10346512081989	1.49377203970754
0.476619904030676	0.726382941749015	1.10954645664494	1.51231539001811
0.483140151366491	0.714638073635945	1.11520696774116	1.52776993180423
0.489660398702305	0.749163637658453	1.12454861482073	1.54784724280615
0.496180646038119	0.723537768945921	1.15037085900881	1.53345894421221
0.502700893373933	0.72511211931027	1.15491004384966	1.56613157512338
0.509221140709747	0.767206574411304	1.16700659539471	1.58020819705171
0.515741388045561	0.75107635568313	1.16854267171906	1.57929482206729
0.522261635381375	0.769898094303507	1.17978693935982	1.58059760901
0.528781882717189	0.827439823375042	1.18953683675806	1.58035809481341
0.535302130053003	0.816932316696609	1.20941367517249	1.60783880258843
0.541822377388817	0.827153465380916	1.21966807822381	1.60606211721763
0.548342624724631	0.831738574141561	1.22871103998384	1.63175154622803
0.554862872060445	0.839783667393557	1.23910910336174	1.62720691875239
0.561383119396259	0.823385753704393	1.25639864499507	1.64192577796628
0.567903366732073	0.849000723447891	1.26195940728682	1.66745183120315
0.574423614067887	0.854310396566356	1.26409840241117	1.68425869321662
0.580943861403701	0.86371279479541	1.27989502468386	1.66984346408736
0.587464108739515	0.901073730632405	1.29661651918969	1.71318592010093
0.593984356075329	0.874645669864223	1.30525961241981	1.69819319580335
0.600504603411143	0.906457466181749	1.3176757737123	1.73238718516232
0.607024850746957	0.92280843776618	1.33438332109048	1.74094840782534
0.613545098082771	0.924479408329738	1.33469026973045	1.75082540724342
0.620065345418586	0.95693940234714	1.34093493036484	1.7605549428195
0.626585592754399	0.966658693057526	1.352460927189	1.77746459875903
0.633105840090213	0.966601768135754	1.37945750144989	1.75710346513316
0.639626087426028	0.980430949552135	1.37745233870498	1.78688352525052
0.646146334761842	0.988216497907904	1.39019181807549	1.8006310702623
0.652666582097656	0.970265779801186	1.40654489067799	1.81113233269614
0.65918682943347	1.01520603138749	1.4208436184578	1.80588811339514
0.665707076769284	1.02049826901405	1.42118402986513	1.81807079324891
0.672227324105098	1.03345236804155	1.43164294281472	1.84374003099926
0.678747571440912	1.03747035860536	1.43648552393398	1.85246930907604
0.685267818776726	1.05714795193833	1.46214301193998	1.85319650108551
0.69178806611254	1.05787470182401	1.46288079344362	1.88566292495307
0.698308313448354	1.05890336296017	1.47674609573935	1.88067621590469
0.704828560784168	1.07861718577139	1.48044651092666	1.88279954973763
0.711348808119982	1.09239214340629	1.51078172767743	1.9123421820582
0.717869055455796	1.10701737720177	1.50374573110012	1.9161725818399
0.72438930279161	1.11530900133003	1.53146696723863	1.92549149636316
0.730909550127424	1.14018799284335	1.53920428611356	1.91999713820223
0.737429797463238	1.14957631236646	1.55516135693571	1.93658603790616
0.743950044799052	1.14602349731111	1.55564016434247	1.97178093531367
0.750470292134866	1.18329591483045	1.57783429870309	1.98461772968312
0.75699053947068	1.16215676248362	1.58102082871698	1.96810938347921
0.763510786806494	1.178316906142	1.5933523940511	2.00773892530776
0.770031034142308	1.1906195397757	1.59878067399257	1.9882933787357
0.776551281478123	1.21162985852736	1.60341530320553	2.01429689115027
0.783071528813937	1.19669871155337	1.61894515337144	2.02531793960374
0.78959177614975	1.21366261975848	1.63741154163425	2.0313698517451
0.796112023485565	1.23697388477666	1.64615435749782	2.04494263558937
0.802632270821379	1.25802295763247	1.65431817959189	2.05363619955566
0.809152518157193	1.27719879766214	1.66491679387305	2.06932899506263
0.815672765493006	1.26761806660472	1.67564042389773	2.09034886405515
0.822193012828821	1.28814246196467	1.68941526900694	2.11442847485735
0.828713260164635	1.31374094683839	1.70040281669883	2.11609120612189
0.835233507500449	1.30713257729172	1.71862603281583	2.12244995972242
0.841753754836263	1.29815032399018	1.72346084339678	2.11801609437634
0.848274002172077	1.3107989885016	1.73130098670023	2.15309993919148
0.854794249507891	1.32632864235968	1.74330433256845	2.1481935759938
0.861314496843705	1.35110009196136	1.76540314641753	2.17613516590621
0.867834744179519	1.35977484115583	1.77259029601795	2.19458841801878
0.874354991515333	1.36880043565307	1.77502033109796	2.15342878161517
0.880875238851147	1.37041006718907	1.79513854875291	2.19449906596362
0.887395486186961	1.40358154115042	1.8007856950993	2.20823027371669
0.893915733522775	1.40842292152972	1.81450025497004	2.21184157024535
0.900435980858589	1.43416097943057	1.82897036948452	2.21001316791902
0.906956228194403	1.42544173024164	1.83322572548179	2.22947453348631
0.913476475530217	1.45353141034904	1.83716472829029	2.23591823620885
0.919996722866031	1.4618644923303	1.8565301915339	2.26920486972226
0.926516970201845	1.45611906249827	1.86236830907996	2.28780304081197
0.93303721753766	1.48875825454721	1.87095647090242	2.28207025930055
0.939557464873474	1.47882440315812	1.88916863508006	2.29083979369301
0.946077712209287	1.47951775481455	1.89626891949223	2.29284952320811
0.952597959545102	1.48693417313445	1.90323021873785	2.31121502917939
0.959118206880916	1.50086735006398	1.92114902395817	2.33069614928277
0.96563845421673	1.53862394116105	1.93621699551801	2.32012282497323
0.972158701552544	1.5382433013763	1.93664649127792	2.366924551183
0.978678948888358	1.54966530944676	1.95456069107032	2.37402394804793
0.985199196224172	1.56859232691273	1.96656343056641	2.3651621217419
0.991719443559986	1.56397455160018	1.96816971118911	2.37393787441313
0.9982396908958	1.58207425758587	1.98951889517985	2.38860748757546
1.00475993823161	1.60849756608333	1.9896354701676	2.41011679791804
1.01128018556743	1.60763680948301	2.00685735163966	2.40160920712322
1.01780043290324	1.63307206731144	2.02226197758536	2.42268382288143
1.02432068023906	1.60732401031608	2.02742306163668	2.43458272355268
1.03084092757487	1.60931601102179	2.04373703382479	2.46546452682462
1.03736117491068	1.65889354043763	2.06761581179735	2.4794575341729
1.0438814222465	1.64746504954038	2.0564645843858	2.47303543696101
1.05040166958231	1.66622225033638	2.06139709186336	2.46053823902772
1.05692191691813	1.6765756715042	2.0791302233046	2.48362721067982
1.06344216425394	1.70439543986066	2.09776795121598	2.51269370589414
1.06996241158975	1.72092228301315	2.10415298248155	2.53580833008864
1.07648265892557	1.70767562914102	2.1083358160907	2.51688641887194
1.08300290626138	1.72983879906185	2.12494230028874	2.54642843717448
1.0895231535972	1.73479997544197	2.14450430959029	2.54430456318098
1.09604340093301	1.7329920226224	2.14651086010742	2.55292301861682
1.10256364826882	1.78845840084749	2.1666397836471	2.55484817702902
1.10908389560464	1.78936010635087	2.16638944482217	2.58084413630144
1.11560414294045	1.78334257835027	2.18806680235234	2.5950249283765
1.12212439027627	1.79857098463141	2.19909451697315	2.58705496593742
1.12864463761208	1.79395639060739	2.21161455181603	2.5995103448467
1.13516488494789	1.80834173939224	2.21313639942819	2.63777602782363
1.14168513228371	1.82903927613961	2.22673071324158	2.64201794045158
1.14820537961952	1.83059215594168	2.23005145350064	2.64984369271946
1.15472562695534	1.84729275398922	2.25107633377042	2.64852532506404
1.16124587429115	1.82945033413644	2.25973728020074	2.68238512038596
1.16776612162696	1.84682202641137	2.27261374059909	2.67155800091207
1.17428636896278	1.86944356967572	2.28381166397973	2.67695297220401
1.18080661629859	1.88713061302242	2.29599214113551	2.71701130595909
1.18732686363441	1.90158750433629	2.29952561105175	2.70737780608158
1.19384711097022	1.91763552368554	2.31015357723613	2.70845790309267
1.20036735830604	1.92755064901805	2.32340178769987	2.73509129276672
1.20688760564185	1.95155546129024	2.33924206033561	2.71876089490385
1.21340785297766	1.94621624147189	2.34890372915253	2.75994250770434
1.21992810031348	1.93154859781523	2.35440835286009	2.77875960391913
1.22644834764929	1.96797788495266	2.3698288942301	2.76724898285147
1.23296859498511	1.98924634870406	2.38467748435555	2.80057043009894
1.23948884232092	2.00401007052916	2.39441706866283	2.77994484702467
1.24600908965673	1.99186351098963	2.411285535594	2.7939869046114
1.25252933699255	2.0056903618122	2.42241539851064	2.81609681865374
1.25904958432836	2.03425542795714	2.41836501571676	2.84317068129184
1.26556983166418	2.03893001779488	2.44189486574746	2.86801808449972
1.27209007899999	2.04715726783025	2.46190745523691	2.85967922181798
1.2786103263358	2.04152154382121	2.45453762299987	2.87335467383029
1.28513057367162	2.0601343977395	2.47489897788048	2.87912168134029
1.29165082100743	2.08494341879273	2.47606525108699	2.91143199701483
1.29817106834325	2.08027611939692	2.49257191283287	2.88740526779266
1.30469131567906	2.09595182709023	2.50900763795769	2.90887198791406
1.31121156301487	2.11372466749576	2.50968410977859	2.90692866908593
1.31773181035069	2.11806915953905	2.52037438234023	2.9262143909436
1.3242520576865	2.12613981972938	2.52841744317988	2.94880594470561
1.33077230502232	2.13823788627111	2.54448605801359	2.96354982464228
1.33729255235813	2.1376970053415	2.56015479281081	2.95470280852264
1.34381279969394	2.16436430122812	2.56871059065324	2.96277230190675
1.35033304702976	2.15521523041376	2.57104933692468	2.96340207458002
1.35685329436557	2.1881754384556	2.59580882417471	3.00876836967743
1.36337354170139	2.18739708948639	2.60085605288368	3.03493098772848
1.3698937890372	2.21281387762209	2.60991920729217	3.02130461572269
1.37641403637301	2.23654353431325	2.62134551491545	3.02149162297617
1.38293428370883	2.23908891502812	2.63945087291474	3.06119914111676
1.38945453104464	2.25512218672903	2.64730888341456	3.04497170640975
1.39597477838046	2.2569042164056	2.65131069181812	3.05775599561773
1.40249502571627	2.25153132314229	2.67977636383267	3.0781213767606
1.40901527305208	2.28177736811706	2.68217005122788	3.05215775520689
1.4155355203879	2.30782817658994	2.6897956984008	3.09109039547833
1.42205576772371	2.32286520487449	2.70357798405614	3.10307564900585
1.42857601505953	2.31746535302422	2.71251171035119	3.10605493284084
1.43509626239534	2.32563014305787	2.7328587869414	3.12119801500669
1.44161650973115	2.33601284544017	2.73408798916787	3.13436304725404
1.44813675706697	2.33290560970057	2.75210587873825	3.1772890473279
1.45465700440278	2.381928399673	2.76655061929099	3.14906193058313
1.4611772517386	2.35326949632098	2.77209462103212	3.18341796194082
1.46769749907441	2.3772609788841	2.77842436546181	3.18160452226352
1.47421774641023	2.39709470726518	2.78947078955887	3.20136046766274
1.48073799374604	2.38620304271073	2.80203210785536	3.2094902122287
1.48725824108185	2.42234053299064	2.81481823444972	3.21021566530861
1.49377848841767	2.43009647988325	2.81675642376408	3.22006178128634
1.50029873575348	2.42631647514498	2.84480941474462	3.24395167493835
1.5068189830893	2.46352856723709	2.84906354968361	3.25973094068426
1.51333923042511	2.45239735590507	2.86575046358218	3.26934994138957
1.51985947776092	2.44917620189702	2.86323161369443	3.26228844750095
1.52637972509674	2.46928177149672	2.872716328098	3.27531507658848
1.53289997243255	2.49039084429921	2.88895468821015	3.29780662883231
1.53942021976837	2.50315986924097	2.90048283429949	3.30707889335793
1.54594046710418	2.48358006454643	2.91567499378252	3.29939494326293
1.55246071443999	2.50742258939335	2.91449342808203	3.30982462922223
1.55898096177581	2.53797575566892	2.93849312272269	3.32501166650509
1.56550120911162	2.55605898832915	2.94188619974235	3.34438281330087
1.57202145644744	2.53066166529426	2.95751066145696	3.35021256046436
1.57854170378325	2.55405268520062	2.97222471630186	3.3846786685137
1.58506195111906	2.57285539096474	2.97011457501007	3.38441065282939
1.59158219845488	2.55823622760686	2.98140530076896	3.38834192310912
1.59810244579069	2.59186762584437	2.98568435438182	3.38342147259277
1.60462269312651	2.60065561811163	3.00134787780332	3.4282717563887
1.61114294046232	2.5990680891467	3.01834615386174	3.41953398834996
1.61766318779813	2.63690332664664	3.04410164743347	3.43921375871202
1.62418343513395	2.65592939168968	3.04319886172961	3.45291670468397
1.63070368246976	2.6621391560438	3.05125910298752	3.47568345931402
1.63722392980558	2.64112623078611	3.05437301188673	3.460769768476
1.64374417714139	2.67692002523431	3.07864116663683	3.47055734142588
1.6502644244772	2.68628631530963	3.08446846446664	3.47583783536446
1.65678467181302	2.68678254299956	3.09102209983279	3.52879537719014
1.66330491914883	2.71663279348894	3.10867012538115	3.52829956157828
1.66982516648465	2.71098071366154	3.11614549968192	3.52051826557942
1.67634541382046	2.7060041945774	3.12914364204119	3.51000635347726
1.68286566115627	2.71322503721116	3.13365359892569	3.54110193429501
1.68938590849209	2.73520850355183	3.14682257178249	3.54470531170761
1.6959061558279	2.76912140753038	3.15682403057361	3.56507668350972
1.70242640316372	2.78969676625217	3.17891220007776	3.58955761333737
1.70894665049953	2.7752978781071	3.1901126012612	3.59578429786824
1.71546689783534	2.80101525434356	3.2013329940894	3.60610723799062
1.72198714517116	2.79746312412067	3.21049905827955	3.63652505383936
1.72850739250697	2.79092014525008	3.21063266398964	3.62984656352982
1.73502763984279	2.83085361134704	3.23421517978569	3.62889190896098
1.7415478871786	2.83892019583155	3.24350495665513	3.64609207118478
1.74806813451441	2.82860997624776	3.26249426038289	3.66300745921723
1.75458838185023	2.85115247748368	3.27040940870761	3.66727115615827
1.76110862918604	2.84147121769075	3.26228328452829	3.66480076437423
1.76762887652186	2.88125646362607	3.292953044095	3.68603094464851
1.77414912385767	2.90343795255464	3.30157091222891	3.70021984362211
1.78066937119348	2.87822946494567	3.3055078411911	3.71199804685949
1.7871896185293	2.91139116799179	3.32489298310435	3.73000902400885
1.79370986586511	2.91345197306421	3.32550230074089	3.73452091662967
1.80023011320093	2.9276525242132	3.34138857646038	3.74130150744446
1.80675036053674	2.95998230189065	3.34864286264381	3.76567937372546
1.81327060787256	2.93468001769999	3.37227416288269	3.78206865323729
1.81979085520837	2.97388135548895	3.36492291661229	3.77679422045511
1.82631110254418	2.98188530125309	3.3868960439631	3.77687557582049
1.83283134988	2.97891442031032	3.39764897892911	3.80731325048901
1.83935159721581	2.97737432416855	3.41265730575488	3.80906003539978
1.84587184455163	3.01107503182759	3.41384180266349	3.85287309753612
1.85239209188744	3.00777017446347	3.4272819333066	3.82441862326019
1.85891233922325	2.99574889309091	3.44450536092808	3.83774874493456
1.86543258655907	3.03222812911115	3.44908221455542	3.84776158875159
1.87195283389488	3.07566620046208	3.4640124758243	3.86099521737895
1.8784730812307	3.05766647741646	3.47951407060731	3.89544064082812
1.88499332856651	3.05469070557796	3.48237178051174	3.88424110346639
1.89151357590232	3.08080758802054	3.48901917519682	3.8864817757631
1.89803382323814	3.10712862798296	3.50700430062005	3.90608428888226
1.90455407057395	3.09341878252838	3.51275785186795	3.92567929012027
1.91107431790977	3.13237276323638	3.53659756168016	3.92305071916115
1.91759456524558	3.12154316597968	3.54145450062521	3.9321637309228
1.92411481258139	3.14017502592918	3.55180368284799	3.95546541331489
1.93063505991721	3.14048437453159	3.55123185585133	3.94021257506883
1.93715530725302	3.16972411268541	3.57187841623731	3.97846957244117
1.94367555458884	3.1741547798464	3.58583630991413	4.00300836930948
1.95019580192465	3.19285601017744	3.58734518384067	4.0080707578401
1.95671604926046	3.19251962854174	3.60470206668756	4.00273042077792
1.96323629659628	3.21637406565321	3.60585952937855	4.01464233302936
1.96975654393209	3.20161816119382	3.62773876110831	4.05383464737486
1.97627679126791	3.2183646772744	3.6475688417171	4.05165757057837
1.98279703860372	3.23783803169511	3.65604044659424	4.06559597449602
1.98931728593953	3.25116475783279	3.65606909712308	4.06393492976646
1.99583753327535	3.24982805418456	3.6729061883542	4.06621512878483
2.00235778061116	3.29649026537251	3.67677515963158	4.07772343578943
2.00887802794698	3.27475141715642	3.69614079510761	4.08298331902719
2.01539827528279	3.29571317126766	3.6987930420347	4.10999461969143
2.0219185226186	3.30692691783796	3.7100369213204	4.12489049570011
2.02843876995442	3.32302747230032	3.73109558421276	4.12366174583086
2.03495901729023	3.34562158839219	3.73967527416635	4.14316112842861
2.04147926462605	3.33515956162336	3.7451764926901	4.14891228956672
2.04799951196186	3.35177663684496	3.75865703585658	4.16933411133197
2.05451975929767	3.33877583008602	3.76458787300703	4.18583499292062
2.06104000663349	3.38330992385036	3.78421894986341	4.19860889379664
2.0675602539693	3.37993246628262	3.78881621208406	4.16780317745478
2.07408050130512	3.38387750634151	3.79611981153927	4.21686989857548
2.08060074864093	3.41431205085783	3.80959098393054	4.20300374016301
2.08712099597674	3.43381184640587	3.82206657300732	4.21121888521828
2.09364124331256	3.42953479015648	3.8282906620194	4.22042076987558
2.10016149064837	3.42012898389899	3.84008620454413	4.24297511907436
2.10668173798419	3.4511725066745	3.85226647995131	4.25522964618454
2.11320198532	3.46481840512378	3.8708029144559	4.2777625802516
2.11972223265582	3.47402539511925	3.88348761863127	4.27905773141328
2.12624247999163	3.4712421413116	3.88849833044221	4.3060107428297
2.13276272732744	3.48863855835612	3.88953754351177	4.30774708363413
2.13928297466326	3.5014028672792	3.91906261219099	4.33127707784455
2.14580322199907	3.49618757277935	3.91555113800306	4.3316851228589
2.15232346933489	3.51822102014	3.92910691088449	4.32603109048777
2.1588437166707	3.53300357524544	3.94837962426618	4.34259274847471
2.16536396400651	3.52906997695731	3.94249233431862	4.35998109636228
2.17188421134233	3.57761774216208	3.96922689982218	4.3575515966612
2.17840445867814	3.57409304068408	3.97094192703664	4.40986895014982
2.18492470601396	3.5866447713266	4.0039116050146	4.39011175145388
2.19144495334977	3.59443385590885	4.00100603111531	4.39366192206755
2.19796520068558	3.59213093328706	4.00593708315749	4.42131641460355
2.2044854480214	3.61894722800093	4.01251687528543	4.43618086248523
2.21100569535721	3.6411723400906	4.04129170239575	4.4210944863809
2.21752594269303	3.6333594872002	4.04863320187849	4.43461966777871
2.22404619002884	3.65105384614485	4.05696578677985	4.44942435186774
2.23056643736465	3.64964047022824	4.07147828609313	4.47726146049554
2.23708668470047	3.68043945098533	4.06957029968376	4.47824211444758
2.24360693203628	3.68208077291624	4.08013215269185	4.48100990828802
2.2501271793721	3.69239840809932	4.09294172623783	4.49007906344333
2.25664742670791	3.69349181036673	4.11220247389412	4.51615769460977
2.26316767404372	3.72677657111009	4.10876268476994	4.53829238429728
2.26968792137954	3.73433929132366	4.12861978635868	4.52482405527244
2.27620816871535	3.74431245665941	4.14066029623176	4.55428887836016
2.28272841605117	3.74289038216248	4.15585959630297	4.5577164997866
2.28924866338698	3.75041597653335	4.17187261771866	4.54675707420029
2.29576891072279	3.75750916159065	4.18153103468084	4.61096090888264
2.30228915805861	3.78564674238684	4.18892959064434	4.58623180904697
2.30880940539442	3.79441982453255	4.19511173811557	4.60202427031798
2.31532965273024	3.80198740459089	4.19917201849665	4.60499656371938
2.32184990006605	3.79985848018387	4.21230993444981	4.64013990827496
2.32837014740186	3.8114809452215	4.22409883440118	4.64691382813119
2.33489039473768	3.84173093967143	4.24565901084544	4.65542954030715
2.34141064207349	3.8439947139284	4.25481428454734	4.66562573653399
2.34793088940931	3.83437501681188	4.27074986347512	4.65219670057826
2.35445113674512	3.85781651606145	4.26631098487196	4.65436288036893
2.36097138408093	3.88066464524156	4.28308033428058	4.71189894669817
2.36749163141675	3.9184348078641	4.2995372389377	4.71874956576829
2.37401187875256	3.88967918836555	4.29795212524109	4.70363721477409
2.38053212608838	3.90153486688756	4.31373682883063	4.7408094998936
2.38705237342419	3.91180909812868	4.32926410728532	4.75148937162382
2.39357262076	3.96703884217529	4.33694791250784	4.7434010529637
2.40009286809582	3.92516335408769	4.36105873644327	4.75534791961128
2.40661311543163	3.9492256438886	4.36463578151327	4.76554890614672
2.41313336276745	3.96464571085773	4.37060667816904	4.76605597297471
2.41965361010326	3.96524670533006	4.37049789342079	4.78487527442216
2.42617385743908	3.99688991582838	4.39309711975804	4.80646962036988
2.43269410477489	4.00006004883062	4.4019513795891	4.82067699244816
2.4392143521107	4.00447441819612	4.4242722787809	4.81888723412664
2.44573459944652	4.02250345720131	4.42909881516231	4.81497822961835
2.45225484678233	4.03296121988932	4.44307481519293	4.84855843492076
2.45877509411814	4.05247122097452	4.45798985608715	4.87232357694523
2.46529534145396	4.05489925192417	4.45120703226197	4.86890918262129
2.47181558878977	4.06203053174402	4.47124694206101	4.85974183172212
2.47833583612559	4.07077396461969	4.48218972836336	4.88014533387254
2.4848560834614	4.08588659472674	4.49350092238129	4.89226334210656
2.49137633079722	4.09204658942455	4.50148374798702	4.90749156779576
2.49789657813303	4.13242696290149	4.5242456307772	4.92007079161846
2.50441682546884	4.12316998718263	4.53029018273466	4.93159970084955
2.51093707280466	4.1372791054333	4.53833759682184	4.94483753156146
2.51745732014047	4.12575080988269	4.54235575793178	4.96297038192169
2.52397756747629	4.17287039440016	4.55454473530942	4.94230515024401
2.5304978148121	4.16251966351272	4.56440396108153	4.97715838875054
2.53701806214791	4.18395599927299	4.5774488200003	4.98069770570506
2.54353830948373	4.19678959768597	4.59938321098808	4.97958879203348
2.55005855681954	4.2058767177913	4.59283454951721	5.01550004544015
2.55657880415536	4.21293110817798	4.61872017977344	5.01879576291747
2.56309905149117	4.20872986581498	4.62865810504122	5.04401687866568
2.56961929882698	4.2351594332203	4.62664198916173	5.06990131353259
2.5761395461628	4.24463716094904	4.64101234962111	5.03422314953891
2.58265979349861	4.24383187568964	4.65036848657869	5.05116872514319
2.58918004083443	4.26976276199384	4.6697765726393	5.06830697226548
2.59570028817024	4.25317360458511	4.68037838379214	5.10313447683871
2.60222053550605	4.26978716040464	4.68443095153749	5.10130319403666
2.60874078284187	4.29497469725297	4.7054935705401	5.10351402060066
2.61526103017768	4.29723604479909	4.71878609246862	5.12925464158715
2.6217812775135	4.33577862751732	4.72804750441723	5.14741646996326
2.62830152484931	4.32834593075274	4.73175443148521	5.13970125950731
2.63482177218512	4.33005868189224	4.74662532597107	5.15435268369834
2.64134201952094	4.35463706173153	4.75903552054713	5.15430363755651
2.64786226685675	4.35792491486915	4.76870159684967	5.16333740149993
2.65438251419257	4.35701593551377	4.777045538123	5.17627605443579
2.66090276152838	4.36656094600776	4.78858336838753	5.18831014425185
2.66742300886419	4.38991324184362	4.80663103852037	5.22646765979078
2.67394325620001	4.41896287202925	4.81042414829092	5.22245440092142
2.68046350353582	4.41390468420719	4.82587303130746	5.2158864773909
2.68698375087164	4.44761800306345	4.83600497494626	5.2595192473615
2.69350399820745	4.42768465777173	4.83524135803158	5.25404717872722
2.70002424554327	4.44730886231376	4.85743943698894	5.26964141741246
2.70654449287908	4.47075493006728	4.85776147181689	5.24699168892493
2.71306474021489	4.48898711012299	4.88022389190698	5.29177949303115
2.71958498755071	4.48256374088632	4.88380183280684	5.30020038596732
2.72610523488652	4.48416422046884	4.89518633366621	5.30642243790725
2.73262548222234	4.47907159391012	4.90198426860656	5.32972309636388
2.73914572955815	4.51430051779552	4.92100846044145	5.335598761772
2.74566597689396	4.52331890747965	4.93056391720602	5.35731607510782
2.75218622422978	4.54319799836435	4.94680437689591	5.38712783988465
2.75870647156559	4.5449836971713	4.95639168746534	5.35512132883139
2.76522671890141	4.56369431154294	4.95802564968306	5.37536058892973
2.77174696623722	4.55906627662033	4.98069869208796	5.40066605290741
2.77826721357303	4.56316467643927	4.97962404485422	5.41430846793072
2.78478746090885	4.58726115005966	5.01157032345664	5.42471148304161
2.79130770824466	4.62459517675016	5.02583356876831	5.42470722147574
2.79782795558048	4.63569944012413	5.02270958483515	5.46217484659643
2.80434820291629	4.62601402758829	5.03933546709684	5.43689564172515
2.8108684502521	4.62612289099119	5.04493681282802	5.44552613323468
2.81738869758792	4.65884989556997	5.05410720581964	5.47070065170394
2.82390894492373	4.66344047554101	5.07517686092898	5.49659924177715
2.83042919225955	4.67280234477775	5.08796820108548	5.50201597299807
2.83694943959536	4.6642078393154	5.08476452043202	5.53772249379626
2.84346968693117	4.69089291807271	5.10083621669608	5.49643411145196
2.84998993426699	4.6800512784754	5.11864052368111	5.51981404285464
2.8565101816028	4.70455455442776	5.12629727238478	5.51680042682362
2.86303042893862	4.72748573039131	5.13352372678328	5.56942660616515
2.86955067627443	4.73144971106575	5.14264658236041	5.52546513295591
2.87607092361024	4.72758435161611	5.14958807885846	5.55854597131354
2.88259117094606	4.75334016932033	5.16324074406984	5.5725126863756
2.88911141828187	4.77575495095322	5.17656400428814	5.56720511651083
2.89563166561769	4.76486046348451	5.17646906671057	5.58686051178662
2.9021519129535	4.77961085107573	5.19361614200206	5.60747977095571
2.90867216028931	4.7995581259656	5.21105399996863	5.61685309596521
2.91519240762513	4.82778433369617	5.22344355525563	5.63259036967623
2.92171265496094	4.80560206718607	5.22199521808791	5.63014873308763
2.92823290229676	4.81528508530864	5.23815794622706	5.66080988627383
2.93475314963257	4.83930619864439	5.25249829491718	5.68387682020886
2.94127339696838	4.8493762433782	5.26054546361239	5.6855900142999
2.9477936443042	4.86303409910794	5.27035818189823	5.68089879956267
2.95431389164001	4.88042153513071	5.28516299477973	5.70207788882262
2.96083413897583	4.91563032034977	5.30695013131981	5.71088326815758
2.96735438631164	4.87572262854098	5.30996910404785	5.70717340994508
2.97387463364745	4.91977889422241	5.31295662867083	5.72548393595655
2.98039488098327	4.92030313066075	5.32798114511422	5.72276212490123
2.98691512831908	4.93299105804168	5.34328568112919	5.74970373272155
2.9934353756549	4.90346775638058	5.34442558284515	5.74686283427057
2.99995562299071	4.94614402662382	5.36088599914212	5.76048475533445
3.00647587032653	4.96792745939181	5.36986825486699	5.78472229491963
3.01299611766234	4.98205628445391	5.39073926531209	5.7995951072478
3.01951636499815	4.99926477693348	5.3801562497221	5.80777044415789
3.02603661233397	4.99362313933982	5.41270637533641	5.82317455569684
3.03255685966978	5.0130393500969	5.40428409934785	5.82774443611375
3.0390771070056	5.01728856765839	5.43012178050453	5.8259257297415
3.04559735434141	5.02153407811713	5.44037859470626	5.83889549752527
3.05211760167722	5.05165671294357	5.45306521737516	5.86380509125485
3.05863784901304	5.05383501491028	5.46207873565414	5.8829461382458
3.06515809634885	5.03358704250115	5.46007509312122	5.87543080146965
3.07167834368467	5.08856231165987	5.48397796416319	5.90817641221739
3.07819859102048	5.0835411267593	5.48196583620883	5.90910852589309
3.08471883835629	5.06635597924898	5.51472454732546	5.93399873154031
3.09123908569211	5.11126862024741	5.51426849378434	5.93670107081549
3.09775933302792	5.10384693535673	5.52587245479203	5.95109656645633
3.10427958036374	5.12330392481625	5.53441794002267	5.96909956550251
3.11079982769955	5.12748672473373	5.55861850682614	5.97259279709022
3.11732007503536	5.13557475659773	5.55761790533578	5.9804813838852
3.12384032237118	5.16588678705763	5.56707393816498	5.98911329057753
3.13036056970699	5.17306676278895	5.58196019960525	5.99831065726294
3.13688081704281	5.16926491342109	5.59747726198395	6.00777004365634
3.14340106437862	5.18452920431674	5.61553303453176	6.00749792462509
3.14992131171443	5.20981633929978	5.60908948914766	6.01963691856153
3.15644155905025	5.2154559531434	5.63347678521723	6.04615875648265
3.16296180638606	5.22398553057486	5.63453880600115	6.05014221022432
3.16948205372188	5.24002148125445	5.65175774994884	6.07281651740591
3.17600230105769	5.26290088840712	5.65685752673721	6.04211018224031
3.1825225483935	5.27573948429559	5.6691856612968	6.07569383751097
3.18904279572932	5.27792221177409	5.69019874505948	6.09078756812392
3.19556304306513	5.2746542758667	5.68890605560358	6.08492663194019
3.20208329040095	5.31795484935689	5.70976038468163	6.13178709423535
3.20860353773676	5.28913394630458	5.71158809633376	6.11615602217681
3.21512378507257	5.31114990737646	5.72441206136762	6.14734947408628
3.22164403240839	5.33406030975023	5.73424274101776	6.14293817941598
3.2281642797442	5.3280446767044	5.75534194841516	6.16824756627854
3.23468452708002	5.36019467783636	5.75884873659639	6.16316568085791
3.24120477441583	5.33199024582349	5.76501613396551	6.19745054760438
3.24772502175164	5.37667402780647	5.77834914834786	6.16989358002471
3.25424526908746	5.37776122665146	5.79880267980386	6.19188888734005
3.26076551642327	5.3891291320974	5.81099518612976	6.20007512829397
3.26728576375909	5.4100819537009	5.8228644039529	6.22156317864563
3.2738060110949	5.40461842688787	5.83189973341203	6.22325250964029
3.28032625843071	5.40715588674771	5.84698445643825	6.23994213983265
3.28684650576653	5.41928655353856	5.84349974636877	6.24634497297794
3.29336675310234	5.43689834223543	5.8592700152192	6.2526897709186
3.29988700043816	5.43233658248441	5.86394815570984	6.28577318966424
3.30640724777397	5.47199326259561	5.87979274776006	6.29981573928939
3.31292749510978	5.48965583106823	5.89880047915912	6.28940942000828
3.3194477424456	5.49267835984193	5.90335545741964	6.32375758484003
3.32596798978141	5.49161183261965	5.92011163987691	6.34113361007212
3.33248823711723	5.49781295376415	5.92704905709857	6.35035974418059
3.33900848445304	5.51756481792347	5.93271273570628	6.35445996912411
3.34552873178885	5.51866494511113	5.93627770582574	6.35697600048798
3.35204897912467	5.51553641420815	5.95936184907353	6.38733670294268
3.35856922646048	5.5445501298667	5.96503503437604	6.37895424190528
3.3650894737963	5.56546835398137	5.98036406480602	6.38313075136174
3.37160972113211	5.58084730825868	5.98463844823473	6.39688893419211
3.37812996846793	5.59301502252999	5.9955572311341	6.4118608423476
3.38465021580374	5.59934871837073	6.00641625916489	6.42362438078008
3.39117046313955	5.61549807966984	6.01520600299295	6.43130160727532
3.39769071047537	5.62889470415596	6.03046893224467	6.43789430434829
3.40421095781118	5.62042210709585	6.04208084657005	6.46702191987174
3.410731205147	5.6489530811815	6.05531770938533	6.47189478867858
3.41725145248281	5.65296383886548	6.08156183974806	6.48394432430424
3.42377169981862	5.6578308595288	6.07942313804613	6.48318129792175
3.43029194715444	5.66306708281958	6.08062528518213	6.49788543575243
3.43681219449025	5.65128186190161	6.09268864401548	6.51845184259494
3.44333244182607	5.68991915408297	6.11528712437093	6.49563256282503
3.44985268916188	5.72060265830006	6.12291894821651	6.54280547460018
3.45637293649769	5.71617079474974	6.13096177432791	6.55504040797397
3.46289318383351	5.71305046305339	6.14975439691566	6.56092019168555
3.46941343116932	5.75336919126948	6.15678106656128	6.57711970940229
3.47593367850514	5.75934809846053	6.1560596656653	6.56924497570448
3.48245392584095	5.77024029764459	6.17919063237195	6.58585654359508
3.48897417317676	5.78347940960511	6.19486701573185	6.6192831140835
3.49549442051258	5.7954846201331	6.19873748319939	6.62585215300002
3.50201466784839	5.78450773054281	6.20511074208327	6.62332556834275
3.50853491518421	5.81927826744971	6.21859136270415	6.64063892771607
3.51505516252002	5.7986683003458	6.23069905738951	6.63616238074539
3.52157540985583	5.83362659076169	6.24844806519957	6.63480255714783
3.52809565719165	5.83456416276982	6.24498790092076	6.68239352260664
3.53461590452746	5.84247265061825	6.25888537797667	6.67011959968069
3.54113615186328	5.86514752707341	6.26638542466769	6.67326533823146
3.54765639919909	5.86893042482112	6.29076167851873	6.71587138135629
3.5541766465349	5.86086686545837	6.29525577875898	6.70282443362042
3.56069689387072	5.90410409213953	6.31199560179422	6.70737830675815
3.56721714120653	5.91491505401914	6.31380933368271	6.70684937035699
3.57373738854235	5.90236758714513	6.3349506856542	6.73758260121767
3.58025763587816	5.92714518674158	6.34471297542278	6.75967033785363
3.58677788321397	5.94117602983069	6.36115362052932	6.76397720594544
3.59329813054979	5.95472060870386	6.35797271837696	6.78097182999432
3.5998183778856	5.97945997456125	6.3834536976469	6.76340974258547
3.60633862522142	5.96949457013405	6.38190308425913	6.80173216985365
3.61285887255723	5.95516866870852	6.40054444646495	6.78305128566355
3.61937911989304	5.99230635177557	6.41315721988898	6.82197046590834
3.62589936722886	6.00606877879122	6.41653323712754	6.83629977063689
3.63241961456467	6.02532292053699	6.42830172639838	6.84192389473379
3.63893986190049	6.03236502749914	6.44343842585949	6.87716495687726
3.6454601092363	6.05185008166146	6.45493170709174	6.86603004769329
3.65198035657212	6.03034895765237	6.45790093621567	6.90556108904381
3.65850060390793	6.06132083719603	6.48214740639898	6.88378123281323
3.66502085124374	6.06562527396533	6.47978034316984	6.90231961209157
3.67154109857956	6.08788979558609	6.49586286845332	6.89955893337002
3.67806134591537	6.08665381196076	6.49542583668908	6.94629554253738
3.68458159325119	6.11283210426145	6.51064228386853	6.94368461120323
3.691101840587	6.13315923939761	6.53279809133501	6.9384854012598
3.69762208792281	6.11480095394343	6.54263803975222	6.94515490553531
3.70414233525863	6.1328300264836	6.54742728090122	6.96218771107471
3.71066258259444	6.13764409527996	6.56362397099848	7.00260678760106
3.71718282993026	6.18498624337881	6.5751613866958	7.00388581435635
3.72370307726607	6.16540240093503	6.57895653818106	7.00593707145539
3.73022332460188	6.15676712912521	6.60097397852392	6.99965649935042
3.7367435719377	6.18507549578008	6.60964243233903	7.02155007822128
3.74326381927351	6.20180872562361	6.62434613580824	7.04324013643258
3.74978406660933	6.19552686846169	6.63566275327829	7.03372451352431
3.75630431394514	6.21547175915969	6.6379299646559	7.05019897110936
3.76282456128095	6.2475087706359	6.655239878264	7.06150297918119
3.76934480861677	6.23729809934242	6.65090007166371	7.06604994987134
3.77586505595258	6.26231221326299	6.67022280758285	7.10053715097068
3.7823853032884	6.25775307949213	6.68054724721711	7.09642459259579
3.78890555062421	6.27962903150776	6.69638446985643	7.11017176874977
3.79542579796002	6.27059800041183	6.71274355880615	7.12626710845008
3.80194604529584	6.3227560347407	6.71750176512078	7.1108508121191
3.80846629263165	6.30761922456332	6.72631932357271	7.15228188359644
3.81498653996747	6.31586317658547	6.73145022843726	7.15516480840774
3.82150678730328	6.28657933091646	6.75839006654809	7.16205816883296
3.82802703463909	6.34511492378783	6.75614390539564	7.17472338153378
3.83454728197491	6.32797724695347	6.78190939658617	7.21970498627908
3.84106752931072	6.3757611363154	6.78091700899418	7.18475110862129
3.84758777664654	6.36333278108391	6.78933740126083	7.23319727940499
3.85410802398235	6.35959989548468	6.81074085585637	7.22570112177247
3.86062827131816	6.3662507312925	6.8125797820996	7.23134349265344
3.86714851865398	6.39033940106985	6.81838510697257	7.21918433019272
3.87366876598979	6.41668203635228	6.84290494811811	7.26551385959948
3.88018901332561	6.41629767407297	6.84954282395531	7.25261787663436
3.88670926066142	6.44229957633026	6.85416361050375	7.29673037447591
3.89322950799723	6.4422954840837	6.86176040872046	7.27238088945908
3.89974975533305	6.44849761600601	6.88083738366449	7.33009323753119
3.90627000266886	6.47550928053317	6.88053251381107	7.28521060463127
3.91279025000468	6.49111713592811	6.89371799405805	7.30642706400258
3.91931049734049	6.48363364096983	6.92639926595177	7.33058888423517
3.9258307446763	6.49099277447071	6.9238387662019	7.35408000942473
3.93235099201212	6.52734429590078	6.93159891963568	7.35416353918772
3.93887123934793	6.53311274294859	6.93600795853522	7.37737886870329
3.94539148668375	6.54090740868648	6.96118864084485	7.36624689967513
3.95191173401956	6.56100889436362	6.95654553471567	7.37827656878548
3.95843198135538	6.54522158426215	6.98056066341302	7.39870372502869
3.96495222869119	6.56947791019028	6.98986549374316	7.40360431889018
3.971472476027	6.56924371658402	6.99522740490656	7.424518008814
3.97799272336282	6.58892620807697	7.00692805653149	7.41958231596334
3.98451297069863	6.59107774936804	7.02497864000607	7.45461578227569
3.99103321803444	6.62522075025496	7.02906946776855	7.49326943038369
3.99755346537026	6.61757190284251	7.04058281629817	7.47432158113497
4.00407371270607	6.62462415135589	7.05758007325839	7.49160790101284
4.01059396004189	6.65157572360142	7.07384868268351	7.48829265659372
4.0171142073777	6.64911633057581	7.08126895692818	7.48965018286174
4.02363445471352	6.68390612366592	7.07943005284103	7.49713341848337
4.03015470204933	6.66693822871168	7.10473490984074	7.52125493355879
4.03667494938514	6.7106970101164	7.11383125981699	7.5306210034613
4.04319519672096	6.70767240863737	7.11091690624286	7.54402632704648
4.04971544405677	6.70690596605439	7.13286442000693	7.56144596999007
4.05623569139258	6.71989072957839	7.13562760006612	7.55417757408074
4.0627559387284	6.74890736252492	7.15789305728588	7.5842433483832
4.06927618606421	6.76207166998953	7.16779974213481	7.57509818208705
4.07579643340003	6.74554199968518	7.1722645987759	7.60902422516316
4.08231668073584	6.7654972055033	7.18578002588098	7.61574444815896
4.08883692807166	6.76365414315585	7.20209737109846	7.61556365391466
4.09535717540747	6.79868881251856	7.20609463287177	7.6467155077655
4.10187742274328	6.80899578076457	7.21871893225787	7.64401237086476
4.1083976700791	6.80703202858153	7.23291760145674	7.64450481305578
4.11491791741491	6.80246274281551	7.24124772621342	7.68900056243368
4.12143816475073	6.83819911382314	7.24202474497422	7.66000574839591
4.12795841208654	6.83670962526166	7.26163205175723	7.68927660275913
4.13447865942235	6.83693779645879	7.27302255473308	7.70110095909312
4.14099890675817	6.864069268825	7.2890586581965	7.70928300430911
4.14751915409398	6.87498152614851	7.30245546730945	7.7380616166702
4.1540394014298	6.86521370713481	7.31174737054428	7.71635828105934
4.16055964876561	6.90073667863978	7.31112206948098	7.77615600470414
4.16707989610143	6.90131405353757	7.3246220408817	7.76046972799361
4.17360014343724	6.92315975180582	7.33789578299341	7.77562377653292
4.18012039077305	6.8998982329463	7.352415646227	7.77547286907131
4.18664063810887	6.93906109758294	7.36057800636683	7.814894182272
4.19316088544468	6.95977309873061	7.38246023574355	7.78481049912607
4.19968113278049	6.97544855769496	7.38797925353741	7.81451600557216
4.20620138011631	6.99685628750568	7.39580215838924	7.80359180728354
4.21272162745212	6.98362826330994	7.41807013903415	7.83342534579003
4.21924187478794	7.00906523677973	7.42365159847662	7.84837529606672
4.22576212212375	7.04110381868453	7.43310348326517	7.86633738795713
4.23228236945956	6.98640575456756	7.44350776335583	7.86146077390856
4.23880261679538	7.02588935414098	7.4579483613916	7.85904437243732
4.24532286413119	7.03686890004345	7.46242358241653	7.87166810747594
4.25184311146701	7.0645021468443	7.46884172336832	7.88596588412043
4.25836335880282	7.05788332567646	7.48382711638188	7.913887259986
4.26488360613864	7.0800035637819	7.50324627424101	7.9198162631908
4.27140385347445	7.08793743490803	7.50822116888103	7.90636866492607
4.27792410081026	7.0817599066668	7.51697549444952	7.94126356010332
4.28444434814608	7.1037832049172	7.52933437705878	7.97460356421097
4.29096459548189	7.12976631050925	7.54262549370773	7.9742769985669
4.2974848428177	7.12613524121566	7.55171842733561	7.99439867191426
4.30400509015352	7.12614954170904	7.55637383615313	7.99369430911647
4.31052533748933	7.15068438477932	7.57700228820051	8.00429480021774
4.31704558482515	7.15504045772371	7.5907102068746	8.00309906844056
4.32356583216096	7.16424421030265	7.59212328456374	8.01400674174771
4.33008607949678	7.18121285240651	7.60338968554923	8.02349025498973
4.33660632683259	7.19777688601719	7.61369845456353	8.03403967100557
4.3431265741684	7.18522870790195	7.62854698956143	8.08010943744692
4.34964682150422	7.21531650805634	7.64045795639818	8.08139283243151
4.35616706884003	7.22171276476308	7.64193128323136	8.0732361162234
4.36268731617585	7.24352643520184	7.66954898784418	8.08092049907657
4.36920756351166	7.24616257344801	7.67833203657778	8.11741912906863
4.37572781084747	7.23736755929155	7.68045578174198	8.08705043407505
4.38224805818329	7.27674317454769	7.69732689320962	8.12729609687479
4.3887683055191	7.27313876489015	7.70989411370645	8.14175621555907
4.39528855285492	7.31718085170982	7.72255458609582	8.17386136069592
4.40180880019073	7.31624675888339	7.7215229572855	8.13835666319654
4.40832904752654	7.30257478594813	7.73430829593468	8.16071620976731
4.41484929486236	7.33293110428876	7.75317052239106	8.18478556810569
4.42136954219817	7.32473168132665	7.74741947402204	8.1618928065724
4.42788978953399	7.33024315240928	7.77799501622464	8.20613501013849
4.4344100368698	7.3693905473779	7.77971167023585	8.20363967981325
4.44093028420561	7.35239319422582	7.79148059996126	8.22655423057564
4.44745053154143	7.38522586810574	7.80659436035702	8.23247995828965
4.45397077887724	7.39460537372204	7.81290508759143	8.2273036480921
4.46049102621306	7.41929829279011	7.82929883073397	8.28249964403107
4.46701127354887	7.4063195150906	7.83852611623176	8.27854360435849
4.47353152088468	7.42704013310396	7.84933139687183	8.32288317893167
4.4800517682205	7.40714624150446	7.85052647433158	8.27366484418052
4.48657201555631	7.44267509896799	7.86662352291879	8.2803928853859
4.49309226289213	7.45464106667069	7.8677267789674	8.29214571056553
4.49961251022794	7.45717640434343	7.89398478106459	8.31490398964102
4.50613275756375	7.48040745975973	7.91615012907785	8.34907775877696
4.51265300489957	7.47275388931825	7.91849289095427	8.3490431234683
4.51917325223538	7.51060842189786	7.92168542613628	8.3511320319098
4.5256934995712	7.52493118939126	7.94422457782219	8.35981013887628
4.53221374690701	7.50252598690582	7.95140664450408	8.38071403664373
4.53873399424283	7.53674955991051	7.95782750976282	8.3880901568394
4.54525424157864	7.5381081873306	7.96635807468729	8.4156664878676
4.55177448891445	7.5503612050723	7.99431077023076	8.39147206577217
4.55829473625027	7.55486194205163	7.99325514585331	8.44840923203381
4.56481498358608	7.57539081420805	7.99929383349238	8.4037700974271
4.57133523092189	7.59068845734591	8.01725465623652	8.45804897787836
4.57785547825771	7.60672847156366	8.0245428657591	8.46619680616888
4.58437572559352	7.58406547222914	8.0369798241179	8.4632108085526
4.59089597292934	7.60852947116839	8.04568433569337	8.47216769133436
4.59741622026515	7.64599989900304	8.06210469971679	8.49908804689076
4.60393646760097	7.6422329594595	8.06651650467647	8.47803043518886
4.61045671493678	7.65066296701178	8.07757644042461	8.50504285649403
