"mitochan"	"lwrNorm"	"medNorm"	"uprNorm"
-1.90327037354145	-4.57114332438795	-3.5055082660941	-2.3469358036943
-1.89755293934577	-4.60838870580633	-3.48274838537074	-2.34070315143145
-1.8918355051501	-4.59984398710702	-3.48951385666089	-2.32986328132547
-1.88611807095443	-4.60781211579428	-3.48570943172316	-2.35441746567604
-1.88040063675875	-4.53167423623977	-3.46205883093025	-2.31391044577194
-1.87468320256308	-4.53113900702648	-3.44692588487302	-2.31467709681603
-1.8689657683674	-4.5373258475678	-3.44585372054178	-2.32313828845083
-1.86324833417173	-4.54264015909975	-3.42509072839321	-2.27569062183559
-1.85753089997605	-4.53150471833563	-3.42682804596273	-2.29398776063895
-1.85181346578038	-4.47612730210819	-3.40447859398979	-2.27671929614503
-1.8460960315847	-4.43604348167564	-3.41061439654081	-2.30916668453573
-1.84037859738903	-4.43642478314141	-3.38849399751387	-2.25874532753888
-1.83466116319335	-4.46968465126072	-3.38224442850771	-2.24247459406033
-1.82894372899768	-4.49300414401466	-3.37285299380334	-2.26089046718763
-1.82322629480201	-4.43526891744995	-3.36729198287584	-2.24073712512491
-1.81750886060633	-4.41455568359469	-3.35685983243633	-2.25064556122981
-1.81179142641066	-4.39518759227877	-3.32791873906838	-2.26032660847413
-1.80607399221498	-4.40831126500781	-3.32262755831207	-2.22611647304758
-1.80035655801931	-4.38748402866145	-3.31898733635392	-2.25801463268038
-1.79463912382363	-4.39544658738017	-3.3081079898951	-2.22179484019058
-1.78892168962796	-4.38725567030504	-3.30497465592093	-2.21163231902691
-1.78320425543228	-4.34429078495751	-3.28231306800792	-2.22951032827982
-1.77748682123661	-4.327520490731	-3.27290717321949	-2.18641284806438
-1.77176938704093	-4.28431135234329	-3.26208410709507	-2.16454677618849
-1.76605195284526	-4.3241865729338	-3.26689173462787	-2.13846806346875
-1.76033451864959	-4.29102093629665	-3.2300903488941	-2.17946516801281
-1.75461708445391	-4.26100897621134	-3.24883116241037	-2.17489040320997
-1.74889965025824	-4.29057537857634	-3.24054832009834	-2.13963602866326
-1.74318221606256	-4.28099963636127	-3.19858197733786	-2.18819246961939
-1.73746478186689	-4.21808120237282	-3.19551587620664	-2.12931541345136
-1.73174734767121	-4.27155650164358	-3.19407654060544	-2.13810995257135
-1.72602991347554	-4.22266047095815	-3.19273080802007	-2.08689731033868
-1.72031247927986	-4.21877654742927	-3.17105085504568	-2.1249668927383
-1.71459504508419	-4.18813884730202	-3.16001820275366	-2.12810950951567
-1.70887761088851	-4.1525722005832	-3.16546496660006	-2.06978071734976
-1.70316017669284	-4.17804913818126	-3.13557185093192	-2.06161221710161
-1.69744274249717	-4.13204728416638	-3.12572879371419	-2.06431380605399
-1.69172530830149	-4.13286045026578	-3.12761716337278	-2.05392971720188
-1.68600787410582	-4.12338099807666	-3.10935004646431	-2.04680812188667
-1.68029043991014	-4.09966388170404	-3.09414134305997	-2.04824853580667
-1.67457300571447	-4.10573234483779	-3.08967652270307	-2.08574429010455
-1.66885557151879	-4.09416754492035	-3.07494757431889	-2.04003358366843
-1.66313813732312	-4.09080089602002	-3.06665867615735	-2.01327978872288
-1.65742070312744	-4.05396244020388	-3.05532348017571	-2.04294772841232
-1.65170326893177	-4.07192283056472	-3.04131603017932	-1.99715434982453
-1.64598583473609	-4.08981321155093	-3.0343580791792	-1.99242861869722
-1.64026840054042	-4.0920484607518	-3.02253953077201	-2.00557972514906
-1.63455096634475	-4.06490749509906	-3.03165132936782	-1.98899182793677
-1.62883353214907	-4.01217335436392	-2.99169039035421	-1.98730690152202
-1.6231160979534	-4.02236013642674	-2.99045912138177	-1.97419889619155
-1.61739866375772	-3.98874273966793	-2.99901386706567	-1.9273500079299
-1.61168122956205	-3.94557119322564	-2.96312026222324	-1.9706024092655
-1.60596379536637	-3.94989629831083	-2.97158988333099	-1.96450937513048
-1.6002463611707	-3.95697634705989	-2.94563527996247	-1.94528653270815
-1.59452892697502	-3.95426868487646	-2.92956827614557	-1.9178249508161
-1.58881149277935	-3.94907647953412	-2.93794023209607	-1.95544213301402
-1.58309405858367	-3.88385811400338	-2.93175351741764	-1.88352822666326
-1.577376624388	-3.87859584244541	-2.91451160414029	-1.91926962641364
-1.57165919019233	-3.90249894434087	-2.8883158988674	-1.8565046872341
-1.56594175599665	-3.85042150856306	-2.88838658683787	-1.9146499030164
-1.56022432180098	-3.8374467318071	-2.86849232172841	-1.87603898859499
-1.5545068876053	-3.83557556960489	-2.86534740567538	-1.86638416855419
-1.54878945340963	-3.78679137910558	-2.84938041517353	-1.88988771972795
-1.54307201921395	-3.83495830057051	-2.86565532970907	-1.85116043994966
-1.53735458501828	-3.81551730920278	-2.83964819698256	-1.83868961983624
-1.5316371508226	-3.80331579072831	-2.83347047711609	-1.83430748439668
-1.52591971662693	-3.77041516923959	-2.82243395340337	-1.8229676922833
-1.52020228243125	-3.78290789189065	-2.79538875612396	-1.82750897202663
-1.51448484823558	-3.76170190505374	-2.78060303791938	-1.85733132584113
-1.50876741403991	-3.7624030971406	-2.79408693559729	-1.83175481400797
-1.50304997984423	-3.76044000081404	-2.75888750397701	-1.77515915147137
-1.49733254564856	-3.73099791868932	-2.7668765388655	-1.79274286922742
-1.49161511145288	-3.70026009769736	-2.76155156030429	-1.75945563223871
-1.48589767725721	-3.72653792487442	-2.75052205272462	-1.80041970144179
-1.48018024306153	-3.6893845832258	-2.72982865424429	-1.77149822724211
-1.47446280886586	-3.68311473763166	-2.72650536295974	-1.76390426009083
-1.46874537467018	-3.65585453970034	-2.71486228152974	-1.75062347566484
-1.46302794047451	-3.63563924485279	-2.71149728526277	-1.72066437487708
-1.45731050627883	-3.6497129211493	-2.70437910015076	-1.73385458339186
-1.45159307208316	-3.6144811806181	-2.69068269614113	-1.72872490494258
-1.44587563788749	-3.62730359806091	-2.67798480988219	-1.71355615315217
-1.44015820369181	-3.58778267594428	-2.66935287742723	-1.70676949731818
-1.43444076949614	-3.60997792462988	-2.65511543609142	-1.67266259500308
-1.42872333530046	-3.5743873856766	-2.63526011185398	-1.71852295439974
-1.42300590110479	-3.55435162338446	-2.62902627074407	-1.68724236710589
-1.41728846690911	-3.58659866166123	-2.61700496645577	-1.66970668911467
-1.41157103271344	-3.54173462308887	-2.61630485647276	-1.63701331878106
-1.40585359851776	-3.55424564191445	-2.60798837427259	-1.65995681084769
-1.40013616432209	-3.51540224508094	-2.58492744832349	-1.66911611429904
-1.39441873012641	-3.50089499546261	-2.5752498622443	-1.64838646183399
-1.38870129593074	-3.48418384078471	-2.56769080717438	-1.64385430768283
-1.38298386173507	-3.48680675959414	-2.54957024969287	-1.61620086726168
-1.37726642753939	-3.43562123574939	-2.56021396199061	-1.62596318612165
-1.37154899334372	-3.47343319935015	-2.5229240309745	-1.57537905635008
-1.36583155914804	-3.43742210383946	-2.532243436456	-1.6161490148309
-1.36011412495237	-3.45374685784121	-2.51314480828104	-1.58023241840526
-1.35439669075669	-3.42308990252457	-2.51050833810386	-1.60411751888746
-1.34867925656102	-3.44347282836135	-2.50090997504227	-1.56577898908672
-1.34296182236534	-3.42920812878031	-2.50010360054392	-1.54295194056157
-1.33724438816967	-3.40681152459829	-2.46483129687142	-1.57930712817887
-1.33152695397399	-3.38919908157261	-2.46778997813955	-1.57575055453149
-1.32580951977832	-3.37425014286255	-2.45511855188741	-1.53423380776547
-1.32009208558265	-3.32456518030158	-2.44394928351692	-1.5474935635281
-1.31437465138697	-3.35376987727688	-2.43946329571698	-1.55987411530314
-1.3086572171913	-3.32241184570693	-2.41819167719659	-1.48624868252637
-1.30293978299562	-3.3335321703759	-2.41851201418248	-1.51307666342296
-1.29722234879995	-3.30995628845314	-2.40837810565224	-1.47805030434839
-1.29150491460427	-3.30236459619222	-2.4017289622395	-1.48738026692847
-1.2857874804086	-3.28593571585303	-2.38985716216447	-1.51130423168273
-1.28007004621292	-3.24329012510226	-2.37514949039457	-1.47006296179418
-1.27435261201725	-3.2585131991577	-2.35224497878006	-1.42516968078998
-1.26863517782157	-3.25682821976443	-2.36559447165065	-1.44468569913005
-1.2629177436259	-3.27043754832333	-2.36161961849489	-1.42291619068244
-1.25720030943023	-3.22200689257484	-2.33072149433893	-1.41043150133182
-1.25148287523455	-3.2044966976951	-2.32830168723493	-1.41580580269436
-1.24576544103888	-3.20587568759633	-2.30785973683871	-1.41240216329664
-1.2400480068432	-3.17248241511889	-2.30685212050653	-1.39297261573265
-1.23433057264753	-3.18729148560699	-2.29298376846662	-1.39513179575203
-1.22861313845185	-3.15444429884604	-2.2919114851179	-1.37994515655011
-1.22289570425618	-3.14836754111251	-2.27566762738371	-1.37718251269115
-1.2171782700605	-3.11890917046011	-2.26436769690642	-1.39823162396428
-1.21146083586483	-3.09474011296048	-2.26129192000147	-1.38236045933991
-1.20574340166915	-3.08816074045302	-2.24886581074489	-1.37294313218266
-1.20002596747348	-3.11992663679627	-2.23251396298435	-1.34912971348158
-1.19430853327781	-3.08729523878678	-2.23099389811945	-1.35185420033825
-1.18859109908213	-3.06072308899584	-2.20801395854896	-1.35366454591789
-1.18287366488646	-3.06656423403938	-2.20381276435661	-1.36386837980308
-1.17715623069078	-3.05215448698517	-2.18072374585083	-1.29799515755406
-1.17143879649511	-3.0170024783317	-2.1783683102384	-1.33861000016267
-1.16572136229943	-3.01960887709814	-2.16800699232714	-1.32233719096155
-1.16000392810376	-3.00650146262967	-2.1671619205205	-1.29564483463895
-1.15428649390808	-3.02009469604921	-2.13975788167854	-1.29666908789829
-1.14856905971241	-2.9928409169319	-2.14531514096865	-1.27340742326195
-1.14285162551673	-2.96288817924737	-2.12254093249853	-1.27248501107124
-1.13713419132106	-2.98274907072953	-2.11370425440534	-1.27829474401113
-1.13141675712539	-2.96823560174015	-2.09349346600332	-1.26187366588229
-1.12569932292971	-2.95934812891205	-2.09176984884778	-1.23123348502038
-1.11998188873404	-2.8937587543253	-2.09330554549112	-1.2323055234902
-1.11426445453836	-2.9129221613453	-2.08764946418466	-1.21043018751043
-1.10854702034269	-2.87110191064861	-2.06786386837521	-1.21476838463783
-1.10282958614701	-2.87321048323543	-2.04376358804504	-1.19087780055082
-1.09711215195134	-2.89746470839038	-2.04502517853582	-1.20584048168834
-1.09139471775566	-2.9085984287154	-2.03948724684359	-1.1788115495052
-1.08567728355999	-2.83850900674479	-2.01408808137804	-1.1633969271422
-1.07995984936431	-2.8224715619573	-2.00486775232059	-1.16943942465117
-1.07424241516864	-2.83954519228668	-1.99071255955901	-1.17138271378802
-1.06852498097297	-2.82639448593242	-2.00079458735382	-1.16130386088495
-1.06280754677729	-2.80590341891231	-1.97588105823147	-1.17245395523791
-1.05709011258162	-2.80842903804004	-1.97361458950055	-1.13213976377692
-1.05137267838594	-2.80122732662809	-1.96423705033559	-1.12278229737338
-1.04565524419027	-2.75543610102877	-1.95331519243979	-1.12697576319192
-1.03993780999459	-2.73250705753278	-1.94084397157785	-1.08436533691549
-1.03422037579892	-2.76072288437857	-1.92583775252226	-1.09776607810346
-1.02850294160324	-2.73370456330646	-1.92275755820896	-1.08384081775926
-1.02278550740757	-2.68799724989333	-1.89790489601658	-1.10349901961951
-1.01706807321189	-2.69449335525009	-1.90737577178083	-1.07354256433658
-1.01135063901622	-2.68477407462779	-1.89478415464555	-1.06149311855705
-1.00563320482055	-2.71354774855158	-1.8708933167834	-1.04664753027399
-0.999915770624871	-2.65897551064564	-1.87653352971951	-1.04702657344313
-0.994198336429197	-2.67977599252318	-1.86689212164795	-1.07310101686269
-0.988480902233522	-2.65261076430223	-1.8521971450073	-1.01713711571208
-0.982763468037848	-2.65622255479345	-1.84701386727754	-1.03529850115005
-0.977046033842173	-2.61628632139263	-1.82412659853852	-1.01520422406175
-0.971328599646498	-2.61502022937981	-1.80696377171743	-0.972936440626128
-0.965611165450824	-2.61848484640401	-1.79612001995104	-0.969408969158394
-0.959893731255149	-2.62476583900399	-1.78814737016909	-0.969492282932883
-0.954176297059475	-2.62603528042345	-1.79601244780567	-1.0047189031855
-0.9484588628638	-2.59325822116306	-1.77527387574821	-0.982116429920555
-0.942741428668126	-2.56768093491769	-1.77237151265825	-0.954747852429703
-0.937023994472451	-2.57975801463494	-1.74396884762168	-0.969997274892536
-0.931306560276777	-2.51681945813822	-1.74234144461603	-0.957190327039065
-0.925589126081102	-2.51125800171174	-1.73201969751007	-0.933433165418465
-0.919871691885428	-2.5129739519669	-1.72089150988734	-0.947766255884069
-0.914154257689753	-2.49972898037734	-1.71344240410612	-0.927231547001653
-0.908436823494078	-2.50024168907279	-1.70104313225408	-0.878439935459738
-0.902719389298404	-2.4700920783096	-1.68407149119722	-0.937289296337618
-0.897001955102729	-2.49505733934815	-1.69731524208352	-0.877011769835887
-0.891284520907055	-2.49279098245662	-1.66374949902839	-0.89284510101012
-0.88556708671138	-2.44250554874639	-1.65896268552099	-0.912524910854056
-0.879849652515706	-2.38469961386828	-1.65023518718627	-0.870591665118875
-0.874132218320031	-2.41607074254405	-1.63580882814332	-0.884395945571755
-0.868414784124357	-2.39825632762	-1.63862349744861	-0.877717731404438
-0.862697349928682	-2.3886504969764	-1.61247973869508	-0.851912552818659
-0.856979915733008	-2.38674608804864	-1.60843972946691	-0.820907101317722
-0.851262481537333	-2.39180865355264	-1.59826718799987	-0.816815724585994
-0.845545047341658	-2.36542403163348	-1.58642086611913	-0.82873887627515
-0.839827613145984	-2.32405333941152	-1.57391373291487	-0.798657360488141
-0.834110178950309	-2.32076022810107	-1.57634069234702	-0.804677043112074
-0.828392744754635	-2.313715437012	-1.55538600290193	-0.811081246133802
-0.82267531055896	-2.29809474564002	-1.55957377280527	-0.781044732391912
-0.816957876363286	-2.32435748631239	-1.53418917710382	-0.786494179401788
-0.811240442167611	-2.27553144926447	-1.52019200501148	-0.771538103954697
-0.805523007971937	-2.29745084802525	-1.51044470326713	-0.734970442279015
-0.799805573776262	-2.2781021645762	-1.49869975128327	-0.752320078928987
-0.794088139580588	-2.25103702500918	-1.49630245678662	-0.768585030279071
-0.788370705384913	-2.26684520760144	-1.4818425221181	-0.714182498163717
-0.782653271189238	-2.22227513076224	-1.47748875589154	-0.716873335027191
-0.776935836993564	-2.22507434417979	-1.47149860474071	-0.731958303840288
-0.77121840279789	-2.19853623681534	-1.45308197906566	-0.720467694390659
-0.765500968602215	-2.18765144572739	-1.43970067082853	-0.684227711285789
-0.75978353440654	-2.17493801131102	-1.43405963636094	-0.690447383626341
-0.754066100210866	-2.19351185627452	-1.412246978634	-0.687597864851205
-0.748348666015191	-2.17564243501924	-1.41152119909055	-0.670042816435156
-0.742631231819517	-2.15147535374955	-1.41726202241786	-0.702949185291562
-0.736913797623842	-2.13876840451969	-1.38722251053644	-0.639411995294617
-0.731196363428168	-2.13270948645582	-1.37414315961744	-0.688410209941771
-0.725478929232493	-2.11246746554195	-1.36595889928325	-0.634491040308038
-0.719761495036819	-2.09632004554677	-1.36608492422968	-0.618693123255342
-0.714044060841144	-2.11870243862676	-1.35344836372442	-0.636062866382789
-0.70832662664547	-2.13251742409098	-1.32737685896162	-0.607072644667352
-0.702609192449795	-2.04809786655736	-1.32039555466035	-0.616642274552094
-0.69689175825412	-2.05041797616779	-1.31561434739997	-0.600118356539338
-0.691174324058446	-2.04857917640603	-1.30510665832254	-0.578185412952818
-0.685456889862771	-2.03509865426913	-1.28923616254404	-0.562570043020605
-0.679739455667097	-2.02321041569256	-1.29029477796586	-0.587174566735303
-0.674022021471422	-2.00143929321734	-1.28445004734055	-0.539266990761728
-0.668304587275748	-1.9914347747594	-1.26078607292355	-0.552263668192641
-0.662587153080073	-1.97101970355695	-1.25562957677599	-0.516451113013252
-0.656869718884399	-1.99562322324504	-1.24032756199202	-0.533904614386944
-0.651152284688724	-1.9709287925551	-1.24416912825243	-0.531737744325582
-0.645434850493049	-1.96497743241899	-1.21862092036559	-0.530335232122978
-0.639717416297375	-1.92475650186958	-1.20908153570474	-0.508404592564878
-0.6339999821017	-1.94280116360611	-1.19393961664005	-0.475777384819622
-0.628282547906026	-1.95811277727395	-1.19794173624194	-0.49040476986228
-0.622565113710351	-1.89693672346442	-1.18560901149854	-0.493443510512783
-0.616847679514677	-1.91086626375347	-1.17088896615603	-0.475154837100033
-0.611130245319002	-1.90381459455495	-1.16181366067677	-0.460506703183746
-0.605412811123328	-1.87470853411546	-1.1590189394586	-0.467042690711975
-0.599695376927653	-1.85191554775498	-1.14461933755871	-0.439785960039076
-0.593977942731978	-1.85028622178411	-1.13241388188843	-0.392200169678556
-0.588260508536304	-1.80480169332048	-1.12862169544987	-0.45894633129057
-0.58254307434063	-1.81934190158666	-1.11317703890372	-0.416606416478043
-0.576825640144955	-1.79631450541339	-1.10649929692598	-0.404461075301363
-0.57110820594928	-1.81670099500013	-1.08052738008109	-0.401618034527136
-0.565390771753606	-1.7932041476663	-1.08533669794063	-0.390275266120757
-0.559673337557931	-1.77332165626883	-1.06880321948261	-0.360510804982271
-0.553955903362257	-1.77674685865699	-1.05644896750308	-0.348486167712995
-0.548238469166582	-1.76372844226933	-1.04417394912897	-0.368811454890413
-0.542521034970908	-1.75293005240374	-1.04442136116733	-0.351455125192213
-0.536803600775233	-1.74029875642691	-1.02754095673603	-0.356613220318305
-0.531086166579559	-1.74415765782195	-1.01706939694421	-0.319819356210272
-0.525368732383884	-1.7232293928416	-1.01767608237855	-0.31027542097898
-0.51965129818821	-1.68912503720183	-0.995416460558169	-0.325021074509731
-0.513933863992535	-1.68063323048741	-0.990087642106692	-0.319164469801753
-0.50821642979686	-1.68599935270388	-0.975748169949216	-0.280980510189747
-0.502498995601186	-1.6829247958279	-0.958036746053779	-0.291890959399226
-0.496781561405511	-1.62362653019588	-0.957382626394228	-0.283581178017001
-0.491064127209837	-1.63886121476001	-0.948284831343267	-0.250816446448475
-0.485346693014162	-1.63517774912572	-0.934609957238571	-0.264363940827421
-0.479629258818488	-1.65795125326904	-0.920881440778234	-0.218836348033403
-0.473911824622813	-1.62390807579609	-0.916193091281073	-0.230710633272381
-0.468194390427139	-1.61194712346132	-0.898139756424257	-0.229119202719124
-0.462476956231464	-1.61134676522803	-0.895953302682051	-0.208015864042431
-0.45675952203579	-1.56087824826744	-0.888229975753428	-0.208459178021557
-0.451042087840115	-1.57107355541595	-0.87421890670729	-0.175435957004569
-0.44532465364444	-1.57296228535378	-0.868737095939833	-0.192863541956665
-0.439607219448766	-1.55132624043187	-0.852844931814188	-0.193575549206443
-0.433889785253091	-1.51545664350055	-0.829228116767126	-0.168667364470949
-0.428172351057417	-1.53194267895831	-0.830558556017148	-0.177216268504487
-0.422454916861742	-1.5065007077402	-0.826672749002012	-0.148028228332614
-0.416737482666068	-1.48064138339504	-0.80944372612849	-0.139884466416739
-0.411020048470393	-1.50842189261256	-0.808496964147454	-0.138087547235033
-0.405302614274719	-1.4500710611801	-0.796344121858814	-0.164643307224327
-0.399585180079044	-1.44155253311352	-0.770182398228398	-0.0879014967782333
-0.39386774588337	-1.43406903916863	-0.773601952336416	-0.0875780611973847
-0.388150311687695	-1.42448337177145	-0.753999448628087	-0.106672189976357
-0.38243287749202	-1.42220078405232	-0.7571908414661	-0.0838918524127209
-0.376715443296346	-1.41367037269218	-0.748455608976634	-0.0752345624186455
-0.370998009100671	-1.40416425636131	-0.724968095435452	-0.0531515597293054
-0.365280574904997	-1.39990266188369	-0.714546099295201	-0.0725715481330353
-0.359563140709322	-1.38764253091812	-0.720945667729721	-0.046222146728629
-0.353845706513648	-1.37954880578418	-0.695322982418542	-0.0469994349518362
-0.348128272317973	-1.34332113780789	-0.686242743489282	-0.0227876824426536
-0.342410838122299	-1.35309629882255	-0.683623434718626	-0.0265910136057776
-0.336693403926624	-1.32317299440037	-0.673191159270343	-0.0313833900806739
-0.33097596973095	-1.31832778914943	-0.648143504207514	-0.00722263852228484
-0.325258535535275	-1.33423361449784	-0.651710667103994	0.01055745865176
-0.319541101339601	-1.28675277560281	-0.625412635758905	0.0315898730873595
-0.313823667143926	-1.28426863463727	-0.622172648994609	0.0251942273266705
-0.308106232948251	-1.2829346657461	-0.615888300947739	0.0616696395442363
-0.302388798752577	-1.31398917362743	-0.593691627480139	0.0372442560281398
-0.296671364556902	-1.27310896437971	-0.585687407622829	0.0447274830004916
-0.290953930361228	-1.25491917063643	-0.580359350451131	0.0766920891444857
-0.285236496165553	-1.23380088441587	-0.567218284582922	0.0693805906149061
-0.279519061969879	-1.23770126187131	-0.564508229191438	0.0591731778448823
-0.273801627774204	-1.24372484657721	-0.553841055175134	0.107927410662614
-0.26808419357853	-1.23967229189544	-0.542438215336854	0.0956210549416571
-0.262366759382855	-1.15968091969843	-0.52935526778756	0.105892636770453
-0.256649325187181	-1.20090164813783	-0.515231647805851	0.115894251016342
-0.250931890991506	-1.19935178928187	-0.509290976106905	0.135386115042507
-0.245214456795831	-1.20848796502492	-0.498413999277549	0.135883645907877
-0.239497022600157	-1.19713423747745	-0.485080063511927	0.153605093467263
-0.233779588404482	-1.13198279715337	-0.478875979194217	0.154851225220815
-0.228062154208808	-1.11058534474816	-0.464357389449507	0.182936306636103
-0.222344720013133	-1.14882011219101	-0.448343630567692	0.181017139480713
-0.216627285817459	-1.08619573611067	-0.446793327813495	0.184469523286561
-0.210909851621784	-1.10545458774404	-0.443506929359295	0.20334439834953
-0.20519241742611	-1.0691888858655	-0.429891502578049	0.212419927167002
-0.199474983230435	-1.09625956994268	-0.412174277423064	0.213503817922498
-0.19375754903476	-1.07756731940523	-0.409621395697938	0.240772145280539
-0.188040114839086	-1.055349063781	-0.400750319599958	0.224773833425586
-0.182322680643412	-1.04076085643061	-0.389811184987904	0.25869969056141
-0.176605246447737	-1.04453243961522	-0.377297717753622	0.237635493836077
-0.170887812252062	-1.04950071217426	-0.374085907302612	0.256931929062648
-0.165170378056388	-1.0104345325518	-0.362544069550776	0.264614083050173
-0.159452943860713	-1.02484018428371	-0.351615847470255	0.276001099973238
-0.153735509665039	-0.980712022127831	-0.327348687104545	0.292001088847278
-0.148018075469364	-0.96237608006165	-0.328677786966011	0.343134909678924
-0.14230064127369	-0.986930067329564	-0.302436886049317	0.304146183776412
-0.136583207078015	-0.954460065782954	-0.310505469772197	0.333669367678363
-0.130865772882341	-0.969222343235022	-0.288592696335674	0.332283416929862
-0.125148338686666	-0.925418152089283	-0.278492234143236	0.332066784369922
-0.119430904490992	-0.916221966570637	-0.269106511386634	0.39617463529335
-0.113713470295317	-0.905007979982123	-0.255850292395271	0.350519912469404
-0.107996036099642	-0.907674801786248	-0.259909543373452	0.365053894589954
-0.102278601903968	-0.902691661005891	-0.234603612464277	0.386787064802673
-0.0965611677082934	-0.88416156725979	-0.235258562269736	0.412282365139205
-0.0908437335126189	-0.85751911730289	-0.219727697224837	0.402927128753449
-0.0851262993169442	-0.866412463637157	-0.208874264562545	0.411498904931795
-0.0794088651212697	-0.841819707722918	-0.200959790611842	0.417259122795026
-0.0736914309255952	-0.831782208261476	-0.193886943030556	0.436839455868652
-0.0679739967299207	-0.830046117903768	-0.187176580640651	0.437571470169995
-0.0622565625342462	-0.82301613089745	-0.168217345843234	0.481641263729672
-0.0565391283385714	-0.80823857068021	-0.160289595407789	0.460905311465447
-0.0508216941428969	-0.805186450068513	-0.145982713220996	0.50877140009016
-0.0451042599472224	-0.783508809604368	-0.131253984541364	0.474022573551354
-0.039386825751548	-0.774152403217277	-0.123361266348666	0.507165450782539
-0.0336693915558735	-0.820250300891439	-0.121572747951885	0.506401635539367
-0.0279519573601987	-0.744063361046321	-0.115697518502275	0.522986330686874
-0.0222345231645242	-0.768096394814935	-0.086696937729131	0.53666153766768
-0.0165170889688497	-0.756525726460196	-0.0884943829206916	0.541624182918796
-0.0107996547731752	-0.753632518334451	-0.0730921117095643	0.548755659673472
-0.00508222057750074	-0.688353170611489	-0.0732610307482525	0.563293062165828
0.00063521361817398	-0.700338996454696	-0.0565145218276378	0.592886809353998
0.00635264781384848	-0.695855811697783	-0.0508118851152903	0.594120488890708
0.012070082009523	-0.664953203293626	-0.0330971304088137	0.594809783767547
0.0177875162051975	-0.65065638065269	-0.0211347200690236	0.60343935979064
0.023504950400872	-0.668573573593185	-0.0101465057426296	0.607844905767811
0.0292223845965467	-0.631926946002852	-0.00788138676611509	0.611905661643087
0.0349398187922212	-0.676220462808662	0.0023819948704766	0.643109597029017
0.0406572529878957	-0.628376007392804	0.0208012647637853	0.628061599260582
0.0463746871835702	-0.615490517977757	0.030097916347014	0.662174358681937
0.0520921213792447	-0.614421880166164	0.0441150384270821	0.650488434143649
0.0578095555749194	-0.59360728994583	0.047967911549484	0.656729594032243
0.0635269897705939	-0.556284246426196	0.0524732047106755	0.686755230904344
0.0692444239662684	-0.601267254514353	0.0754755413535507	0.708725230918011
0.0749618581619429	-0.564075710743344	0.0729945683030783	0.687773137296534
0.0806792923576174	-0.544643709724554	0.088627850996757	0.70546846121645
0.0863967265532921	-0.563070413699148	0.104188900068471	0.722032297240103
0.0921141607489666	-0.524018637020357	0.104393760640314	0.760650851045546
0.0978315949446413	-0.542897834203678	0.121072455383965	0.762210824110154
0.103549029140316	-0.516812925291523	0.12391413824301	0.761626133452407
0.10926646333599	-0.507971541468807	0.139438969526684	0.755778928637194
0.114983897531665	-0.516831054218487	0.16116283585841	0.798691700966462
0.120701331727339	-0.483861587264124	0.158700144858787	0.775429322402135
0.126418765923014	-0.500342144342577	0.176403270095275	0.819074693769263
0.132136200118688	-0.44538622634148	0.182997864558386	0.813812285458404
0.137853634314363	-0.460404433883731	0.192776516786827	0.818117187091514
0.143571068510037	-0.436670168977741	0.191737750414138	0.855277654869574
0.149288502705712	-0.465480292726236	0.217948013915501	0.854575326330406
0.155005936901387	-0.426988109664092	0.229699798844582	0.821275289594981
0.160723371097061	-0.434556262592272	0.239068224396421	0.871845493058603
0.166440805292736	-0.414884470417931	0.228756165676508	0.897074862186995
0.17215823948841	-0.434265528048225	0.254178652269225	0.905168811667986
0.177875673684085	-0.383369777216365	0.265055705430491	0.896426756569261
0.183593107879759	-0.406772729994731	0.272776639591317	0.926260905024958
0.189310542075434	-0.346787019178387	0.295847071499055	0.937497292206241
0.195027976271108	-0.369845027801066	0.29740542978513	0.938361992448595
0.200745410466783	-0.35788463357514	0.307454878066934	0.969116776178063
0.206462844662457	-0.342471492260214	0.319236316264643	0.964922931290588
0.212180278858132	-0.367113442126841	0.315988543128207	0.951816676393826
0.217897713053806	-0.303189059883298	0.334980019507183	0.962797097169552
0.223615147249481	-0.276607979481259	0.352431595349084	0.958339989073312
0.229332581445155	-0.26726812340378	0.353384758792011	0.998729239988499
0.23505001564083	-0.284491805840638	0.373360709331283	1.01991217938728
0.240767449836505	-0.286203109228501	0.373168853440365	1.00639592461204
0.246484884032179	-0.272779319959547	0.389752142924281	1.03058745892373
0.252202318227854	-0.249032282923284	0.397317568615533	1.05805518871846
0.257919752423528	-0.274655923031014	0.412158576055313	1.02822782314633
0.263637186619203	-0.268598926884302	0.416260933776804	1.01916881894727
0.269354620814878	-0.272626686158526	0.430622399723544	1.04807308290529
0.275072055010552	-0.19902708480681	0.428797205296358	1.06561791402888
0.280789489206227	-0.182846510545871	0.452915026718444	1.11572603406646
0.286506923401901	-0.239675512354802	0.451889460149797	1.12307308151543
0.292224357597576	-0.188776143113237	0.46761158291205	1.111821113491
0.29794179179325	-0.205494056144586	0.486488825128336	1.12414321311503
0.303659225988925	-0.159387035225786	0.498997238755096	1.15428456942053
0.309376660184599	-0.152182752813279	0.508578884979602	1.13081847952697
0.315094094380274	-0.136993423053275	0.519851894511353	1.13804196798756
0.320811528575948	-0.125782025563155	0.524486987080695	1.15699069547546
0.326528962771623	-0.113157294368798	0.531950340340964	1.17514646233145
0.332246396967297	-0.130853525829755	0.544617857468297	1.19375255416871
0.337963831162972	-0.13029829009647	0.552699171807027	1.23811871810384
0.343681265358646	-0.0912566457571471	0.556008536765398	1.21292188218122
0.349398699554321	-0.0943531144165061	0.579068406734459	1.22321989558951
0.355116133749996	-0.0853703312334064	0.593608627500772	1.24699482713176
0.36083356794567	-0.0801139043673522	0.596035362677541	1.23767456899782
0.366551002141345	-0.0745852680984131	0.606144915418687	1.24596911655996
0.372268436337019	-0.0338561547511987	0.607743388023088	1.25602067305091
0.377985870532694	-0.0585322601577662	0.629474904755648	1.27153929930351
0.383703304728368	-0.0457662504878038	0.62195522913356	1.28073093157252
0.389420738924043	-0.0463265323750977	0.641050536603925	1.28235277420249
0.395138173119717	-0.00673987397822469	0.654072434022542	1.29570153781679
0.400855607315392	-0.0102017841906052	0.666685409160835	1.35601862177102
0.406573041511066	-0.0134541594935627	0.677463745877973	1.34680027783097
0.412290475706741	0.000341700567570074	0.674776888274734	1.33887286899814
0.418007909902415	0.0119166888808499	0.693141522328816	1.35069572243375
0.42372534409809	0.0473829175073302	0.71291466475579	1.37215398490991
0.429442778293764	0.0486443004782079	0.71381467162309	1.39419063742326
0.435160212489439	0.0246506287068306	0.726518843709781	1.38239767972419
0.440877646685114	0.0564058338755341	0.741268794402712	1.3835470896752
0.446595080880788	0.0966745302265994	0.748211996791834	1.4179914365828
0.452312515076463	0.0876018701407063	0.754407276948606	1.44203329436276
0.458029949272137	0.104303371492254	0.767350934169553	1.41547646151428
0.463747383467812	0.0720413733099934	0.774461804524594	1.45702296500027
0.469464817663487	0.089533700535887	0.777415774826207	1.49441806036387
0.475182251859161	0.113958234137775	0.792520836588824	1.48147460593592
0.480899686054836	0.123283105517695	0.803602194814465	1.48664756890897
0.48661712025051	0.153781320795277	0.817278700106272	1.51546113711248
0.492334554446185	0.13321553107438	0.82492717069688	1.51246279582333
0.498051988641859	0.160059279735439	0.84018350205146	1.52302369959776
0.503769422837534	0.137150828583227	0.867058611422298	1.55151717373664
0.509486857033208	0.14459979898338	0.853933452100373	1.52420877618704
0.515204291228883	0.201572048531279	0.876959544706211	1.55885571803713
0.520921725424557	0.226049080432044	0.887150308586469	1.54344562622744
0.526639159620232	0.204647436842105	0.892519692977519	1.59425959302977
0.532356593815906	0.221300008617812	0.903066087515806	1.57260620443161
0.538074028011581	0.243218491151055	0.918858896297504	1.60068453565639
0.543791462207255	0.238855942354504	0.911840879385366	1.62482245535275
0.54950889640293	0.260100092195294	0.942676385989508	1.59210692577985
0.555226330598605	0.212704167568711	0.940172063220907	1.63192249282546
0.560943764794279	0.281871032498197	0.954577588403393	1.63823965394171
0.566661198989954	0.238682633243127	0.977090870344634	1.65795419496844
0.572378633185628	0.306470972327137	0.965881831408363	1.65320017535623
0.578096067381303	0.288584805387804	0.987875651656782	1.67699686936856
0.583813501576977	0.283032386798142	0.997042817473602	1.68524840807612
0.589530935772652	0.286493258550994	1.01886807537412	1.70462304482278
0.595248369968326	0.316479798033449	1.0192208663561	1.70899720766954
0.600965804164001	0.321454212139336	1.03136871045558	1.72697420779014
0.606683238359675	0.339490928953319	1.04833045570569	1.73331067562673
0.61240067255535	0.316103648224367	1.05469333643605	1.72914009277705
0.618118106751024	0.341726040320407	1.06358933898642	1.75280860183784
0.623835540946699	0.370875493939619	1.06591146646274	1.76407508708757
0.629552975142373	0.392514237051978	1.08139644264631	1.76989483907803
0.635270409338048	0.368345282369385	1.09749264400631	1.75548030006879
0.640987843533723	0.400414791003996	1.10421778735618	1.82082985854859
0.646705277729397	0.401373547964533	1.11020392156818	1.8087440708735
0.652422711925072	0.383326331671834	1.10771067464804	1.81567869721862
0.658140146120747	0.420180156574771	1.14555489212427	1.85571016276997
0.663857580316421	0.430586256828413	1.1407269913796	1.85517141585146
0.669575014512096	0.402024928409767	1.14986184548221	1.86158359017221
0.67529244870777	0.444412682448252	1.17425831802658	1.85535456446373
0.681009882903445	0.43191009381734	1.17732044549152	1.85810312120516
0.686727317099119	0.428313326941099	1.17461207484445	1.90203393559765
0.692444751294794	0.453848785813559	1.19614874994233	1.9108910736712
0.698162185490468	0.451409934363987	1.19941216428822	1.918495170746
0.703879619686143	0.475062599750911	1.20751737574069	1.9396498003206
0.709597053881817	0.506533007782263	1.23078187968713	1.94394156420597
0.715314488077492	0.494013332186738	1.24190226948302	1.92652995829955
0.721031922273166	0.495079808516944	1.23911665501705	1.98852089311158
0.726749356468841	0.524416964452324	1.26434272438811	1.96006576287
0.732466790664515	0.533367924611268	1.26570808213627	1.99018526584992
0.73818422486019	0.496263184298601	1.28926004435332	1.99265637527908
0.743901659055865	0.534940915087338	1.2881198557615	2.02641828924066
0.749619093251539	0.564438585480568	1.2970913784997	2.02468711823428
0.755336527447214	0.575285601114823	1.29695713833575	2.07449219128951
0.761053961642888	0.582175260262963	1.32324948789761	2.08000449015321
0.766771395838563	0.581269075766516	1.3310448866489	2.07113177594095
0.772488830034237	0.564260748019968	1.34247438546339	2.06342916935902
0.778206264229912	0.599112144804824	1.36014733223288	2.05308142417755
0.783923698425586	0.597681889386571	1.35209796434049	2.09522934687952
0.789641132621261	0.632327279626804	1.38166742260532	2.12678218841766
0.795358566816935	0.643416485871676	1.38240945524291	2.12530759050707
0.80107600101261	0.636514969317165	1.38452607877367	2.10477664454483
0.806793435208284	0.653097910765886	1.40308038990178	2.1432598452486
0.812510869403959	0.668880582280923	1.40797232905567	2.15963410788066
0.818228303599633	0.663539207131399	1.41665058460931	2.15342197194245
0.823945737795308	0.665844002409012	1.43408821894284	2.16183704891409
0.829663171990983	0.698744336718582	1.4416070091418	2.18651469510539
0.835380606186657	0.690140485477122	1.45559345391123	2.19298420454109
0.841098040382332	0.700464034645422	1.46611813206903	2.23500727064495
0.846815474578006	0.687302490019012	1.47044385960801	2.20891297184894
0.852532908773681	0.709627393405367	1.48335651280273	2.20097371854202
0.858250342969356	0.726436258306277	1.49316055201785	2.22697580013705
0.86396777716503	0.730833371724292	1.510172949616	2.27521890499625
0.869685211360705	0.737433780084866	1.51675453695051	2.25867392106348
0.875402645556379	0.735528920761859	1.51986138979974	2.28864337400456
0.881120079752054	0.777554733318827	1.52151224006383	2.28124877941432
0.886837513947728	0.779228398299351	1.54774960171859	2.27609417702932
0.892554948143403	0.761894250809096	1.55335678227841	2.29684037312306
0.898272382339077	0.776888894490089	1.56728364646311	2.310067591983
0.903989816534752	0.770529907087954	1.58736708707748	2.34433918247595
0.909707250730426	0.814162099814731	1.57856152887551	2.38714556553477
0.915424684926101	0.809092235762319	1.59747406533333	2.34897749927993
0.921142119121775	0.835773814344424	1.60586408854137	2.39319406257718
0.92685955331745	0.828952578642444	1.62102542263965	2.40753412171228
0.932576987513124	0.847940222055332	1.62416177129758	2.35841875935399
0.938294421708799	0.829246527373203	1.63280538050395	2.38322157431655
0.944011855904474	0.898258387317095	1.64418021669623	2.42350190728268
0.949729290100148	0.867780669679521	1.65994191209198	2.43501475794756
0.955446724295823	0.881339335958792	1.66612350286837	2.44548191423507
0.961164158491497	0.899345857537135	1.69132591957616	2.44466181161219
0.966881592687172	0.869326143377962	1.69100956734575	2.46849345228638
0.972599026882846	0.910178220314266	1.69741404036188	2.49971466745933
0.978316461078521	0.902455564657892	1.71927350568241	2.47449317922968
0.984033895274195	0.933171703239905	1.72881667098087	2.49479508540154
0.98975132946987	0.931711335932976	1.7400572542374	2.4925739564904
0.995468763665544	0.934685678054218	1.74040984440933	2.54969890425731
1.00118619786122	0.941005148615759	1.75020080060828	2.57347529612033
1.00690363205689	0.950595287069581	1.75802750239116	2.5645918605233
1.01262106625257	0.971959805233182	1.77051889903565	2.55958217302131
1.01833850044824	0.953424865024582	1.77255299677677	2.55191483852334
1.02405593464392	0.996463974877706	1.79965706702787	2.58611989899019
1.02977336883959	0.998996523552623	1.82048812303817	2.5898470906906
1.03549080303527	0.998311841790514	1.81700523684616	2.63037569782301
1.04120823723094	1.00361362502252	1.83503630482628	2.62049255671862
1.04692567142662	1.03849793236336	1.82511368576307	2.64962814429999
1.05264310562229	0.998612152786764	1.85388425710545	2.66341447914973
1.05836053981796	1.06022605517902	1.85946413416502	2.64901353653542
1.06407797401364	1.04467640456422	1.87046658299411	2.65960458969976
1.06979540820931	1.06426218801539	1.87719634127278	2.67592551494633
1.07551284240499	1.06642061889811	1.88231041289093	2.66782931480419
1.08123027660066	1.10881454706094	1.90519830191239	2.70734577767355
1.08694771079634	1.07429903410178	1.90551350915309	2.71442670183719
1.09266514499201	1.08379552024228	1.92071632460452	2.719964026078
1.09838257918769	1.09984343185098	1.92649672713366	2.75302632003617
1.10410001338336	1.09324837390476	1.93708757925327	2.73645977095187
1.10981744757904	1.07924203719988	1.94369503622363	2.77557082425705
1.11553488177471	1.1274448489171	1.95481594492842	2.77099844457249
1.12125231597038	1.13546630105351	1.95977630540958	2.80901971569016
1.12696975016606	1.14200994885798	1.98501133673852	2.77708898859237
1.13268718436173	1.10795591664925	1.992980255971	2.76824087928029
1.13840461855741	1.10491656198886	2.00569839654827	2.81811363598552
1.14412205275308	1.17843457533792	2.01672881163552	2.84260965405629
1.14983948694876	1.17623506352026	2.00813777480797	2.85854583463005
1.15555692114443	1.14645690928715	2.0209618405919	2.89294845033632
1.16127435534011	1.17359079109553	2.03995597072314	2.88899259496369
1.16699178953578	1.17744480512027	2.05172959578413	2.89699585915545
1.17270922373146	1.16409028900295	2.05971934125819	2.88671496456258
1.17842665792713	1.18545196433766	2.07385348580175	2.91483237727828
1.1841440921228	1.23573813987149	2.08270437070185	2.90620834832013
1.18986152631848	1.22970818941631	2.09510939639739	2.97143769634073
1.19557896051415	1.18970348038357	2.09912921114375	2.91844664909046
1.20129639470983	1.20368249539684	2.12071173770858	2.94506564339228
1.2070138289055	1.24440731850621	2.11250941758943	2.98595716706559
1.21273126310118	1.25659317567734	2.13340352197856	2.99202333240754
1.21844869729685	1.25911819204358	2.14761995928949	3.00974587890135
1.22416613149253	1.28992227752031	2.15825357645572	2.99565397167501
1.2298835656882	1.27353872233372	2.16515497344541	3.03856768253005
1.23560099988388	1.2882813133262	2.17961120193983	3.02905812412505
1.24131843407955	1.2669346919711	2.19979531965105	3.05164469336102
1.24703586827522	1.29257464470097	2.19934080304105	3.0702526167319
1.2527533024709	1.31297120354787	2.19692472247302	3.09129978968344
1.25847073666657	1.32239486340698	2.21338413104028	3.10302348797433
1.26418817086225	1.35483617385469	2.22271826541027	3.09032590892379
1.26990560505792	1.34015991385459	2.22783630770118	3.11001521209859
1.2756230392536	1.3374275592173	2.26911464417961	3.0996700731735
1.28134047344927	1.35871495570777	2.25003175965844	3.16317322081127
1.28705790764495	1.36763152977542	2.2666417137801	3.1423372781672
1.29277534184062	1.38693450120286	2.28499205859178	3.13506488376672
1.2984927760363	1.37503703246191	2.28325425105025	3.1388555736986
1.30421021023197	1.3761489525809	2.30784060851085	3.19879867801529
1.30992764442764	1.3711000708962	2.31243830054633	3.19074206202851
1.31564507862332	1.43246869611253	2.31482427603137	3.21625863532694
1.32136251281899	1.42912964179178	2.32473944165094	3.24022697632052
1.32707994701467	1.39285662057482	2.3290199469727	3.245636369928
1.33279738121034	1.41942232292739	2.35068127473436	3.23189549453124
1.33851481540602	1.42992077905901	2.35550120590541	3.27037758121969
1.34423224960169	1.45456440709979	2.38099978601476	3.22931749135471
1.34994968379737	1.44513216470179	2.38344835771818	3.27968217183712
1.35566711799304	1.48330287294056	2.39028948110666	3.2731823543802
1.36138455218871	1.46691348145378	2.4084359950598	3.29761215895995
1.36710198638439	1.47945622442227	2.41083816252045	3.31662402463427
1.37281942058006	1.46594939017259	2.42269693145077	3.31169168646768
1.37853685477574	1.5110806436612	2.4297024720034	3.33573881915266
1.38425428897141	1.51211029148492	2.44778240004171	3.35997328634083
1.38997172316709	1.52559175659681	2.45328373839901	3.39433738667821
1.39568915736276	1.51656672954567	2.47300599279844	3.36854702199105
1.40140659155844	1.48783916356594	2.47410103386748	3.38616392980983
1.40712402575411	1.57220012992082	2.48599723494833	3.38044354945344
1.41284145994979	1.56445159661353	2.48957075375523	3.40843071568673
1.41855889414546	1.53543784443242	2.51159973422708	3.44506079217097
1.42427632834114	1.55982258090705	2.52031225431025	3.4361925635567
1.42999376253681	1.60047001947337	2.52755081652869	3.46592451304176
1.43571119673248	1.57598128571574	2.531168655787	3.46817042724184
1.44142863092816	1.57854310552429	2.53666968734019	3.50711263934924
1.44714606512383	1.57054163742019	2.55750449572168	3.47661976125365
1.45286349931951	1.61121279365441	2.56836247831804	3.47874915850823
1.45858093351518	1.60555810364601	2.58735919739922	3.49440530674114
1.46429836771086	1.64586263631479	2.58445169443745	3.53600060488141
1.47001580190653	1.61275800707426	2.6042443732882	3.51264737591093
1.47573323610221	1.62016001623137	2.61509918397632	3.56960091315166
1.48145067029788	1.62640378150799	2.62362199117408	3.56690035594257
1.48716810449356	1.65981750734255	2.62808785719569	3.55478497118283
1.49288553868923	1.68369521674102	2.64644912754624	3.58445272928552
1.4986029728849	1.67887933940824	2.66053060826509	3.59903144767225
1.50432040708058	1.65021490976037	2.65698263759628	3.62137986223376
1.51003784127625	1.69172495132842	2.67703460354808	3.59824658741556
1.51575527547193	1.66442077741866	2.68534071411497	3.65122314879475
1.5214727096676	1.72613781021972	2.68663095446376	3.64259998637042
1.52719014386328	1.71956618259578	2.71130803202549	3.64127634901001
1.53290757805895	1.70726394311419	2.72436963233977	3.69034459457859
1.53862501225463	1.72584853657303	2.73155269650544	3.70542310008887
1.5443424464503	1.72482769192545	2.75166551846128	3.72051175080283
1.55005988064597	1.68752310050334	2.76203727005674	3.69634606816823
1.55577731484165	1.71547799411521	2.77029972677974	3.73613424285886
1.56149474903732	1.74649603746984	2.76660529231913	3.78362653454813
1.567212183233	1.75274040332282	2.77350206245452	3.74983648319746
1.57292961742867	1.74507764571373	2.77804776745029	3.76339484624427
1.57864705162435	1.80931180711048	2.81383986019745	3.78045287397213
1.58436448582002	1.78961481901424	2.81711685845523	3.78455657739125
1.5900819200157	1.81826438182027	2.81556770920408	3.79484058005719
1.59579935421137	1.78398199583714	2.84525426160656	3.83391263695026
1.60151678840705	1.82426630697456	2.84834186273034	3.79885118316839
1.60723422260272	1.79650907965261	2.85881325441105	3.82380825546048
1.6129516567984	1.82764184822965	2.86249326628042	3.83970940669157
1.61866909099407	1.84249915471412	2.86127124761572	3.90098610095719
1.62438652518974	1.84942749563241	2.89794741572412	3.84162074877232
1.63010395938542	1.84263227109027	2.8930282381243	3.90434868023168
1.63582139358109	1.84972771640725	2.91227438176657	3.90343830658391
1.64153882777677	1.90363794190588	2.9281350742356	3.95495662098126
1.64725626197244	1.88011504686575	2.93290083350659	3.9331051779915
1.65297369616812	1.88249486022004	2.93091155086428	3.93222522384336
1.65869113036379	1.89579086083176	2.94987716522792	3.9418434150617
1.66440856455947	1.89463316030189	2.95524120272386	3.96549603263985
1.67012599875514	1.876004173594	2.95126687453774	3.9585860650536
1.67584343295082	1.9173454160222	2.98824809145691	3.96960565714925
1.68156086714649	1.92084573811987	2.98119340243525	4.02063873274668
1.68727830134216	1.90938162723778	2.97506840751634	4.00182625546147
1.69299573553784	1.93394419736036	3.0118819279996	4.02433893415241
1.69871316973351	1.92123004574857	3.00613786775398	4.03717676975822
1.70443060392919	1.98033832736193	3.0384824260209	4.05685201189898
1.71014803812486	1.97192055681696	3.03204274540049	4.07709653016758
1.71586547232054	1.98112364804781	3.03933708002342	4.07046663924815
1.72158290651621	1.98819213588934	3.05030799982172	4.07424538375419
1.72730034071189	1.92478789295983	3.06244607931332	4.09228038210837
1.73301777490756	1.98466628995297	3.08876436773151	4.14737873944422
1.73873520910323	2.0199274413285	3.08584181564783	4.12347061014229
1.74445264329891	2.02148053454696	3.10475672052008	4.14740606498246
1.75017007749458	2.01425394469278	3.10941695068176	4.16214633948089
1.75588751169026	2.04549345524199	3.108050121492	4.16560991921061
1.76160494588593	1.99487614300077	3.13635422205324	4.154517470398
1.76732238008161	2.04388281281416	3.13469622543064	4.21152474198944
1.77303981427728	2.06577934531948	3.15339600440203	4.19850389672071
1.77875724847296	2.0503989092978	3.16012549228301	4.21287170225848
1.78447468266863	2.07196182343906	3.15143803531037	4.24726786877194
1.79019211686431	2.06271507750389	3.18809028486746	4.20215634239305
1.79590955105998	2.08230870478301	3.18405739512388	4.27568894274058
1.80162698525566	2.07288633812087	3.19457059810015	4.22268778755061
1.80734441945133	2.10148679295674	3.22773390273199	4.24245366093359
1.813061853647	2.15652911196899	3.21441423552802	4.29241560562113
1.81877928784268	2.10150551092484	3.22490201719226	4.2825204494298
1.82449672203835	2.11730830940575	3.23376839044308	4.31406667488237
1.83021415623403	2.17939882869436	3.24312257290496	4.35125809560286
1.8359315904297	2.14190304653934	3.27331755844025	4.31993069906201
1.84164902462538	2.15859902478738	3.28073562325093	4.39284564474312
1.84736645882105	2.17332647097047	3.28508330470552	4.34178555035502
1.85308389301673	2.20403273426425	3.28968157035011	4.36891206749161
1.8588013272124	2.18176844921117	3.309090009787	4.36709223888454
1.86451876140807	2.20774673610716	3.31295304055981	4.4039209273557
1.87023619560375	2.16516768833643	3.33622962718409	4.42878589584164
1.87595362979942	2.21435103008076	3.33980256241632	4.44259112635888
1.8816710639951	2.21280198615353	3.35062701547716	4.43410292415068
1.88738849819077	2.22465391109562	3.35559542044092	4.42918939258046
1.89310593238645	2.21449812499342	3.35676472711472	4.44467396007867
1.89882336658212	2.18784234872562	3.37013304403916	4.46832386779863
1.9045408007778	2.23624007326653	3.39878713121477	4.49494838978563
1.91025823497347	2.24088868587817	3.4071342635889	4.48952515029595
1.91597566916915	2.27025914870446	3.41944543466595	4.49041786429958
1.92169310336482	2.26336324899865	3.42698887759284	4.47952766543092
1.9274105375605	2.27209733053282	3.43190068981472	4.52545804032544
1.93312797175617	2.27817107880533	3.44025438218384	4.5436358549095
1.93884540595184	2.29127543390978	3.4566637745481	4.58742949229987
1.94456284014752	2.29306620660401	3.44648948645795	4.53519829631187
1.95028027434319	2.29670461144405	3.46629157559282	4.57562719537411
1.95599770853887	2.29205102619774	3.48229804583183	4.60788636706235
1.96171514273454	2.29230328333134	3.47413533567313	4.57773847628054
1.96743257693022	2.35369580437344	3.48461064793165	4.62509004084173
1.97315001112589	2.30706037577169	3.51890004408201	4.63865470287339
1.97886744532157	2.30598094040031	3.5173593779239	4.64259949529949
1.98458487951724	2.37507042487027	3.52447904556947	4.65595701250617
1.99030231371291	2.36795541056541	3.54395511858729	4.66817815144328
1.99601974790859	2.35779246359699	3.53305006560736	4.68643128581747
2.00173718210426	2.36641766242995	3.56055746399508	4.7393694416832
2.00745461629994	2.37521411200941	3.58736709827687	4.70758470834472
2.01317205049561	2.3770294211615	3.57609193312459	4.6856453412831
2.01888948469129	2.39792812359475	3.60125962431983	4.73933028962516
2.02460691888696	2.40841076518225	3.60039793748456	4.76080244302619
2.03032435308264	2.38591819294979	3.62521282130097	4.74161936779249
2.03604178727831	2.41178225335143	3.61946443047695	4.76993601434628
2.04175922147399	2.43890749543692	3.64077931550382	4.79148312307379
2.04747665566966	2.44988797660767	3.64617862051784	4.81796746803967
2.05319408986533	2.45338147081646	3.65867202702251	4.82402193721902
2.05891152406101	2.43607118965482	3.67592781859865	4.86189807281609
2.06462895825668	2.45705638017258	3.68191687175333	4.8237208399446
2.07034639245236	2.52056579951352	3.69114340211745	4.85003388914319
2.07606382664803	2.49542415702819	3.70552597951137	4.82451357252658
2.08178126084371	2.49317410144299	3.70340717271682	4.86729874982177
2.08749869503938	2.49584174857524	3.70732457125604	4.90246169510011
2.09321612923506	2.47065091341533	3.73567651975555	4.90641021862692
2.09893356343073	2.51935842414405	3.75374817153225	4.93000474570076
2.10465099762641	2.54433651700178	3.75051123446645	4.93213836542831
2.11036843182208	2.49054546630479	3.75957870565523	4.95748011872874
2.11608586601775	2.54298478778081	3.77610093492764	4.93029816421113
2.12180330021343	2.58110132790906	3.78579417291053	4.9638669410751
2.1275207344091	2.54347621370724	3.8011480480737	4.96568394133177
2.13323816860478	2.58687542875566	3.79255804750176	4.95912991724576
2.13895560280045	2.5706470774455	3.81439904786789	4.99064693711327
2.14467303699613	2.59969932877379	3.82206615687584	5.04847427806542
2.1503904711918	2.58577060050389	3.84040197243355	5.00546187228071
2.15610790538748	2.59275381633139	3.84692045675589	5.03491616651666
2.16182533958315	2.60326785136565	3.8480953476071	5.06774713762323
2.16754277377883	2.55929569455837	3.86360780996505	5.07110673218043
2.1732602079745	2.60826771782194	3.87204909222937	5.07348849096299
2.17897764217017	2.63278347511255	3.87771809496254	5.0498217480212
2.18469507636585	2.61791793777965	3.90191077739181	5.08169711460407
2.19041251056152	2.60981008672967	3.91101740726127	5.15394755356655
2.1961299447572	2.65840446717512	3.91937602145833	5.11681465812724
2.20184737895287	2.65626167501139	3.92578348810798	5.12029264783912
2.20756481314855	2.65585818765539	3.937831197445	5.1867812456782
2.21328224734422	2.65029347110415	3.96820910406501	5.15187049567183
2.2189996815399	2.70060113799131	3.95864924108786	5.16076014632124
2.22471711573557	2.6860993880054	3.97939103625558	5.18412443331796
2.23043454993125	2.6802273856896	3.97401769286791	5.21603125053742
2.23615198412692	2.73921018034026	3.98419345038921	5.26340615824041
2.2418694183226	2.71414212934299	3.99637294283136	5.22924066832326
2.24758685251827	2.72920008473322	4.02395880919796	5.24355303412462
2.25330428671394	2.69365388374081	4.01728712718295	5.23908415813236
2.25902172090962	2.76349728272184	4.01810555851315	5.28019366946304
2.26473915510529	2.75562301498606	4.04713662849218	5.29072766710575
2.27045658930097	2.77788276728911	4.06354798313301	5.27740566402507
2.27617402349664	2.72848987431868	4.063357009153	5.27808039829789
2.28189145769232	2.7580780759028	4.07954973669966	5.35167006015428
2.28760889188799	2.75353242501441	4.08534111526592	5.31931203552605
2.29332632608367	2.78609534415656	4.09601906101341	5.32286412065325
2.29904376027934	2.79245435247185	4.10149980139885	5.37188299104598
2.30476119447501	2.81023879300468	4.10696044131268	5.41034785897688
2.31047862867069	2.80280591219925	4.11536416005178	5.41984671008631
2.31619606286636	2.81393457178352	4.1473144172202	5.37731620275307
2.32191349706204	2.83287251461227	4.14818839932134	5.39791542030185
2.32763093125771	2.81040985888705	4.14301647891536	5.41863653792096
2.33334836545339	2.78203304653243	4.19045756755711	5.45697771438722
2.33906579964906	2.82805022498973	4.17449629857398	5.46447268711531
2.34478323384474	2.81722858869647	4.18560236984834	5.44502113276606
2.35050066804041	2.85654078305761	4.18981398391228	5.49895487045284
2.35621810223609	2.83839925504392	4.20169435667566	5.48149014959182
2.36193553643176	2.8500217505906	4.20667666459732	5.46973812046107
2.36765297062743	2.83030650542346	4.24199505117546	5.47357106450754
2.37337040482311	2.85384534310196	4.24238913291637	5.54261160131343
2.37908783901878	2.8811413537325	4.25971918381977	5.50500755178619
2.38480527321446	2.89332575733173	4.27151741409055	5.54249488101685
2.39052270741013	2.89160404493941	4.25912418981084	5.54363261255867
2.39624014160581	2.93736153593816	4.2873059159054	5.56345853887918
2.40195757580148	2.90352920352729	4.29580738934941	5.59800765771661
2.40767500999716	2.95746668822255	4.30466270031214	5.56594995556517
2.41339244419283	2.96790586937735	4.31785676622516	5.61833508181407
2.41910987838851	2.9176904279853	4.32280955450204	5.58847527643228
2.42482731258418	2.91810251923669	4.32473697461983	5.63031557011043
2.43054474677985	2.96891047494613	4.35177367941011	5.64952463665925
2.43626218097553	2.94274539685635	4.35638288148796	5.6658399610786
2.4419796151712	2.95161946913134	4.3654053375253	5.69215848710992
2.44769704936688	2.98634245405239	4.38189909001344	5.67019540189435
2.45341448356255	3.0074981041627	4.38998548957371	5.71027470908666
2.45913191775823	2.96553230711657	4.389513468338	5.72699097830811
2.4648493519539	3.03330878237176	4.39796127808763	5.71372530846697
2.47056678614958	3.03057936488497	4.40608836197343	5.73929705846495
2.47628422034525	2.99432629809148	4.42060855368288	5.75396800698731
2.48200165454093	3.09140317760175	4.42784798562933	5.74456116071841
2.4877190887366	3.05072199228091	4.45491278296907	5.79028000055773
2.49343652293227	3.04565329070497	4.45912743741556	5.77101725075874
2.49915395712795	3.06290430318992	4.47866280648608	5.80849117026795
2.50487139132362	3.06924925635927	4.4877756887428	5.784474501642
2.5105888255193	3.10181214473214	4.49167643555425	5.83679887498404
2.51630625971497	3.06294236953686	4.49901892254029	5.88141748594743
2.52202369391065	3.08766229714961	4.48476590256027	5.84348277887543
2.52774112810632	3.12341802098755	4.51546767297676	5.84919157244182
2.533458562302	3.09939671227177	4.53973913959639	5.86038079777516
2.53917599649767	3.1395557952095	4.53421133868369	5.89752342027469
2.54489343069335	3.12926505167325	4.56761109461402	5.89259135448236
2.55061086488902	3.17614161957249	4.54672550947139	5.92685349304567
2.5563282990847	3.14736363367329	4.56589644959279	5.92819905183352
2.56204573328037	3.11124850355165	4.57794828226058	5.99128223398035
2.56776316747604	3.1697826746752	4.59001153497692	5.94831846364597
2.57348060167172	3.17137427093507	4.60585495003813	5.94653104953166
2.57919803586739	3.17810277346294	4.6202280231823	5.99520764370427
2.58491547006307	3.17529534331556	4.60889768468959	5.9815139354271
2.59063290425874	3.16987385445209	4.6187396900983	6.02741890036184
2.59635033845442	3.20739465088326	4.62118615463745	6.02617634518671
2.60206777265009	3.19329456230725	4.65564393474429	6.02077158283753
2.60778520684577	3.169099351185	4.66437570264146	6.07746038396209
2.61350264104144	3.23944567335474	4.66322611647987	6.04640755126788
2.61922007523711	3.22851419102909	4.67473486715852	6.02862886437818
2.62493750943279	3.2282342212753	4.69278503423519	6.0760685424975
2.63065494362846	3.24448434197266	4.69763883445492	6.09408254923298
2.63637237782414	3.24805527299266	4.72506332686202	6.08417800391112
2.64208981201981	3.27668846079185	4.72369860858837	6.08219132742151
2.64780724621549	3.26399987547588	4.71798296781904	6.09021702472193
2.65352468041116	3.28053596798464	4.72915002103821	6.19030849313928
2.65924211460684	3.24332194680558	4.7475626760716	6.13244696280044
2.66495954880251	3.23160258858833	4.76829577956905	6.19638357941649
2.67067698299819	3.26978138477561	4.77139040732717	6.17052731445291
2.67639441719386	3.35295133668347	4.78271134262816	6.20251868714952
2.68211185138953	3.2746978399985	4.78229235908029	6.20032451948222
2.68782928558521	3.31883347918599	4.79927432001428	6.21548503539148
2.69354671978088	3.29847656522989	4.8063070516786	6.25004903910739
2.69926415397656	3.35591384617072	4.82855643571926	6.23700071925404
2.70498158817223	3.35815476890588	4.83181237483144	6.2853079345934
2.71069902236791	3.36881559096784	4.84553694711331	6.2849290784697
2.71641645656358	3.39134221775336	4.83890998207715	6.30279566308625
2.72213389075926	3.36864331571327	4.8590983073535	6.33160447728448
2.72785132495493	3.35802540200725	4.8720860140354	6.28276287642004
2.7335687591506	3.42302397832881	4.87523961210592	6.32343068180782
2.73928619334628	3.36209241809694	4.91250551227838	6.34671544512218
2.74500362754195	3.35817921020244	4.89743927349658	6.33717431878539
2.75072106173763	3.39769238498635	4.90949749777574	6.39812861769657
2.7564384959333	3.45381822313411	4.94087041168644	6.33659210598565
2.76215593012898	3.38219892247237	4.94086028445351	6.40665371209182
2.76787336432465	3.42064007479	4.97936579447668	6.39387254273424
2.77359079852033	3.45671367918489	4.9572863574556	6.36884233232164
2.779308232716	3.4687180842808	4.97264327054414	6.45581649703872
2.78502566691168	3.46323493503453	4.9862158419556	6.4213691455735
2.79074310110735	3.4579862466057	4.9929027357701	6.49025485397186
2.79646053530303	3.41934032756351	5.00063270848946	6.46863134941579
2.8021779694987	3.4485438783795	5.02167828852827	6.45768199289408
2.80789540369437	3.50082785713008	5.02887385134551	6.48768811566536
2.81361283789005	3.47173673699601	5.03717221617727	6.50572633779036
2.81933027208572	3.49018771313007	5.0667119733472	6.52648869205868
2.8250477062814	3.51804755010082	5.06654690311048	6.53442481618276
2.83076514047707	3.4740697743959	5.0616255451714	6.54618487780753
2.83648257467275	3.51273411584656	5.06284720788843	6.53620856148011
2.84220000886842	3.48257447869298	5.07946385738373	6.57547210615108
2.8479174430641	3.49828815665256	5.10469294980264	6.5671237249361
2.85363487725977	3.52158258276111	5.08917537637821	6.57357835118298
2.85935231145545	3.51114996703477	5.12335669843463	6.61278489212189
2.86506974565112	3.58602610307494	5.1280198509697	6.58171575439021
2.8707871798468	3.56880625965289	5.14486074536946	6.63205871491315
2.87650461404247	3.58279162755597	5.13043639087698	6.59418350269439
2.88222204823814	3.6276294486284	5.14643767583575	6.63417785940277
2.88793948243382	3.61989627819966	5.17565206187669	6.63940861325684
2.89365691662949	3.59907686752033	5.18013655889712	6.65702100443464
2.89937435082517	3.58199693613823	5.19491679554342	6.64949718358638
2.90509178502084	3.62697655934581	5.19311727042302	6.67447858797018
2.91080921921652	3.57962151231343	5.20742063346466	6.73106851334073
2.91652665341219	3.62629271939494	5.22350414015479	6.72001052192343
2.92224408760787	3.58999800942057	5.22279100994295	6.72606497557163
2.92796152180354	3.60846053690105	5.2531791845402	6.76349248855552
2.93367895599921	3.62891213676083	5.2711002308581	6.75884615468584
2.93939639019489	3.64885858278985	5.25894502907141	6.77075314321067
2.94511382439056	3.66131593753278	5.25698756243367	6.8365943655048
2.95083125858624	3.66795143242155	5.27687966688093	6.81361313406808
2.95654869278191	3.65455640477998	5.27861195742351	6.81265627962898
2.96226612697759	3.62148215885601	5.29323298221195	6.8326151513047
2.96798356117326	3.71670311898264	5.29926148297282	6.84063284267072
2.97370099536894	3.70917603379166	5.3188529741608	6.83854878969572
2.97941842956461	3.66336879841649	5.33695941889616	6.84471233408507
2.98513586376029	3.71751197552848	5.33157712347716	6.85164698635271
2.99085329795596	3.78356977972085	5.37313612871629	6.85063847493145
2.99657073215163	3.7429542510608	5.36262936797965	6.94014985867284
3.00228816634731	3.76792773447825	5.37085507734035	6.92171985679758
3.00800560054298	3.76108310458261	5.38541754203433	7.0074271782687
3.01372303473866	3.77316221060185	5.39094136083338	6.95173586924505
3.01944046893433	3.77542936582988	5.40970707816791	6.91786749515423
3.02515790313001	3.81122212305476	5.42744070746471	6.93959767058883
3.03087533732568	3.75641668579616	5.40467665548902	7.03482502983849
3.03659277152136	3.820479876424	5.43981630432936	6.98696042971187
3.04231020571703	3.77842633476626	5.44602682098998	7.03404063764285
3.0480276399127	3.84175225020085	5.45059711368721	7.03701839347752
3.05374507410838	3.79025821858127	5.4647824413188	7.03822496157221
3.05946250830405	3.84231765753908	5.48353658950492	7.02937124317653
3.06517994249973	3.80807715839419	5.48597047175439	7.13896547728943
3.0708973766954	3.83916983802815	5.48903903367973	7.1064408227756
3.07661481089108	3.87418614870436	5.50558458078225	7.08709943138744
3.08233224508675	3.81946108445298	5.51322259712699	7.07193558073118
3.08804967928243	3.85181340263572	5.52047691921314	7.12151257846131
3.0937671134781	3.87802676727341	5.53386928215468	7.15519176249745
3.09948454767378	3.90337167982377	5.55504894815769	7.12998082338229
3.10520198186945	3.84639617688308	5.55690782576382	7.14537121058358
3.11091941606513	3.90336914355072	5.57091747604299	7.16531414710636
3.1166368502608	3.91428813551089	5.57072117041424	7.11207887667583
3.12235428445647	3.883720689798	5.59363826492871	7.18705055407655
3.12807171865215	3.91467574840541	5.59774316413468	7.19565271135032
3.13378915284782	3.89366598125949	5.60989853860696	7.23209338884231
3.1395065870435	3.88957704014623	5.61857258835651	7.2067364985024
3.14522402123917	3.92585990756501	5.64186448341409	7.22294924625908
3.15094145543485	3.94832135052049	5.64484965462053	7.25762027168894
3.15665888963052	3.98468979499909	5.65069699544024	7.20546774096508
3.1623763238262	3.96734634326686	5.66256502022077	7.31383412690469
3.16809375802187	3.99765077788849	5.67810742225899	7.32050097451868
3.17381119221755	4.00936956850357	5.68188700777298	7.27187090572282
3.17952862641322	4.00676905316597	5.70265924018149	7.30454665840962
3.18524606060889	3.99311639897561	5.6774072354183	7.3357313042702
3.19096349480457	3.95716178865011	5.70582330271539	7.32399710613056
3.19668092900024	4.03453173694471	5.74139852319285	7.33360802298272
3.20239836319592	3.9741230664146	5.73534768465734	7.39103493155667
3.20811579739159	4.0292236725553	5.76294776621154	7.36687185749873
3.21383323158727	4.05895013156245	5.78308093347918	7.38028337930676
3.21955066578294	4.06329466191794	5.7580778994818	7.40105904322181
3.22526809997862	4.0750318208635	5.77862378509527	7.45107433298895
3.23098553417429	4.06377680644815	5.79100624298223	7.41127948506
3.23670296836997	4.09326114450658	5.78699266878361	7.41803729135492
3.24242040256564	4.07016598092422	5.80704591876924	7.44865826383242
3.24813783676131	4.08757117952143	5.81678059070274	7.47473391940313
3.25385527095699	4.09120972902988	5.82891138492791	7.50162022793055
3.25957270515266	4.11334860328226	5.85462996600856	7.48821193652508
3.26529013934834	4.12706938764539	5.85769794797086	7.50095022252462
3.27100757354401	4.11578207299385	5.86345793205853	7.52156666649473
3.27672500773969	4.14473060099557	5.85741238699777	7.5835926180107
3.28244244193536	4.1374559946357	5.89503977247993	7.55829729895498
3.28815987613104	4.12160595906248	5.89934616462068	7.57367266837643
3.29387731032671	4.14960152642534	5.9018272927441	7.5678784931001
3.29959474452239	4.1681617447136	5.90765046689923	7.59825340758464
3.30531217871806	4.13050762709836	5.93236239537643	7.58793253217277
3.31102961291373	4.1928896158797	5.92797106385595	7.605825630617
3.31674704710941	4.17217112375513	5.93228967672797	7.63261748984026
3.32246448130508	4.14593462955649	5.94197166106819	7.63205971009011
3.32818191550076	4.2167468653166	5.96240665341097	7.64382716058474
3.33389934969643	4.13905598609598	5.98795178875549	7.69925534535342
3.33961678389211	4.22711895469562	5.96954310908295	7.67134845424991
3.34533421808778	4.23042788036352	5.99606017046046	7.69937632089275
3.35105165228346	4.21024993042671	5.99185857647368	7.68880494651508
3.35676908647913	4.24650799316828	6.01895072906353	7.76361019319355
3.36248652067481	4.20731213587419	6.02227264020763	7.72324965328753
3.36820395487048	4.22059071720225	6.03250000494681	7.69239343448734
3.37392138906615	4.22420385675799	6.03989937842402	7.75687530749869
3.37963882326183	4.20232436452096	6.05109710946593	7.72924306947883
3.3853562574575	4.21660308433905	6.06486740244016	7.77099826616717
3.39107369165318	4.29448221833138	6.08884291757205	7.81081836502483
3.39679112584885	4.25734646194836	6.07627352758241	7.82228709972955
3.40250856004453	4.28116412016904	6.08293223428981	7.80648125069496
3.4082259942402	4.3302805049783	6.11433994177787	7.78921947837193
3.41394342843588	4.30424620022564	6.12240893031455	7.80219769226224
3.41966086263155	4.32451833584304	6.11895145461355	7.84841278777905
3.42537829682722	4.32296724680455	6.14571036171255	7.87215590361885
3.4310957310229	4.31519555438373	6.1672218872136	7.88735596391736
3.43681316521857	4.35878959339957	6.16894839062655	7.89619905314993
3.44253059941425	4.34359944105001	6.14647352676857	7.90184580320851
3.44824803360992	4.28597940929122	6.19248886825449	7.90810156840448
3.4539654678056	4.40343825427668	6.19450552128195	7.880657503515
3.45968290200127	4.33996129571298	6.21166125079673	7.90664306955438
3.46540033619695	4.33573177514452	6.23240477934541	7.98011947421855
3.47111777039262	4.37181714670985	6.20981696519839	7.97194307930548
3.4768352045883	4.38124839038809	6.2402192832094	7.99268907219493
3.48255263878397	4.39516214660316	6.23465914471106	8.01446020157604
3.48827007297964	4.42663834592621	6.25752784394348	7.98124393859526
3.49398750717532	4.41184519961736	6.27437953395355	8.02584191936699
3.49970494137099	4.4412500278904	6.28231444148996	8.00363978728913
3.50542237556667	4.41731754876727	6.28388228119843	8.04191036771228
3.51113980976234	4.37700662663658	6.29170198500757	8.02666064474393
3.51685724395802	4.42700488935139	6.30515384059186	8.04609252370734
3.52257467815369	4.461151123415	6.32357999973363	8.06754709523999
3.52829211234937	4.44358619124576	6.3313210204337	8.11399864208992
3.53400954654504	4.46526471561077	6.34021326140029	8.1000547330299
3.53972698074072	4.50314777538278	6.35267616733896	8.12634855150805
3.54544441493639	4.45947590499379	6.35995802531296	8.17819845455298
3.55116184913207	4.50378878893792	6.36664086181078	8.1467858906921
3.55687928332774	4.4386576313611	6.37364723174544	8.18822910831653
3.56259671752341	4.53566300434909	6.40304543826717	8.20477000830196
3.56831415171909	4.52073042750343	6.38374050529572	8.18705630325015
3.57403158591476	4.56066351554561	6.42022504038058	8.18497338703011
3.57974902011044	4.50332606002342	6.42568848080758	8.23778931658222
3.58546645430611	4.58367855457543	6.43064936064671	8.22810372281562
3.59118388850179	4.53063679361473	6.43305132960546	8.23505792530791
3.59690132269746	4.5244548305057	6.44797328621482	8.27206428950027
3.60261875689314	4.52844437035121	6.46381878348859	8.27333831125823
3.60833619108881	4.59921789846124	6.46809991186034	8.25858210566249
3.61405362528449	4.56498645400173	6.47259964524371	8.27186079177351
3.61977105948016	4.56979471431526	6.4962518976825	8.2606005926671
3.62548849367583	4.57471067041377	6.49371745954809	8.29081134537668
3.63120592787151	4.59456162889273	6.5232224754063	8.32305825816706
3.63692336206718	4.60862552479673	6.51117736083047	8.34994780513904
3.64264079626286	4.64180910749537	6.52086186636605	8.34708113067084
3.64835823045853	4.64521306296562	6.55453388871194	8.36883994301925
3.65407566465421	4.6032114716381	6.55980364407657	8.3631958233534
3.65979309884988	4.67436774878013	6.56628925996532	8.42421082749227
3.66551053304556	4.61628613882639	6.5910184550496	8.40199776540791
3.67122796724123	4.64022022714787	6.58606839745115	8.40187822286069
3.67694540143691	4.6572041060302	6.59796276150197	8.45219162057784
3.68266283563258	4.63025238776721	6.60036800203683	8.40805347421144
3.68838026982825	4.70176250681118	6.62163591467357	8.46308741085864
3.69409770402393	4.70269610371056	6.60406472852735	8.48886925616458
3.6998151382196	4.66292463659731	6.6348034359069	8.47220485600625
3.70553257241528	4.70823323314203	6.65305156183114	8.48425430236875
3.71125000661095	4.73125708905261	6.66343976374049	8.49647778593588
3.71696744080663	4.68789618050623	6.67615796055893	8.5423411250466
3.7226848750023	4.72139962634511	6.66562896290511	8.5298901688363
3.72840230919798	4.7211010599058	6.68551309027784	8.53267469600474
3.73411974339365	4.69708072131836	6.69419181938024	8.55297621920975
3.73983717758932	4.75941774996511	6.68857961505446	8.51219565180421
3.745554611785	4.75669154809995	6.71614878801277	8.5412853698275
3.75127204598067	4.7768272809562	6.72972933267802	8.61101495726991
3.75698948017635	4.76513161367206	6.75764060792992	8.62670086648872
3.76270691437202	4.75764522012083	6.77442465595763	8.61609854951994
3.7684243485677	4.74262009810463	6.75083716744453	8.63550866404136
3.77414178276337	4.82649438284897	6.76050909913421	8.64441674767674
3.77985921695905	4.79892331986573	6.77529697027515	8.6598879174799
3.78557665115472	4.81357509519094	6.78130958450507	8.68799762189198
3.7912940853504	4.80226862478494	6.78712161151634	8.68094125920869
3.79701151954607	4.8227132246397	6.82913632263265	8.68086964084503
3.80272895374174	4.87186241517003	6.83745806117884	8.72855391008889
3.80844638793742	4.79917178782244	6.83867968088533	8.72186762699095
