"mitochan"	"lwrNorm"	"medNorm"	"uprNorm"
-1.90327037354145	-2.87606930439716	-2.43688306721371	-1.97304185945538
-1.89642966235248	-2.86515914562795	-2.4315493698864	-1.99156203472083
-1.8895889511635	-2.85275074739899	-2.41085161296433	-1.96434712142027
-1.88274823997453	-2.84229431849649	-2.41519122925697	-1.98626890643484
-1.87590752878556	-2.81005321837578	-2.40391426688169	-1.96621352224379
-1.86906681759659	-2.84825279450114	-2.39293798122807	-1.95518058314964
-1.86222610640761	-2.80448134825944	-2.39381081326352	-1.93288670438687
-1.85538539521864	-2.8280309335018	-2.37229461534275	-1.95560397487782
-1.84854468402967	-2.80864012479185	-2.35985769417676	-1.93833722879513
-1.8417039728407	-2.77370155603594	-2.35865917126156	-1.91003716224938
-1.83486326165172	-2.77097421301324	-2.34823551102062	-1.89043129543706
-1.82802255046275	-2.75466303456325	-2.33308319853972	-1.89739542123889
-1.82118183927378	-2.77061577404017	-2.32403073643872	-1.8999978340998
-1.8143411280848	-2.752391935799	-2.31232754385328	-1.86181120619227
-1.80750041689583	-2.7559735166913	-2.30313164234286	-1.87326151626322
-1.80065970570686	-2.73970603442516	-2.28633463359392	-1.85998801512797
-1.79381899451789	-2.73210692545313	-2.28912121342682	-1.84506827164387
-1.78697828332891	-2.72030615436212	-2.28163181760895	-1.82572248647073
-1.78013757213994	-2.69470416330172	-2.26556548941396	-1.81607830522438
-1.77329686095097	-2.68724973641105	-2.26584250908989	-1.83444282632327
-1.766456149762	-2.6751029799249	-2.24698158830046	-1.83264780290428
-1.75961543857302	-2.6970693382647	-2.22935341807945	-1.78799826772161
-1.75277472738405	-2.65832727086278	-2.221247588233	-1.79743733501888
-1.74593401619508	-2.66811924343057	-2.21817571852485	-1.76502754037345
-1.73909330500611	-2.62188133013704	-2.21352621669714	-1.80495235476412
-1.73225259381713	-2.63026133257158	-2.20094230877277	-1.76196783751524
-1.72541188262816	-2.62358103287121	-2.18835901733984	-1.76805004277268
-1.71857117143919	-2.6170799601697	-2.18104084503117	-1.75046311965271
-1.71173046025022	-2.6135956113145	-2.17277222030576	-1.75385348244742
-1.70488974906124	-2.59149520281046	-2.16297505514297	-1.74301414687232
-1.69804903787227	-2.57553808201075	-2.15787276364621	-1.73581521198723
-1.6912083266833	-2.58155864774422	-2.13756048640433	-1.70211103520488
-1.68436761549432	-2.58482221171867	-2.12354374881778	-1.71250879846952
-1.67752690430535	-2.55102991355645	-2.11765452563251	-1.69348990874844
-1.67068619311638	-2.55544871673272	-2.10739922165112	-1.69675352413183
-1.66384548192741	-2.52869249566189	-2.09296713215253	-1.68739188698803
-1.65700477073843	-2.51835368719863	-2.09455997148048	-1.66262059025303
-1.65016405954946	-2.52806870641352	-2.08103298193822	-1.6812117498245
-1.64332334836049	-2.48714670431197	-2.07120963168491	-1.63552316219747
-1.63648263717152	-2.50656432037945	-2.07209330586522	-1.65108780323046
-1.62964192598254	-2.47949923020254	-2.05890830786286	-1.63100312184988
-1.62280121479357	-2.4537512921879	-2.04028541828942	-1.61992933813789
-1.6159605036046	-2.45349827237476	-2.0256499450522	-1.58829723972929
-1.60911979241563	-2.44432092427092	-2.02893607310747	-1.59905526901741
-1.60227908122665	-2.44768889470631	-2.01678041353825	-1.5950084003212
-1.59543837003768	-2.45392693994543	-2.00041886915804	-1.58288465945676
-1.58859765884871	-2.42924242875275	-1.99099246238367	-1.57819850658498
-1.58175694765974	-2.40947249371844	-1.98064293924408	-1.54563085941184
-1.57491623647076	-2.4238337394589	-1.98496919892649	-1.55707192664382
-1.56807552528179	-2.39040816001745	-1.97697765207419	-1.55004369562025
-1.56123481409282	-2.39040355452647	-1.96222842417476	-1.52125273733847
-1.55439410290384	-2.38670884456419	-1.95872284272426	-1.52544774835191
-1.54755339171487	-2.33974415224138	-1.94801593086355	-1.52911398831835
-1.5407126805259	-2.37275542855517	-1.92651458476092	-1.50012787213767
-1.53387196933693	-2.34508745470818	-1.92275497410815	-1.50795687114041
-1.52703125814795	-2.35443446962185	-1.91546849045132	-1.49411082251527
-1.52019054695898	-2.33972109709587	-1.90433070229326	-1.48491961203144
-1.51334983577001	-2.30501794463283	-1.88868807149939	-1.46491025243523
-1.50650912458104	-2.28461039886843	-1.8774191447143	-1.46861886104967
-1.49966841339206	-2.29454362377874	-1.8730869610897	-1.46324664908231
-1.49282770220309	-2.30288534223735	-1.86611812380699	-1.42702754466215
-1.48598699101412	-2.29244026914173	-1.8529619559986	-1.42875620657339
-1.47914627982515	-2.27525695414728	-1.84780279304674	-1.41528324770947
-1.47230556863617	-2.2560520757092	-1.83753530557266	-1.41623889857191
-1.4654648574472	-2.24509146313205	-1.82350611597504	-1.39974792648075
-1.45862414625823	-2.24378967936658	-1.81380493459761	-1.40699587955069
-1.45178343506926	-2.22823577802691	-1.8070627743806	-1.38971235887695
-1.44494272388028	-2.20645825113361	-1.79307164664716	-1.37671352366155
-1.43810201269131	-2.19765652575548	-1.78920280771479	-1.36613412297921
-1.43126130150234	-2.19166368592822	-1.78748094369095	-1.35826523849358
-1.42442059031336	-2.18943749906823	-1.77788609755121	-1.33639536452671
-1.41757987912439	-2.18627795947439	-1.75244929915742	-1.31059628413997
-1.41073916793542	-2.18386027095628	-1.74683103777137	-1.3257665052157
-1.40389845674645	-2.15332352772765	-1.75462647441495	-1.31931228169081
-1.39705774555747	-2.15353185883311	-1.7328353500801	-1.30910586112416
-1.3902170343685	-2.14492747090116	-1.71901510091489	-1.29631663658529
-1.38337632317953	-2.12857068546471	-1.71866314913328	-1.28741754997645
-1.37653561199056	-2.11397261844989	-1.70224105388802	-1.29712492293297
-1.36969490080158	-2.11885247570602	-1.70555905811667	-1.27258912212506
-1.36285418961261	-2.09133541574681	-1.68597293780162	-1.25731231905701
-1.35601347842364	-2.07100723842516	-1.67560947512696	-1.27076822988787
-1.34917276723467	-2.06699793265426	-1.65654803509859	-1.24513222926143
-1.34233205604569	-2.07542303672531	-1.65169234973278	-1.23407949091145
-1.33549134485672	-2.06987824855225	-1.64839415677066	-1.24082199536673
-1.32865063366775	-2.02897253711985	-1.63706761186285	-1.20153490330023
-1.32180992247878	-2.0301683367225	-1.6272126827713	-1.21353533807414
-1.3149692112898	-2.00007293945488	-1.62005222555614	-1.21902878129492
-1.30812850010083	-2.01847905866192	-1.6164985093035	-1.19460143333316
-1.30128778891186	-2.03323090433762	-1.60321559961069	-1.18323056647238
-1.29444707772288	-2.01390440168842	-1.58808078540089	-1.17436504857299
-1.28760636653391	-1.97725647730916	-1.57492043372402	-1.16900200144491
-1.28076565534494	-1.9900306996345	-1.56210166448896	-1.13643017875657
-1.27392494415597	-1.9848468676307	-1.5530972314422	-1.13458860105444
-1.26708423296699	-1.96195258354203	-1.55040895167716	-1.14731011095611
-1.26024352177802	-1.95590334449965	-1.54557658960887	-1.10219177450799
-1.25340281058905	-1.95082495360832	-1.53284405361299	-1.1101487165556
-1.24656209940008	-1.94052767048423	-1.51924556269846	-1.10867145059117
-1.2397213882111	-1.90247348879638	-1.52597894355221	-1.10120283286875
-1.23288067702213	-1.91359673545435	-1.50231684132923	-1.08571134509748
-1.22603996583316	-1.91430521150891	-1.48971901107171	-1.08132264215394
-1.21919925464419	-1.90139016506147	-1.48203748118747	-1.07182805809012
-1.21235854345521	-1.86988459966699	-1.46820922523572	-1.07227415513567
-1.20551783226624	-1.86309539405859	-1.47292287048715	-1.07133320226966
-1.19867712107727	-1.85421650145158	-1.45419447041024	-1.03590639785692
-1.1918364098883	-1.84596079436711	-1.4521462478492	-1.02894895809002
-1.18499569869932	-1.831805275793	-1.44102899708927	-1.01964659156903
-1.17815498751035	-1.84659548044921	-1.42530368097827	-1.0060075298559
-1.17131427632138	-1.82695746373176	-1.4199776736987	-1.00357888135438
-1.1644735651324	-1.82470008746734	-1.40622687145456	-0.982772460948746
-1.15763285394343	-1.81748087684163	-1.40418896874266	-0.987310814203621
-1.15079214275446	-1.79860357568107	-1.39456212026992	-0.988325220750681
-1.14395143156549	-1.79370777711278	-1.37110897445862	-0.971210212098173
-1.13711072037651	-1.78909007063615	-1.36836762595377	-0.955285250287452
-1.13027000918754	-1.76412836246856	-1.36220375259757	-0.9409004534326
-1.12342929799857	-1.74800416274824	-1.35611830888329	-0.944625761284115
-1.1165885868096	-1.73251894642693	-1.33462056879482	-0.931342734382882
-1.10974787562062	-1.73984876671389	-1.33187481420542	-0.899334218668689
-1.10290716443165	-1.74579787888949	-1.32409199421725	-0.906571245152752
-1.09606645324268	-1.72639151719376	-1.31927586676015	-0.896762051548825
-1.08922574205371	-1.7351323115493	-1.29284007646671	-0.8992217543782
-1.08238503086473	-1.69475839393977	-1.28996148608002	-0.882155768569953
-1.07554431967576	-1.68570897742602	-1.28801369211138	-0.877637949515906
-1.06870360848679	-1.69224354376283	-1.26791028891757	-0.865737472372306
-1.06186289729782	-1.68344910794457	-1.26539218042949	-0.831489845732732
-1.05502218610884	-1.66802992385845	-1.2507808149809	-0.843215069530651
-1.04818147491987	-1.65700111982203	-1.24663523462585	-0.823045138103963
-1.0413407637309	-1.63508875604348	-1.23328601561322	-0.809737725870699
-1.03450005254192	-1.63894513003927	-1.22552542342657	-0.811332810369566
-1.02765934135295	-1.63954291158775	-1.21140698811302	-0.797152078759299
-1.02081863016398	-1.63184390726493	-1.20557230344584	-0.814728184303589
-1.01397791897501	-1.59536915573768	-1.200057798003	-0.765762998644802
-1.00713720778603	-1.58278302083573	-1.19067844929993	-0.774598047149553
-1.00029649659706	-1.59611296031857	-1.17576515207799	-0.791569977776877
-0.993455785408089	-1.55861116510858	-1.16257194033426	-0.778505807016072
-0.986615074219116	-1.5736466306975	-1.1576277393309	-0.758760426853854
-0.979774363030144	-1.550780087223	-1.14673930521197	-0.741230576967256
-0.972933651841171	-1.53885341994538	-1.1461647995275	-0.730938047207303
-0.966092940652198	-1.54474125331717	-1.12456533318383	-0.735791568999804
-0.959252229463226	-1.52406349106734	-1.12612596565328	-0.725581498259205
-0.952411518274253	-1.51052826581674	-1.10625236515179	-0.69941675874527
-0.94557080708528	-1.51373050986179	-1.10559929678194	-0.705631959809045
-0.938730095896308	-1.4871331065733	-1.09080057018688	-0.708847114679073
-0.931889384707335	-1.49602257640901	-1.08887201459318	-0.674885374345191
-0.925048673518363	-1.48689275091019	-1.07449862660861	-0.700770662013119
-0.91820796232939	-1.48018456284028	-1.0699185213293	-0.656896484752269
-0.911367251140417	-1.49646548716884	-1.06732771571825	-0.643439213552288
-0.904526539951445	-1.43638271651523	-1.03745258514532	-0.632523227070544
-0.897685828762472	-1.43072769612038	-1.03420148352143	-0.630275871474264
-0.890845117573499	-1.42528677744893	-1.03702358036731	-0.613913661764799
-0.884004406384527	-1.44226400119753	-1.02345930849291	-0.627548634285299
-0.877163695195554	-1.43678566417253	-1.0135317472036	-0.609443911680529
-0.870322984006581	-1.4090963781259	-1.00774257268691	-0.595101393456033
-0.863482272817609	-1.38794312645354	-0.995328385482614	-0.60314044183379
-0.856641561628636	-1.35922285418448	-0.9821625376553	-0.599170033858857
-0.849800850439663	-1.36011582031637	-0.973520821213863	-0.585695241968806
-0.842960139250691	-1.36690130609802	-0.970578876404688	-0.578431262287175
-0.836119428061718	-1.34203134827682	-0.95124090081072	-0.546280804546169
-0.829278716872746	-1.3483846064098	-0.941217270028626	-0.528677708700249
-0.822438005683773	-1.34036083566261	-0.937916954042294	-0.544566250052643
-0.8155972944948	-1.3171002481265	-0.918311902610826	-0.527048470374385
-0.808756583305828	-1.33211118924899	-0.919540457319682	-0.516873664662395
-0.801915872116855	-1.30214465190846	-0.915202498218971	-0.502497616566871
-0.795075160927883	-1.28946281919306	-0.896539672079689	-0.486800894221387
-0.78823444973891	-1.28574461916759	-0.887342294898776	-0.491567140966212
-0.781393738549937	-1.2809694875338	-0.876494157032445	-0.473647846352154
-0.774553027360965	-1.28814061453812	-0.867459958217972	-0.480678087241235
-0.767712316171992	-1.25505965324437	-0.865722259539419	-0.46084014267916
-0.760871604983019	-1.25837225305833	-0.852089496462399	-0.459264858300762
-0.754030893794047	-1.25085873303951	-0.849405273610199	-0.433401690570609
-0.747190182605074	-1.24544063837844	-0.824322867442005	-0.417074256067061
-0.740349471416101	-1.20192128564687	-0.819007998044226	-0.428005490726618
-0.733508760227129	-1.22660165628743	-0.817698247615356	-0.413753366206401
-0.726668049038156	-1.1768921489562	-0.794908721250637	-0.3967340504
-0.719827337849184	-1.18484090310489	-0.789854135582125	-0.387307621716326
-0.712986626660211	-1.16863871811631	-0.781018245598516	-0.383739756739465
-0.706145915471238	-1.16152809849202	-0.767024253133783	-0.371646527884213
-0.699305204282266	-1.15270063589183	-0.76445833444152	-0.366148144181992
-0.692464493093293	-1.12599775510136	-0.75507469741544	-0.369826558321338
-0.68562378190432	-1.1466684768713	-0.741457883657976	-0.356218763809173
-0.678783070715348	-1.13207683016441	-0.743427790204039	-0.345925366575835
-0.671942359526375	-1.11813296143154	-0.72703390615694	-0.326852184785047
-0.665101648337403	-1.09093816127728	-0.721633507190156	-0.315348961487122
-0.65826093714843	-1.09532435364444	-0.709247755594453	-0.313398257783368
-0.651420225959457	-1.12168975643978	-0.704050508322957	-0.295089640525077
-0.644579514770485	-1.08075187041981	-0.684165651596621	-0.281768722571049
-0.637738803581512	-1.05698032258968	-0.682862768458096	-0.285226285259307
-0.630898092392539	-1.05462518476044	-0.674214923825695	-0.26974133777232
-0.624057381203567	-1.0537981560027	-0.665285052652803	-0.26480081484582
-0.617216670014594	-1.03681651085797	-0.646768631739413	-0.271402009702775
-0.610375958825621	-1.03361443061359	-0.641232701346828	-0.257704399778823
-0.603535247636649	-1.03853376787875	-0.630254782761256	-0.23072894391166
-0.596694536447676	-1.00875870197564	-0.612270516221392	-0.247351862354183
-0.589853825258704	-1.00607659296459	-0.607716065489401	-0.215313925924191
-0.583013114069731	-0.99903599677939	-0.610219741937618	-0.207365765741876
-0.576172402880758	-0.989573768441738	-0.594285978443773	-0.184324913839155
-0.569331691691786	-0.983868517095096	-0.587156643629181	-0.194368199814949
-0.562490980502813	-0.955559261633702	-0.575466903619696	-0.179448996307196
-0.55565026931384	-0.939255878270554	-0.56848880462013	-0.185688490094914
-0.548809558124868	-0.945012822777729	-0.54100818213619	-0.163186504991876
-0.541968846935895	-0.925337849772605	-0.54755580132416	-0.144155368546055
-0.535128135746922	-0.919825074466684	-0.529957687823933	-0.116656783894593
-0.52828742455795	-0.91232958511395	-0.51944349804133	-0.133096877957088
-0.521446713368977	-0.894777643495395	-0.512242873347	-0.133139390409564
-0.514606002180005	-0.906136727207711	-0.50885587925352	-0.127842779322137
-0.507765290991032	-0.88462669419715	-0.50575243034794	-0.107994921885989
-0.500924579802059	-0.896638387041673	-0.497346838807476	-0.097402808096505
-0.494083868613087	-0.878313138643317	-0.470100023140661	-0.0771868890513487
-0.487243157424114	-0.846724225603594	-0.462375797050607	-0.0602049785413804
-0.480402446235142	-0.842531975330359	-0.459984974039958	-0.0552213098166259
-0.473561735046169	-0.843742670973963	-0.448342736220318	-0.0446470731348582
-0.466721023857196	-0.806408096448713	-0.42820215971453	-0.0632644525269886
-0.459880312668224	-0.82886150831493	-0.434309171932374	-0.0352704134908296
-0.453039601479251	-0.82072655627727	-0.42544058495466	-0.0161080100584578
-0.446198890290278	-0.798575856145429	-0.40954526372392	-0.0324720310394158
-0.439358179101306	-0.795530321583771	-0.403108414338132	-0.00731362530904177
-0.432517467912333	-0.763450743518996	-0.388658321317958	-0.0217040903326784
-0.42567675672336	-0.767896890694993	-0.390815437410271	0.0259674821799144
-0.418836045534388	-0.780432122854495	-0.373913000375518	0.00580714339062092
-0.411995334345415	-0.74064234922586	-0.369920932861045	0.0256254384973981
-0.405154623156442	-0.749559638106786	-0.355338216951297	0.0272426326205551
-0.39831391196747	-0.723786154872289	-0.338883978197608	0.0421513494400186
-0.391473200778497	-0.731356888125712	-0.332148517802569	0.0551198914530913
-0.384632489589525	-0.708257082875398	-0.325727710138645	0.0615258023619548
-0.377791778400552	-0.70412623652189	-0.311424240977568	0.0743770355573943
-0.370951067211579	-0.684640186133099	-0.301589000858029	0.0729362132317222
-0.364110356022607	-0.667672004955198	-0.298136314859962	0.0830044014086703
-0.357269644833634	-0.673469300970888	-0.283984473037478	0.0757884900469404
-0.350428933644662	-0.667716542703025	-0.281798999012789	0.0832340423424811
-0.343588222455689	-0.654831276405114	-0.268561506800837	0.127929197399332
-0.336747511266716	-0.660764528465904	-0.26499613118982	0.125268774148757
-0.329906800077744	-0.626094176546054	-0.251419520561905	0.15885202833507
-0.323066088888771	-0.63055578588641	-0.251316599364883	0.131216526092509
-0.316225377699798	-0.6131773421771	-0.22570900748808	0.162692980595562
-0.309384666510826	-0.598018209967454	-0.227156257773422	0.157862261419327
-0.302543955321853	-0.595340185029133	-0.202452717854352	0.18220711021648
-0.29570324413288	-0.581614909293225	-0.204473112353378	0.167268384332748
-0.288862532943908	-0.581219211773243	-0.198338277253994	0.193358465655828
-0.282021821754935	-0.574186900276365	-0.184795865590498	0.189475569863174
-0.275181110565963	-0.553828153417316	-0.1745529725559	0.237669303746167
-0.26834039937699	-0.552807164505452	-0.159468770319613	0.208589826321566
-0.261499688188017	-0.539677898768682	-0.155434956884662	0.208483244670437
-0.254658976999045	-0.521691747905351	-0.147398566890933	0.243859245267097
-0.247818265810072	-0.507771405179763	-0.133891015545803	0.252029625077753
-0.240977554621099	-0.519500184907079	-0.134409944956384	0.255348424463389
-0.234136843432127	-0.483019639565402	-0.108982553670427	0.281447089025521
-0.227296132243154	-0.487745809683534	-0.103171969589923	0.276227519258025
-0.220455421054181	-0.475321019526304	-0.0894454514154109	0.280609612260359
-0.213614709865209	-0.461885064702296	-0.08683068549744	0.280521851901913
-0.206773998676236	-0.465452699485528	-0.0929251434915965	0.334186750879229
-0.199933287487263	-0.456609670160977	-0.0732119994095083	0.313680060173046
-0.193092576298291	-0.435088404179955	-0.0642508918898655	0.312972686387393
-0.186251865109318	-0.40729484893098	-0.0428053161084593	0.362021703206533
-0.179411153920346	-0.405321911530834	-0.0377080054650386	0.335691407377808
-0.172570442731373	-0.409819139061956	-0.0299229836063352	0.343822497400899
-0.1657297315424	-0.41048833571976	-0.0205902564215756	0.351802381677003
-0.158889020353428	-0.388690347872874	-0.00722862092681777	0.349423065251022
-0.152048309164455	-0.375825506289357	0.0016741148949518	0.37293534434919
-0.145207597975483	-0.389643271848625	0.00764076882985695	0.381568789956216
-0.13836688678651	-0.346560802443786	0.0164406260221393	0.391047846694798
-0.131526175597537	-0.351729882493576	0.0353724586654148	0.426591284357669
-0.124685464408565	-0.334430409030867	0.0373320823032639	0.401276191786778
-0.117844753219592	-0.317129146449305	0.0486965130187722	0.410686411374502
-0.111004042030619	-0.310114428874134	0.0613537633055335	0.429576258112935
-0.104163330841647	-0.312278512102086	0.0617595608022215	0.441671470956373
-0.097322619652674	-0.299716014176015	0.0726206091819946	0.440746454548972
-0.0904819084637014	-0.275823678273263	0.0794162485838004	0.446153239404398
-0.0836411972747289	-0.286404319671195	0.0799340136444784	0.471240255613238
-0.0768004860857561	-0.275129491764659	0.0892984308783875	0.470604022523098
-0.0699597748967835	-0.257950704177028	0.118611423940796	0.501624954536824
-0.063119063707811	-0.235405550742912	0.119292150914092	0.500386365531632
-0.0562783525188382	-0.256334875763077	0.131230606009958	0.506882930600859
-0.0494376413298656	-0.232071437210735	0.141135478399131	0.527397010758424
-0.042596930140893	-0.222105063452405	0.144768686697849	0.539970176461504
-0.0357562189519203	-0.210541534625841	0.167839903819382	0.543446921399858
-0.0289155077629477	-0.196784059143562	0.17190209580746	0.553681553261529
-0.0220747965739752	-0.202298177773227	0.169994258281529	0.545237882835724
-0.0152340853850024	-0.193741994106754	0.186955911303487	0.556322166047788
-0.00839337419602981	-0.176842399087186	0.194914877348591	0.590881215837004
-0.00155266300705725	-0.168902577628196	0.207299412839551	0.58752276070462
0.00528804818191553	-0.170026270610501	0.229367633928574	0.609373239079169
0.0121287593708881	-0.13767391076908	0.227308472610351	0.599848674319567
0.0189694705598606	-0.134096112668734	0.231751401021023	0.587988757126133
0.0258101817488334	-0.139336500063926	0.240002267881837	0.607344007524122
0.032650892937806	-0.112879651784054	0.25670315172286	0.628688102799756
0.0394916041267785	-0.120393265739118	0.261701070017845	0.630026505169342
0.0463323153157513	-0.100726478609985	0.270788653123369	0.656300730884257
0.0531730265047239	-0.108215999823375	0.275052085090016	0.646452966899278
0.0600137376936964	-0.0734493796489202	0.290976005550364	0.665853075795579
0.066854448882669	-0.0514552972962153	0.300544526435315	0.696529049017008
0.0736951600716418	-0.0478379247204605	0.323009956349904	0.704424251517881
0.0805358712606143	-0.0915644259494909	0.322364703995811	0.68900458472239
0.0873765824495869	-0.062738756260072	0.320375670791002	0.68997226448335
0.0942172936385597	-0.0107075093911462	0.341964753355255	0.713141742188667
0.101058004827532	-0.0130635976203282	0.353022281092901	0.727157596908432
0.107898716016505	-0.019222806942073	0.362378599505572	0.746437030539675
0.114739427205477	-0.00325659452679105	0.369404660916452	0.730931107007608
0.12158013839445	-0.00701923354064931	0.375368981227378	0.755720179079526
0.128420849583423	0.00105532663055506	0.381037639616363	0.768061892477307
0.135261560772395	0.0389030960671884	0.396096934724242	0.778932690698051
0.142102271961368	0.0287772214034316	0.401188691667408	0.778635391925563
0.148942983150341	0.0522898988164878	0.414682744898289	0.789061751971435
0.155783694339313	0.036465063390624	0.419138548165855	0.786680366422377
0.162624405528286	0.0576783585770196	0.429202337921723	0.804549776643409
0.169465116717259	0.0784341085362084	0.446525253119022	0.834968436700259
0.176305827906231	0.076117555764454	0.456943043043551	0.838179561450369
0.183146539095204	0.0884743730683931	0.462765504953904	0.842473626745672
0.189987250284176	0.105887007480729	0.475026693996959	0.859139944288867
0.196827961473149	0.102462434778616	0.477943930873272	0.834817104178204
0.203668672662122	0.123613768308203	0.494948036396314	0.8878524163282
0.210509383851095	0.11335104650992	0.508897703916524	0.868243378554472
0.217350095040067	0.134332929090388	0.508355333247211	0.8685182263291
0.22419080622904	0.148348636776347	0.507916524300648	0.899410122261125
0.231031517418012	0.162220014545382	0.527085425449972	0.900774888805299
0.237872228606985	0.197503285098297	0.545563020704836	0.900773549313503
0.244712939795958	0.186446678999106	0.535538516576221	0.909696445139723
0.25155365098493	0.184247881791458	0.562248317819878	0.917666622437062
0.258394362173903	0.202736401349081	0.574299998379459	0.943701622918249
0.265235073362875	0.211606408914331	0.581234851427705	0.937898681513904
0.272075784551848	0.212283371142136	0.582326613885923	0.963764995606904
0.278916495740821	0.244848776599759	0.595323360696187	0.979723556377869
0.285757206929793	0.215152076976299	0.604181916454399	0.954184754439428
0.292597918118766	0.245032523460778	0.609976893735917	1.00089661940357
0.299438629307739	0.252313977697781	0.628883948755905	0.988001785098747
0.306279340496711	0.272633103390132	0.636912635582419	0.988990639150579
0.313120051685684	0.288704394884845	0.64226089146705	1.00483043564513
0.319960762874656	0.282640360488398	0.661083938060547	1.01984850164872
0.326801474063629	0.301946928115974	0.659307711167336	1.03350032181627
0.333642185252602	0.303184136016505	0.66280351672962	1.0573075588686
0.340482896441574	0.323351218568032	0.681585940104476	1.05509046315017
0.347323607630547	0.317302539104921	0.691570207994478	1.06856169812932
0.35416431881952	0.330166381044267	0.695875901543534	1.05012660950851
0.361005030008492	0.338351440168941	0.709991318804075	1.09648651698821
0.367845741197465	0.348062483534642	0.723728699770913	1.07229301320157
0.374686452386438	0.386811162156424	0.727127462707301	1.08595001038642
0.38152716357541	0.364854172495562	0.741650690780321	1.08992476080067
0.388367874764383	0.368768253295537	0.739375937580573	1.11820549801892
0.395208585953355	0.378338909396326	0.754532793642555	1.12400231453338
0.402049297142328	0.401023738681536	0.760026450427816	1.14418930381803
0.4088900083313	0.430579147365321	0.782253622309815	1.14776105881263
0.415730719520274	0.417507364370971	0.78384118896631	1.13832687660051
0.422571430709246	0.425745896166938	0.797876474136337	1.15329067099384
0.429412141898219	0.427400034787634	0.805192398096758	1.17336438689211
0.436252853087191	0.462936250160608	0.81482056451159	1.18719354102835
0.443093564276164	0.468265383410494	0.831386794101412	1.18957681194543
0.449934275465136	0.460724250850712	0.831119287460813	1.18283451449855
0.456774986654109	0.479593138894935	0.852657862279063	1.21699232858866
0.463615697843082	0.484366450912836	0.84552574003673	1.20974648046287
0.470456409032054	0.502148952523478	0.867238306345842	1.23404730914542
0.477297120221027	0.493163466987332	0.883862907594494	1.24055555164067
0.48413783141	0.523380127133379	0.875025912971756	1.24804024823639
0.490978542598972	0.539242604742131	0.893815069841232	1.2405469164529
0.497819253787945	0.531653442228178	0.900715774271154	1.25068717167666
0.504659964976918	0.548272292129338	0.906480749746962	1.26585373980361
0.51150067616589	0.557725359985184	0.91069157180683	1.27509538517663
0.518341387354863	0.54723634029365	0.928478786879968	1.29398711486286
0.525182098543835	0.572680836515238	0.938243993753913	1.3302124301381
0.532022809732808	0.584120842924731	0.955542288501278	1.31276895464727
0.538863520921781	0.595016114699067	0.949695643674449	1.3312246941269
0.545704232110753	0.583593455353318	0.972402800316597	1.34328676457374
0.552544943299726	0.61349348728613	0.981684686727863	1.35643917086733
0.559385654488699	0.614525396489369	0.984186078253627	1.35668149656368
0.566226365677671	0.60766049415263	1.00197259836888	1.36304974404162
0.573067076866644	0.627640095634367	1.00458706793947	1.3924564134968
0.579907788055617	0.6653498666377	1.0131051992204	1.39767309143944
0.586748499244589	0.673423521101107	1.02947961409326	1.38902219308213
0.593589210433562	0.670434195490354	1.0350685099536	1.39881332880065
0.600429921622534	0.670157716759958	1.03604844743861	1.40302549793786
0.607270632811507	0.698830986403814	1.05747043042667	1.41023888641845
0.61411134400048	0.704509207203716	1.06034291984966	1.4245151301241
0.620952055189453	0.697315721733948	1.06417286536589	1.43919962567865
0.627792766378425	0.711998110501025	1.07622899029832	1.43766077143555
0.634633477567398	0.721737045946879	1.0874951276119	1.44830663021188
0.64147418875637	0.743888486761099	1.10518602814722	1.45546349829225
0.648314899945343	0.753516636556881	1.11106448327524	1.46858686558028
0.655155611134315	0.751412295298979	1.12807671075362	1.47750967237884
0.661996322323288	0.765414878866631	1.11755111969429	1.48078514655699
0.668837033512261	0.767418836164956	1.13582299612985	1.50786168958746
0.675677744701233	0.794882715446051	1.15331797537115	1.49713572614399
0.682518455890206	0.796968398525405	1.16169754007973	1.55220222844346
0.689359167079179	0.80210284056754	1.16443655939005	1.53419120863866
0.696199878268151	0.805256449464943	1.16072839270192	1.5165697569197
0.703040589457124	0.827785178801494	1.18564268042179	1.54743902226102
0.709881300646097	0.829201993759867	1.20359338452884	1.53666737199741
0.716722011835069	0.835574487112658	1.20430579785667	1.58461226317568
0.723562723024042	0.84692475711528	1.20925237424822	1.57458454401266
0.730403434213014	0.860349636281585	1.22551965513736	1.57972510665073
0.737244145401987	0.87909391069186	1.23345512609593	1.59057280973822
0.74408485659096	0.879469827692635	1.24542336165613	1.6013121445507
0.750925567779932	0.881630682678402	1.25121685181901	1.60996404913503
0.757766278968905	0.900691218103616	1.26338423683566	1.62232417916754
0.764606990157878	0.902007688247877	1.2681674632803	1.6325617632348
0.77144770134685	0.926110705136753	1.27362578621117	1.64253877349919
0.778288412535823	0.928605128014065	1.28374201918606	1.65519216320231
0.785129123724795	0.925446831223717	1.30218660341918	1.68344995621372
0.791969834913768	0.949383403539752	1.31803691568179	1.66530762365819
0.798810546102741	0.962086286727712	1.3179614068166	1.67306372897979
0.805651257291713	0.961705893619465	1.33558025057721	1.67562860417592
0.812491968480686	0.980388592106791	1.33255017149539	1.69881334347083
0.819332679669659	0.989869160859967	1.34593224914252	1.69425591856438
0.826173390858631	1.00846656273556	1.35119497715795	1.72766975388734
0.833014102047604	0.994217992868802	1.35829444934848	1.71380634342181
0.839854813236577	1.02019435903068	1.37914930410961	1.74018984698331
0.846695524425549	1.01707738940518	1.38436388901631	1.74423533915378
0.853536235614522	1.04216351298325	1.39863230552412	1.75140051517475
0.860376946803494	1.04541150616451	1.39949193032758	1.76448905113715
0.867217657992467	1.0649031885183	1.41689204211973	1.77280321759407
0.87405836918144	1.08035867479865	1.41535657184987	1.77161568251934
0.880899080370412	1.07765311696718	1.43008884894629	1.80209545204423
0.887739791559385	1.07852874286886	1.4405596882896	1.80071707944964
0.894580502748358	1.08429364220415	1.45321372689417	1.80095884511968
0.90142121393733	1.07948999538715	1.45649097411691	1.80391445489805
0.908261925126303	1.10964339073403	1.46996106370042	1.82059840119566
0.915102636315276	1.11241749784455	1.48033188119438	1.83595659054912
0.921943347504248	1.12718233498973	1.49154254955747	1.84347187378965
0.928784058693221	1.11803756791187	1.50340819142405	1.86516706247222
0.935624769882193	1.14705224253373	1.50979021170716	1.87145583688723
0.942465481071166	1.1413757994476	1.51533353876899	1.87393440579574
0.949306192260138	1.16186548583521	1.52607798787713	1.87456744320757
0.956146903449111	1.17913889944783	1.53927483367839	1.90505804175581
0.962987614638084	1.19745880885592	1.55060924291936	1.91776916478179
0.969828325827057	1.21352502569497	1.55293700781286	1.91639874985788
0.976669037016029	1.21520014081263	1.5676235184518	1.94377071775681
0.983509748205002	1.22771883649863	1.57556531831317	1.91605304737639
0.990350459393974	1.21421426595695	1.58312932787824	1.94505913009133
0.997191170582947	1.2444382019867	1.59740816752493	1.97877386216325
1.00403188177192	1.25296450639648	1.59643413148315	1.95451404341396
1.01087259296089	1.26147486057175	1.61451087976012	1.98151322173563
1.01771330414986	1.26792818127435	1.62305812502203	1.96528674170453
1.02455401533884	1.27151677202551	1.63027771549255	1.99546284902905
1.03139472652781	1.29212263905612	1.63644586252762	1.98800314838506
1.03823543771678	1.30936371858472	1.64309163996892	2.00134160354759
1.04507614890576	1.32066681801127	1.66314557011559	2.02456664787237
1.05191686009473	1.33114952888985	1.65941358311009	2.02802548714213
1.0587575712837	1.32884762914073	1.6699902477368	2.04576421395544
1.06559828247267	1.32732336974326	1.69364267571015	2.05823563805936
1.07243899366165	1.35590165214215	1.69780851749157	2.06572668842753
1.07927970485062	1.34319434705339	1.70513534055411	2.05206670431341
1.08612041603959	1.34966168848416	1.71337817736334	2.06244520968927
1.09296112722856	1.36702182921133	1.7338594808364	2.09283345784616
1.09980183841754	1.37220217640135	1.73138091095548	2.08867089073998
1.10664254960651	1.39263216219231	1.74770300992132	2.09975216962261
1.11348326079548	1.40996542871608	1.76354629305404	2.11336861308682
1.12032397198445	1.40118080084652	1.76033026697637	2.12944898291908
1.12716468317343	1.41122261696708	1.78238239120667	2.13790871265732
1.1340053943624	1.43750537289242	1.78021255484218	2.15046482453263
1.14084610555137	1.44827061464299	1.79001397842439	2.15074960721396
1.14768681674034	1.44362112971725	1.79293417099671	2.16598636401004
1.15452752792932	1.46772404920743	1.80674001260832	2.18518530427464
1.16136823911829	1.47132963985528	1.81967483261512	2.17578291192119
1.16820895030726	1.5040203267991	1.82951719600706	2.17218046886799
1.17504966149624	1.49003902957268	1.83789802773432	2.18449267876074
1.18189037268521	1.50300194722003	1.85209729329601	2.19699898848468
1.18873108387418	1.5004493315396	1.86721586235441	2.22146316242574
1.19557179506315	1.52443077311736	1.86747058710399	2.22976722335274
1.20241250625213	1.51684812281479	1.88363212100992	2.22409383827395
1.2092532174411	1.51776134776005	1.88211188751503	2.22826798837311
1.21609392863007	1.53885098029961	1.89455616322652	2.26464131804177
1.22293463981904	1.55475535938971	1.90687786214517	2.2701462751747
1.22977535100802	1.55967647152303	1.90548859343707	2.2689712341091
1.23661606219699	1.58054383197435	1.92259556664522	2.27906765717558
1.24345677338596	1.56239201242761	1.93457206698505	2.284793345425
1.25029748457493	1.59046652432103	1.94834197591707	2.2990991450507
1.25713819576391	1.61320280752149	1.94959701321837	2.30211931495026
1.26397890695288	1.6112725311727	1.96268615696251	2.29782363655764
1.27081961814185	1.61751740417668	1.97343347656305	2.30344120945314
1.27766032933082	1.62723765165917	1.97593612958916	2.33759290042884
1.2845010405198	1.63410854159469	1.99206279968264	2.3373610179435
1.29134175170877	1.64916744169744	1.99842188350997	2.34640263388477
1.29818246289774	1.64946624086992	2.00393712638065	2.38429946752107
1.30502317408672	1.66574095218044	2.02554112454301	2.38302634508749
1.31186388527569	1.6867095513774	2.02723827117146	2.38243894840867
1.31870459646466	1.68007585863936	2.04086379582862	2.38932211483491
1.32554530765363	1.69481174523689	2.04860818684778	2.39488601714959
1.33238601884261	1.69839604929094	2.05921847734361	2.43304646133819
1.33922673003158	1.731444696983	2.07736808837147	2.41743331409041
1.34606744122055	1.71991872026576	2.08322887581595	2.43496146113363
1.35290815240952	1.73787539536319	2.08281679536971	2.44816889596894
1.3597488635985	1.73522373561928	2.09387207861375	2.46323066720276
1.36658957478747	1.76305747104285	2.11412538679638	2.44646762744885
1.37343028597644	1.75604734893369	2.12066265113823	2.468284778269
1.38027099716541	1.77884782112102	2.13646615431863	2.47154797329751
1.38711170835439	1.78878869352548	2.1318712400323	2.4908128349014
1.39395241954336	1.78977384366658	2.14663144694152	2.51437305345623
1.40079313073233	1.79872673726976	2.15869455506001	2.50693127477022
1.4076338419213	1.80034965188483	2.15780763824423	2.51409209888882
1.41447455311028	1.8135458983055	2.17421505080279	2.51966035943023
1.42131526429925	1.82785186018125	2.18168210775252	2.52515313205756
1.42815597548822	1.8590768898042	2.18629451096038	2.53559401648304
1.4349966866772	1.84330306329983	2.20336273960008	2.54996134415095
1.44183739786617	1.85274223683852	2.21305412675284	2.56157399151466
1.44867810905514	1.85218938039984	2.21611208534005	2.59672203947444
1.45551882024411	1.88958714980762	2.23964261615006	2.5930443149915
1.46235953143309	1.87827297541376	2.24174042108629	2.57956848213978
1.46920024262206	1.88249507769568	2.24789906434793	2.60915086072395
1.47604095381103	1.90296848574805	2.26210953393591	2.61475148595614
1.482881665	1.91046231798758	2.26895720026719	2.62826868043091
1.48972237618898	1.93166741039238	2.27864309216864	2.63183561706123
1.49656308737795	1.93518848502482	2.2920759254536	2.65451763778882
1.50340379856692	1.93823324176052	2.29472860814884	2.66006286953064
1.51024450975589	1.95557400742621	2.307736999562	2.64450114809601
1.51708522094487	1.96997851973134	2.31758190861234	2.67036971149038
1.52392593213384	1.9748202786087	2.33051446445706	2.67806629342543
1.53076664332281	1.98937262817834	2.34240384379097	2.68676161354213
1.53760735451179	1.98180859134289	2.3456384942304	2.69632415262463
1.54444806570076	1.99772435914362	2.36567865625347	2.72049997229392
1.55128877688973	2.01592266805113	2.37334668015551	2.73981230459372
1.5581294880787	2.01648568908319	2.3802346974611	2.72368748748866
1.56497019926768	2.04385669864046	2.38995022033337	2.758256382775
1.57181091045665	2.0356317607145	2.38809962516617	2.74072922891829
1.57865162164562	2.01895298388591	2.41036323338749	2.76597060400344
1.58549233283459	2.04977962296774	2.4185163531305	2.76617955660083
1.59233304402357	2.0724360046166	2.41413751124049	2.7792915504931
1.59917375521254	2.07058066805152	2.4345199797387	2.78810286611112
1.60601446640151	2.0826812782217	2.44669500466185	2.81111200973605
1.61285517759048	2.12267094378677	2.44999262546814	2.81524020523876
1.61969588877946	2.1229780148924	2.46379285259605	2.81290338363677
1.62653659996843	2.11786131305888	2.47496150360914	2.82698813101536
1.6333773111574	2.0935781242766	2.48353540699304	2.85052217503942
1.64021802234637	2.1583427869128	2.48783764302272	2.85522942748161
1.64705873353535	2.13540641563152	2.50290142418215	2.84596023190758
1.65389944472432	2.1479437509213	2.50789825919757	2.8784675495572
1.66074015591329	2.16829986127012	2.50747308128688	2.87865119631514
1.66758086710227	2.16370359629348	2.51834216275199	2.86245421452412
1.67442157829124	2.18466731632326	2.5330179575253	2.8736755851123
1.68126228948021	2.19710154372995	2.53892310372496	2.90471018289535
1.68810300066918	2.18461818845496	2.55687977360936	2.91589458104184
1.69494371185816	2.21002010477593	2.56353608928487	2.91683106470378
1.70178442304713	2.20930871805923	2.57032638570276	2.91975573056351
1.7086251342361	2.21386109057363	2.58076804825667	2.92545966896959
1.71546584542507	2.24597551086618	2.59566640919027	2.95315187930973
1.72230655661405	2.24041812367883	2.59406646774452	2.95497104014859
1.72914726780302	2.25370315250886	2.61235369780555	2.97590251692821
1.73598797899199	2.26659218970148	2.62557666912762	2.95863700816013
1.74282869018096	2.27137052412774	2.6255907597725	2.97999637668576
1.74966940136994	2.27684460085301	2.63607315676588	2.99269004039643
1.75651011255891	2.29159790333723	2.65022434045472	2.99583379796833
1.76335082374788	2.30089916194805	2.65517426244872	3.00234688288244
1.77019153493685	2.32470337964038	2.66586697108399	3.00587563281396
1.77703224612583	2.32334979939359	2.6777501928041	3.03391078233926
1.7838729573148	2.32863640962615	2.68093576379712	3.0443866771497
1.79071366850377	2.34564542337092	2.6956807151087	3.0553245677601
1.79755437969275	2.34927285040022	2.70084966779413	3.04990573571716
1.80439509088172	2.35370160303761	2.70910642214161	3.05818006426911
1.81123580207069	2.37435917997024	2.72408751173858	3.08650918579726
1.81807651325966	2.39594580749599	2.73442624021786	3.077249141068
1.82491722444864	2.39296121094374	2.74972973220109	3.11271321806575
1.83175793563761	2.40196572631789	2.74686057755043	3.09569735437889
1.83859864682658	2.40898566647872	2.76295037618802	3.10232210340181
1.84543935801555	2.41593456909849	2.77462849501287	3.12215017319666
1.85228006920453	2.41721183272162	2.77986706119198	3.12770618908228
1.8591207803935	2.44068014401756	2.79998731960887	3.14571685339448
1.86596149158247	2.44403400995039	2.80040318806806	3.15927960676717
1.87280220277144	2.45127849880431	2.80120194383123	3.14738875189218
1.87964291396042	2.46708804079919	2.8073228285196	3.17560043619547
1.88648362514939	2.48128993624133	2.83568471547436	3.19557311851299
1.89332433633836	2.50583698211317	2.8349446587434	3.18303685616548
1.90016504752733	2.48842184320866	2.84541199508575	3.206523163591
1.90700575871631	2.52479470924159	2.86015660892436	3.20828722536875
1.91384646990528	2.5351963257688	2.8699085543415	3.21200649014785
1.92068718109425	2.53425144393379	2.8753056438126	3.24884379939396
1.92752789228323	2.54576497132907	2.88206738852371	3.23091767116386
1.9343686034722	2.55971543048005	2.89169846428579	3.24867069209494
1.94120931466117	2.56244501660703	2.90294602626602	3.25676684507138
1.94805002585014	2.58502622581888	2.92576978873113	3.28493011960058
1.95489073703912	2.57246070370011	2.92015200356266	3.26200579893597
1.96173144822809	2.58482535527563	2.9346997435058	3.28471020444638
1.96857215941706	2.5707449149338	2.93835324136891	3.30487132132505
1.97541287060603	2.60737499153809	2.95773602779872	3.31532318869502
1.98225358179501	2.61990724297573	2.96244512396776	3.31195780592038
1.98909429298398	2.61768943888094	2.96298584188601	3.30714347784967
1.99593500417295	2.63743491691483	2.97617047375968	3.33464294177468
2.00277571536192	2.64210650762645	2.97946595701209	3.34433615890054
2.0096164265509	2.65643082536773	3.00276969869325	3.35364002678155
2.01645713773987	2.65259978354709	3.01743632454991	3.35082152981162
2.02329784892884	2.64777102238178	3.01675823531897	3.37002596227024
2.03013856011781	2.68370457606065	3.03035922993753	3.38129396106753
2.03697927130679	2.68019636166709	3.04012555500304	3.38589097618457
2.04381998249576	2.69646477410397	3.04380813746	3.40365388380929
2.05066069368473	2.70451930716393	3.05343206576762	3.39135191284381
2.0575014048737	2.71162839061015	3.07061420491994	3.43034554074298
2.06434211606268	2.72050197791109	3.07350178588789	3.42306348237158
2.07118282725165	2.73472237348681	3.08870071075216	3.45493299131325
2.07802353844062	2.7566666366814	3.089201653824	3.44451943798539
2.0848642496296	2.75282159539962	3.10507202139461	3.46015196168732
2.09170496081857	2.76750055992336	3.1043413466994	3.46566762654931
2.09854567200754	2.80007217766854	3.1268986983127	3.47814829341152
2.10538638319651	2.76949847105167	3.1317485687456	3.47845382576982
2.11222709438549	2.78580321374669	3.14600060715443	3.48171712565359
2.11906780557446	2.79856169888298	3.15714568461832	3.49729714947776
2.12590851676343	2.80478176758562	3.16275307643691	3.51725973934457
2.1327492279524	2.82939653878972	3.16703412395058	3.53180226584245
2.13958993914138	2.81653865334569	3.17671727615318	3.54396558364353
2.14643065033035	2.83399459667981	3.19047889256909	3.54725928588891
2.15327136151932	2.83673902249079	3.19458671351005	3.53296999788129
2.16011207270829	2.8656194440531	3.20981989804365	3.56523227128979
2.16695278389727	2.85825814696485	3.20718359882266	3.57673994560682
2.17379349508624	2.88633663977732	3.23429726335417	3.59382203804364
2.18063420627521	2.89280915162832	3.23616806481393	3.60449737579331
2.18747491746418	2.90312520389831	3.24890041967417	3.58928388516589
2.19431562865316	2.90205620532975	3.25578208015686	3.60828965430874
2.20115633984213	2.91485602569048	3.26164524045061	3.61363147635852
2.2079970510311	2.91695541661853	3.27644251187871	3.61019863570377
2.21483776222008	2.92212470510837	3.28134277804571	3.63525900517367
2.22167847340905	2.96984877730327	3.3024123566275	3.64417642707352
2.22851918459802	2.9721372707782	3.30792804445631	3.67125222192363
2.23535989578699	2.96088806110814	3.31333787446159	3.67192007649325
2.24220060697597	2.95398341959296	3.32680526165398	3.6840306799489
2.24904131816494	2.9713167633089	3.33390064894541	3.68965997705005
2.25588202935391	2.99753860782518	3.34306754482149	3.68683928022321
2.26272274054288	3.00018251954093	3.34918844838848	3.69440934076377
2.26956345173186	2.9952956087639	3.36213346704449	3.72991459818252
2.27640416292083	3.00746003383884	3.36849769029489	3.70968358241115
2.2832448741098	3.04155332657056	3.38760584341822	3.72440318987221
2.29008558529877	3.0410247593453	3.3947643846378	3.75054857330063
2.29692629648775	3.05288759673051	3.40002091369744	3.75313943224984
2.30376700767672	3.0570110593682	3.40684657370389	3.76516581766252
2.31060771886569	3.06772418783875	3.41809900380554	3.75937756755238
2.31744843005466	3.0693775015684	3.4218477212797	3.77006315673374
2.32428914124364	3.05744781074805	3.43495364009493	3.80175543346587
2.33112985243261	3.08189485072832	3.44330539944193	3.78919531620946
2.33797056362158	3.10483540953956	3.45557092157119	3.79224138051832
2.34481127481056	3.10387750395092	3.46836027187859	3.80336325531961
2.35165198599953	3.1338425689369	3.47601018264168	3.82548700497677
2.3584926971885	3.12094589069015	3.4821094954716	3.83457419226
2.36533340837747	3.12740670697191	3.48726994389487	3.83084562636893
2.37217411956645	3.16328572652939	3.50871024084199	3.86341126459001
2.37901483075542	3.16780356176813	3.51937371788351	3.85498178234362
2.38585554194439	3.1698335725687	3.52914724900884	3.87007935695726
2.39269625313336	3.16702156004431	3.5289926699313	3.86887627819726
2.39953696432234	3.19036311052778	3.54319721272033	3.9039375499547
2.40637767551131	3.21798779716485	3.55227035435139	3.8956866425367
2.41321838670028	3.21377206509946	3.56081099090526	3.91078101245346
2.42005909788925	3.22594455949458	3.56881778573681	3.94264563977315
2.42689980907823	3.22893857201772	3.58174702106759	3.9230343947226
2.4337405202672	3.23665599082544	3.5874777150543	3.9424430287165
2.44058123145617	3.2401258959919	3.58864259913344	3.95573353198242
2.44742194264514	3.26542032094619	3.60926668836432	3.94603085165715
2.45426265383412	3.2757385544038	3.61432764033124	3.97831528794732
2.46110336502309	3.284371072459	3.62335345039915	3.98422717702142
2.46794407621206	3.27378831200802	3.62724145453416	3.97749689067762
2.47478478740104	3.29174041310511	3.65166900267499	3.97187810008583
2.48162549859001	3.30988596439952	3.6667793440556	4.01645816861216
2.48846620977898	3.3027329516756	3.66909550011485	4.01083947617812
2.49530692096795	3.31478841629708	3.66804625017587	4.02171178275775
2.50214763215693	3.3327823758325	3.68360061043951	4.0365134719017
2.5089883433459	3.35097746215605	3.70002482196946	4.05379084790767
2.51582905453487	3.34462098810086	3.70743065120179	4.05025334495422
2.52266976572384	3.36837899030713	3.71573500750836	4.09211722661779
2.52951047691282	3.36307667567762	3.72357764421149	4.07300842212261
2.53635118810179	3.38380995230546	3.72075610422269	4.0804115225182
2.54319189929076	3.40283636166649	3.74792561714847	4.10678559201539
2.55003261047973	3.40159313134916	3.74881854083023	4.11575326539392
2.55687332166871	3.39304623684974	3.76069903971631	4.11261930145037
2.56371403285768	3.39854046214446	3.7727814129541	4.14753998288646
2.57055474404665	3.4226462127674	3.787415744746	4.12210985814851
2.57739545523562	3.43054648270619	3.78568767776117	4.12071930221854
2.5842361664246	3.42716497783557	3.79636277743137	4.1722073043847
2.59107687761357	3.44158180985759	3.81297044610301	4.15989648164337
2.59791758880254	3.46002583014328	3.81165957298704	4.16989700054134
2.60475829999152	3.47664395568671	3.82664434773108	4.19876077965893
2.61159901118049	3.49206710982503	3.83160990276799	4.19218458994225
2.61843972236946	3.47423980402899	3.84007538237014	4.19780100310079
2.62528043355843	3.49052895921979	3.8556955659469	4.208240900962
2.63212114474741	3.50974996173566	3.85804304777256	4.2130128791678
2.63896185593638	3.52444179119942	3.87452521396817	4.21398159912635
2.64580256712535	3.53904910322276	3.88327570233351	4.24318196854261
2.65264327831432	3.52783489109849	3.88433013508199	4.25251209611895
2.6594839895033	3.53753403839317	3.91092435827735	4.25257411502858
2.66632470069227	3.56688365987587	3.91231010455411	4.26489374207493
2.67316541188124	3.55433274817134	3.9296291248256	4.26680006227775
2.68000612307021	3.58860141388313	3.93610651025351	4.29629776799314
2.68684683425919	3.58964031417	3.94754613469494	4.30084169839524
2.69368754544816	3.61405528177698	3.95667445844598	4.30869942565327
2.70052825663713	3.59886197710827	3.95098538368289	4.30857554302453
2.7073689678261	3.61717405710906	3.97165832984568	4.3317202254212
2.71420967901508	3.6192790005633	3.97403747570706	4.34313209750973
2.72105039020405	3.63647152780033	3.98400256078374	4.35421461587715
2.72789110139302	3.65320784477824	4.00569840916588	4.35621235439883
2.734731812582	3.65144162143574	4.01342909536529	4.35547918262206
2.74157252377097	3.65822058392802	4.01900902273033	4.39658872253316
2.74841323495994	3.67330542228081	4.02536774128744	4.38052650547748
2.75525394614891	3.67601439268284	4.03612989423102	4.40274431101816
2.76209465733789	3.68938055259569	4.0520735034742	4.41666323327117
2.76893536852686	3.71361663818384	4.06040999330213	4.41482597166569
2.77577607971583	3.69117844755868	4.06400536387563	4.44548548753079
2.7826167909048	3.72509071939714	4.0711865347938	4.42171565008333
2.78945750209378	3.7261071166744	4.08564490174842	4.44771457465946
2.79629821328275	3.72879832483246	4.0910512081146	4.44780528754661
2.80313892447172	3.73942262550151	4.10797514165793	4.46038287262499
2.80997963566069	3.75799153477075	4.10277090188529	4.47656497502596
2.81682034684967	3.76135694890985	4.12037183939794	4.4918836307204
2.82366105803864	3.75566896881346	4.11714542082999	4.47686296501683
2.83050176922761	3.78648596736893	4.14650900910533	4.50889072622764
2.83734248041658	3.78575951291692	4.14398316580007	4.51677213779411
2.84418319160556	3.79597924469917	4.16089470839483	4.51843447586796
2.85102390279453	3.81897521473222	4.16594587768542	4.55137873132802
2.8578646139835	3.82235704503085	4.17920675563628	4.56063032573672
2.86470532517248	3.82743924873506	4.19754968288097	4.55535786408878
2.87154603636145	3.8581245375094	4.20422715569836	4.54927591812044
2.87838674755042	3.83361368159779	4.1970012716144	4.56504034450959
2.88522745873939	3.8481190215576	4.20489270178268	4.57530501648514
2.89206816992837	3.89023736011492	4.22302195436635	4.59205454465339
2.89890888111734	3.86703917720827	4.23914570277	4.58063686585764
2.90574959230631	3.88715581885729	4.24280364008832	4.59807115319143
2.91259030349528	3.87712369281783	4.24767407280504	4.61036692749592
2.91943101468426	3.90266063631786	4.2710270102771	4.60927636497768
2.92627172587323	3.91564193773848	4.27114217492612	4.61188796534393
2.9331124370622	3.92161011046386	4.27105556324435	4.63697922582808
2.93995314825117	3.91998937906724	4.2934267693491	4.6583622646207
2.94679385944015	3.94626099805911	4.30199378537475	4.64718007802818
2.95363457062912	3.95106872820303	4.30574702160492	4.66204861348074
2.96047528181809	3.97407555885318	4.31021934409448	4.65913608042766
2.96731599300706	3.97934484883663	4.32613675010366	4.67442063327562
2.97415670419604	3.95464824587973	4.33487451481328	4.6989726082027
2.98099741538501	3.99455018564534	4.35484948902384	4.70090045682904
2.98783812657398	3.98842518278416	4.36353285931461	4.71876880427582
2.99467883776296	4.02130283513729	4.37682753997116	4.74006655083743
3.00151954895193	4.00039331829506	4.3699887397023	4.759395785797
3.0083602601409	4.01467851955773	4.38403841745128	4.73841478758783
3.01520097132987	4.041702699315	4.39829523959326	4.75195681325314
3.02204168251885	4.05500293079456	4.40274873045162	4.74991339329627
3.02888239370782	4.0467569798388	4.42393325283865	4.80410408962061
3.03572310489679	4.07176234220603	4.425084495537	4.76595615265192
3.04256381608576	4.0603958177069	4.43348341267755	4.81336691136109
3.04940452727474	4.07574147184555	4.43858747138799	4.81888226307351
3.05624523846371	4.09161230221891	4.45577898832754	4.81056806086654
3.06308594965268	4.11090554220144	4.47908893545426	4.82346804970155
3.06992666084165	4.11267994460808	4.4694605217071	4.83115720380992
3.07676737203063	4.12145296437803	4.47564862603895	4.82462653681889
3.0836080832196	4.12627211902422	4.48679939760255	4.84816853018144
3.09044879440857	4.12123195574521	4.50252512308272	4.85104957818222
3.09728950559754	4.1280456111156	4.50905513952295	4.87606826884222
3.10413021678652	4.16404661006986	4.52840253212028	4.88796774920889
3.11097092797549	4.17055922091671	4.53845876413731	4.8853263323245
3.11781163916446	4.17951561974189	4.5413658071436	4.9060927814495
3.12465235035344	4.18073400068339	4.54713296707078	4.91467194516027
3.13149306154241	4.18787962745932	4.56208750906088	4.9199050824575
3.13833377273138	4.20732568725561	4.57588172636332	4.93203689159876
3.14517448392035	4.22362352276139	4.57403055956091	4.93550882534292
3.15201519510933	4.22518069332965	4.59092803315244	4.98293608335932
3.1588559062983	4.23835409457623	4.59537544420277	4.95138603557841
3.16569661748727	4.24620683964438	4.60041386926931	4.99285617238191
3.17253732867624	4.24652125214415	4.60766268995586	4.9775952582529
3.17937803986522	4.28610035950981	4.62836982742061	4.97542114779242
3.18621875105419	4.26308524094159	4.63649234797204	5.02180090768472
3.19305946224316	4.29430140093116	4.63871307196343	5.00079710600575
3.19990017343213	4.29266043389424	4.65489069158328	5.02072877587162
3.20674088462111	4.29018679639407	4.6699692240072	5.04159503782711
3.21358159581008	4.30994516043336	4.6688604469061	5.02407211689045
3.22042230699905	4.32203922152012	4.6711734437616	5.03993440876687
3.22726301818803	4.32165449573082	4.68916282485404	5.06567807922035
3.234103729377	4.31804279124615	4.68593834721053	5.06147750901523
3.24094444056597	4.36322784086343	4.70967521615736	5.07110012769246
3.24778515175494	4.34191871395989	4.72079658522998	5.07468169383985
3.25462586294392	4.37429773938896	4.7286275736564	5.10312658861586
3.26146657413289	4.38866629316074	4.74282184285514	5.11320522730238
3.26830728532186	4.38073093163134	4.74339122169943	5.12227004819404
3.27514799651083	4.39629415145474	4.75768223094486	5.13731915410122
3.28198870769981	4.39300666888367	4.76334260337444	5.12129171950723
3.28882941888878	4.4120631281034	4.78273726053571	5.13890013914594
3.29567013007775	4.42366041244737	4.79205336088475	5.17919114055482
3.30251084126672	4.4360162440322	4.79175183289201	5.17599729647551
3.3093515524557	4.42770870131123	4.80330685318901	5.14383052135297
3.31619226364467	4.42786005201266	4.80794277026048	5.17988711873015
3.32303297483364	4.45147843829414	4.82350262268553	5.17317832552115
3.32987368602261	4.46925412064425	4.83355924999435	5.18898370512204
3.33671439721159	4.49247023505812	4.84610901592218	5.22781316391249
3.34355510840056	4.48453728905497	4.84874757212852	5.21903559235217
3.35039581958953	4.49210222652573	4.85788303555896	5.23922653391724
3.35723653077851	4.49410925507157	4.86564416896402	5.23619076030276
3.36407724196748	4.53421622482371	4.89065151141993	5.25991424675996
3.37091795315645	4.52232891831538	4.88523452770648	5.27302245332267
3.37775866434542	4.5378127734907	4.8848087365543	5.28615940360902
3.3845993755344	4.55480023100034	4.9054519635727	5.26129655713041
3.39144008672337	4.55317872917038	4.91663341858447	5.28059877101637
3.39828079791234	4.58344834436902	4.92777941319182	5.29351610932028
3.40512150910131	4.57035164418083	4.93255014761526	5.29269551752734
3.41196222029029	4.58637575234031	4.95511277318143	5.31236421552711
3.41880293147926	4.57594949078172	4.95746882736458	5.35602430241091
3.42564364266823	4.61027189745913	4.97070279802398	5.3274971417545
3.4324843538572	4.60285924454318	4.97936959021514	5.35567120981887
3.43932506504618	4.61126593223655	4.98577344595689	5.34964124573352
3.44616577623515	4.62492725741874	4.99867184913629	5.36921483180955
3.45300648742412	4.63888058494731	5.01195947685837	5.36711701971879
3.45984719861309	4.63278416507695	5.01104326342086	5.36621606401716
3.46668790980207	4.63982509832496	5.01604547729172	5.38473776310628
3.47352862099104	4.66920796985914	5.03611739611802	5.3936081145222
3.48036933218001	4.6942393218244	5.04087128463827	5.3905244441977
3.48721004336899	4.67033763501816	5.04997928803935	5.41702779118383
3.49405075455796	4.69250935809478	5.06452633636946	5.43748579866738
3.50089146574693	4.68850963224841	5.06980777370484	5.44764273642662
3.5077321769359	4.71505343237394	5.08435200472198	5.45778832734894
3.51457288812488	4.73423854774286	5.08505641141614	5.45083904212663
3.52141359931385	4.72022020174487	5.1012780407989	5.47045693126184
3.52825431050282	4.73038982350321	5.11055196489512	5.4478238962893
3.53509502169179	4.74601859462106	5.11659293799526	5.48891897566082
3.54193573288077	4.75954702830011	5.12987480552224	5.50594300399579
3.54877644406974	4.76125177644579	5.12854389928958	5.50180922484695
3.55561715525871	4.76774123981988	5.15463338790156	5.50300930684732
3.56245786644768	4.81021025899246	5.15624859450319	5.52373890972019
3.56929857763666	4.81148267672513	5.16846768264917	5.55091342309791
3.57613928882563	4.80719739929832	5.17016540943277	5.53453313683673
3.5829800000146	4.82732470058296	5.18026577334707	5.54873089722707
3.58982071120357	4.82802187545781	5.19830936655785	5.55320011507477
3.59666142239255	4.8372221402938	5.20732513975113	5.55637022720461
3.60350213358152	4.85503031673036	5.21684096998692	5.56360570291522
3.61034284477049	4.86680056684765	5.22715761977717	5.60381402429058
3.61718355595947	4.8578074678656	5.23424351148898	5.5875604432077
3.62402426714844	4.87802612948547	5.24491322412591	5.61622641177367
3.63086497833741	4.86853673564633	5.24403021575809	5.62298223049403
3.63770568952638	4.90176872602374	5.26287423331497	5.64233339995541
3.64454640071536	4.89783701250761	5.28213399884805	5.63481210969374
3.65138711190433	4.90120818201933	5.28058987096616	5.65793217042471
3.6582278230933	4.90563930536164	5.30192365209108	5.657075907902
3.66506853428227	4.92033578884152	5.30331615654249	5.67895181722572
3.67190924547125	4.95029139024822	5.31843959044253	5.6989088490313
3.67874995666022	4.93298410891617	5.32084969814661	5.68336519915082
3.68559066784919	4.97495203927722	5.33415196174044	5.72122307171584
3.69243137903816	4.94079279723887	5.33575445317839	5.71203543429238
3.69927209022714	4.95553660009935	5.3433280314339	5.72134616383271
3.70611280141611	4.99722435453639	5.36120028071606	5.7280697131298
3.71295351260508	4.9953532869202	5.37141684853348	5.73724509790936
3.71979422379405	5.00797446799015	5.38146931153684	5.74696886200335
3.72663493498303	4.98985140787976	5.38983409012568	5.74120237927543
3.733475646172	5.02732618369311	5.40119366952456	5.76855897049115
3.74031635736097	5.03199082288329	5.39660981526107	5.77151000876246
3.74715706854995	5.04948843218504	5.41553206712614	5.80735978882317
3.75399777973892	5.05691853104073	5.423878085473	5.79416663962225
3.76083849092789	5.06951238155844	5.42660866384368	5.81745591608662
3.76767920211686	5.03729542051409	5.43453300917043	5.82282490320773
3.77451991330584	5.0549298440867	5.45414864833586	5.83358810983444
3.78136062449481	5.10177969752004	5.46058022706876	5.84817599050329
3.78820133568378	5.08661626810345	5.46336491788398	5.82452423734335
3.79504204687275	5.09709809927098	5.47763766290331	5.86901930927404
3.80188275806173	5.12357627781083	5.49534828009209	5.86938077346277
3.8087234692507	5.12786543915601	5.49711763745431	5.87198305819159
3.81556418043967	5.11496174678761	5.50787619162771	5.88723894836488
3.82240489162864	5.13324697812834	5.51337244976371	5.89426612805897
3.82924560281762	5.14687433348673	5.52625350784674	5.91022265360394
3.83608631400659	5.17813395340232	5.54370205843455	5.92937776233312
3.84292702519556	5.1805501840468	5.54986286097736	5.93101882965836
3.84976773638453	5.17319329837228	5.5584119533498	5.91985506267713
3.85660844757351	5.19310109509016	5.56338532407097	5.95375765600061
3.86344915876248	5.19196591139108	5.57038374465529	5.94193646673981
3.87028986995145	5.19824167527225	5.58248206287157	5.95821976657842
3.87713058114043	5.21917585094745	5.59521049272183	5.99394558690825
3.8839712923294	5.24425636967014	5.60258760525412	5.98645205602398
3.89081200351837	5.24247150642902	5.61651070399835	5.98832159547582
3.89765271470734	5.24637385213665	5.62876100609381	6.00138341978818
3.90449342589632	5.25597144101957	5.63065979483946	6.01371517837476
3.91133413708529	5.25600659034266	5.64218096810569	5.99911314477688
3.91817484827426	5.27514071208151	5.64874896567322	6.03451603174865
3.92501555946323	5.27448788965064	5.65736611193137	6.0416628270859
3.93185627065221	5.30606270801336	5.66978353275538	6.05523660507943
3.93869698184118	5.3019412270604	5.68652272653758	6.06102979939584
3.94553769303015	5.31791111975969	5.68814128816035	6.05495702366052
3.95237840421912	5.32319872078679	5.68968115890755	6.06736365114702
3.9592191154081	5.34569426628012	5.70881136233565	6.10291548182484
3.96605982659707	5.34434446628219	5.72021319751012	6.07775042505129
3.97290053778604	5.35631638213355	5.73336655052374	6.10684956947715
3.97974124897502	5.36231543485162	5.743317545453	6.1175332982674
3.98658196016399	5.34180988556848	5.74522424856596	6.11655721717042
3.99342267135296	5.37857711420556	5.76744819943389	6.12971418288058
4.00026338254193	5.39306508351484	5.75854124945075	6.13951673369703
4.00710409373091	5.38586575975156	5.77550197475254	6.14905128146325
4.01394480491988	5.41840736452404	5.78749889156057	6.17244587614667
4.02078551610885	5.40050156736708	5.78631919052167	6.19264578437279
4.02762622729782	5.44324905414858	5.80769207060361	6.19204650128693
4.0344669384868	5.43287509579359	5.80551585065207	6.20065490811042
4.04130764967577	5.43867596217868	5.82401932041511	6.19573396923971
4.04814836086474	5.4389150646824	5.8288682081125	6.23747323142262
4.05498907205371	5.48099483238367	5.84473279221192	6.24792540544821
4.06182978324269	5.48224535429138	5.84901013569949	6.22656385957961
4.06867049443166	5.48382981434272	5.86177191244135	6.23406974628081
4.07551120562063	5.4923312941741	5.86439787663271	6.25402286777267
4.0823519168096	5.50199667423247	5.88636667426135	6.27651893879867
4.08919262799858	5.50908665245083	5.88839531372144	6.27201244376954
4.09603333918755	5.52191789569809	5.89587920241586	6.27813092483913
4.10287405037652	5.52134726509832	5.90793417033453	6.29830773504398
4.1097147615655	5.53134738846401	5.92057623004768	6.3087083249303
4.11655547275447	5.55131650011272	5.92752928555494	6.31410673272948
4.12339618394344	5.53286385178825	5.94072740031289	6.32238903361263
4.13023689513241	5.57988000260498	5.9471436029032	6.32440708954016
4.13707760632139	5.55022843174249	5.9581647623352	6.34559924612839
4.14391831751036	5.59924053570859	5.96546425269444	6.36206193123014
4.15075902869933	5.58386952343446	5.97387805718208	6.36863378111197
4.1575997398883	5.59559077003024	5.97956034347167	6.3581904360978
4.16444045107728	5.61537436073557	5.98808951572664	6.36155451533248
4.17128116226625	5.62669709734582	6.00471314338179	6.38707585911001
4.17812187345522	5.62543166257759	6.01633679719834	6.37379217268006
4.18496258464419	5.63042889646422	6.02223333971611	6.40998854406247
4.19180329583317	5.63191852407216	6.02964686276166	6.41891241743842
4.19864400702214	5.6601979481248	6.04033142127665	6.41115505237663
4.20548471821111	5.67569433043201	6.05105017507506	6.44163091844495
4.21232542940008	5.66149949322521	6.0658048823889	6.46149358637396
4.21916614058906	5.69166619616984	6.07272676585415	6.44930074306857
4.22600685177803	5.6802795712757	6.07436110529252	6.48516067780914
4.232847562967	5.68799039229852	6.08647928452013	6.46638904298354
4.23968827415598	5.70028410628246	6.09371282192921	6.48917658092155
4.24652898534495	5.73829605302307	6.10933304517974	6.48589887025629
4.25336969653392	5.7245644565651	6.1071969986727	6.497785588898
4.26021040772289	5.74274512323469	6.13355827264518	6.50295086010642
4.26705111891187	5.7240214640374	6.12535976889058	6.5421971853476
4.27389183010084	5.77134904343446	6.15071773850982	6.52926444801623
4.28073254128981	5.77539874096829	6.15472965075558	6.54110948630357
4.28757325247878	5.78695805352358	6.1595705594514	6.55388954579964
4.29441396366776	5.7753590598456	6.16965592946496	6.55349737079466
4.30125467485673	5.79296663662123	6.1801294456258	6.5730079083515
4.3080953860457	5.81634319879558	6.19462684186806	6.57666538237637
4.31493609723467	5.79252460430729	6.19679380316698	6.60625357839054
4.32177680842365	5.82426396357595	6.21101551944125	6.59738540729416
4.32861751961262	5.83961687475679	6.2208323194687	6.60183188903888
4.33545823080159	5.83578693544165	6.23253438225381	6.61988849730337
4.34229894199056	5.84131261228643	6.23772698435727	6.62032555852222
4.34913965317954	5.85901246957742	6.24704209030029	6.65512062796105
4.35598036436851	5.88365450052147	6.26122243379992	6.64034744536202
4.36282107555748	5.88637323952179	6.26267645838377	6.64761598316792
4.36966178674646	5.89807169460811	6.28432857725996	6.66823744626561
4.37650249793543	5.89870833905585	6.28476019650997	6.65990244680033
4.3833432091244	5.90489163640559	6.29831727486606	6.68011860507206
4.39018392031337	5.91377334770471	6.30220482304135	6.69361656314789
4.39702463150235	5.93364524646749	6.31386768009545	6.71833140195109
4.40386534269132	5.94934740460215	6.33495184592541	6.71956297130976
4.41070605388029	5.9325052250104	6.32510436235976	6.74419258376673
4.41754676506926	5.94792017721237	6.34809455159277	6.73715194880731
4.42438747625824	5.948965230541	6.36239574835925	6.75375913517052
4.43122818744721	5.97243475377156	6.36267400340222	6.75294223891196
4.43806889863618	5.97996525980187	6.37201322723084	6.7824568418052
4.44490960982515	5.97287658987981	6.38943473493027	6.78118388127043
4.45175032101413	5.99494177261524	6.3963666649257	6.78448781751658
4.4585910322031	6.02026297055518	6.40140031994935	6.78866639788629
4.46543174339207	6.01070193773106	6.41208931622034	6.81343064319857
4.47227245458104	6.01730976124701	6.41831030142118	6.81562503364987
4.47911316577002	6.04809975260106	6.42541525177536	6.8107719146096
4.48595387695899	6.04033273544607	6.43529914835756	6.81280308144429
4.49279458814796	6.03906563454521	6.45519464971058	6.8361150288854
4.49963529933694	6.05505349526291	6.45808185120512	6.85618238771641
4.50647601052591	6.06801770969438	6.4744170612291	6.87371099593282
4.51331672171488	6.0985674554708	6.47392733793811	6.88002931231635
4.52015743290385	6.09368526490756	6.48882436479186	6.88552783609571
4.52699814409283	6.12467886662595	6.49734928143569	6.89296096002092
4.5338388552818	6.09641676851922	6.50700468725869	6.90536003345957
4.54067956647077	6.11269525914252	6.51343159894309	6.91969876564989
4.54752027765974	6.12812436779244	6.52488517154605	6.91322267182608
4.55436098884872	6.14063546070531	6.53994208189512	6.93480705526399
4.56120170003769	6.13886017831544	6.54488343953612	6.95118560983808
4.56804241122666	6.17769421999819	6.54964811280336	6.94565954631094
4.57488312241563	6.16385377186512	6.56311831186233	6.94587403019982
4.58172383360461	6.184007443492	6.57145604101918	6.97291338174974
4.58856454479358	6.1629161754576	6.5796685345315	6.98260135250644
4.59540525598255	6.18021330118607	6.59735704908764	6.98909379196331
4.60224596717153	6.21104581994681	6.59941127099654	7.00487344385798
4.6090866783605	6.20575251757184	6.6152352730642	6.99921165813799
4.61592738954947	6.2244776466601	6.6167010457278	7.01402254513733
4.62276810073844	6.24367174625105	6.6326392479785	7.02130087162457
4.62960881192742	6.2468668105523	6.63453154017477	7.04238636256797
4.63644952311639	6.26988681921021	6.64088952094323	7.05488562771048
4.64329023430536	6.25884202834616	6.65828400232992	7.06893970846676
4.65013094549433	6.26003272824799	6.67433819891395	7.07641645804603
4.65697165668331	6.28751647754857	6.67569483262511	7.08107016477359
4.66381236787228	6.2792013423896	6.69077258460202	7.09847298368335
4.67065307906125	6.29655320101489	6.70334861258725	7.0973155002069
4.67749379025022	6.30824579381378	6.71441137649386	7.11202594863992
4.6843345014392	6.33049284641884	6.71966506542927	7.09984433969989
4.69117521262817	6.30409162153411	6.7194415414648	7.13456248620903
4.69801592381714	6.33328766223956	6.74763955070823	7.14636701517671
4.70485663500611	6.35594664404445	6.74857185597184	7.15522789484388
4.71169734619509	6.36595483827255	6.75515589618249	7.1643806212003
4.71853805738406	6.35530344397826	6.75930689879114	7.169177360524
4.72537876857303	6.38157329777258	6.78210190625386	7.16500992559216
4.732219479762	6.39751193767656	6.775039787378	7.17407674834255
4.73906019095098	6.38761189696137	6.78817864622875	7.19443480762543
4.74590090213995	6.3978445561593	6.80479650251846	7.19608508191065
4.75274161332892	6.40279729763688	6.81453113974392	7.22215223559259
4.7595823245179	6.43449236465253	6.81840668395081	7.22623370048765
4.76642303570687	6.41281209092512	6.83555874099277	7.22891267025956
4.77326374689584	6.41887035843249	6.83531691547847	7.23647647052685
4.78010445808481	6.43984098011069	6.85199981356973	7.24943125781705
4.78694516927379	6.47139942542557	6.86419750822224	7.25203583723508
4.79378588046276	6.46678368265015	6.86546119568902	7.27724965134354
4.80062659165173	6.47461973434878	6.88003683535523	7.29004655683362
4.8074673028407	6.48137944330174	6.88067477584018	7.29377243165568
4.81430801402968	6.48463094372116	6.90136898514347	7.29888802284344
4.82114872521865	6.49506925127671	6.9020989819286	7.31542486744066
4.82798943640762	6.50655402728188	6.9166767771651	7.33002799011606
4.83483014759659	6.50007829448792	6.93165834751999	7.34321063673049
4.84167085878557	6.53757635662661	6.93273310752791	7.3273413758644
4.84851156997454	6.53133349749446	6.94401089018774	7.33653594076839
4.85535228116351	6.54771976911524	6.95616794846771	7.36455428092885
4.86219299235248	6.56482687994884	6.96823902456193	7.39200189737637
4.86903370354146	6.56923100898596	6.96636335886988	7.3860505519757
4.87587441473043	6.56623972988407	6.97848799666638	7.38298191202768
4.8827151259194	6.61314230789472	6.99005170997613	7.39145171947886
4.88955583710838	6.5817889118324	7.00127315357432	7.41351654113907
4.89639654829735	6.60258469358795	7.00224103592232	7.41841065132296
4.90323725948632	6.61961868315783	7.02176237856322	7.41060760600872
4.91007797067529	6.6320709793383	7.02649475759255	7.43546706226844
4.91691868186427	6.63231328164608	7.03717760534817	7.4223536237766
4.92375939305324	6.63668374578084	7.04128003672588	7.46938389019985
4.93060010424221	6.63042770370859	7.05406026232383	7.45697899901003
