"mitochan"	"lwrNorm"	"medNorm"	"uprNorm"
-1.90327037354145	-3.72337200277466	-3.26609844353635	-2.79271290236658
-1.89680182598474	-3.65979654519614	-3.26011247365802	-2.80653549008081
-1.89033327842803	-3.68324861369259	-3.2460535505698	-2.79795730335348
-1.88386473087133	-3.67488504846603	-3.24403653772477	-2.79359988238475
-1.87739618331462	-3.68670674277037	-3.2281536318368	-2.76970776998516
-1.87092763575791	-3.69719778882492	-3.21915641170037	-2.76376612256074
-1.86445908820121	-3.69475894800155	-3.20439513686736	-2.7498708636953
-1.8579905406445	-3.62671835055323	-3.19688133029712	-2.72615923200415
-1.85152199308779	-3.61896111466223	-3.17379945881855	-2.73362277530474
-1.84505344553108	-3.61560434615396	-3.17017767165326	-2.72907780828844
-1.83858489797438	-3.61239620524116	-3.16207477627961	-2.71041571432285
-1.83211635041767	-3.60947000051762	-3.14626251105758	-2.69309650273259
-1.82564780286096	-3.60395170716525	-3.14511849102846	-2.7001614647007
-1.81917925530426	-3.58850539205696	-3.13442474619675	-2.71439989602536
-1.81271070774755	-3.55477525351468	-3.11957012982624	-2.68517520230792
-1.80624216019084	-3.55078166898249	-3.11008203371053	-2.66941245604605
-1.79977361263414	-3.55744263896015	-3.11228217392517	-2.6772917467077
-1.79330506507743	-3.53263078768476	-3.09175193406954	-2.64795041080596
-1.78683651752072	-3.50275553400452	-3.07761397322064	-2.62226294651491
-1.78036796996401	-3.51175382863847	-3.07254620328234	-2.63150516620353
-1.77389942240731	-3.50440278643831	-3.04947336513754	-2.62315446201137
-1.7674308748506	-3.49545395990552	-3.04193829544224	-2.61942144639317
-1.76096232729389	-3.47464070870385	-3.03480508726817	-2.59029889019307
-1.75449377973719	-3.44654694331912	-3.02492861011203	-2.56571275591869
-1.74802523218048	-3.46050195578183	-3.01305491425554	-2.58518742752372
-1.74155668462377	-3.43061572440245	-2.99739217383712	-2.5520638510512
-1.73508813706706	-3.42926781195487	-2.99174903361363	-2.5536996048577
-1.72861958951036	-3.43273805833408	-2.98064260084941	-2.51311932055916
-1.72215104195365	-3.40580943188948	-2.96400963714727	-2.5361715666451
-1.71568249439694	-3.40720449584742	-2.95702101864109	-2.49476676150292
-1.70921394684024	-3.3737471378024	-2.94550546619095	-2.51116452812214
-1.70274539928353	-3.37200260401828	-2.92697890218718	-2.46833217157672
-1.69627685172682	-3.37081200635458	-2.92542383007142	-2.49201230002614
-1.68980830417011	-3.36005784967852	-2.92013886930761	-2.48556363409487
-1.68333975661341	-3.33596402837946	-2.91252381154401	-2.49118954584306
-1.6768712090567	-3.34036001714454	-2.88938527341234	-2.44818489753113
-1.67040266149999	-3.33610755818047	-2.88454062737614	-2.46133938313777
-1.66393411394329	-3.3121387056427	-2.87321162115696	-2.44336557621386
-1.65746556638658	-3.29636344722198	-2.86205601635182	-2.44021956453473
-1.65099701882987	-3.2945468705949	-2.84439806602115	-2.42355693143531
-1.64452847127316	-3.27372167315455	-2.83929544406596	-2.38978556462336
-1.63805992371646	-3.24573933140054	-2.83537740569621	-2.39581614003427
-1.63159137615975	-3.23649466451282	-2.82213733413281	-2.36202385230535
-1.62512282860304	-3.2189816503389	-2.81804620671603	-2.37965873927049
-1.61865428104634	-3.24036362664602	-2.79590140837628	-2.37962629662629
-1.61218573348963	-3.23196454749116	-2.79045885956724	-2.34069481690193
-1.60571718593292	-3.23320892792525	-2.76419296953691	-2.34715324193423
-1.59924863837622	-3.19197931149271	-2.76241724051586	-2.30799229356845
-1.59278009081951	-3.17508914269846	-2.7645553899566	-2.2986462475132
-1.5863115432628	-3.15797140617113	-2.74585591447954	-2.30710425498048
-1.57984299570609	-3.17101448376496	-2.73674868612346	-2.3004213409044
-1.57337444814939	-3.1455801460537	-2.71718841551637	-2.27784482901037
-1.56690590059268	-3.14322840129978	-2.70149980855447	-2.25771170208053
-1.56043735303597	-3.12178546956459	-2.70330602379101	-2.28788337903368
-1.55396880547927	-3.13284894182794	-2.69915552301997	-2.2574251633318
-1.54750025792256	-3.10062593329581	-2.67550938830696	-2.23545868433674
-1.54103171036585	-3.1178205490444	-2.6701846157602	-2.25893214137833
-1.53456316280914	-3.07580997329718	-2.66740692573818	-2.22967977117718
-1.52809461525244	-3.12072677325622	-2.64980455555728	-2.21834017607366
-1.52162606769573	-3.09371737388345	-2.6409140261929	-2.21790242496378
-1.51515752013902	-3.05774320037312	-2.63209941713771	-2.18826005691163
-1.50868897258232	-3.03855228399764	-2.61470075088429	-2.18890080238775
-1.50222042502561	-3.02688222534597	-2.60916990079243	-2.18622256108597
-1.4957518774689	-3.03627897107551	-2.59506831452826	-2.17558268101844
-1.48928332991219	-3.01252655012133	-2.58723855030266	-2.16260892857343
-1.48281478235549	-2.99742852969836	-2.5698716512187	-2.14888467707003
-1.47634623479878	-3.00282167963453	-2.55997615923475	-2.12313100838246
-1.46987768724207	-2.99788851661431	-2.55301942310092	-2.13031083207611
-1.46340913968537	-2.95776394660276	-2.54659916855678	-2.10986323097306
-1.45694059212866	-2.9645361682308	-2.52738724923566	-2.09625581637865
-1.45047204457195	-2.96413596035252	-2.53267425797061	-2.09214258946998
-1.44400349701524	-2.94443584165808	-2.51182964225639	-2.07594938502562
-1.43753494945854	-2.93181923325191	-2.49995803866095	-2.06974008598598
-1.43106640190183	-2.92497272259873	-2.49057696146552	-2.05594633781409
-1.42459785434512	-2.90089717186248	-2.47891515204017	-2.02685399762679
-1.41812930678842	-2.87573115245204	-2.45819037443287	-2.03271139450043
-1.41166075923171	-2.86011481733264	-2.45053527549811	-2.02175700850828
-1.405192211675	-2.86228506298633	-2.44753271330797	-1.99366842748813
-1.39872366411829	-2.86181229533173	-2.43458914841294	-1.99587727045624
-1.39225511656159	-2.82665870704459	-2.42923330237802	-1.98476810269989
-1.38578656900488	-2.80629026190363	-2.41354438502863	-1.98029048668147
-1.37931802144817	-2.83007697181557	-2.41003271892962	-1.98694750230054
-1.37284947389147	-2.81555905102425	-2.38450678064359	-1.95592092833421
-1.36638092633476	-2.79455563886298	-2.38111865794175	-1.93889017546848
-1.35991237877805	-2.78900445007483	-2.37058541471319	-1.91343141236665
-1.35344383122135	-2.78724576420668	-2.36836944190406	-1.94384887785899
-1.34697528366464	-2.75647277180087	-2.3513719069557	-1.91898853368431
-1.34050673610793	-2.74415416260102	-2.33552129283758	-1.91136317677868
-1.33403818855122	-2.77907785069442	-2.32352668611547	-1.88918105973532
-1.32756964099452	-2.74439437475427	-2.31849734123891	-1.86954990401887
-1.32110109343781	-2.72952684215599	-2.30546184448022	-1.85295963268919
-1.3146325458811	-2.71741897227777	-2.2973434160361	-1.84397928104272
-1.3081639983244	-2.70107907433596	-2.28345206785233	-1.85827835984186
-1.30169545076769	-2.67410404949908	-2.27530302708596	-1.85955138731161
-1.29522690321098	-2.65979213301764	-2.26485261681816	-1.83397246658357
-1.28875835565427	-2.66669797527578	-2.24724217616035	-1.81293537187444
-1.28228980809757	-2.66227214297332	-2.22945633260438	-1.80918496999751
-1.27582126054086	-2.66057574069257	-2.23309868563305	-1.81794613366207
-1.26935271298415	-2.62078925966386	-2.21308012240352	-1.78093232233595
-1.26288416542745	-2.63530439085918	-2.19540043866889	-1.78851618497061
-1.25641561787074	-2.616557428191	-2.19291296606549	-1.7807787491639
-1.24994707031403	-2.61218435740805	-2.18526399629312	-1.76043824146373
-1.24347852275732	-2.59400065231202	-2.17631821435649	-1.76788990485614
-1.23700997520062	-2.5657674448411	-2.15817194636599	-1.75124740137716
-1.23054142764391	-2.57400467464329	-2.15075336792163	-1.74560882510031
-1.2240728800872	-2.57722025608844	-2.14507136618371	-1.71294169543179
-1.2176043325305	-2.58696685194205	-2.13989355403918	-1.70521956099986
-1.21113578497379	-2.52459095586236	-2.1290303372213	-1.72671744432962
-1.20466723741708	-2.52652369354058	-2.10429876341753	-1.68435172459448
-1.19819868986037	-2.51729540410656	-2.10510096421534	-1.67086213245228
-1.19173014230367	-2.51519352637386	-2.07526241622276	-1.660437006972
-1.18526159474696	-2.48309109842735	-2.07367499538954	-1.65515471099725
-1.17879304719025	-2.48672844448133	-2.06769217194059	-1.65702183914315
-1.17232449963355	-2.48181830621311	-2.05543117053764	-1.629320742585
-1.16585595207684	-2.47309054828242	-2.0479420520483	-1.61158330906962
-1.15938740452013	-2.46156880768333	-2.0358582404644	-1.62419405223274
-1.15291885696342	-2.46808132250589	-2.02189663568685	-1.58332257453237
-1.14645030940672	-2.41407960216458	-2.02274839865951	-1.59774372212231
-1.13998176185001	-2.43226758613083	-2.00201679087904	-1.58296972994739
-1.1335132142933	-2.41432904517152	-1.99787940586644	-1.56888256929003
-1.1270446667366	-2.38487345628669	-1.9823086035483	-1.5676581765424
-1.12057611917989	-2.35964611371816	-1.97043970159939	-1.54444522362529
-1.11410757162318	-2.37458178857531	-1.95969137628841	-1.52923064390082
-1.10763902406647	-2.35925260262976	-1.94105148033444	-1.52009331412403
-1.10117047650977	-2.3455034081378	-1.95009165912139	-1.53371192622364
-1.09470192895306	-2.34283140739899	-1.92783322191183	-1.54111000793082
-1.08823338139635	-2.33619985816244	-1.92425349431464	-1.47493886847126
-1.08176483383965	-2.31718162786489	-1.89921295305659	-1.49955929100651
-1.07529628628294	-2.3049191299357	-1.89207673916751	-1.4709305994281
-1.06882773872623	-2.304426690232	-1.88427289783601	-1.49051740989338
-1.06235919116953	-2.27353980262571	-1.8729146471445	-1.452836712946
-1.05589064361282	-2.26022975809804	-1.86020362712606	-1.46269606406164
-1.04942209605611	-2.25239872676922	-1.85244031040817	-1.44234780124221
-1.0429535484994	-2.27944862707961	-1.84121805380113	-1.40232511058144
-1.0364850009427	-2.25737396151568	-1.84395894040066	-1.42360803896931
-1.03001645338599	-2.25361065147451	-1.82037208096839	-1.40682636287435
-1.02354790582928	-2.21791154161245	-1.81616286869934	-1.40213451003379
-1.01707935827258	-2.20713574115771	-1.79800009947797	-1.38301107668647
-1.01061081071587	-2.18993219177793	-1.78760497540015	-1.38650406082587
-1.00414226315916	-2.16230740804719	-1.77897759379213	-1.37587119423344
-0.997673715602454	-2.17108195738403	-1.7686488365646	-1.34894223851727
-0.991205168045747	-2.19168316834298	-1.76159623899456	-1.35052102061915
-0.98473662048904	-2.14270835355012	-1.75607253908117	-1.35878579820386
-0.978268072932333	-2.14741648065078	-1.73073691986174	-1.31007070006498
-0.971799525375626	-2.11318736783347	-1.71798401116295	-1.31818906324544
-0.965330977818919	-2.11090496213808	-1.72036319038183	-1.30246377091125
-0.958862430262212	-2.12402473678877	-1.70388298179914	-1.26659444986053
-0.952393882705504	-2.08314879387585	-1.70410918179671	-1.27218015336191
-0.945925335148797	-2.0944003202564	-1.67592035932502	-1.27813819602265
-0.93945678759209	-2.06805577357578	-1.66979189890629	-1.24558669646368
-0.932988240035383	-2.08888057478152	-1.65951683646294	-1.25167847607792
-0.926519692478676	-2.04439894154836	-1.64626442080603	-1.24674748011413
-0.920051144921969	-2.0434281794594	-1.6401090906512	-1.23649299770916
-0.913582597365262	-2.04820362340417	-1.62483426521225	-1.2003933079039
-0.907114049808555	-2.01972181622191	-1.61307217797924	-1.20927437483039
-0.900645502251848	-2.01861503533368	-1.61642255750317	-1.17831497282167
-0.89417695469514	-2.01458414147966	-1.60076105721366	-1.19764237681374
-0.887708407138433	-1.98175872166557	-1.59376658880937	-1.18839094726489
-0.881239859581726	-1.98097212642352	-1.56965102941204	-1.13695454301356
-0.874771312025019	-1.97507104374087	-1.56666162968712	-1.15639603044563
-0.868302764468312	-1.95042086849248	-1.5585698838455	-1.15398949115705
-0.861834216911605	-1.96642754006556	-1.54309812024275	-1.13346520520323
-0.855365669354898	-1.94130792811985	-1.53541658911881	-1.12172195723947
-0.848897121798191	-1.92074913398434	-1.52141221169753	-1.12146631623945
-0.842428574241484	-1.89774426645596	-1.51038526836216	-1.10600329579511
-0.835960026684776	-1.91374603988326	-1.50505158532472	-1.08709025332578
-0.829491479128069	-1.91411996602691	-1.49176276868736	-1.0914865319584
-0.823022931571362	-1.87049827297173	-1.47594566358673	-1.06479607617092
-0.816554384014655	-1.87111119949199	-1.47280223029118	-1.07083137729974
-0.810085836457948	-1.88043525113815	-1.46239391458256	-1.04022133387976
-0.803617288901241	-1.84364419629537	-1.45347183272634	-1.07629944000019
-0.797148741344534	-1.85039478929668	-1.43832394833949	-1.02125324047706
-0.790680193787827	-1.83586465537399	-1.42987799467319	-1.03134133618286
-0.78421164623112	-1.81378478154857	-1.41163300561224	-0.998654966954298
-0.777743098674412	-1.79176735442897	-1.39768692457551	-0.991419466686252
-0.771274551117705	-1.83181364273322	-1.39194605992131	-0.993390257295057
-0.764806003560998	-1.79247298424558	-1.39258251119322	-0.978345547543875
-0.758337456004291	-1.77356521239476	-1.37072034362121	-0.964526162267043
-0.751868908447584	-1.75662659498414	-1.36341438003895	-0.955501587974169
-0.745400360890877	-1.76520458713671	-1.35291547236605	-0.94284411079796
-0.73893181333417	-1.7502204071164	-1.34379585242708	-0.946646328548138
-0.732463265777463	-1.74555562225507	-1.32977222529179	-0.938405831084318
-0.725994718220756	-1.72249112364078	-1.30908956161227	-0.924320010903126
-0.719526170664049	-1.71658928960961	-1.31469337481679	-0.908987489260659
-0.713057623107342	-1.70044248161496	-1.28871543789939	-0.902711290988099
-0.706589075550634	-1.69196141067112	-1.28520736507244	-0.881872753192825
-0.700120527993927	-1.65746944261206	-1.27521575968269	-0.871962659626235
-0.69365198043722	-1.65495036882785	-1.2609288496338	-0.847899884763169
-0.687183432880513	-1.65778601290193	-1.24131679935859	-0.874101714984447
-0.680714885323806	-1.65598337433967	-1.23808067561472	-0.846131529938913
-0.674246337767099	-1.64689894557311	-1.23919397261836	-0.816653085550715
-0.667777790210392	-1.63261412653106	-1.22132656528199	-0.83244127129187
-0.661309242653685	-1.59978339955168	-1.20498153393392	-0.808469403332526
-0.654840695096978	-1.61786811033796	-1.20038133809339	-0.816776714918152
-0.64837214754027	-1.58697099934223	-1.19308139194824	-0.800147063072876
-0.641903599983563	-1.57871589317696	-1.17657817634713	-0.760598464441283
-0.635435052426856	-1.58133791868972	-1.17696534508169	-0.773628783587973
-0.628966504870149	-1.54785994622211	-1.15872197439965	-0.753063998000143
-0.622497957313442	-1.537391634214	-1.15539256174527	-0.768998148362124
-0.616029409756735	-1.51131332237379	-1.13175327431237	-0.728973151505447
-0.609560862200028	-1.54552950205651	-1.11272700988496	-0.730036774455258
-0.603092314643321	-1.5138477880743	-1.11945538661118	-0.711348324906316
-0.596623767086613	-1.48768508307526	-1.10296773146686	-0.702926399214209
-0.590155219529906	-1.49884517209803	-1.09347090607296	-0.686018637516486
-0.5836866719732	-1.47304441739464	-1.07953463614966	-0.688758635928798
-0.577218124416492	-1.47484808047791	-1.06790319311346	-0.666787070355669
-0.570749576859785	-1.47597457199381	-1.06062743118804	-0.665464660975412
-0.564281029303078	-1.45503632075713	-1.04075101880267	-0.667078825762454
-0.557812481746371	-1.44640675225982	-1.03395675739882	-0.645018111061134
-0.551343934189664	-1.40632912469872	-1.02227544175257	-0.633272944152809
-0.544875386632957	-1.43063120403647	-1.01752354946937	-0.617994460874987
-0.53840683907625	-1.41288095129257	-1.01056589072479	-0.603277980319975
-0.531938291519543	-1.40692907715083	-0.99507093187014	-0.603619858760073
-0.525469743962835	-1.36144616415463	-0.985018465489835	-0.598103437967355
-0.519001196406128	-1.35971858984502	-0.978489510125143	-0.581890934789186
-0.512532648849421	-1.37445909376649	-0.971899965026819	-0.576270929035815
-0.506064101292714	-1.36210524179163	-0.963107800849557	-0.563813469323161
-0.499595553736007	-1.35069618643266	-0.944156139477784	-0.554127407343026
-0.4931270061793	-1.33259542917444	-0.928374190648075	-0.523569573724146
-0.486658458622593	-1.3126562085712	-0.923730820663406	-0.531831188527146
-0.480189911065886	-1.31335172147232	-0.911599283029892	-0.528702739395488
-0.473721363509179	-1.29598430750599	-0.903735927696574	-0.492240110508949
-0.467252815952471	-1.27369038399442	-0.890713542347915	-0.485204208430826
-0.460784268395764	-1.28799630539842	-0.883515828319021	-0.486472826160894
-0.454315720839057	-1.27170408547738	-0.873678142448354	-0.487006492061379
-0.44784717328235	-1.25670922069116	-0.853087970605257	-0.460328814665958
-0.441378625725643	-1.23241977578945	-0.848924335824305	-0.457635873370906
-0.434910078168936	-1.23807395708712	-0.824003340909838	-0.445744432375475
-0.428441530612229	-1.21515976943816	-0.830602718212903	-0.421106498282644
-0.421972983055522	-1.2178847099091	-0.816606429105608	-0.425304811404782
-0.415504435498815	-1.20007767504455	-0.809794432715866	-0.401534351009395
-0.409035887942107	-1.17513058520041	-0.790723896754752	-0.394442845589501
-0.4025673403854	-1.17416267714327	-0.778132289433098	-0.370918165965394
-0.396098792828693	-1.16301466770369	-0.769897176836667	-0.374186116784593
-0.389630245271986	-1.14777196251095	-0.766321506914446	-0.353441158099819
-0.383161697715279	-1.14189428813836	-0.749011914063728	-0.354902749612148
-0.376693150158572	-1.14918623976798	-0.745399661949343	-0.358964175680321
-0.370224602601865	-1.11536754256319	-0.732928858987165	-0.336007963995249
-0.363756055045158	-1.11444152288052	-0.71988941938732	-0.348099017568867
-0.357287507488451	-1.08234335315133	-0.71623190184286	-0.314141326491201
-0.350818959931744	-1.07944858830615	-0.700820755560648	-0.315312833037853
-0.344350412375036	-1.08741397645781	-0.693715108607451	-0.316624209454593
-0.337881864818329	-1.08390816826669	-0.675566050792626	-0.29569858912189
-0.331413317261622	-1.06956532657753	-0.663715269848542	-0.259875592943621
-0.324944769704915	-1.05095970539858	-0.654008857251892	-0.242158299972856
-0.318476222148208	-1.05011051805542	-0.648661826825474	-0.258526163405249
-0.312007674591501	-1.02525899602198	-0.630658913103122	-0.239713448098758
-0.305539127034794	-1.03196425803806	-0.633322093525536	-0.235503483347723
-0.299070579478087	-1.01508711165825	-0.61617478794817	-0.21274115261908
-0.29260203192138	-0.99325916509039	-0.601961793004536	-0.195675836593375
-0.286133484364673	-1.00645972374259	-0.593672916785596	-0.213077312559268
-0.279664936807965	-0.969576951986755	-0.57745565478618	-0.198933076694056
-0.273196389251258	-0.97145132207757	-0.574550204564212	-0.182242830467706
-0.266727841694551	-0.931233339506225	-0.557139007145663	-0.153641004887278
-0.260259294137844	-0.942529484733504	-0.546787275839044	-0.155783114679847
-0.253790746581137	-0.948048020440944	-0.543768232542231	-0.156342059267324
-0.24732219902443	-0.901273813851823	-0.520773885228909	-0.137788976361926
-0.240853651467723	-0.895935102852975	-0.519541142904718	-0.133858745410904
-0.234385103911016	-0.880433578768001	-0.50416392824423	-0.106075873793584
-0.227916556354309	-0.899990164728353	-0.500540969312753	-0.0880947597723467
-0.221448008797601	-0.864497201230956	-0.485905581887189	-0.0897044824514994
-0.214979461240894	-0.85483119007187	-0.469890686285405	-0.0846416404489777
-0.208510913684187	-0.85509827562884	-0.458969358809251	-0.0431353527161519
-0.20204236612748	-0.84069193967441	-0.451010163155195	-0.0486610882602518
-0.195573818570773	-0.807349000228665	-0.44299005726786	-0.0480760044897344
-0.189105271014066	-0.825994730738325	-0.432819467754092	-0.0479541542049768
-0.182636723457359	-0.799931974722228	-0.414734457298907	-0.0460725657667896
-0.176168175900652	-0.794393876544454	-0.40223033210332	-0.0364029151433575
-0.169699628343945	-0.799189318264502	-0.390470232068313	-0.0208427398761648
-0.163231080787237	-0.751501427703968	-0.381038444553908	-2.25254644669998e-05
-0.15676253323053	-0.760961835545289	-0.376229097863511	0.00441116341480989
-0.150293985673823	-0.739863560948361	-0.367427655913329	0.00449309291694879
-0.143825438117116	-0.732874081965291	-0.363775911536766	0.0147335225679331
-0.137356890560409	-0.738348003233942	-0.354350132505354	0.0167253144568551
-0.130888343003702	-0.717490202085682	-0.334431368857339	0.0398890932399327
-0.124419795446995	-0.719862921974724	-0.320894761401903	0.0604681710941613
-0.117951247890288	-0.6989785607427	-0.317112818274017	0.0517901943141935
-0.111482700333581	-0.695162036493746	-0.295586971757847	0.0792370508454419
-0.105014152776874	-0.685811219968708	-0.280486544940349	0.082029006598183
-0.0985456052201665	-0.661363965471611	-0.284211071415806	0.0999710258849482
-0.0920770576634593	-0.656245162450916	-0.270682750766148	0.11571476696009
-0.0856085101067523	-0.640455249907136	-0.249970237191501	0.118101933368694
-0.0791399625500451	-0.623251252618672	-0.259593849492225	0.137947205346645
-0.0726714149933381	-0.627207179073373	-0.240647506755088	0.149300441805414
-0.0662028674366308	-0.609024370653417	-0.229029663779866	0.162154561037577
-0.0597343198799238	-0.59378396921692	-0.226815466248437	0.163284864423389
-0.0532657723232166	-0.571150652189822	-0.202212428841845	0.179143179752411
-0.0467972247665096	-0.584684402784278	-0.196855840257982	0.210821136732414
-0.0403286772098026	-0.557645131217371	-0.198108325495951	0.169943071204131
-0.0338601296530954	-0.579366202956303	-0.172954649366601	0.203880217012741
-0.0273915820963884	-0.541061137887691	-0.16573746865431	0.226411787279189
-0.0209230345396811	-0.519719094277841	-0.159719608434579	0.235957842571554
-0.0144544869829741	-0.542734316027222	-0.147698313306481	0.245566689340814
-0.00798593942626691	-0.511727037667631	-0.12384028852898	0.240860263855848
-0.0015173918695599	-0.50762829491656	-0.128669879785036	0.264360890863545
0.00495115568714732	-0.526824667543485	-0.105239150192659	0.28823565756202
0.0114197032438543	-0.486120463286478	-0.097062073672899	0.266071170762804
0.0178882508005616	-0.47255179063337	-0.0859423493599565	0.298330861258487
0.0243567983572686	-0.450652424299925	-0.0662820011813614	0.318221569482592
0.0308253459139756	-0.452558242215057	-0.0605047872575039	0.31951042038436
0.0372938934706828	-0.421301690218638	-0.0590851772885391	0.322803718756279
0.0437624410273898	-0.41723561842619	-0.0423602395596836	0.351194150765223
0.050230988584097	-0.4176184313502	-0.0245020995531934	0.357306073866357
0.056699536140804	-0.414987043374087	-0.0214794071524228	0.368212947691952
0.0631680836975113	-0.400176463356502	-0.00604056338761413	0.375212099180557
0.0696366312542183	-0.37336023948873	-0.00159118837987375	0.384495197779446
0.0761051788109255	-0.374203972564269	0.00220309249455621	0.392900391993645
0.0825737263676325	-0.367709677716548	0.0232044528241909	0.385135776218176
0.0890422739243397	-0.362567153517583	0.025591853919017	0.40234023530806
0.0955108214810467	-0.326640315722812	0.0419448676755594	0.429049373569835
0.101979369037754	-0.311273036851587	0.046037826409777	0.429333749623418
0.108447916594461	-0.320505243066232	0.0696345487259339	0.442988082574638
0.114916464151168	-0.306803784930222	0.0707262176400865	0.448883935906887
0.121385011707875	-0.302901799678944	0.0858751602984026	0.469639229794834
0.127853559264582	-0.288892783169582	0.0915372453701662	0.470086772277021
0.134322106821289	-0.259254578801845	0.105351149349649	0.476123885784887
0.140790654377997	-0.261639716126857	0.115808468506197	0.474795349583186
0.147259201934704	-0.279544437372093	0.141356958289776	0.520672907144285
0.153727749491411	-0.257030582768499	0.13627335468365	0.530297852191707
0.160196297048118	-0.220565469122172	0.159575910219311	0.538169552846134
0.166664844604825	-0.226148925855469	0.149372142504762	0.550342044167923
0.173133392161532	-0.209412976554964	0.167907314104087	0.566463113056779
0.179601939718239	-0.21421975841318	0.176875495041686	0.552862077655326
0.186070487274946	-0.18674743579167	0.191830552621286	0.563352711237562
0.192539034831653	-0.169383276547231	0.203100496884804	0.579548404901113
0.199007582388361	-0.171796017991433	0.213063147016103	0.584541984423635
0.205476129945068	-0.161956356283984	0.214996829497758	0.576349508971474
0.211944677501775	-0.143044328665286	0.233462391778167	0.622681381167946
0.218413225058482	-0.134054125760852	0.243335853258298	0.596181415676612
0.224881772615189	-0.138258959078163	0.252560923425358	0.628226341914237
0.231350320171896	-0.130951496406772	0.257755354777355	0.636066849471932
0.237818867728603	-0.110915570644829	0.279115567961331	0.634606329626035
0.24428741528531	-0.0754508705266091	0.300242263087224	0.676191141482173
0.250755962842017	-0.0765222159059698	0.308793724868274	0.705068585019591
0.257224510398725	-0.042733973851787	0.302469369625273	0.701495867354163
0.263693057955432	-0.0448761156472001	0.316088471761054	0.688211806285506
0.270161605512139	-0.0701280671592325	0.320899108450788	0.71267751277867
0.276630153068846	-0.0367459489116598	0.343009520109325	0.706768188174159
0.283098700625553	-0.0185246460760637	0.353787391190653	0.737936595236979
0.28956724818226	-0.0196984113496499	0.36637676473243	0.72820866586394
0.296035795738967	0.00419800836857558	0.375172904114045	0.757087428700036
0.302504343295674	-0.0107513768377187	0.38317835255049	0.757847859156523
0.308972890852381	0.0201887272184674	0.393127217638493	0.749926741025785
0.315441438409088	0.0326499287540233	0.400574980973387	0.749234513026286
0.321909985965795	0.0243854366023435	0.411022663358883	0.775815515128945
0.328378533522502	0.0631424970345486	0.433001289733029	0.803921477180575
0.334847081079209	0.0776805524616931	0.450060930662445	0.833447436943298
0.341315628635917	0.0641497069609071	0.449827193485273	0.815102263195886
0.347784176192624	0.0858448938083927	0.457774646385189	0.85172426194577
0.354252723749331	0.0931294431328985	0.475469395580291	0.835741397205135
0.360721271306038	0.108337859273649	0.480315488761357	0.867839355554117
0.367189818862745	0.124052312895178	0.486896734605877	0.859268132489019
0.373658366419452	0.117753364025143	0.499231951086933	0.857760899394232
0.380126913976159	0.152558958029771	0.506846573025028	0.880564958448387
0.386595461532866	0.148897625541713	0.518311752109428	0.893141165279284
0.393064009089573	0.151693583894468	0.539729383019489	0.888324846263309
0.399532556646281	0.174247690844063	0.545786882079473	0.919937127508957
0.406001104202988	0.18534201960792	0.565888987268746	0.935927235024991
0.412469651759695	0.166294917516352	0.556355953851213	0.942839824077061
0.418938199316402	0.209219191340602	0.573625449105255	0.95592810463082
0.425406746873109	0.205253783984435	0.581147296767026	0.976495415387972
0.431875294429816	0.211943399590154	0.590845506748994	0.981937589094327
0.438343841986523	0.243874599107039	0.605301762535394	0.97791632710967
0.44481238954323	0.23794451359189	0.618532917955742	0.996988404162939
0.451280937099937	0.240458683672138	0.641620245475464	1.00448218015277
0.457749484656645	0.274652376489872	0.64417938711414	1.01316690116245
0.464218032213352	0.289965600665197	0.653718725569834	1.00939086064656
0.470686579770059	0.307245444572894	0.671632392737313	1.02190435147555
0.477155127326766	0.305450340159089	0.67473233241165	1.05153168558848
0.483623674883473	0.307542979389503	0.69012048107714	1.04064397191149
0.49009222244018	0.321144731770847	0.695894811454513	1.0786981001985
0.496560769996887	0.331934729162151	0.711070925364528	1.09190541777864
0.503029317553594	0.32445026961607	0.713213986677231	1.07678745675081
0.509497865110302	0.368847634683913	0.729094874380107	1.11055346576994
0.515966412667009	0.376190430393267	0.739442356701993	1.11505473987314
0.522434960223716	0.399643204548042	0.75182370871831	1.10776329176732
0.528903507780423	0.394726800970018	0.766944313377431	1.13613266277836
0.53537205533713	0.403968285710902	0.765915143443659	1.13743975017199
0.541840602893837	0.400586563592314	0.776497307848533	1.17067684749974
0.548309150450544	0.434145152144088	0.798005379245398	1.16657397597939
0.554777698007251	0.424185445598742	0.808804192807012	1.20607723740648
0.561246245563958	0.431372018700451	0.807354836249755	1.18431257855934
0.567714793120666	0.446168325819729	0.830038366587855	1.18636497878936
0.574183340677373	0.465118100905226	0.837255776225692	1.22588565247135
0.58065188823408	0.456638655038885	0.84005509162185	1.22454104395024
0.587120435790787	0.469599966279691	0.855926742290035	1.24610431401519
0.593588983347494	0.486616519358616	0.86657312272942	1.22337995296178
0.600057530904201	0.513956598603833	0.870406335452869	1.26438297951342
0.606526078460908	0.520715317561226	0.879839621498728	1.25240076034664
0.612994626017615	0.505836869903489	0.897181753740589	1.28004588963046
0.619463173574322	0.531779025963214	0.90895904916651	1.28288992477738
0.62593172113103	0.566378937889021	0.92104087963775	1.29643906013398
0.632400268687737	0.566420519673924	0.92447653953039	1.29307450361183
0.638868816244444	0.560735318746229	0.951174061857481	1.30550191475656
0.645337363801151	0.568016357927548	0.955385579887282	1.33851504831092
0.651805911357858	0.590770043294129	0.966937216497669	1.32795892285198
0.658274458914565	0.590087175307003	0.965888258513711	1.34465192536809
0.664743006471272	0.630219415460835	0.981844806039842	1.36842468613059
0.671211554027979	0.621116809558223	0.994045212584465	1.37452925605345
0.677680101584686	0.604561060748526	1.01323309343	1.38985550024347
0.684148649141394	0.641297719788058	1.00715973616828	1.3950003404838
0.6906171966981	0.645828723862522	1.02043626606859	1.3884000546609
0.697085744254808	0.677759272153423	1.04291746349196	1.43390528395483
0.703554291811515	0.669574415238138	1.05069226088613	1.42811686134913
0.710022839368222	0.692478189173878	1.06635887045441	1.41892617179094
0.716491386924929	0.687896256204859	1.06304982561542	1.43826810683983
0.722959934481636	0.713848239090848	1.07212989737988	1.44821870450864
0.729428482038343	0.719500455379698	1.08696216778103	1.45342688465606
0.73589702959505	0.747677974569409	1.10280903828817	1.48038398781668
0.742365577151757	0.755571072938838	1.11185302695347	1.47764378854299
0.748834124708464	0.742336179898063	1.125247116163	1.50522856900219
0.755302672265171	0.7464685141897	1.13322504422479	1.51244010517422
0.761771219821878	0.753497693976035	1.14530946599865	1.53809256036222
0.768239767378586	0.78507874903826	1.16239949666135	1.53377398765571
0.774708314935293	0.805730278289699	1.15540530547774	1.53423499383595
0.781176862492	0.820861986534514	1.1682227095589	1.5311663467151
0.787645410048707	0.825484333538442	1.19318543738106	1.56114111827718
0.794113957605414	0.82692913503121	1.20317912869468	1.56768437113788
0.800582505162121	0.846756732059244	1.21424747696381	1.57589519704198
0.807051052718828	0.861468275902932	1.22294192299841	1.58285146786233
0.813519600275535	0.871878064297179	1.23539760372757	1.61681317870566
0.819988147832242	0.86164628902986	1.24284672673809	1.60675051495104
0.82645669538895	0.884072182615551	1.24932135320369	1.64103647898811
0.832925242945657	0.895729820625749	1.26185416993043	1.63222873529827
0.839393790502364	0.89561602909251	1.27329679619848	1.63166798506195
0.845862338059071	0.915329374016978	1.3004491717599	1.66076456161781
0.852330885615778	0.916975583682379	1.28907180630702	1.63853806554081
0.858799433172485	0.937817902501735	1.3144283155206	1.66846847264543
0.865267980729192	0.951313673444089	1.30542977373402	1.6835726471606
0.871736528285899	0.95722218571372	1.33245698169108	1.67957389536506
0.878205075842606	0.96985921133968	1.33387730417545	1.70707930590755
0.884673623399314	0.989306387264664	1.33796424868827	1.70255075863258
0.891142170956021	0.995328933868973	1.36290650496715	1.7232117762602
0.897610718512728	0.993506903415514	1.37479874282448	1.73286984787639
0.904079266069435	0.992268180752389	1.38313977404299	1.76105225756525
0.910547813626142	1.03085267594726	1.39109026233523	1.75202222416641
0.917016361182849	1.02176619331376	1.40202186309603	1.7759624611924
0.923484908739556	1.0343777286379	1.40869520061995	1.77063180945722
0.929953456296263	1.06937706669818	1.42082238990326	1.76780513552521
0.93642200385297	1.07789855278685	1.43968383231243	1.7968299012501
0.942890551409678	1.07098852606758	1.44669506248542	1.82480064600964
0.949359098966385	1.08036163022784	1.44998045406652	1.81215805835016
0.955827646523092	1.0931744261255	1.46488261820052	1.84248142915239
0.962296194079799	1.11363254421482	1.46287279419003	1.85300586543858
0.968764741636506	1.11005240082728	1.48162423659297	1.84056794548458
0.975233289193213	1.13207922614748	1.48929551425891	1.87435589787444
0.98170183674992	1.14096166078936	1.5046659750353	1.86473426731469
0.988170384306627	1.15768587805333	1.52146370374206	1.89514038341302
0.994638931863335	1.16225337635634	1.52555467086348	1.89386652643026
1.00110747942004	1.17720338781546	1.53592607729251	1.90955081587804
1.00757602697675	1.18558728536843	1.55541407978907	1.91727975814176
1.01404457453346	1.19097821118983	1.56540952190997	1.91958706955884
1.02051312209016	1.19443779372756	1.57716058032454	1.92328298922566
1.02698166964687	1.21944896184267	1.58237484481145	1.93393425683976
1.03345021720358	1.20160651842216	1.59879547311151	1.96789008800775
1.03991876476028	1.26275954853904	1.60990488817886	1.99165216278384
1.04638731231699	1.24373115045111	1.61325526309045	1.98601984954435
1.0528558598737	1.26464326521278	1.62664790413984	2.01421548757936
1.05932440743041	1.24221880942576	1.63981687104415	2.00897204793622
1.06579295498711	1.27412731851821	1.65888413074017	2.0183587633934
1.07226150254382	1.29406146208276	1.6538534564454	2.02875503311385
1.07873005010053	1.3052015186031	1.66196564975175	2.03543109163012
1.08519859765723	1.3019944639516	1.67654775724152	2.07114978571469
1.09166714521394	1.32039504970323	1.68769314417906	2.06559657189816
1.09813569277065	1.32587861912844	1.70144190372621	2.064671465504
1.10460424032736	1.31054774458643	1.71275502358437	2.07407065784814
1.11107278788406	1.33855920789162	1.72656504385185	2.08937427718848
1.11754133544077	1.3584827323693	1.73345003917061	2.09712957499402
1.12400988299748	1.38765050272132	1.74942059890351	2.11147204888523
1.13047843055418	1.3885455806521	1.74950933045436	2.11274413356621
1.13694697811089	1.39966599476996	1.76732638111567	2.14190211929932
1.1434155256676	1.40474364843548	1.77724691965226	2.14359596900282
1.1498840732243	1.43731365831735	1.77935418221144	2.14717720499179
1.15635262078101	1.42766623180142	1.7920273694693	2.15070898589292
1.16282116833772	1.46747667589322	1.80657335961948	2.18651270012628
1.16928971589443	1.44556597479643	1.82116011975779	2.18160835714634
1.17575826345113	1.50413382356672	1.83896463946395	2.20156834999346
1.18222681100784	1.48763779454465	1.84438553051382	2.21052888534315
1.18869535856455	1.48558865409689	1.85719137931556	2.22693584269022
1.19516390612125	1.49289107845163	1.86525167081077	2.24385783826199
1.20163245367796	1.50132255748352	1.8727014103952	2.23593906858343
1.20810100123467	1.52296918034553	1.88160911343507	2.24502788772052
1.21456954879138	1.53151574677337	1.89500086643006	2.25669868179609
1.22103809634808	1.55435887965609	1.90970589445227	2.28579318152367
1.22750664390479	1.56345529119247	1.91137890516532	2.28296436094708
1.2339751914615	1.5524435830401	1.92811209112824	2.29118819062114
1.2404437390182	1.56083233498498	1.94177477603408	2.29726783880025
1.24691228657491	1.58947537023408	1.95457893592532	2.31782251036148
1.25338083413162	1.57100230949702	1.94891519476436	2.31715412695885
1.25984938168833	1.6032668903763	1.9744920056987	2.32675381619613
1.26631792924503	1.63673048095088	1.98087296654367	2.34164304392929
1.27278647680174	1.62518218881882	1.99325380081363	2.36358546677241
1.27925502435845	1.6345849635183	1.99400794735174	2.36742579681369
1.28572357191515	1.63718940051936	2.01377243640635	2.36021823200044
1.29219211947186	1.67064816347024	2.02544678686965	2.38559833191066
1.29866066702857	1.66967447014423	2.04024325780894	2.41507112645617
1.30512921458528	1.67812339546378	2.05156076181296	2.4151512583115
1.31159776214198	1.68889356186436	2.05580302142821	2.41894497165463
1.31806630969869	1.73157673285458	2.06924909464714	2.442329945307
1.3245348572554	1.71018626655205	2.06971119708231	2.44372739316183
1.3310034048121	1.71588567780841	2.08160216475987	2.4491783761781
1.33747195236881	1.72630872454973	2.09966289890184	2.47612064947525
1.34394049992552	1.74146285150773	2.10295890948462	2.45568547214743
1.35040904748223	1.74561262146249	2.11669508023614	2.49010248986836
1.35687759503893	1.75468805885216	2.13254037364577	2.50081836018056
1.36334614259564	1.77480863571088	2.13607598248235	2.50800606179489
1.36981469015235	1.79530431774547	2.15360808219644	2.53058591134905
1.37628323770905	1.79489955981153	2.17097754361345	2.52519448027013
1.38275178526576	1.79576364188029	2.17085489365983	2.53522407380295
1.38922033282247	1.8247724545031	2.19362391320673	2.55479318898625
1.39568888037918	1.8273372103826	2.1936745862714	2.56729469546814
1.40215742793588	1.83874758915166	2.19528988343652	2.5741983220905
1.40862597549259	1.84205480926465	2.2218802798572	2.5834432937686
1.4150945230493	1.86416648370501	2.21976546729931	2.5734181412912
1.421563070606	1.87834186301397	2.2301186710972	2.60309767909712
1.42803161816271	1.8827992831562	2.25647280494037	2.60800275216923
1.43450016571942	1.87010778616478	2.25257843007142	2.64083182245302
1.44096871327612	1.90110940838813	2.26361724802268	2.63719878940291
1.44743726083283	1.92221724799064	2.28509229139645	2.63170075530555
1.45390580838954	1.92086269259407	2.29127740218728	2.66783610087743
1.46037435594625	1.94594156801775	2.30888593146562	2.66169918826185
1.46684290350295	1.9367977144817	2.31658175872077	2.69675252686492
1.47331145105966	1.95289527524611	2.32190985278894	2.69418164762387
1.47977999861637	1.97859308071864	2.32950462919702	2.70244800221499
1.48624854617307	1.96676320117988	2.33268094442005	2.72816569748796
1.49271709372978	1.98908984746016	2.34426666866784	2.71283724382382
1.49918564128649	2.0010735171002	2.37609802245105	2.76630887365982
1.5056541888432	2.01803616241326	2.37948983207083	2.74294200118644
1.5121227363999	2.04276500320088	2.38732309265521	2.74369770431395
1.51859128395661	2.06014005428935	2.40525123040614	2.74060306469989
1.52505983151332	2.0400644753752	2.41738535430965	2.76747290834378
1.53152837907002	2.05733203571592	2.41880022408516	2.79937636313764
1.53799692662673	2.0473064740104	2.42428218218525	2.79447460622037
1.54446547418344	2.07957331473603	2.44744241400977	2.82648989870633
1.55093402174015	2.10648444585939	2.46018437097533	2.82473093159903
1.55740256929685	2.12409907864294	2.45519520961121	2.82298028984836
1.56387111685356	2.10167232020004	2.46432899591585	2.85117409730008
1.57033966441027	2.11285633507995	2.48359508002938	2.84041462802334
1.57680821196697	2.12166415231548	2.49541716524233	2.85181619108865
1.58327675952368	2.14653818937027	2.50277872299276	2.86353881928366
1.58974530708039	2.15023742934774	2.51792765525771	2.87191586457122
1.5962138546371	2.15178535465166	2.52359199999707	2.90100316147119
1.6026824021938	2.17203224037226	2.53548749356053	2.90332425314344
1.60915094975051	2.19500170568684	2.55063810834602	2.91696355644103
1.61561949730722	2.18823757891523	2.55742616164638	2.93157922631861
1.62208804486392	2.20332258978106	2.56897641769956	2.9332870102016
1.62855659242063	2.23072302531892	2.58090959398114	2.96830939348928
1.63502513997734	2.22397496032103	2.58805022579	2.95907480123958
1.64149368753404	2.2044371388801	2.59610722672651	2.97246136328694
1.64796223509075	2.22912305389994	2.60602345015381	2.95863855351194
1.65443078264746	2.25446747974875	2.62439949536863	2.9753015025149
1.66089933020417	2.27402033008225	2.63669717146748	2.98553991183842
1.66736787776087	2.27283180614784	2.64854460713993	3.02363891822525
1.67383642531758	2.28327615479629	2.65491433255729	3.02197148345885
1.68030497287429	2.28539217508122	2.67489516807738	3.02583523830672
1.68677352043099	2.30779175865649	2.67495091576682	3.05810790594439
1.6932420679877	2.32553552215698	2.6917407557558	3.04212585498916
1.69971061554441	2.34049021385005	2.69526445620432	3.07568792961778
1.70617916310112	2.31610212364204	2.71014407054346	3.09257407067006
1.71264771065782	2.36591604688328	2.71976863226888	3.08024963915869
1.71911625821453	2.3597822940785	2.73214082873635	3.11428495965173
1.72558480577124	2.36343709039274	2.73934426290985	3.10082527643154
1.73205335332794	2.37692787399054	2.75349755174419	3.10806063676272
1.73852190088465	2.39235379820954	2.76611849408383	3.13452097007282
1.74499044844136	2.40866004903678	2.76907164789866	3.1405659265324
1.75145899599807	2.41709474791947	2.79180000977894	3.15739995304088
1.75792754355477	2.42999945453519	2.7976695482442	3.16711084032934
1.76439609111148	2.41758402000278	2.80290958450089	3.19473465262231
1.77086463866819	2.44245630312827	2.81647822491902	3.15838485458516
1.77733318622489	2.46259999743156	2.82899131181576	3.18222627013217
1.7838017337816	2.4809719381312	2.84431520235539	3.21078917004682
1.79027028133831	2.48422052222494	2.85208810364508	3.21199894551566
1.79673882889502	2.49760441914013	2.85743801716591	3.2232127648372
1.80320737645172	2.50898653947424	2.878468572998	3.25145438219614
1.80967592400843	2.51868075699797	2.88273801465884	3.25214606106623
1.81614447156514	2.52317107233468	2.88416299892036	3.26033455913438
1.82261301912184	2.54733399830209	2.90411095670541	3.27548543357163
1.82908156667855	2.55380800708711	2.92188392410244	3.25634244760944
1.83555011423526	2.55495369524189	2.9230076923257	3.28142877414804
1.84201866179197	2.57158132128695	2.93223961075703	3.30015584603376
1.84848720934867	2.57436507003144	2.94274548129084	3.31416264066962
1.85495575690538	2.60153986393198	2.96056964156717	3.32703000114685
1.86142430446209	2.60332170632228	2.96360753079726	3.33525122604316
1.86789285201879	2.58819170938946	2.97670542602323	3.35557646883503
1.8743613995755	2.61782224106229	2.98496407535104	3.35096529494189
1.88082994713221	2.64353985612788	3.00355622394121	3.3492937078278
1.88729849468892	2.65295770066998	3.01457637371185	3.38095664408365
1.89376704224562	2.66125337278895	3.02050179210953	3.38239697405482
1.90023558980233	2.65115766493788	3.02177538078435	3.39238957175387
1.90670413735904	2.67577527448311	3.03517789498537	3.40694214339435
1.91317268491574	2.68349676828234	3.05664757387268	3.43060291516364
1.91964123247245	2.69411554957666	3.06193607839791	3.44460903360263
1.92610978002916	2.70361029487338	3.08094603338202	3.43142708389952
1.93257832758586	2.70796757341722	3.0864604110709	3.46712731900828
1.93904687514257	2.70343797544316	3.09935064882991	3.46933913587777
1.94551542269928	2.71949948183454	3.10876323397395	3.47480402914
1.95198397025599	2.75632440214497	3.12124917496512	3.49345396081753
1.95845251781269	2.76333962858156	3.12360079621771	3.51465708711474
1.9649210653694	2.74820361113215	3.13919526779455	3.5175302687302
1.97138961292611	2.76982356272105	3.14184504453184	3.50800315767992
1.97785816048281	2.79491052856192	3.15313025793836	3.54212067032959
1.98432670803952	2.79874905123499	3.17011919605609	3.52544786755065
1.99079525559623	2.80744195320258	3.18800189014717	3.54199172878777
1.99726380315294	2.82173353973412	3.18923673764766	3.55521372254018
2.00373235070964	2.82613218755048	3.20461891270587	3.57613871082915
2.01020089826635	2.83302835987952	3.21026430617549	3.58053536527702
2.01666944582306	2.87856570430985	3.21880385367406	3.60856588544469
2.02313799337976	2.87428042970723	3.23989135037283	3.60471478130707
2.02960654093647	2.87939959443471	3.23497742496582	3.62684816017482
2.03607508849318	2.8787368179344	3.256011484528	3.61840927005306
2.04254363604989	2.90649774825702	3.27406234386395	3.64732235454591
2.04901218360659	2.92127487482441	3.27522864129909	3.65306730901509
2.0554807311633	2.9209669562397	3.28906795120422	3.65808826412841
2.06194927872001	2.96037420698671	3.29503383091921	3.65984252763952
2.06841782627671	2.94450703136362	3.31420050644128	3.69513963683855
2.07488637383342	2.94568454281412	3.31638908490306	3.69408455320059
2.08135492139013	2.94313813989524	3.31642446310991	3.6920812533622
2.08782346894684	2.97429910217983	3.34109521705136	3.70943795176592
2.09429201650354	2.98317997654149	3.34738054329105	3.73298256338031
2.10076056406025	2.99575308510389	3.36753919116981	3.7305316546651
2.10722911161696	3.00207471016367	3.37509957320378	3.73363272661687
2.11369765917366	3.0119027629961	3.3851684000654	3.76349641652326
2.12016620673037	3.02321837180464	3.39318159004689	3.755493044244
2.12663475428708	3.03495618042845	3.39995210627513	3.7874840226862
2.13310330184379	3.04440010707662	3.41824868181702	3.77017045661228
2.13957184940049	3.06773095496373	3.41917223970489	3.79771642384816
2.1460403969572	3.05615432986717	3.43875068370256	3.82513571386041
2.15250894451391	3.07214278082171	3.45615538648446	3.82178862784563
2.15897749207061	3.09276716474223	3.45342956961353	3.83851324258998
2.16544603962732	3.09706971391602	3.46208504708974	3.83312732176796
2.17191458718403	3.12151156834115	3.48068730317689	3.86836254814656
2.17838313474073	3.11115434985848	3.47996322529212	3.84653886483397
2.18485168229744	3.12908734493769	3.50538606299655	3.87297027604706
2.19132022985415	3.1439489432855	3.51135872279801	3.886940867069
2.19778877741086	3.15398587823021	3.53226821273537	3.90670441097706
2.20425732496756	3.16011530946403	3.53386338700585	3.90471747238575
2.21072587252427	3.16565934844185	3.53986949485556	3.90018496173152
2.21719442008098	3.18617715479358	3.55459534297864	3.94665847960951
2.22366296763768	3.17337446245004	3.55710224622012	3.94953735394313
2.23013151519439	3.18793707546256	3.57483244178481	3.95099029347898
2.2366000627511	3.22820939471321	3.58962161324517	3.94609178953322
2.24306861030781	3.21680720780712	3.59525094060483	3.99280862059282
2.24953715786451	3.23498403098296	3.61688354398418	3.96462873809064
2.25600570542122	3.25724499256934	3.61716074683057	4.02486835620091
2.26247425297793	3.26064223612402	3.63335892081049	4.00546093418537
2.26894280053463	3.26504434851197	3.64840838978462	4.00085066524767
2.27541134809134	3.28556562097148	3.65226413663746	4.02135788629057
2.28187989564805	3.29292814878408	3.65902764563683	4.04888872361181
2.28834844320476	3.28564803523235	3.67571290418527	4.06635647280178
2.29481699076146	3.31863922060076	3.68717154725764	4.07160177113252
2.30128553831817	3.32373336526132	3.69019007817586	4.06598869244363
2.30775408587488	3.33244774681436	3.71255063463638	4.11350547434117
2.31422263343158	3.34033449341828	3.71177127378113	4.09654350254583
2.32069118098829	3.3469227964463	3.72975149290305	4.07723448665885
2.327159728545	3.38307823417889	3.74045644787866	4.12286362895325
2.33362827610171	3.35621968465792	3.74505420685477	4.11505356086927
2.34009682365841	3.4031000597026	3.76965363653198	4.14267145406987
2.34656537121512	3.38162385339912	3.77307557425181	4.15183308402942
2.35303391877183	3.40854915263379	3.78035864956441	4.17484582163522
2.35950246632853	3.40249603289289	3.79340273778897	4.16874547892899
2.36597101388524	3.43478560583034	3.80433994319729	4.17573976693644
2.37243956144195	3.44247420752802	3.81060905558095	4.17901874654511
2.37890810899866	3.45114914056853	3.83268410980332	4.20600955750465
2.38537665655536	3.45900937467879	3.83030235174441	4.19637427576434
2.39184520411207	3.49718343869915	3.84464834892075	4.22462034980971
2.39831375166878	3.48618057051004	3.85506050597451	4.22534340632077
2.40478229922548	3.4966071814695	3.86366261554024	4.24875717819029
2.41125084678219	3.49955313262689	3.87282762295918	4.23837609548116
2.4177193943389	3.51527197071049	3.88438914379976	4.28256346268676
2.4241879418956	3.51673945285491	3.90584003244969	4.26936258970169
2.43065648945231	3.5263095927678	3.90277473304965	4.26065504857345
2.43712503700902	3.54198319104964	3.9185611547874	4.29376837869402
2.44359358456573	3.5526804174694	3.92924570541148	4.30751737700125
2.45006213212243	3.55792800759089	3.94082063687004	4.32038767182212
2.45653067967914	3.55991763748046	3.95652141271655	4.32519015116027
2.46299922723585	3.58736611966444	3.96520782240454	4.32717661444567
2.46946777479255	3.61610953440203	3.9737875740223	4.35563365019026
2.47593632234926	3.61459909794216	3.98386166064637	4.37436638633261
2.48240486990597	3.61905945878084	3.99095194847393	4.36900570767521
2.48887341746268	3.6142532626907	4.00219439969581	4.38747115296279
2.49534196501938	3.63406172157878	4.014051569149	4.39217886243721
2.50181051257609	3.66792265957324	4.01550513092893	4.40556565491899
2.5082790601328	3.65583890838423	4.03558237352703	4.41835480135316
2.5147476076895	3.67234869904865	4.05114687209701	4.41528776285329
2.52121615524621	3.67576090745388	4.07012434098233	4.43858470406286
2.52768470280292	3.68846901937527	4.06718244598235	4.43654090328045
2.53415325035963	3.70314584001757	4.07835253046118	4.46680200600228
2.54062179791633	3.71278214426689	4.08549865556233	4.49055082773352
2.54709034547304	3.7374993101378	4.10504368963335	4.47973720993579
2.55355889302975	3.73331426931805	4.10708159170487	4.50056954159028
2.56002744058645	3.76454999913981	4.12229414257345	4.51220858418516
2.56649598814316	3.74011155796791	4.12916454475753	4.52235108148783
2.57296453569987	3.7659306525017	4.1379751272001	4.5074716262696
2.57943308325658	3.78366771642737	4.15624370116152	4.53492500592989
2.58590163081328	3.7707860658308	4.17146030133328	4.55779988416742
2.59237017836999	3.78927202115704	4.17393013826445	4.54925561794182
2.5988387259267	3.79448580914788	4.18529575640354	4.55190466489498
2.6053072734834	3.8270217925865	4.20139988740562	4.56180295700887
2.61177582104011	3.83190319213295	4.21132824757227	4.58742064047401
2.61824436859682	3.83695772399149	4.22022193984555	4.59518703575937
2.62471291615352	3.83313538561521	4.23489735275347	4.59410834174545
2.63118146371023	3.86689913342422	4.23608333651822	4.62706577612883
2.63765001126694	3.8864042012262	4.26000716589801	4.6206038695686
2.64411855882365	3.8784955314252	4.26017698116823	4.65330079355659
2.65058710638035	3.89311324089803	4.27053997344132	4.64907639441232
2.65705565393706	3.9011775070531	4.2733153648354	4.66605771822806
2.66352420149377	3.90658728901864	4.2965761348618	4.6696556058349
2.66999274905048	3.91193091858813	4.29370526831024	4.69461869221913
2.67646129660718	3.94142215435623	4.31323940729328	4.70556927858358
2.68292984416389	3.94919406765959	4.33063245618567	4.70359543703333
2.6893983917206	3.96960282680522	4.33127588879233	4.7113151335297
2.6958669392773	3.98127832365096	4.35069362860609	4.73590941587467
2.70233548683401	3.995377471191	4.3554378771918	4.73701828020681
2.70880403439072	4.00010869947115	4.37106454370534	4.73881542705516
2.71527258194742	4.01041308230461	4.37681213612906	4.75318067162141
2.72174112950413	3.98116224272883	4.38870922289708	4.77349904014865
2.72820967706084	4.02321290373578	4.39903402003491	4.80841170415712
2.73467822461755	4.04099615416886	4.41679167694585	4.78274566594549
2.74114677217425	4.02037238244704	4.41568636860173	4.80838597254345
2.74761531973096	4.02652294424875	4.43520320814873	4.79308429256996
2.75408386728767	4.04360969461583	4.44485932067681	4.80651769391441
2.76055241484437	4.07057034571873	4.45163458140108	4.83982106784446
2.76702096240108	4.0847649588198	4.47171424665544	4.85458313495382
2.77348950995779	4.09889013646781	4.47850293931265	4.84724917362307
2.7799580575145	4.12441946831055	4.48059981809998	4.87398957160973
2.7864266050712	4.11727392768025	4.49795836619144	4.89405017920283
2.79289515262791	4.13655071279394	4.51428846125317	4.90089484344483
2.79936370018462	4.14122772453605	4.52687477830362	4.90204788554049
2.80583224774132	4.13109860807186	4.53360479138528	4.90464925756161
2.81230079529803	4.15904722651582	4.5414816597685	4.92073922364554
2.81876934285474	4.178363310533	4.55044298548009	4.93206325146564
2.82523789041145	4.18191653573501	4.55937829539834	4.9696201142725
2.83170643796815	4.19817554412144	4.5784256566621	4.96536702988802
2.83817498552486	4.17928306660794	4.57932644699928	4.95075280513914
2.84464353308157	4.18928229387603	4.6009468421409	4.9640760192308
2.85111208063827	4.215264020051	4.60651236583993	5.00695148579263
2.85758062819498	4.22922001167667	4.6204389065236	4.99327789175509
2.86404917575169	4.24201493369661	4.6323457967912	5.01717664624576
2.8705177233084	4.25814397098055	4.63616550900551	5.02624870541299
2.8769862708651	4.25629740463874	4.64841921215111	5.03174840303632
2.88345481842181	4.26946548337566	4.657726563398	5.00244613277475
2.88992336597852	4.30505014330245	4.66594152222992	5.04928582369651
2.89639191353522	4.30609579780506	4.67696406223881	5.0692167103577
2.90286046109193	4.29476576008475	4.68632067371545	5.06005637370072
2.90932900864864	4.31807207106655	4.69752903279436	5.08682905638737
2.91579755620534	4.32160183966344	4.71384445954485	5.10905631199787
2.92226610376205	4.34178369751533	4.72433439414046	5.1333801795889
2.92873465131876	4.33795586667346	4.73382613647667	5.13178491482989
2.93520319887547	4.33816299429786	4.73940348440095	5.14056132055525
2.94167174643217	4.35854990112471	4.75040049540617	5.1337700475874
2.94814029398888	4.38325140679697	4.76373533489054	5.14200442029486
2.95460884154559	4.39769012779868	4.77765255245712	5.17646641795197
2.96107738910229	4.39984104277165	4.7790639263415	5.16297304694957
2.967545936659	4.41497009241492	4.79042264068986	5.19883827182241
2.97401448421571	4.42265973745977	4.79973270874486	5.22756179325322
2.98048303177242	4.43888338501726	4.82211829715502	5.19655857488762
2.98695157932912	4.44086348326741	4.83086312729715	5.23438556763771
2.99342012688583	4.43875926539482	4.83517259376696	5.21986260519035
2.99988867444254	4.46822936684351	4.85121669432941	5.23844972464505
3.00635722199924	4.4604136900079	4.86503051826706	5.24142357438027
3.01282576955595	4.47064641870779	4.86976649719151	5.27795656768483
3.01929431711266	4.49035905038389	4.87878079872119	5.25505956514989
3.02576286466937	4.51378236842857	4.90022306824075	5.27373913301039
3.03223141222607	4.4966919588158	4.90804521595335	5.30025216311055
3.03869995978278	4.52632744147339	4.92090050589533	5.30694875071013
3.04516850733949	4.53555717567804	4.93131194030551	5.3166770230255
3.05163705489619	4.54035942894989	4.9337695367862	5.33608186618849
3.0581056024529	4.56279506938262	4.94841372409697	5.33942759240293
3.06457415000961	4.58473174646985	4.96323999629364	5.33513259773068
3.07104269756632	4.58785286268801	4.96151336976984	5.35481766672773
3.07751124512302	4.59046912165443	4.97506294929553	5.36153720385079
3.08397979267973	4.59940382642888	4.99131980826543	5.386694443123
3.09044834023644	4.61775316297908	5.00664875675025	5.36697417839312
3.09691688779314	4.61635911605598	5.01092900174187	5.4029759062408
3.10338543534985	4.62632746908907	5.01678989910743	5.41057435724663
3.10985398290656	4.64993821012619	5.03321817932262	5.43659112436972
3.11632253046327	4.65775073170572	5.03511009086726	5.44259973032264
3.12279107801997	4.64282411951617	5.06145486510782	5.4484243792996
3.12925962557668	4.67676236106157	5.06720483651493	5.45525842657005
3.13572817313339	4.68343935361945	5.06827031010549	5.4721642996183
3.14219672069009	4.6786129049701	5.08749805112009	5.49283636291341
3.1486652682468	4.69496924282088	5.09204780353859	5.48487511620456
3.15513381580351	4.74424125534258	5.11364522352838	5.49170770981655
3.16160236336021	4.73078639986585	5.12223024458361	5.52181922370872
3.16807091091692	4.72143555006762	5.13286610845225	5.51680905539234
3.17453945847363	4.75273865149336	5.1465228216551	5.53895370607561
3.18100800603034	4.75644162692049	5.14729689601563	5.54243284522789
3.18747655358704	4.77842059291812	5.1568817899856	5.56738302739403
3.19394510114375	4.77047448260136	5.16989069912793	5.56378977671499
3.20041364870046	4.78020105818514	5.17837863037521	5.61486440506154
3.20688219625716	4.80386784291592	5.19467313604797	5.57095825946757
3.21335074381387	4.80818311302113	5.19922268602341	5.60129956718207
3.21981929137058	4.82352111606867	5.22728441594459	5.61155398175464
3.22628783892729	4.81676736079501	5.22284650330872	5.61368206308688
3.23275638648399	4.8437621661104	5.24002120402388	5.64852737928278
3.2392249340407	4.85601410553438	5.2473348756036	5.65803644643716
3.24569348159741	4.87238572608957	5.2623245394249	5.6379247819048
3.25216202915411	4.876217643296	5.2745136244955	5.66836218933206
3.25863057671082	4.89568678280974	5.28509832655189	5.688133698217
3.26509912426753	4.88391751543962	5.29153211821595	5.68479091349974
3.27156767182424	4.90214570775091	5.29931703569791	5.69653628996008
3.27803621938094	4.89327071420233	5.31365470958552	5.70964380573789
3.28450476693765	4.91387206694166	5.32355422204846	5.7146356688932
3.29097331449436	4.91472774163155	5.33119793446813	5.73181058283982
3.29744186205106	4.95572371344238	5.3525870949887	5.74397745510646
3.30391040960777	4.95458313912425	5.35470031256191	5.75005384453542
3.31037895716448	4.95473804279409	5.37074968524347	5.76689915638867
3.31684750472119	4.96455067168536	5.37534946092666	5.79158141381525
3.32331605227789	4.97312451802427	5.38042746614489	5.77371357125339
3.3297845998346	4.9935566509671	5.39228842764486	5.78306753690845
3.33625314739131	5.00566880157005	5.40689830567901	5.78821888095901
3.34272169494801	5.02374732433476	5.41929464022743	5.81310857168629
3.34919024250472	5.00191322874872	5.43558353181589	5.82906712505375
3.35565879006143	5.03097571486272	5.45226474525374	5.83639568044391
3.36212733761813	5.05319926680539	5.45248367476741	5.84291659795492
3.36859588517484	5.07636605478234	5.4639071374204	5.85252488176324
3.37506443273155	5.07284480639468	5.46738920445621	5.87197365902485
3.38153298028826	5.09490532786238	5.49235527162968	5.88160664915028
3.38800152784496	5.09167844159564	5.49219039878079	5.87712953066173
3.39447007540167	5.10919731879676	5.50631218639146	5.90319138615279
3.40093862295838	5.14029563435602	5.51800983429706	5.90982143734898
3.40740717051509	5.11901909512208	5.53156091619968	5.9356049894634
3.41387571807179	5.14640786820496	5.54601331327897	5.91269631769285
3.4203442656285	5.13281815652129	5.55372489841958	5.94469250157475
3.42681281318521	5.16204130223308	5.55576794461455	5.95943032459738
3.43328136074191	5.17479175131049	5.57253321447806	5.96367980769872
3.43974990829862	5.16233788949055	5.58746047925664	5.96090802127605
3.44621845585533	5.15802287377154	5.5885394581725	5.98006787264649
3.45268700341203	5.1849715894066	5.60195426403345	5.99467533904398
3.45915555096874	5.20873378860774	5.61207809873965	6.02443898059958
3.46562409852545	5.2153454055874	5.62206664981749	6.02614022682293
3.47209264608216	5.24681183524779	5.62886745597289	6.00964112625538
3.47856119363886	5.26644958723666	5.63807656278811	6.06344761733553
3.48502974119557	5.25323168781809	5.6485267866837	6.05872706874111
3.49149828875228	5.27065476139481	5.66995901047166	6.07064122092421
3.49796683630898	5.24551975819138	5.68241312556115	6.09076136971966
3.50443538386569	5.28218420476673	5.6845191626797	6.07798368056335
3.5109039314224	5.27651459164755	5.69075565438344	6.10869486919177
3.51737247897911	5.30079515562685	5.70803980182412	6.10704884319046
3.52384102653581	5.31955640068267	5.72744447624106	6.13709261433308
3.53030957409252	5.31485491893707	5.72374838215113	6.11688611529836
3.53677812164923	5.36231874683635	5.73395577437645	6.14854166244161
3.54324666920593	5.34346322297452	5.75203797452362	6.18282161345457
3.54971521676264	5.36534553342629	5.76924172079959	6.16426650702368
3.55618376431935	5.37344601023789	5.7723151752883	6.18334684084032
3.56265231187606	5.38756290691367	5.78723014962549	6.17398182829903
3.56912085943276	5.38503367168795	5.78683252788316	6.21511737062818
3.57558940698947	5.39516425229926	5.80703154926923	6.21266935927759
3.58205795454618	5.40641740192521	5.81323251049696	6.22241249121973
3.58852650210288	5.42060308135832	5.82503188561921	6.25397171790082
3.59499504965959	5.4180095103471	5.82778946220846	6.23737283589654
3.6014635972163	5.43239466078961	5.84623064408658	6.2547418233447
3.60793214477301	5.44736317720923	5.85744912586796	6.2733660340037
3.61440069232971	5.48016355262129	5.86963752008841	6.25776907065713
3.62086923988642	5.46624600769402	5.87563224781006	6.29409986280575
3.62733778744313	5.49052805912139	5.88298276238042	6.30179870850409
3.63380633499983	5.4994206504534	5.90356191558806	6.30430005588826
3.64027488255654	5.51072350170942	5.90751400184723	6.32630210951502
3.64674343011325	5.51064188485725	5.92884756681966	6.30367819350756
3.65321197766995	5.52202405835571	5.91792392893225	6.35217259863182
3.65968052522666	5.54086204630196	5.95627363487188	6.33847571563458
3.66614907278337	5.5437162469236	5.95422968125496	6.37199593117383
3.67261762034008	5.5576144051788	5.96505510622495	6.39526611020962
3.67908616789678	5.57517274344608	5.97357055135246	6.37674883233763
3.68555471545349	5.56821841341639	5.98826482570506	6.38902813743121
3.6920232630102	5.57650702516953	5.98971990653508	6.40117596890582
3.6984918105669	5.60478151527988	6.00694262649935	6.42403424732681
3.70496035812361	5.61718796157638	6.01500412792763	6.42681191255974
3.71142890568032	5.59497011057934	6.02892517022602	6.41801957446476
3.71789745323703	5.62601681937928	6.03420142834439	6.44622906791045
3.72436600079373	5.64237360790501	6.04460530846536	6.44332107895502
3.73083454835044	5.6623945117385	6.05280495521163	6.46808398778346
3.73730309590715	5.64190024956944	6.07109020879878	6.48577660850504
3.74377164346385	5.67073627970788	6.08325067591364	6.47963129935764
3.75024019102056	5.67239296445028	6.09365976350342	6.49115423270123
3.75670873857727	5.69871736000791	6.10462966347452	6.504696972517
3.76317728613398	5.71716685940573	6.11833580804523	6.52856417086616
3.76964583369068	5.7114012402691	6.11780263486046	6.54369006003924
3.77611438124739	5.73568971532387	6.13519406485237	6.54239316608494
3.7825829288041	5.72958089932403	6.14901612331858	6.54827478797596
3.7890514763608	5.74641157605328	6.15534293589018	6.58019367509606
3.79552002391751	5.75337424181109	6.16759001800714	6.58213547680973
3.80198857147422	5.75396935953699	6.17337874027723	6.57191580452976
3.80845711903093	5.77980743641534	6.19117633544992	6.61220173455957
3.81492566658763	5.79607057906337	6.20757890036493	6.62290482550866
3.82139421414434	5.80729615659044	6.20706222405011	6.62777613543672
3.82786276170105	5.81493433632747	6.22094681471446	6.63471832712593
3.83433130925775	5.82827129719065	6.24738544614534	6.6530231395256
3.84079985681446	5.82901053122877	6.24215272276027	6.65736202340869
3.84726840437117	5.84258419663796	6.25116339181421	6.66663015500816
3.85373695192788	5.85107360723022	6.26190960644457	6.67513246078085
3.86020549948458	5.858719897402	6.27327932030052	6.6997380533323
3.86667404704129	5.865617951206	6.27991837894407	6.70982159877325
3.873142594598	5.88494594344232	6.30005442035217	6.74020855983338
3.8796111421547	5.88909486136427	6.30674267530829	6.73195484148129
3.88607968971141	5.90979855729254	6.3228108493797	6.73539624564855
3.89254823726812	5.90376708784244	6.3366369187419	6.73265501264078
3.89901678482482	5.89644075860828	6.34460833753956	6.73627185231188
3.90548533238153	5.92769571744952	6.34090231764182	6.76759126405931
3.91195387993824	5.95551305533161	6.36087119892923	6.78942281155747
3.91842242749495	5.94044205919029	6.37279059890964	6.79262684310377
3.92489097505165	5.94584192979652	6.37968443146437	6.80548756887508
3.93135952260836	5.98649079933243	6.39519336474125	6.80462252928331
3.93782807016507	5.96978391504812	6.40624065524983	6.81949686510476
3.94429661772177	5.99679763930899	6.41150640090822	6.81409971421999
3.95076516527848	5.98621029642998	6.43048351257591	6.85973646891979
3.95723371283519	6.01808644535147	6.43784254049363	6.84449088833335
3.9637022603919	6.02900101594078	6.44894520928943	6.86020333306631
3.9701708079486	6.05286439612568	6.46850460955481	6.87974462716138
3.97663935550531	6.03869947436466	6.46286362636813	6.88899476531016
3.98310790306202	6.06762142959796	6.47567929112092	6.8920339966214
3.98957645061872	6.07024001915143	6.49091991495968	6.9401290665347
3.99604499817543	6.0770090304842	6.50728780126059	6.93219160839367
4.00251354573214	6.09330611092999	6.51277952527532	6.96141359384213
4.00898209328885	6.10275913412113	6.51664364687342	6.94089863978588
4.01545064084555	6.10751786708963	6.53914656686683	6.94410840413572
4.02191918840226	6.12700775105174	6.5540337800354	6.94932704072239
4.02838773595897	6.13280081090386	6.54973577886248	6.94374119299559
4.03485628351567	6.13053654066265	6.57426169677196	6.98408290209362
4.04132483107238	6.14266734758479	6.58704801451924	7.00578010835211
4.04779337862909	6.13977382264699	6.58494515486773	7.00808545348069
4.0542619261858	6.18455905699732	6.60359455502311	7.00551460640765
4.0607304737425	6.20065644810434	6.6078428414261	7.02106920966844
4.06719902129921	6.21794972130597	6.61070347359769	7.07164732236916
4.07366756885592	6.20935344402496	6.62719732249662	7.05102295017721
4.08013611641262	6.22352146350591	6.64483648854164	7.05459968403163
4.08660466396933	6.24232326122789	6.64264661386958	7.06647804204671
4.09307321152604	6.24325683780381	6.66068692792197	7.08560004612621
4.09954175908275	6.25310032562353	6.6778179404797	7.09516617824185
4.10601030663945	6.25575143841291	6.68568620410035	7.10571472668949
4.11247885419616	6.27582077029773	6.68587637552704	7.14772252324871
4.11894740175287	6.26078100113892	6.70838875677836	7.1298591658996
4.12541594930957	6.2828363190096	6.71140445283949	7.15063343604777
4.13188449686628	6.30772980461862	6.73382613187431	7.16178888726509
4.13835304442299	6.2925024771564	6.73608951213517	7.16139946161271
4.14482159197969	6.30415725252306	6.74865822645623	7.17477055172451
4.1512901395364	6.31965508609387	6.75545544501041	7.17017521258672
4.15775868709311	6.32504121032836	6.76949039307416	7.17912348943401
4.16422723464982	6.33623113534643	6.76933781618943	7.19258140136713
4.17069578220652	6.35372119791258	6.78791076656619	7.23214549145655
4.17716432976323	6.37541381273623	6.81601741109646	7.22699006983589
4.18363287731994	6.37518424555947	6.80963304654988	7.23835737831506
4.19010142487664	6.39374470997289	6.80913578577712	7.25393212728347
4.19656997243335	6.40255209368267	6.83707412340629	7.24996538983436
4.20303851999006	6.41814158206106	6.83798792040683	7.28341563899521
4.20950706754677	6.40568876572373	6.86357578921875	7.28363046938876
4.21597561510347	6.42737259694844	6.86242528252854	7.26256653885295
4.22244416266018	6.42484653927781	6.86826657453799	7.3063672099568
4.22891271021689	6.45421973302395	6.89027594942152	7.30066607789271
4.2353812577736	6.46011654785613	6.8996935839347	7.33056704361819
4.2418498053303	6.46786924221601	6.90296909125531	7.33985746268068
4.24831835288701	6.49975887216887	6.91802617695409	7.34920030411367
4.25478690044372	6.49733455283776	6.92025516924524	7.35839589049015
4.26125544800042	6.50676765342833	6.94018258696112	7.35176004878626
4.26772399555713	6.53361407722742	6.95376943561733	7.3891402150589
4.27419254311384	6.5130067388738	6.96979769705156	7.38589966925283
4.28066109067054	6.53974447092394	6.9668548078244	7.41838849652501
4.28712963822725	6.56651284641282	6.98580272404044	7.43213363021813
4.29359818578396	6.56765210030927	6.99191322064	7.42794711965268
4.30006673334067	6.56966309792605	6.99825863585223	7.4281837206609
4.30653528089737	6.58781779646746	7.03197629037622	7.46486649661809
4.31300382845408	6.59227033944623	7.02241267541005	7.47710933710849
4.31947237601079	6.60316682888395	7.03926647849995	7.45925735556682
4.32594092356749	6.59475310027954	7.03730413039955	7.4807753445647
4.3324094711242	6.60703228739207	7.05203046181713	7.46179555985956
4.33887801868091	6.66431077853233	7.06071581716479	7.47928169748807
4.34534656623761	6.6466322434407	7.07305934877568	7.5176255911575
4.35181511379432	6.64629888543875	7.08914980692382	7.51691283365149
4.35828366135103	6.66156854626411	7.1087680952114	7.55249814410689
4.36475220890774	6.66100841940556	7.10989649555653	7.52245952034525
4.37122075646444	6.66778100626368	7.12860702228033	7.5490559596275
4.37768930402115	6.72992081842583	7.1398387673955	7.57982832581961
4.38415785157786	6.72736853571985	7.15409933710865	7.58224911246757
4.39062639913456	6.70693240007457	7.16025161006803	7.60616247672737
4.39709494669127	6.71653139549347	7.15858474923809	7.5979006224655
4.40356349424798	6.71611886466349	7.18217537279209	7.61390711942882
4.41003204180469	6.78336303787291	7.18454362881555	7.61287212291278
4.41650058936139	6.75306826837308	7.19967717262319	7.64494045516214
4.4229691369181	6.7558586714641	7.20456610353134	7.63723317440148
4.42943768447481	6.78414083431821	7.21249721918519	7.65135744500846
4.43590623203152	6.78217886866883	7.22234709149342	7.67502906251601
4.44237477958822	6.81332035409794	7.24019706781241	7.68401266454651
4.44884332714493	6.79082003984945	7.25382139937492	7.70203738163423
4.45531187470164	6.82402916955981	7.26353137562277	7.69579113468159
4.46178042225834	6.83965710778243	7.26328500168009	7.71030301136896
4.46824896981505	6.85241784667457	7.27512954957678	7.75460209315444
4.47471751737176	6.86794620087511	7.29350737389593	7.7154800390991
4.48118606492846	6.87312892925656	7.31444337094042	7.74998049209507
4.48765461248517	6.87290374033448	7.311974371263	7.74149647781196
4.49412316004188	6.89583491565933	7.32983583017734	7.76148847457795
4.50059170759859	6.91208485530263	7.34829052319018	7.78728616704787
4.50706025515529	6.88540523383214	7.33811354665237	7.77807171585897
4.513528802712	6.90938939590761	7.35282221044459	7.80697127772051
4.51999735026871	6.90515525481583	7.36657464066934	7.82507032220264
4.52646589782541	6.93942203215615	7.37939121411508	7.84418319355192
4.53293444538212	6.94451899002265	7.39321827505278	7.818970074108
4.53940299293883	6.96684658069462	7.40375410667804	7.83696863238139
4.54587154049553	6.96003512440849	7.40612572964804	7.84387974659028
4.55234008805224	6.96884748504454	7.41947003757275	7.86096546408206
4.55880863560895	6.98305213085204	7.42390900459779	7.87861503732877
