"mitochan"	"lwrNorm"	"medNorm"	"uprNorm"
-1.88999910457734	-4.28054245154998	-3.85303333540964	-3.42445911531706
-1.88360070599117	-4.26404581812392	-3.83077625053862	-3.40395378026533
-1.877202307405	-4.24914836370923	-3.82528806855812	-3.37838863941115
-1.87080390881883	-4.26257330609206	-3.80429032964275	-3.38254008131582
-1.86440551023266	-4.22026354118033	-3.79962274650027	-3.37003361951785
-1.85800711164649	-4.19781487708138	-3.79191195506781	-3.31796364465494
-1.85160871306032	-4.20723997000641	-3.77788322989569	-3.3540501269824
-1.84521031447415	-4.17017441537085	-3.74561532599394	-3.30358365384962
-1.83881191588798	-4.19003182625457	-3.73535094586331	-3.28447842788201
-1.83241351730181	-4.15819082293881	-3.72635742407675	-3.29891882417392
-1.82601511871564	-4.16031884213531	-3.7251971995933	-3.26701893591596
-1.81961672012947	-4.13481893292446	-3.70566237689199	-3.27385974717265
-1.8132183215433	-4.12476986504066	-3.69416486970805	-3.2503951267867
-1.80681992295713	-4.09776534423211	-3.67680849735918	-3.24075823298211
-1.80042152437096	-4.06559298457712	-3.66213041287292	-3.25120182066841
-1.79402312578479	-4.09371269223448	-3.65578776970704	-3.20685241440423
-1.78762472719862	-4.07988569082387	-3.64453940283526	-3.20732396414525
-1.78122632861246	-4.05256583630365	-3.62601491056851	-3.18662139729021
-1.77482793002629	-4.05766528057617	-3.60982140364144	-3.17666524635797
-1.76842953144012	-4.04231882369077	-3.59324223642346	-3.15494981911735
-1.76203113285395	-4.02336775920121	-3.57382647252097	-3.15278599332196
-1.75563273426778	-4.01471591712749	-3.57658205067123	-3.14988332856169
-1.74923433568161	-4.01029957457468	-3.57266949090718	-3.1248540043036
-1.74283593709544	-3.99756539851275	-3.54585430865089	-3.09741768041864
-1.73643753850927	-3.9471812057663	-3.54310954489036	-3.09519274251891
-1.7300391399231	-3.94423180204066	-3.51101014825212	-3.06538767312336
-1.72364074133693	-3.92500388607274	-3.49009362975495	-3.08178506540531
-1.71724234275076	-3.91839517601434	-3.49481254504243	-3.07316792984732
-1.71084394416459	-3.90708070785048	-3.47710987741884	-3.04665979140663
-1.70444554557842	-3.9185585862356	-3.45531635850485	-3.02784470937961
-1.69804714699225	-3.89206174889432	-3.45115451879465	-3.02741727759435
-1.69164874840608	-3.87430780791752	-3.4422708166604	-3.00638964220809
-1.68525034981991	-3.84217488946963	-3.4188542314879	-2.97963752550432
-1.67885195123374	-3.84112172358851	-3.41689595853471	-2.97002669432571
-1.67245355264757	-3.8227206544134	-3.39910756458898	-2.9774917414424
-1.6660551540614	-3.82493878972218	-3.3841387922385	-2.95211390766153
-1.65965675547523	-3.82863422802558	-3.37676869783608	-2.95140894193391
-1.65325835688906	-3.79500187299441	-3.362754406572	-2.92460576974174
-1.64685995830289	-3.78163540430109	-3.34813417808946	-2.90727363185077
-1.64046155971672	-3.76242304487759	-3.3308366922603	-2.92201840141178
-1.63406316113056	-3.75226105021883	-3.31940280910589	-2.86575745204748
-1.62766476254439	-3.744928539727	-3.31068479009069	-2.88573329420351
-1.62126636395822	-3.70418593279495	-3.29453400414212	-2.87827744793671
-1.61486796537205	-3.71013730723393	-3.28855219985797	-2.83752693054657
-1.60846956678588	-3.70887456088096	-3.2708961866273	-2.8571776620703
-1.60207116819971	-3.67307612127642	-3.24963972264344	-2.82132644417203
-1.59567276961354	-3.66689796391242	-3.23856821302966	-2.82967714631189
-1.58927437102737	-3.6731902411978	-3.23031047340538	-2.80186791206833
-1.5828759724412	-3.62193169463148	-3.21491643226796	-2.78181698118306
-1.57647757385503	-3.6416451125727	-3.20312572590946	-2.78935717632408
-1.57007917526886	-3.63229060748952	-3.18936832167117	-2.75329207828847
-1.56368077668269	-3.59490092050727	-3.1819661485602	-2.74098728031244
-1.55728237809652	-3.61101101736874	-3.16532987211873	-2.73723066361592
-1.55088397951035	-3.57909247019914	-3.1436014873097	-2.7310197286629
-1.54448558092418	-3.54713370250199	-3.14125110849569	-2.71250791289617
-1.53808718233801	-3.53968603294127	-3.12878176640852	-2.70027452648764
-1.53168878375184	-3.54274018935045	-3.11561929543719	-2.69681263799914
-1.52529038516567	-3.53090172339058	-3.1022940163797	-2.68509751803866
-1.5188919865795	-3.50371759342276	-3.08388756951591	-2.64265835874436
-1.51249358799333	-3.47169997758369	-3.06917665363628	-2.6701673898051
-1.50609518940716	-3.47545306540872	-3.05212794222357	-2.62580055304283
-1.49969679082099	-3.48022417408158	-3.05071978303492	-2.61815479488935
-1.49329839223482	-3.45430543927714	-3.02595976271823	-2.61438506741722
-1.48689999364866	-3.44469033989661	-3.01425187208867	-2.59967583773063
-1.48050159506249	-3.40317757290615	-3.00315589722875	-2.58484775228376
-1.47410319647632	-3.42043654453576	-2.98327988358509	-2.55441351176134
-1.46770479789015	-3.39705555120955	-2.97319369036622	-2.56131717585726
-1.46130639930398	-3.37198999070332	-2.97553631629055	-2.54038290789548
-1.45490800071781	-3.36121811849872	-2.95015944097518	-2.5288557300222
-1.44850960213164	-3.34878587027076	-2.9331764237316	-2.50310150998396
-1.44211120354547	-3.34473223613061	-2.92295583553659	-2.5040121880398
-1.4357128049593	-3.33126019023122	-2.91057631303597	-2.49298175173946
-1.42931440637313	-3.3357858826562	-2.90567084469931	-2.46776706701631
-1.42291600778696	-3.29392122760728	-2.88823581060202	-2.47757201816917
-1.41651760920079	-3.3138419180011	-2.87813638037192	-2.4423358443053
-1.41011921061462	-3.27770400288417	-2.8643609734359	-2.44057888479534
-1.40372081202845	-3.2603629676713	-2.84198590192333	-2.42612330502584
-1.39732241344228	-3.26322153026069	-2.8378696541883	-2.42509686983456
-1.39092401485611	-3.22219725316389	-2.82780978832328	-2.41455208728577
-1.38452561626994	-3.21295425884633	-2.80869006326986	-2.39364910447016
-1.37812721768377	-3.20295781458617	-2.79132840953642	-2.3667377930084
-1.3717288190976	-3.22520791677342	-2.78266367648604	-2.35386003986448
-1.36533042051143	-3.20401088765969	-2.76146164106904	-2.35567537436539
-1.35893202192526	-3.15841800753162	-2.76077014278087	-2.32988341770611
-1.35253362333909	-3.14823062193094	-2.74333195660113	-2.32704142094255
-1.34613522475292	-3.15725561140849	-2.72114480250317	-2.30585280071961
-1.33973682616676	-3.15496637121071	-2.71635643637852	-2.29379737506388
-1.33333842758059	-3.106815539587	-2.70648375036675	-2.27744183043856
-1.32694002899442	-3.12341118654376	-2.68820183906304	-2.24901151891433
-1.32054163040825	-3.12027097952735	-2.68889540490833	-2.27038464699536
-1.31414323182208	-3.10424549550881	-2.67648889544964	-2.2300869889262
-1.30774483323591	-3.04179613916411	-2.64494535783998	-2.2287120474429
-1.30134643464974	-3.06544278867949	-2.64405167080057	-2.20573640755021
-1.29494803606357	-3.05935358924085	-2.61780028126137	-2.19758844365354
-1.2885496374774	-3.03962562274718	-2.60918272583156	-2.19637973071094
-1.28215123889123	-3.03332901943303	-2.59952999636335	-2.18415357657248
-1.27575284030506	-3.0006762869909	-2.58710038781837	-2.17154219206052
-1.26935444171889	-2.9955498632521	-2.56793172346279	-2.1465773059137
-1.26295604313272	-2.98855712140623	-2.54985590371148	-2.12469323461083
-1.25655764454655	-2.97359327492068	-2.54767736874722	-2.11588719692775
-1.25015924596038	-2.93215777988207	-2.53113565015908	-2.1262912632924
-1.24376084737421	-2.93513657761398	-2.51829297619933	-2.10062781064195
-1.23736244878804	-2.90366120659252	-2.51221286455816	-2.08271137458398
-1.23096405020187	-2.90310204070247	-2.49388041956248	-2.09147910095358
-1.2245656516157	-2.88842779144055	-2.48401188458842	-2.06492210793785
-1.21816725302953	-2.881238783928	-2.47211396462672	-2.03256998519745
-1.21176885444336	-2.89121568731403	-2.4500107143146	-2.02900086086673
-1.20537045585719	-2.82890879683668	-2.42675048643916	-2.01629919669614
-1.19897205727102	-2.84837389205828	-2.42779145352906	-2.00362466820709
-1.19257365868485	-2.83396221759808	-2.41374002749513	-1.99960243037322
-1.18617526009869	-2.81703399611431	-2.3976945304373	-1.9789280871527
-1.17977686151252	-2.80753453871097	-2.38397226367415	-1.95726035400979
-1.17337846292635	-2.78606228614954	-2.36908187196599	-1.96350291031408
-1.16698006434018	-2.79139868107514	-2.35293405756288	-1.92769970275931
-1.16058166575401	-2.75867878913173	-2.34413659266219	-1.93824568505228
-1.15418326716784	-2.75798506215322	-2.32619610797986	-1.92534767760497
-1.14778486858167	-2.7481248334392	-2.32570850264372	-1.89628192365936
-1.1413864699955	-2.70236942500009	-2.3019002925567	-1.8906325567913
-1.13498807140933	-2.70047537500912	-2.29877878785873	-1.88822053945296
-1.12858967282316	-2.70342320473746	-2.27195220544738	-1.86749496603853
-1.12219127423699	-2.69488075081405	-2.27043066090028	-1.83736106193251
-1.11579287565082	-2.66597731925375	-2.2584179345914	-1.83200712535656
-1.10939447706465	-2.65330458559849	-2.24497266676151	-1.84523647164977
-1.10299607847848	-2.6327801960617	-2.23254478622347	-1.83237271184284
-1.09659767989231	-2.62686150635739	-2.21148755461439	-1.79707327102408
-1.09019928130614	-2.6122728565769	-2.2045138234496	-1.77387301078999
-1.08380088271997	-2.62029399372092	-2.19636281750459	-1.77762101647101
-1.0774024841338	-2.58993241947093	-2.17133291027218	-1.75467583971464
-1.07100408554763	-2.57592328705157	-2.15588332439688	-1.73312614014666
-1.06460568696146	-2.57120390243779	-2.1511707307333	-1.74378102904558
-1.05820728837529	-2.54725971637277	-2.13302186774944	-1.71986630943685
-1.05180888978912	-2.54103729482144	-2.1272511631205	-1.72471566911972
-1.04541049120295	-2.53462963823921	-2.11484207484541	-1.68061073187104
-1.03901209261679	-2.5114971263636	-2.10257735941739	-1.67574679354575
-1.03261369403062	-2.5063758408786	-2.08202238513919	-1.67939453434626
-1.02621529544445	-2.52589759556142	-2.06449366285978	-1.66984271682368
-1.01981689685828	-2.47584750852411	-2.05329170925057	-1.6375335236104
-1.01341849827211	-2.43833774388946	-2.04537709278237	-1.64953048328476
-1.00702009968594	-2.47357774581248	-2.0339023598923	-1.61142487382703
-1.00062170109977	-2.4037611475914	-2.02521793574493	-1.59591315713139
-0.994223302513598	-2.42736943674631	-2.00177756093548	-1.57357500553036
-0.987824903927429	-2.37818396775507	-1.99066077328643	-1.57956872097145
-0.981426505341259	-2.38065884926384	-1.97122938609203	-1.55052737064152
-0.97502810675509	-2.3733062748442	-1.96716831763098	-1.53455559156052
-0.96862970816892	-2.36014211054055	-1.95174210858612	-1.54813254467215
-0.96223130958275	-2.33369570725104	-1.93656793448492	-1.52095251451632
-0.955832910996581	-2.33583692722939	-1.92270234937883	-1.51450135447308
-0.949434512410411	-2.31920200469892	-1.90679321367955	-1.50446051809883
-0.943036113824242	-2.28771875151525	-1.89950264239672	-1.49442809742016
-0.936637715238072	-2.30712006646335	-1.8829122768692	-1.47330027815138
-0.930239316651903	-2.28277681751557	-1.8773236257935	-1.48028854682128
-0.923840918065733	-2.27992603874666	-1.86998562127799	-1.43567001813949
-0.917442519479564	-2.25500231062845	-1.83724200028027	-1.42940265355499
-0.911044120893394	-2.23741879762527	-1.83455497177879	-1.41307181941012
-0.904645722307224	-2.21153774642294	-1.81441600531758	-1.41094491073506
-0.898247323721055	-2.21122181654903	-1.80980588929574	-1.39181143520487
-0.891848925134885	-2.20978307358087	-1.79986179425408	-1.38666189784525
-0.885450526548716	-2.19871666346215	-1.77801240908891	-1.38935797058381
-0.879052127962546	-2.17902543685962	-1.77034645249016	-1.34124656310996
-0.872653729376377	-2.15983720502966	-1.74988939638319	-1.34365677340647
-0.866255330790207	-2.14943338952181	-1.74127244601218	-1.33517267117193
-0.859856932204037	-2.13203750401958	-1.72708616317445	-1.33359277746588
-0.853458533617868	-2.13230242815298	-1.70977593789114	-1.31463088702506
-0.847060135031698	-2.12080173743929	-1.69968741085428	-1.3060232541973
-0.840661736445529	-2.10142489390389	-1.6806516010194	-1.2786128350869
-0.834263337859359	-2.07856048449224	-1.67711691222399	-1.27421840704867
-0.82786493927319	-2.06309350693132	-1.67141408049673	-1.25657029491797
-0.82146654068702	-2.05475275993978	-1.6472702288565	-1.23044180186104
-0.81506814210085	-2.04892489600315	-1.63781163957475	-1.22767420266143
-0.808669743514681	-2.028058685574	-1.62959946885872	-1.2053931767711
-0.802271344928511	-2.03389085416109	-1.61758487334476	-1.21170101765282
-0.795872946342342	-1.99570113800772	-1.60216933706581	-1.17553038418635
-0.789474547756172	-1.99959021058429	-1.57684851397669	-1.18549092489261
-0.783076149170003	-1.98685288000941	-1.5681433812168	-1.17131318211627
-0.776677750583833	-1.97683056517348	-1.55603997313481	-1.14345291277902
-0.770279351997663	-1.9299871025151	-1.53952777787329	-1.1189507645528
-0.763880953411494	-1.92939109180256	-1.52998377014636	-1.11858501415131
-0.757482554825324	-1.9258484348481	-1.51518804035881	-1.11486951927196
-0.751084156239155	-1.89786642070537	-1.49422471822017	-1.08061373862674
-0.744685757652985	-1.89772053361238	-1.49224420558644	-1.06190155397328
-0.738287359066816	-1.8686495748018	-1.48002041160769	-1.07979802259869
-0.731888960480646	-1.88056787885549	-1.46371716327571	-1.0641705471989
-0.725490561894476	-1.85908904380403	-1.4441012331324	-1.03742733166167
-0.719092163308307	-1.83677212475049	-1.43876790172934	-1.03578535852656
-0.712693764722137	-1.8069067144364	-1.42813401259396	-1.01497634311235
-0.706295366135968	-1.81468971610249	-1.41193700096522	-1.01294048820698
-0.699896967549798	-1.79031018537942	-1.39949029339298	-0.980443163399032
-0.693498568963629	-1.77221132024115	-1.37995201527821	-0.988749346837347
-0.687100170377459	-1.76450596919667	-1.36224472041332	-0.973468658733285
-0.68070177179129	-1.76724187400116	-1.35582718475653	-0.955111398229761
-0.67430337320512	-1.71878214986949	-1.34264609102762	-0.956987435025675
-0.66790497461895	-1.73357585111264	-1.33744555301305	-0.92854304415632
-0.661506576032781	-1.71136974486771	-1.31530805722336	-0.883387855470325
-0.655108177446611	-1.70321816451371	-1.30682762145402	-0.891799073511545
-0.648709778860442	-1.69477677388354	-1.29515175283929	-0.908297853578208
-0.642311380274272	-1.68370132522421	-1.27903124525919	-0.88284188729611
-0.635912981688103	-1.69685003700126	-1.26046335843676	-0.860047399677995
-0.629514583101933	-1.66107230226332	-1.2594627404325	-0.837674350556104
-0.623116184515763	-1.63728496540755	-1.23426763316755	-0.847794729832146
-0.616717785929594	-1.61333492205838	-1.21501525747409	-0.800778320571734
-0.610319387343424	-1.6075391177056	-1.21107844648722	-0.819833050407916
-0.603920988757255	-1.61145107059581	-1.19491359455048	-0.777659204292476
-0.597522590171085	-1.58260103744446	-1.18401114052641	-0.788313545323511
-0.591124191584915	-1.54993068333046	-1.17694630030192	-0.746253871129904
-0.584725792998746	-1.57853893496386	-1.16358505634778	-0.759466689206552
-0.578327394412576	-1.56533454731765	-1.14244496887908	-0.755405225711959
-0.571928995826407	-1.547226849064	-1.15170488320226	-0.72116344760193
-0.565530597240237	-1.51462148145463	-1.11992405306015	-0.714277799644094
-0.559132198654068	-1.48546247566348	-1.10717404975687	-0.685875155279719
-0.552733800067898	-1.49705749581984	-1.0979657064663	-0.703896101616622
-0.546335401481729	-1.48552503998096	-1.07475772266416	-0.66970379021456
-0.539937002895559	-1.47395688825028	-1.05767894377398	-0.656143231619384
-0.53353860430939	-1.45549350073013	-1.06122880509542	-0.670433765041982
-0.52714020572322	-1.46363655967663	-1.04804867370221	-0.658066593416365
-0.52074180713705	-1.41065475389721	-1.02839382719544	-0.637484194366818
-0.514343408550881	-1.420219900089	-1.01719587704589	-0.62905423783924
-0.507945009964711	-1.41101852513838	-0.996124155254641	-0.589074420067268
-0.501546611378542	-1.37047648549058	-0.986095560469082	-0.591602229670661
-0.495148212792372	-1.37719883365083	-0.977961996913445	-0.558969975664838
-0.488749814206203	-1.34829142743019	-0.966506198107798	-0.542820320398253
-0.482351415620033	-1.35627606917019	-0.945050798496734	-0.549533680561855
-0.475953017033863	-1.36173723034131	-0.928721555777334	-0.531949021961027
-0.469554618447694	-1.33628484441513	-0.918902660093383	-0.53189226272636
-0.463156219861524	-1.3315888231423	-0.910329178110582	-0.532578089173981
-0.456757821275355	-1.31178371051856	-0.905572566898019	-0.504399528385914
-0.450359422689185	-1.26548803512689	-0.889203049978568	-0.495373218747533
-0.443961024103015	-1.30062810708801	-0.865471747428876	-0.488349299314047
-0.437562625516846	-1.26179303258439	-0.861995612579084	-0.429797158394859
-0.431164226930676	-1.26687866880389	-0.84999304063483	-0.451960146519191
-0.424765828344507	-1.2311103992087	-0.829725146797514	-0.413673745961333
-0.418367429758337	-1.21778040001667	-0.815027662573953	-0.420749095973607
-0.411969031172168	-1.2032334774927	-0.796306776604734	-0.413208029068551
-0.405570632585998	-1.21070585024488	-0.78880692520625	-0.390734653646171
-0.399172233999828	-1.16229581119614	-0.778993142505919	-0.35076585476366
-0.392773835413659	-1.18547739397641	-0.767965741427948	-0.372322998125494
-0.386375436827489	-1.15770175213046	-0.745416847925362	-0.338767815874653
-0.37997703824132	-1.12378619546082	-0.739919379306574	-0.340534685704444
-0.37357863965515	-1.11231719955641	-0.729713300262025	-0.33118039556313
-0.367180241068981	-1.09757680992999	-0.698416507674537	-0.310310358541857
-0.360781842482811	-1.09938018679782	-0.704811854462	-0.30095280122594
-0.354383443896642	-1.08113373025475	-0.676935154690664	-0.292783987009753
-0.347985045310472	-1.08020531213244	-0.670558047501293	-0.273385430659235
-0.341586646724302	-1.03898409856911	-0.662485245587578	-0.263564926788693
-0.335188248138133	-1.02440584951119	-0.636856127282964	-0.248382227871384
-0.328789849551963	-1.03863705387943	-0.633579062561861	-0.238920310698264
-0.322391450965794	-1.02392958834968	-0.623750842232917	-0.231918752747348
-0.315993052379624	-1.00525440155674	-0.610066838981163	-0.201015391489127
-0.309594653793455	-0.99872271717746	-0.596134278074854	-0.191778131502773
-0.303196255207285	-0.97752400484056	-0.58583266896665	-0.177957165907171
-0.296797856621115	-0.948193753407807	-0.567603072870307	-0.171450636520182
-0.290399458034946	-0.946949570213987	-0.554756787735841	-0.164726281113279
-0.284001059448776	-0.919250821018597	-0.540178285418272	-0.148961136924391
-0.277602660862607	-0.939896818928588	-0.523148309440261	-0.132069831567161
-0.271204262276437	-0.911679008021495	-0.511522065419909	-0.112813790419922
-0.264805863690267	-0.910054271282967	-0.494550271920974	-0.0954557921119665
-0.258407465104098	-0.89655285940236	-0.489202471788302	-0.0620194699008052
-0.252009066517928	-0.860957206477061	-0.481488965369442	-0.0713172800147289
-0.245610667931759	-0.865275461342966	-0.461879310078519	-0.051784557317763
-0.239212269345589	-0.848689345153985	-0.449315064876923	-0.0648931921473039
-0.23281387075942	-0.810144704992985	-0.434458367403437	-0.0364467272648712
-0.22641547217325	-0.793447463678524	-0.421513964281297	-0.0385294122729917
-0.220017073587081	-0.813003533501045	-0.412549192351954	-0.00610990886443394
-0.213618675000911	-0.801465280711111	-0.391110399854871	0.00690189641814754
-0.207220276414741	-0.788073007987295	-0.388613967715281	0.0222813595831269
-0.200821877828572	-0.775768645527742	-0.367704287232344	0.00279838214384933
-0.194423479242402	-0.736061233155894	-0.354766358696089	0.0468855590833019
-0.188025080656233	-0.732032707247641	-0.341711049676811	0.0579097166740986
-0.181626682070063	-0.712048746704411	-0.331079951770301	0.053288207452306
-0.175228283483894	-0.722880628915035	-0.314818338886408	0.0565006298696683
-0.168829884897724	-0.714222270009112	-0.307060581325843	0.068210626331691
-0.162431486311555	-0.683450988074383	-0.292666683480814	0.119540635610211
-0.156033087725385	-0.666247685800434	-0.276702268971965	0.115050388632885
-0.149634689139215	-0.663814854019094	-0.264350503429523	0.131941720535568
-0.143236290553046	-0.631665646919749	-0.25799020634374	0.138876611533633
-0.136837891966876	-0.626916895352072	-0.234565551152077	0.131451021158011
-0.130439493380707	-0.630092534763318	-0.22551956766775	0.177760152663537
-0.124041094794537	-0.613320966508323	-0.212939857415369	0.185227688415738
-0.117642696208367	-0.59269663800355	-0.209436314642951	0.191875294932302
-0.111244297622198	-0.572975275799784	-0.183575967877661	0.21828523167593
-0.104845899036028	-0.580656958572614	-0.172226272386931	0.209195844977272
-0.0984475004498588	-0.576996976449593	-0.165748170260682	0.227103569684533
-0.0920491018636893	-0.537401661226301	-0.146284772158103	0.244911320831827
-0.0856507032775196	-0.519894180263916	-0.137659085474606	0.245357238247568
-0.07925230469135	-0.494331183161604	-0.110133669083008	0.276589221633437
-0.0728539061051805	-0.480728213847505	-0.108278150400646	0.288444256858521
-0.066455507519011	-0.490858731787389	-0.0904396772011671	0.293581927170993
-0.0600571089328414	-0.474231845252439	-0.084794173748365	0.278044919873637
-0.0536587103466719	-0.443485247743466	-0.0719207870705604	0.336133026656419
-0.0472603117605022	-0.442662153324218	-0.0555470366847857	0.32783807284881
-0.0408619131743326	-0.430826246486152	-0.0386679673172406	0.331750382601067
-0.0344635145881631	-0.407855370454157	-0.0229569039939691	0.366304112896409
-0.0280651160019936	-0.422776568818707	-0.0193544043419578	0.379766224893984
-0.021666717415824	-0.386989838083838	-0.00637129295172426	0.395747050088098
-0.0152683188296543	-0.39362484085047	0.00409864766244289	0.407405182921605
-0.00886992024348476	-0.37900577268039	0.0232704956179281	0.434224116351131
-0.00247152165731523	-0.337922411989782	0.0282242714691222	0.436651466096062
0.0039268769288543	-0.333476689730468	0.0533724609725447	0.441298576971125
0.0103252755150238	-0.331029804030765	0.0617899879553417	0.43950221974289
0.0167236741011934	-0.300411463466517	0.0872467314456041	0.467634551652836
0.0231220726873631	-0.286454726168591	0.0909028647209396	0.501374330721819
0.0295204712735326	-0.283881464303067	0.107495512931056	0.493864957747687
0.0359188698597022	-0.279399591213699	0.120401594927753	0.49373435475936
0.0423172684458717	-0.250922250200838	0.131647127840489	0.497647918653767
0.0487156670320412	-0.261371243407435	0.135338461112005	0.543674498977453
0.0551140656182108	-0.220208790137303	0.160852310252946	0.541194315852902
0.0615124642043805	-0.22382896617161	0.170652533719774	0.57360682291959
0.06791086279055	-0.208590441263787	0.186574116259538	0.58913492668444
0.0743092613767196	-0.194155621877225	0.202381711487538	0.579372438389394
0.0807076599628891	-0.182934377997113	0.201615635059955	0.602847333807191
0.0871060585490586	-0.180318226419023	0.227687405922258	0.627210773145424
0.0935044571352281	-0.136521167107124	0.236362161250022	0.635567299372326
0.0999028557213979	-0.143174112822011	0.246768101599518	0.637976190163516
0.106301254307567	-0.128100374809045	0.269396162828119	0.661921742797027
0.112699652893737	-0.109235024586391	0.281716954549806	0.688055955750998
0.119098051479907	-0.084957425088897	0.282682393114321	0.655625999706182
0.125496450066076	-0.0715794253294672	0.306860599245405	0.685990716456307
0.131894848652246	-0.0769904883736169	0.321717306513197	0.722682350113548
0.138293247238415	-0.0583071532818381	0.328224832357233	0.709229046208331
0.144691645824585	-0.0525889822243074	0.32937368648594	0.728465201297564
0.151090044410755	-0.041334689170098	0.351586654051416	0.74759592094412
0.157488442996924	-0.0358942846977643	0.362144082773587	0.763006276424267
0.163886841583094	0.0103764121214638	0.374554190389854	0.765751673441175
0.170285240169263	0.00396261179826398	0.399044481424652	0.786758730531662
0.176683638755433	0.0286069079461526	0.410827773097191	0.803166663678643
0.183082037341602	0.00268582168014662	0.416798781486491	0.812848794638641
0.189480435927772	0.0527112403085549	0.426970348359098	0.808426627003928
0.195878834513942	0.0398087590760603	0.440373166582928	0.810798629750528
0.202277233100111	0.0471256770836959	0.458823935187586	0.847822015583202
0.208675631686281	0.0842650555012728	0.470598409349816	0.844256848482095
0.21507403027245	0.0883104676098429	0.472351357409903	0.860988784964376
0.22147242885862	0.0989430689240909	0.50446175886536	0.887217348070225
0.227870827444789	0.13103098260948	0.503166919726834	0.901413459072692
0.234269226030959	0.132037062374616	0.52281467742642	0.911418537082509
0.240667624617128	0.162985889920922	0.537325498094587	0.934305612764651
0.247066023203298	0.165627090879794	0.54810266411137	0.967488699719198
0.253464421789467	0.180656911325583	0.571466343471463	0.949554473733638
0.259862820375637	0.190333192619923	0.57473010486812	0.95351768182611
0.266261218961807	0.22942467256743	0.592589753477314	0.991186092230152
0.272659617547976	0.215245079001139	0.61118859006728	0.977483518457977
0.279058016134146	0.225266427637075	0.612711423251263	0.99172494127039
0.285456414720315	0.246868124316626	0.629981176930811	1.02892727861887
0.291854813306485	0.255827813244186	0.639131222266758	1.0192982590048
0.298253211892654	0.264998878248983	0.658211891473529	1.05582583848141
0.304651610478824	0.248825634731941	0.669017839242535	1.05060006165036
0.311050009064993	0.301485709693372	0.681628518430152	1.06686436777425
0.317448407651163	0.301439492274347	0.68634422961054	1.07468984936363
0.323846806237333	0.311262967047269	0.714004381602043	1.08721298408906
0.330245204823502	0.342223997116571	0.717675620438408	1.12131409356724
0.336643603409672	0.362448197808905	0.743205364245166	1.13804290563632
0.343042001995841	0.376652025426217	0.74982328594304	1.1456702184487
0.349440400582011	0.383816226908204	0.761351014551358	1.1452489180095
0.35583879916818	0.383343482058332	0.777371617617479	1.15068867482129
0.36223719775435	0.402246611829452	0.780290860497767	1.17052736685024
0.36863559634052	0.40820859578189	0.811261319819094	1.20642304504277
0.375033994926689	0.453291460778623	0.81562399095393	1.19656767012682
0.381432393512859	0.431384132200857	0.833945247973205	1.19928832489564
0.387830792099028	0.448537923712313	0.83777432230932	1.22120229870245
0.394229190685198	0.468728898882399	0.84980208360339	1.2297866040455
0.400627589271367	0.479189158778442	0.866905538221475	1.25030775349064
0.407025987857537	0.484394003071621	0.887635441476427	1.26442410377544
0.413424386443707	0.538116785841936	0.894992808548222	1.27057398013144
0.419822785029876	0.506237982495579	0.913937434035506	1.30574050007645
0.426221183616046	0.544377862383293	0.923653675946204	1.31973248871951
0.432619582202215	0.550922787572673	0.9375349778751	1.33108513692846
0.439017980788385	0.556543131677367	0.951735078141539	1.32185624271057
0.445416379374555	0.584842848572082	0.965414319417108	1.34575662943718
0.451814777960724	0.586023432793911	0.965437355878228	1.36260269404705
0.458213176546894	0.619939180071061	0.990288551914638	1.3842531802305
0.464611575133063	0.625836485008565	1.00500010142659	1.41358265179481
0.471009973719233	0.613474414392288	1.0150362958427	1.39166247919848
0.477408372305403	0.62293595650166	1.03207706558801	1.41337477966136
0.483806770891572	0.668853521247173	1.04062676999883	1.40539716970386
0.490205169477742	0.662103721420756	1.05150517738804	1.43664002650572
0.496603568063911	0.685517715473184	1.06687192728209	1.44796252489229
0.503001966650081	0.687299694921053	1.08079070167375	1.48148850893551
0.50940036523625	0.715755695558469	1.08647817141244	1.47780483504025
0.51579876382242	0.726389053136195	1.1039454999657	1.49112032539885
0.52219716240859	0.726867254970416	1.11478808147756	1.49365904505938
0.528595560994759	0.739632062782409	1.13937112884561	1.52464378581937
0.534993959580929	0.742164365217993	1.13869613648619	1.54030807324379
0.541392358167098	0.774515327908317	1.15332588136613	1.53555466753719
0.547790756753268	0.792450372988587	1.166316595365	1.57327576041146
0.554189155339437	0.79785051797996	1.17869947158272	1.5713255333293
0.560587553925607	0.812005224228481	1.19224814600101	1.58572674615093
0.566985952511776	0.810440873650226	1.21623068336429	1.60673841153781
0.573384351097946	0.829034504092343	1.21829803931652	1.59259325886762
0.579782749684115	0.838335775720996	1.23520638984676	1.61557619743756
0.586181148270285	0.879205721274703	1.24391810307279	1.62416957774629
0.592579546856455	0.871445296989257	1.25428355404048	1.64824348351056
0.598977945442624	0.900026219434783	1.28222010053859	1.64987572128185
0.605376344028794	0.897799584290878	1.28703759505882	1.65870785064379
0.611774742614963	0.938196597898383	1.30435474575899	1.69997444717643
0.618173141201133	0.934061063525176	1.32043038779807	1.67223911277572
0.624571539787302	0.937670706522176	1.32921582769752	1.72478613722605
0.630969938373472	0.95922612839858	1.33985915037872	1.70721095060376
0.637368336959641	0.9792560007202	1.36124061173857	1.7531736601404
0.643766735545811	0.997798593756369	1.37671946751848	1.76044200580484
0.65016513413198	0.983705729646304	1.37770693210532	1.74987453077736
0.65656353271815	0.996370148682955	1.38629362629616	1.76757641026691
0.66296193130432	1.01688933405365	1.40255191587103	1.7926918521736
0.669360329890489	1.025039826543	1.41978988233535	1.81205368385672
0.675758728476659	1.05745280659254	1.44297435459054	1.8324296676948
0.682157127062828	1.06974229117973	1.44407046943681	1.82839483743791
0.688555525648998	1.07505440669467	1.46166981693624	1.8397438626429
0.694953924235168	1.07345872121988	1.46692327359528	1.83842583081516
0.701352322821337	1.10809702807573	1.49211767145118	1.85221432392657
0.707750721407507	1.11104631799849	1.49610071523113	1.87495586231699
0.714149119993676	1.14527118233316	1.51731649402119	1.89070538743173
0.720547518579846	1.13663678449655	1.52241009097821	1.90903559640781
0.726945917166015	1.14007450620155	1.54550208219062	1.91742666265225
0.733344315752185	1.16556366156967	1.55388989453407	1.94226357784224
0.739742714338355	1.18105744577568	1.55766014557205	1.95542386242724
0.746141112924524	1.19744036865315	1.57702850937326	1.97302443344873
0.752539511510694	1.20675686963357	1.59197660018594	1.96806561885023
0.758937910096863	1.20684107867216	1.6072634190274	1.9826781040296
0.765336308683033	1.23266449332784	1.62918265784815	2.00447765367434
0.771734707269203	1.25721636266847	1.63719192233391	2.02382284622651
0.778133105855372	1.26533412570836	1.64885413075382	2.04816728086258
0.784531504441542	1.28355039906793	1.65895297383055	2.05358186338071
0.790929903027711	1.30227240827629	1.67746446808663	2.04288847666172
0.797328301613881	1.30274780948898	1.68355397389715	2.06021104781406
0.80372670020005	1.32102656326608	1.69561977703605	2.07984909574109
0.81012509878622	1.32854133987272	1.71506915422743	2.12056482633627
0.81652349737239	1.3285968874952	1.7278446605026	2.10020090054668
0.822921895958559	1.36341843012498	1.74874215745356	2.12586063453868
0.829320294544729	1.38508764024214	1.75390378003114	2.16529518894705
0.835718693130898	1.36842061521799	1.77052142185202	2.1381047565478
0.842117091717068	1.39819322259052	1.77993533618816	2.14817977323526
0.848515490303237	1.39876765738881	1.78974523916242	2.16904735060132
0.854913888889407	1.41032601671691	1.81323958339756	2.19108083015648
0.861312287475577	1.44109838758913	1.81397947800911	2.1919470355078
0.867710686061746	1.45723062166458	1.83196850279509	2.21011606201897
0.874109084647916	1.48223764244151	1.84345199105008	2.19792431337486
0.880507483234085	1.46138735591615	1.85639460301076	2.23167858769877
0.886905881820255	1.49719844629865	1.87222106914336	2.25363300979398
0.893304280406424	1.48212474244405	1.88125354005724	2.27175113784989
0.899702678992594	1.49436051213526	1.90820134305322	2.30151916070844
0.906101077578763	1.52771527280437	1.89527393794991	2.28812102142211
0.912499476164933	1.54281271852735	1.91347108800513	2.30791937103021
0.918897874751103	1.53693791719735	1.93638819853464	2.31937432964458
0.925296273337272	1.55635768345898	1.95098457098629	2.31932252805953
0.931694671923442	1.57789064774943	1.9593140555564	2.33224259800122
0.938093070509611	1.58851870287253	1.97479293678988	2.34156466581014
0.944491469095781	1.59032357481294	1.98582931573019	2.35407115758094
0.95088986768195	1.63282178701516	1.99983792661435	2.38553590547277
0.95728826626812	1.63637094700241	2.01335875774195	2.40205628402604
0.96368666485429	1.62842226835527	2.0271037303787	2.41488289451183
0.970085063440459	1.66288292178147	2.03440889139912	2.41746491691599
0.976483462026629	1.66629373853994	2.04711239785674	2.42997346675699
0.982881860612798	1.67614945012472	2.0672331446967	2.45390222558946
0.989280259198968	1.701979459341	2.07840666003621	2.46763336446403
0.995678657785137	1.68719361610471	2.09126973546113	2.45411025800495
1.00207705637131	1.72169218381287	2.10705385593867	2.50297914100758
1.00847545495748	1.74132440740964	2.12122443501526	2.50093971796663
1.01487385354365	1.7438736956751	2.12833283336383	2.52680179957736
1.02127225212982	1.77891551560008	2.14190475415196	2.54282909634981
1.02767065071599	1.77692643146048	2.15269619708792	2.55149495786769
1.03406904930215	1.80730470989453	2.17686633785818	2.55423719619082
1.04046744788832	1.81827652216722	2.18762999111999	2.56689482703169
1.04686584647449	1.82958457610469	2.19651013273694	2.56712353842293
1.05326424506066	1.82674196783653	2.20686163448162	2.5894599962678
1.05966264364683	1.85474267183344	2.22837352983672	2.60099475111588
1.066061042233	1.84575899311866	2.22871645718714	2.59678600952879
1.07245944081917	1.86559754667232	2.23980656072139	2.63413445824075
1.07885783940534	1.90029247923683	2.25575948154985	2.63352048240836
1.08525623799151	1.90949565723573	2.27755474611533	2.65582536059918
1.09165463657768	1.91794535471223	2.29085333784284	2.68073452083344
1.09805303516385	1.93456111162983	2.31023350818443	2.68969681823874
1.10445143375002	1.94587275152809	2.30464717504389	2.6830318429871
1.11084983233619	1.95636243814272	2.33466926595681	2.71999623349071
1.11724823092236	1.95205451700684	2.34675861607578	2.71753281988116
1.12364662950853	1.9737533652173	2.35068965778411	2.71306799519729
1.1300450280947	1.98648056902668	2.37013039743589	2.73947863040462
1.13644342668087	1.98809561927866	2.37397277407609	2.7567971187444
1.14284182526704	1.99381177741327	2.39267108743619	2.76016063802096
1.14924022385321	2.00942815557353	2.40883702912331	2.79891222845777
1.15563862243938	2.04812255329334	2.42457619529672	2.81609667340127
1.16203702102555	2.06182382375222	2.44213075748124	2.82169756388495
1.16843541961172	2.08036299370005	2.44549212888485	2.82746073959574
1.17483381819789	2.08799206406545	2.46837711513766	2.85043979299581
1.18123221678405	2.09677939974894	2.47425347621691	2.87397925602639
1.18763061537022	2.12920396638084	2.48924122597722	2.8636782701718
1.19402901395639	2.12021818222846	2.49135110526804	2.87530575332692
1.20042741254256	2.12456026891657	2.50517070514185	2.88754004930349
1.20682581112873	2.14323061245219	2.5278028197742	2.90119564759192
1.2132242097149	2.14578479518572	2.54058521664448	2.91726752542213
1.21962260830107	2.17132055530169	2.55494904673693	2.92137020623811
1.22602100688724	2.17079796843326	2.56570695510838	2.92444033493475
1.23241940547341	2.22558349978596	2.58117895898224	2.97042741424051
1.23881780405958	2.21095839869171	2.59879502265499	2.98447696375798
1.24521620264575	2.24340168338945	2.61144058432665	2.98988013024505
1.25161460123192	2.23959378134232	2.62222214224891	3.00000058924986
1.25801299981809	2.26802549372767	2.6382519550111	3.00969505100884
1.26441139840426	2.27280792817097	2.64084150344858	3.04286078318253
1.27080979699043	2.278527138287	2.65449141581763	3.02768770254124
1.2772081955766	2.28115729500743	2.66820443930964	3.03451272689018
1.28360659416277	2.32400566664755	2.68299111881586	3.04473806036776
1.29000499274894	2.3067942671284	2.68851648463868	3.064158638286
1.29640339133511	2.31822929339029	2.70598183565329	3.0833837320644
1.30280178992128	2.34732363728648	2.73096650780326	3.11339877092399
1.30920018850745	2.33250841889521	2.73185619167247	3.12620903443376
1.31559858709362	2.36832220504234	2.74409198968294	3.13008173100689
1.32199698567979	2.38435370361552	2.77637483845783	3.15386934786834
1.32839538426596	2.40256105678019	2.77975779511284	3.16211361268231
1.33479378285212	2.39781587897769	2.78776744385126	3.15656728668676
1.34119218143829	2.41026995250839	2.80852761733275	3.1963527254307
1.34759058002446	2.42606649847638	2.81740636761768	3.20843720654845
1.35398897861063	2.42744145531453	2.82183090926555	3.21719949628333
1.3603873771968	2.45041038170327	2.84585151519422	3.23426856559862
1.36678577578297	2.48022343435102	2.85291073978793	3.23903906192013
1.37318417436914	2.49285448349964	2.87753662115373	3.25541095726184
1.37958257295531	2.49371185360899	2.88521873377343	3.24347471678151
1.38598097154148	2.50575118471543	2.89745520100541	3.29283347770442
1.39237937012765	2.5401807785156	2.91392266427459	3.28266743784443
1.39877776871382	2.54664997349419	2.91271818806072	3.29168604694037
1.40517616729999	2.5546180984565	2.93583486106716	3.33036253073013
1.41157456588616	2.56516224524397	2.93336968998523	3.31944710441715
1.41797296447233	2.57989088693857	2.95897141495701	3.32571214826087
1.4243713630585	2.5855195943433	2.9695056255829	3.36188700839549
1.43076976164467	2.61391085737276	2.98995552578956	3.36961827026144
1.43716816023084	2.63480715385132	2.99123957521243	3.39234459712056
1.44356655881701	2.65641615599302	3.02592513595285	3.3932216838526
1.44996495740318	2.65940817520825	3.02911325023513	3.39642650689786
1.45636335598935	2.65791908305527	3.04495005334726	3.42430352184127
1.46276175457552	2.69188502338677	3.05841401275576	3.43460998865778
1.46916015316169	2.68775294078566	3.07261857863692	3.46261833730416
1.47555855174785	2.69183759054571	3.07703529918009	3.46474008472871
1.48195695033402	2.72004992491751	3.09289374645263	3.46538166914081
1.48835534892019	2.72622551852356	3.11923308490652	3.4721656164325
1.49475374750636	2.74505880549358	3.11229019032321	3.49222483529798
1.50115214609253	2.76172752508326	3.13099003283368	3.51799968079888
1.5075505446787	2.76182921952879	3.14951002496871	3.53721627055518
1.51394894326487	2.78040188996797	3.15111589473266	3.53163095611762
1.52034734185104	2.7905208431526	3.17128557883564	3.54430890485728
1.52674574043721	2.81906657980552	3.18364058312276	3.55240937405621
1.53314413902338	2.81528563192671	3.1983895505481	3.57014172689827
1.53954253760955	2.83264624494418	3.21065625647805	3.5862260417414
1.54594093619572	2.84953109307009	3.2197455227187	3.59266248921048
1.55233933478189	2.88305799560345	3.23355307471609	3.5931089875114
1.55873773336806	2.87358360015743	3.25535785673974	3.62304585180664
1.56513613195423	2.8828630271013	3.25924657407681	3.64970332090266
1.5715345305404	2.88208874987164	3.28123958914413	3.66595204360331
1.57793292912657	2.92541189016502	3.30039325134596	3.6669913258604
1.58433132771274	2.92594426926634	3.3157398927147	3.68613259297955
1.59072972629891	2.94167864829247	3.32062985827682	3.69120656433739
1.59712812488508	2.9227860154984	3.3361659083258	3.73619484147469
1.60352652347125	2.96831916240167	3.34648347457493	3.73119920967671
1.60992492205742	2.97561592690246	3.3549488277304	3.74569904288101
1.61632332064359	2.9887771926137	3.3658895183374	3.77170615505766
1.62272171922976	3.01260575880862	3.38497500119613	3.76307616103745
1.62912011781592	3.0323781687854	3.39307983835336	3.76292727130142
1.63551851640209	3.02691479678458	3.40626356495288	3.76165878910802
1.64191691498826	3.05099756467945	3.42753124825564	3.78961836906798
1.64831531357443	3.06348313638787	3.43067721410723	3.79301482659158
1.6547137121606	3.06833653794741	3.44622527524294	3.82701784659211
1.66111211074677	3.07645183296397	3.46290944502819	3.82756150929395
1.66751050933294	3.10579465198689	3.48289047657075	3.86522831176272
1.67390890791911	3.11763636864801	3.50108656422197	3.87061344173272
1.68030730650528	3.13110582738668	3.50326491558245	3.88910560835818
1.68670570509145	3.1369512202497	3.51868084478245	3.89132164353301
1.69310410367762	3.15448250251712	3.52559928306054	3.89984691840328
1.69950250226379	3.1669961566114	3.53555819657213	3.92531962882583
1.70590090084996	3.18684230328192	3.55861070342252	3.94885551187971
1.71229929943613	3.17581989649751	3.56989070984975	3.93765314180747
1.7186976980223	3.18064286890109	3.58134742354159	3.96200302030835
1.72509609660847	3.2179439093967	3.59042018596139	3.95471300062912
1.73149449519464	3.21900751846376	3.60151697547439	3.96648256972587
1.73789289378081	3.24932571493748	3.62363912485329	3.98342019089912
1.74429129236698	3.2479352525074	3.64002427522615	4.00920997395236
1.75068969095315	3.26583930972417	3.63041221665581	4.03657776614483
1.75708808953932	3.26925616009247	3.65708745383785	4.03640228220749
1.76348648812549	3.29255213019885	3.6739029298688	4.06359690020069
1.76988488671166	3.30284386839857	3.68127392512771	4.0483233295072
1.77628328529782	3.31596989487851	3.70206642068182	4.07236996907895
1.78268168388399	3.33567934150165	3.709043936439	4.07617164576079
1.78908008247016	3.35739376271707	3.72707360704803	4.08445096023954
1.79547848105633	3.36381746115697	3.73335809377787	4.12432674347356
1.8018768796425	3.38959793664773	3.75227088680673	4.13433839326762
1.80827527822867	3.40772040293375	3.75796581545663	4.14966460419688
1.81467367681484	3.40986747855897	3.77352673901654	4.17122968514342
1.82107207540101	3.42229493661957	3.79795261892963	4.17961182302241
1.82747047398718	3.42645089156867	3.79941420577419	4.18013553645954
1.83386887257335	3.42073805630216	3.82299628315855	4.20962171651199
1.84026727115952	3.45035054365212	3.8330018711686	4.19603982512401
1.84666566974569	3.47817154109197	3.85212247014558	4.21146629294599
1.85306406833186	3.46175256507138	3.85740122843862	4.23895580198798
1.85946246691803	3.48637594245117	3.85641891253344	4.25133022365867
1.8658608655042	3.49576782936847	3.88804474885978	4.24744660399718
1.87225926409037	3.53011161228186	3.89491075445614	4.27815258195729
1.87865766267654	3.52537507001959	3.91276358617004	4.28148435304723
1.88505606126271	3.54561911233873	3.9156104319494	4.2997889540741
1.89145445984888	3.58022596781492	3.94504082464719	4.32644622459905
1.89785285843505	3.58961244237126	3.95394094796468	4.34010294601973
1.90425125702122	3.57711623474011	3.96863186955492	4.34598224261042
1.91064965560739	3.61426239698865	3.98341020208939	4.36251204302074
1.91704805419356	3.59070350900926	3.97950432116171	4.37351502553036
1.92344645277972	3.6203561828395	4.00552135904428	4.38947427390366
1.92984485136589	3.63347161881948	4.01346256223901	4.40745392544737
1.93624324995206	3.64449557284252	4.02658988399003	4.40555993123518
1.94264164853823	3.66332576106374	4.04067002814251	4.42301256883117
1.9490400471244	3.67887079841164	4.05394679023564	4.42775300099567
1.95543844571057	3.69482919830572	4.06268727564421	4.44492821537363
1.96183684429674	3.70010249687567	4.07653493738604	4.45631106444994
1.96823524288291	3.70549800287258	4.09249450182623	4.48283770638787
1.97463364146908	3.72390725207617	4.10369916240642	4.48502930192454
1.98103204005525	3.75935040670418	4.12925559995094	4.48845652446685
1.98743043864142	3.76524883637408	4.14022027355231	4.51951103981463
1.99382883722759	3.77802992478421	4.1423831525548	4.51683924678659
2.00022723581376	3.76750650057564	4.15401683832683	4.51997322088361
2.00662563439993	3.77422557878593	4.16553206393914	4.55243479350762
2.0130240329861	3.81389074652027	4.18602427682352	4.57335969000298
2.01942243157227	3.82135420175726	4.19845248185623	4.57379958557291
2.02582083015844	3.83386949240164	4.21941570588542	4.58891353188814
2.03221922874461	3.82983519925401	4.2238167332015	4.58499947766375
2.03861762733078	3.85070473819595	4.24330031236181	4.61777989009452
2.04501602591695	3.87509993125694	4.25888222749986	4.6353705112448
2.05141442450312	3.89442830778618	4.27059357446158	4.63504032458133
2.05781282308929	3.90069803442018	4.28255593695926	4.65302841401077
2.06421122167546	3.92206854721477	4.29112375300028	4.66793842260777
2.07060962026162	3.9254012943571	4.29579055462158	4.69585585573944
2.07700801884779	3.93253348213271	4.32232562493594	4.70174537067108
2.08340641743396	3.95801217500681	4.32639159402247	4.70331095546742
2.08980481602013	3.95869185378774	4.33977078944308	4.72906183411248
2.0962032146063	4.00146145625158	4.3597386112219	4.73843910919967
2.10260161319247	4.00029214934759	4.36950854767864	4.74298703192129
2.10900001177864	3.99418403198454	4.38750089041652	4.77973623920283
2.11539841036481	4.02524927390134	4.40655392705282	4.76357342476981
2.12179680895098	4.03961079863917	4.40481545907081	4.79205053961679
2.12819520753715	4.04189728252467	4.42515716368384	4.79887933259256
2.13459360612332	4.06700218434558	4.43370708666361	4.79878437202493
2.14099200470949	4.08825204597421	4.44740627106199	4.81839105698555
2.14739040329566	4.09159879946533	4.46633708611999	4.85013422819106
2.15378880188183	4.10658166525368	4.47147109472122	4.87003750597249
2.160187200468	4.13140676218884	4.48623712808855	4.86386963136173
2.16658559905417	4.117959763832	4.50055679268884	4.86787952206279
2.17298399764034	4.15215172198102	4.51022619169442	4.87888016587386
2.17938239622651	4.13525136802866	4.53411436352119	4.91820914864208
2.18578079481268	4.15373573805535	4.54193607630294	4.91726815401773
2.19217919339885	4.18065715443907	4.56304354990978	4.94085127283512
2.19857759198502	4.20239748511452	4.56460983215119	4.95351298732563
2.20497599057119	4.21667897855373	4.57729067305576	4.95346505965998
2.21137438915735	4.20765591864229	4.59150449830353	4.96210975694553
2.21777278774353	4.23884346146007	4.60869989977324	4.99134096526211
2.22417118632969	4.25094201654439	4.62037277095536	5.00237549925608
2.23056958491586	4.22797252587987	4.63445269787011	5.01840390788384
2.23696798350203	4.27059736767512	4.64785278917112	5.05025313550415
2.2433663820882	4.27587906293971	4.66285566635229	5.03238706234531
2.24976478067437	4.29292694340349	4.6715869462398	5.05114971708282
2.25616317926054	4.30564537552322	4.69720374193602	5.07075831044169
2.26256157784671	4.32575872313764	4.70418871998396	5.10120118942354
2.26895997643288	4.35293695386371	4.71634679142117	5.08856778702112
2.27535837501905	4.32668447122357	4.73028451177727	5.1033392688966
2.28175677360522	4.37513425907388	4.73417058799406	5.10959296352792
2.28815517219139	4.38830305220686	4.75055090132726	5.13729339953749
2.29455357077756	4.37865548787461	4.7672210349066	5.15174416455859
2.30095196936373	4.40912806412446	4.77735932949362	5.15666491477296
2.3073503679499	4.40348360408356	4.79661621971781	5.19080988463483
2.31374876653607	4.4264636064171	4.80408715383889	5.1928752088478
2.32014716512224	4.43169658907357	4.82524002496599	5.20593354214367
2.32654556370841	4.45251901102666	4.84398261895	5.21824408017983
2.33294396229458	4.46248363728298	4.84363928667909	5.21723626583077
2.33934236088075	4.48192806729069	4.86245803222156	5.24787949723732
2.34574075946692	4.4744587846497	4.87118498522238	5.24676817247294
2.35213915805309	4.5084339239344	4.87679300439956	5.26139888919397
2.35853755663926	4.53578040919425	4.90024152647328	5.27794806955867
2.36493595522542	4.55197305492313	4.91404031823668	5.29874174267931
2.37133435381159	4.54511104922983	4.9261149666731	5.30679998311528
2.37773275239776	4.56173527594218	4.93279427800345	5.3199951367979
2.38413115098393	4.57088561550488	4.94459596075127	5.3274288440044
2.3905295495701	4.57151977129384	4.96861786568288	5.34382132954719
2.39692794815627	4.5937188134708	4.98279088141835	5.35592160963718
2.40332634674244	4.59860183619076	4.98017913829378	5.37045486267048
2.40972474532861	4.63968033439939	5.00426692109949	5.38949040642065
2.41612314391478	4.64197024813807	5.0152879881554	5.40319395951904
2.42252154250095	4.62353211351754	5.02645254849915	5.40791619951017
2.42891994108712	4.65075772801572	5.04917126985335	5.41262227613195
2.43531833967329	4.67077061974075	5.05650446192093	5.44652647279097
2.44171673825946	4.67973638143264	5.07423970706787	5.4434598819257
2.44811513684563	4.70134165830463	5.08334062708164	5.43816627014875
2.4545135354318	4.71566574422887	5.08684958851675	5.47824310148497
2.46091193401797	4.72420709888047	5.1125293329602	5.49003809275852
2.46731033260414	4.74339636781253	5.1115929170477	5.4985708184505
2.47370873119031	4.74969560356611	5.13416863368204	5.5216379011329
2.48010712977648	4.76413861644682	5.14993835811646	5.53829373307172
2.48650552836265	4.7968175225626	5.16797181937464	5.53255346195922
2.49290392694882	4.77657800967254	5.17070234631528	5.5695115756095
2.49930232553499	4.80836640887494	5.19402342483354	5.56777851099089
2.50570072412116	4.82706769223102	5.20655749196116	5.57346211272489
2.51209912270732	4.85361373454485	5.22012808879159	5.60000293910496
2.5184975212935	4.85303099889371	5.21718156294013	5.61184861753577
2.52489591987966	4.84124214718251	5.23523107838277	5.64400590539959
2.53129431846583	4.87061664092747	5.25520314496079	5.63884460805105
2.537692717052	4.88863893750548	5.26870843047857	5.63776662759592
2.54409111563817	4.89487034313156	5.28515110341638	5.66027235709617
2.55048951422434	4.90764119902819	5.2912594186372	5.69586856626931
2.55688791281051	4.92709081616233	5.30192519229921	5.67695296398947
2.56328631139668	4.94803473464041	5.31784040080764	5.7064317329465
2.56968470998285	4.95726709300392	5.33060391491655	5.6911980439498
2.57608310856902	4.95463180222691	5.34324404825971	5.72361729007219
2.58248150715519	4.9610002598235	5.3586720390375	5.73740352007312
2.58887990574136	4.9793137939265	5.36344191352123	5.74900749645268
2.59527830432753	4.97517295999797	5.38164745141006	5.7590734394568
2.6016767029137	5.01924661396126	5.4019384220023	5.78087381739285
2.60807510149987	5.03027114840897	5.41258260433708	5.79935087605051
2.61447350008604	5.0508403936563	5.4202680582682	5.7985330865512
2.62087189867221	5.05842601349695	5.43890138114546	5.82365899315548
2.62727029725838	5.08942016122414	5.45661317787809	5.83858971068669
2.63366869584455	5.08410354304374	5.46380132920067	5.84253822167971
2.64006709443072	5.11779690882271	5.47482438348813	5.85059501248126
2.64646549301689	5.10957162272788	5.48821400579239	5.86673134944163
2.65286389160306	5.11659182397333	5.50183859414862	5.89040352190438
2.65926229018923	5.1563590516582	5.51140091688345	5.89563746604552
2.66566068877539	5.13729827007383	5.53543588300071	5.90756369455644
2.67205908736156	5.16902148030075	5.53904970759385	5.9070214250747
2.67845748594773	5.16904253744598	5.55204219153495	5.93703513786442
2.6848558845339	5.18005569078673	5.55884943603253	5.95959107864893
2.69125428312007	5.19231900065533	5.58859380123266	5.98532480182314
2.69765268170624	5.21726129088165	5.59628217123685	5.9796890957523
2.70405108029241	5.24883497579732	5.60536685111039	5.98905819189008
2.71044947887858	5.24804022447202	5.63479286220536	6.00992935915993
2.71684787746475	5.2455880779264	5.63474349427721	6.01449161857934
2.72324627605092	5.27135511601617	5.64606806299143	6.0554556380145
2.72964467463709	5.26842087370298	5.655821348222	6.04655950396096
2.73604307322326	5.29907891336309	5.67755036915889	6.04545924522206
2.74244147180943	5.30758782573649	5.6855471713632	6.06920721936846
2.7488398703956	5.32780907135546	5.70077334004738	6.08527512270388
2.75523826898177	5.31728463329227	5.71408065498149	6.09066556669917
2.76163666756794	5.34161977265532	5.73010022308401	6.10347355727568
2.76803506615411	5.34380446033241	5.74018977784195	6.14450868643319
2.77443346474028	5.37739983219093	5.74957059041306	6.13250996441174
2.78083186332645	5.38301116526228	5.75728631242823	6.14442445382299
2.78723026191262	5.39167674374674	5.77634114283262	6.15751106108157
2.79362866049879	5.41652637287107	5.79380914846787	6.18089182185294
2.80002705908496	5.41415979188986	5.80730382122181	6.18969974230089
2.80642545767113	5.43577723063845	5.81415253271999	6.19553311755421
2.81282385625729	5.4576976613345	5.84677002605437	6.19819844003841
2.81922225484346	5.46266056867363	5.8435527324927	6.2407677154321
2.82562065342963	5.477260363005	5.86300963395715	6.24608020129832
2.8320190520158	5.49568619870199	5.8739424130492	6.26795101855403
2.83841745060197	5.50569804200142	5.88586342539282	6.28191455191197
2.84481584918814	5.51144678058917	5.89516746562097	6.30485492122005
2.85121424777431	5.53169897750842	5.91465414386241	6.29888282823081
2.85761264636048	5.53095780892164	5.92548682786632	6.32419948343025
2.86401104494665	5.57232940440286	5.93971706439796	6.35116677284334
2.87040944353282	5.5641736533495	5.95276739953873	6.32519796695328
2.87680784211899	5.57767639627151	5.95927581503908	6.33862317057189
2.88320624070516	5.62244398894634	5.98447412114374	6.38593573346931
2.88960463929133	5.60826325565586	5.99159941970732	6.39023790719185
2.8960030378775	5.61323366122302	6.00170848384324	6.39182484823465
2.90240143646367	5.65565521468168	6.01125260516483	6.40617011955104
2.90879983504984	5.61998163194194	6.02689305608904	6.42808457218039
2.91519823363601	5.65749416163273	6.05358402004095	6.42715694276006
2.92159663222218	5.6682021843369	6.05950053873344	6.41954808834657
2.92799503080835	5.68762299018211	6.07120511650876	6.45846634252998
2.93439342939452	5.68855586665321	6.0800407773872	6.47422388361088
2.94079182798069	5.71133140910823	6.09060438009429	6.49454860808373
2.94719022656686	5.72751617816575	6.11634826682472	6.48322645288635
2.95358862515303	5.74533956265707	6.12707975148389	6.51639225880874
2.9599870237392	5.74716691272735	6.14123079831988	6.52430112250444
2.96638542232536	5.76994814599269	6.15640902366471	6.55919861332942
2.97278382091153	5.77395477474071	6.16710302689718	6.55659189229427
2.9791822194977	5.78997796660483	6.17156173742318	6.56119964652339
2.98558061808387	5.80453577635269	6.1865813175364	6.54903957866072
2.99197901667004	5.82447703105617	6.20212182964145	6.56579910863812
2.99837741525621	5.83954375923479	6.21050914216114	6.6179430840045
3.00477581384238	5.85445817992858	6.23147378445535	6.6167321551587
3.01117421242855	5.86462314492058	6.24404409866343	6.63719244303801
3.01757261101472	5.85373187218969	6.24501332425662	6.6405276064226
3.02397100960089	5.88751200831056	6.27012203606922	6.64846150914934
3.03036940818706	5.8891276722884	6.28918578211274	6.65860580814017
3.03676780677323	5.91015755466724	6.29984975240209	6.70404159049996
3.0431662053594	5.91574322403181	6.31116855182149	6.70580446658823
3.04956460394557	5.90829174505927	6.32097367799357	6.70185617195081
3.05596300253174	5.95141819678577	6.33210720080554	6.71936693849934
3.06236140111791	5.95073576888243	6.35046102258078	6.75541330370057
3.06875979970408	5.97821553978336	6.35961323038168	6.73906553555299
3.07515819829025	6.02003013697206	6.38196670860425	6.73682804978616
3.08155659687642	5.99650525442944	6.39615087955398	6.7836864198651
3.08795499546259	6.01397637361339	6.39200555144855	6.77887559870375
3.09435339404876	6.01200616436964	6.41189746762842	6.79559466653808
3.10075179263493	6.04229686892984	6.43201551823221	6.83733745089691
3.1071501912211	6.04488557456782	6.43270960452227	6.83387649392505
3.11354858980726	6.05845707770636	6.44955459481433	6.85535076472797
3.11994698839343	6.06985770837251	6.48393686941628	6.86219617272645
3.1263453869796	6.100062706069	6.47810533114939	6.89142027917956
3.13274378556577	6.10198283024283	6.49301686892747	6.86216481909028
3.13914218415194	6.12858701634864	6.50336475987254	6.92281991274057
3.14554058273811	6.14259511718692	6.51895731139618	6.90352752761413
3.15193898132428	6.14457878402655	6.52807730769997	6.90000103519931
3.15833737991045	6.15249321782278	6.54092133640355	6.94750739499893
3.16473577849662	6.16269475923943	6.55405720456998	6.94884161482756
3.17113417708279	6.1852813911626	6.57491702734966	6.96237016702175
3.17753257566896	6.18900618851588	6.58109586884012	6.9922946172784
3.18393097425513	6.19439766996418	6.59329840263384	6.95902148540508
3.1903293728413	6.20218840399159	6.61376612884871	6.99500863193322
3.19672777142747	6.23221266171346	6.62076654543857	7.01517103174844
3.20312617001364	6.25325158060541	6.63134795035099	7.01683429382392
3.20952456859981	6.26402382514551	6.65042620977604	7.05406430252757
3.21592296718598	6.27786760184272	6.66537593666944	7.06284113937926
3.22232136577215	6.29650128377181	6.67222677062747	7.07151855300547
3.22871976435832	6.28975637824606	6.68633484904632	7.07463606054418
3.23511816294449	6.29748917860311	6.69256582855936	7.09514019098955
3.24151656153066	6.34742859300612	6.7111041443798	7.09792311765325
3.24791496011683	6.34089963488332	6.72566568834961	7.13092404151388
3.25431335870299	6.37423738996209	6.74296591542776	7.12838485320867
3.26071175728916	6.36332894527742	6.75786851229492	7.15693503426746
3.26711015587533	6.37806779715481	6.77068691007038	7.16387655560768
3.2735085544615	6.40200230000799	6.77977708693478	7.19453109539415
3.27990695304767	6.39850423376894	6.78921873709497	7.17816522581939
3.28630535163384	6.39870434973821	6.81062169995273	7.20804786076426
3.29270375022001	6.42760783060051	6.81079575083297	7.19950820725756
3.29910214880618	6.44890472703064	6.83758852543519	7.22274694381776
3.30550054739235	6.48136587222754	6.84298601808994	7.24241309403823
3.31189894597852	6.47059330698656	6.85862869988372	7.24421491766178
3.31829734456469	6.46573958162599	6.87257020425263	7.27359266942821
3.32469574315086	6.50598930536994	6.88003457658524	7.27904795865144
3.33109414173703	6.50051288484678	6.90241438707497	7.30224086641468
3.3374925403232	6.5233361263323	6.90798560166296	7.32546838409103
3.34389093890937	6.54371902959195	6.94119692330136	7.34064354651285
3.35028933749554	6.55428431182523	6.93469146393878	7.33009896257064
3.35668773608171	6.5475188705569	6.94517606698329	7.33884503666704
3.36308613466788	6.5780743232698	6.97027466105468	7.38534591022925
3.36948453325405	6.59175959792803	6.98373324108953	7.37287492936496
3.37588293184022	6.59881200329719	6.99499791165293	7.38991679811599
3.38228133042639	6.623620628711	7.00869329525844	7.39632173577716
3.38867972901256	6.62939368332989	7.01695811535888	7.42889367880995
3.39507812759873	6.65964065137113	7.02116140070227	7.4162892459226
3.4014765261849	6.65499894349466	7.03390940034762	7.42380436927495
3.40787492477106	6.65592016154814	7.05408986802915	7.46484374227855
3.41427332335723	6.67340408325558	7.0679455867315	7.47933394827057
3.4206717219434	6.70518970019456	7.08642384669986	7.48969358260654
3.42707012052957	6.69965451839504	7.09146552862467	7.48431518659295
3.43346851911574	6.73692780031945	7.11477070140545	7.50905853474897
3.43986691770191	6.74019170447786	7.13032381726254	7.50838846516941
3.44626531628808	6.7361076899713	7.14491486595732	7.52812779141155
3.45266371487425	6.75968295913574	7.1517008915447	7.53685308004732
3.45906211346042	6.7400192670563	7.15170298198317	7.55534132789421
3.46546051204659	6.77042363016454	7.17086592285147	7.55864400820164
3.47185891063276	6.79157318374172	7.18194173501958	7.57095422890347
3.47825730921893	6.80473419191105	7.20287983891154	7.59907343052985
3.4846557078051	6.8302474539594	7.21026771738515	7.60391729918867
3.49105410639127	6.84233498627291	7.22583068651836	7.64519194039152
3.49745250497744	6.84615347095917	7.24063190842987	7.62463414824707
3.50385090356361	6.86207697682869	7.25910591182338	7.65246870969784
3.51024930214978	6.88128758275622	7.2798065571409	7.66707679022336
3.51664770073595	6.90819710406006	7.28056020841315	7.68855352404542
3.52304609932212	6.89450185295873	7.29237106690476	7.69574208866999
3.52944449790829	6.90111158405761	7.29715140284151	7.68626224984224
3.53584289649446	6.93055637044903	7.3257227850293	7.71011482779943
3.54224129508063	6.94089760560805	7.33361168019103	7.69591244163558
3.5486396936668	6.95911899650462	7.35261918904665	7.7244645645283
3.55503809225296	6.98336950848731	7.36561728046595	7.74189514045667
3.56143649083913	6.96203868201609	7.36897941893311	7.76990824824179
3.5678348894253	6.98730237148226	7.38845320277017	7.78516176105054
3.57423328801147	7.00977170510262	7.39085942585256	7.77722443939523
3.58063168659764	7.02536926119481	7.41261220063678	7.81448877268585
3.58703008518381	7.02634250847941	7.43285080112088	7.84928612458903
3.59342848376998	7.04938198223628	7.43641083284121	7.82915812346949
3.59982688235615	7.02565379003788	7.44859160578153	7.85958614165037
3.60622528094232	7.07799904974234	7.46520045484917	7.83669422307971
3.61262367952849	7.08446222291588	7.47369408267395	7.85037635547996
3.61902207811466	7.08745875588033	7.49776039621505	7.90167962529872
3.62542047670083	7.12103373058822	7.506470715094	7.87887086492989
3.631818875287	7.11556932666268	7.51883139671171	7.91161372321289
3.63821727387317	7.13919450985626	7.53063114614804	7.9300565492817
3.64461567245934	7.14125312596075	7.54907727482363	7.95840888395975
3.65101407104551	7.16160005676101	7.56080492529113	7.9439163368508
3.65741246963168	7.158683060639	7.56975228707375	7.96112054801113
3.66381086821785	7.1777776338557	7.5876306317166	7.97119519309698
3.67020926680402	7.22645122515108	7.60542870435215	8.01328535460218
3.67660766539019	7.19019899591148	7.60773104319841	7.9942389942284
3.68300606397636	7.22174891911706	7.61830567650757	8.0223705645953
3.68940446256253	7.22310930517294	7.62762479039455	8.0189591235364
3.6958028611487	7.2654217769152	7.65647099482564	8.05648356196093
3.70220125973486	7.26947618102507	7.6557544725317	8.05925492865958
3.70859965832103	7.27850015537522	7.67020446134096	8.06730830370674
3.7149980569072	7.26858207054368	7.69411703959174	8.09266828528014
3.72139645549337	7.30037979508127	7.7020214093052	8.10885349156925
3.72779485407954	7.31715154858037	7.71742416668028	8.09568921546494
3.73419325266571	7.34128293252261	7.73434475982319	8.12367627991855
3.74059165125188	7.3398925807124	7.7397050369946	8.13072614723533
3.74699004983805	7.36468296120744	7.75954039034007	8.16369883014288
3.75338844842422	7.3689831335962	7.77612191600326	8.16279073726978
3.75978684701039	7.41334854735432	7.78290844961999	8.17142672447684
3.76618524559656	7.3938400160733	7.80071307402091	8.20030933749797
3.77258364418273	7.42173175381139	7.81436907994145	8.20777828090204
3.7789820427689	7.4281079470641	7.81614981552409	8.21842879808005
3.78538044135507	7.45325052009482	7.83448091201276	8.23517810526886
3.79177883994124	7.44565372269804	7.84779166801573	8.25812179667944
3.79817723852741	7.46353625716845	7.86230369808032	8.27598834687349
3.80457563711358	7.48580638164052	7.8677179799043	8.29134158090536
3.81097403569975	7.47499207515133	7.88408318796431	8.29329319801247
3.81737243428592	7.49170554910968	7.9080002830169	8.30019264144361
3.82377083287209	7.518311690652	7.90923691157213	8.30110569722032
3.83016923145826	7.54460344251961	7.92942818699068	8.33878500268782
3.83656763004443	7.55545500897509	7.93964967453742	8.34273395065186
3.8429660286306	7.57719041724191	7.95504525397634	8.35671028226262
3.84936442721677	7.56724903554132	7.96699019396674	8.38991710788074
3.85576282580293	7.584355588399	7.98122721440463	8.41161226639909
3.8621612243891	7.60640159907038	8.00100657542537	8.38784275181133
3.86855962297527	7.60339851967813	8.00498800888766	8.39801429998408
3.87495802156144	7.62442941424851	8.02511095829322	8.40726113731194
3.88135642014761	7.6445263609237	8.02546073731299	8.42464318409435
3.88775481873378	7.65289833531052	8.04214714209281	8.45393715218454
3.89415321731995	7.66019331141403	8.06302667011976	8.45617882732072
3.90055161590612	7.6783800334375	8.07201563269764	8.46545413558608
3.90695001449229	7.69798013429344	8.08728573250604	8.49001044298661
3.91334841307846	7.70800593555627	8.1019506023396	8.48937097674857
3.91974681166463	7.69608690232082	8.10918425384821	8.49263359521238
3.9261452102508	7.7098049732167	8.13188658498361	8.53671742270997
3.93254360883697	7.7178694640226	8.13558957654362	8.56800654823376
3.93894200742314	7.74061380472356	8.15025659568443	8.52762459640671
3.94534040600931	7.73193630246744	8.16998442015728	8.57837523509989
3.95173880459548	7.77347167636445	8.17823454150674	8.59913479148551
3.95813720318165	7.80367333870413	8.19552671558612	8.58525096794108
3.96453560176782	7.81017947719582	8.20593887732765	8.62487533793631
3.97093400035399	7.80849993302514	8.21787158992956	8.61332681656524
3.97733239894016	7.84264328569509	8.22964690701206	8.63583745766807
3.98373079752633	7.85706622542643	8.24385428432644	8.64715167035411
3.9901291961125	7.86666196764115	8.26080777541149	8.65459935722926
3.99652759469866	7.88523268416947	8.27097955426489	8.67812646423689
4.00292599328484	7.84622132957417	8.28799082479383	8.68341770514091
4.009324391871	7.89404009086571	8.30216347196111	8.71145156389863
4.01572279045717	7.91147388283785	8.30912942411232	8.7024693918809
4.02212118904334	7.9150923044619	8.3290362929764	8.75385091842409
4.02851958762951	7.92395720347609	8.33663747777219	8.76133400540018
4.03491798621568	7.95338100449712	8.35477172931772	8.77163606181759
4.04131638480185	7.95538894375025	8.35676965180397	8.78514137044871
4.04771478338802	7.97612796171054	8.37675020855366	8.79108175810423
4.05411318197419	7.99678020772849	8.38710612318117	8.80318623676675
4.06051158056036	8.0029617847663	8.40290864236337	8.8143837980818
4.06690997914653	7.98560443051688	8.41992638345342	8.80900046068944
4.0733083777327	8.01740914529216	8.43289384036083	8.82149232637112
4.07970677631887	8.04050758901628	8.44218962183276	8.85511443479663
4.08610517490504	8.04345277548702	8.45153484708288	8.85560527582964
4.09250357349121	8.06009171564132	8.46169516111277	8.87029470933083
4.09890197207738	8.06243265221941	8.47298576570342	8.87655518584637
4.10530037066355	8.10072516114632	8.49203690954028	8.88625718173585
4.11169876924972	8.10568979754337	8.49788218652032	8.9156318823285
4.11809716783589	8.09420421442319	8.525711912098	8.9206832726701
4.12449556642206	8.12897016937658	8.53396985713104	8.94425123422818
4.13089396500823	8.14540229098113	8.54743071905953	8.96160433024694
4.1372923635944	8.13988436895484	8.5609386489743	8.95348530112475
4.14369076218057	8.16202761377708	8.56729337501915	8.96872501159779
4.15008916076673	8.19443204432299	8.58526967158661	9.0098319703374
4.1564875593529	8.15303604437106	8.59846481361051	8.99184093471604
4.16288595793907	8.19911190064656	8.61306604848567	9.00964218746224
4.16928435652524	8.22739224612949	8.63099725342892	9.02485893890911
4.17568275511141	8.21418529901907	8.63678382276335	9.05608226439052
4.18208115369758	8.23604230921322	8.65855461218144	9.05724669895498
4.18847955228375	8.27027544757689	8.66582982234235	9.09481824407621
4.19487795086992	8.25598238559932	8.67383472892933	9.0735276960598
4.20127634945609	8.29185503862537	8.69825801612206	9.1012058006518
4.20767474804226	8.27960162799098	8.70283854074324	9.1402070059338
4.21407314662843	8.30893681882091	8.71962457112709	9.11096725793935
4.2204715452146	8.3259074625472	8.72156211431541	9.13973826555516
4.22686994380077	8.33302215631543	8.73922702932486	9.15271776196423
4.23326834238694	8.3372769478662	8.75957017255088	9.16470458464147
4.23966674097311	8.35663708501447	8.7727354515877	9.1727420304448
4.24606513955928	8.35859198226389	8.78172059149194	9.2022326400363
4.25246353814545	8.40441329893956	8.79828576844781	9.20410709761217
4.25886193673162	8.4183975555258	8.82163224140123	9.2230316086346
4.26526033531779	8.42460658413198	8.8302870990378	9.22816417069303
4.27165873390396	8.44214260735587	8.83505654512625	9.23757400010708
4.27805713249013	8.43713427923825	8.84752915053548	9.24904463727475
4.2844555310763	8.44487443074837	8.86948744613241	9.26301479285409
4.29085392966246	8.46403086235577	8.87447285215096	9.27407738937973
4.29725232824863	8.48395354783134	8.8858568154145	9.3069884856265
4.3036507268348	8.47966052310124	8.91050675219867	9.34057753606212
4.31004912542097	8.50132161687805	8.92288258613751	9.33168301544666
4.31644752400714	8.51006744247082	8.93684602403284	9.34205621844318
4.32284592259331	8.5195782986877	8.95038782541628	9.35303657809787
4.32924432117948	8.54636562653467	8.95644852516807	9.35683959896969
4.33564271976565	8.54015227863474	8.95768445373663	9.37092188220684
4.34204111835182	8.58266005570309	8.98086665800978	9.40142877764839
4.34843951693799	8.59653009705178	8.99825785163709	9.39112557170108
4.35483791552416	8.60957470724735	9.01229027676673	9.41487263790735
4.36123631411033	8.61733050650892	9.01008955388857	9.41994200190931
4.3676347126965	8.62466411886257	9.03047531308988	9.45693427598306
4.37403311128267	8.6306244094914	9.05339291564531	9.45885929780393
4.38043150986884	8.65529845298632	9.05748274379961	9.45740701899535
4.38682990845501	8.6494089053989	9.0736591563238	9.49110099117097
4.39322830704118	8.66661510463959	9.07952674746123	9.50466692246278
4.39962670562735	8.67637580778142	9.10357803730673	9.49550211271674
4.40602510421352	8.72087684481761	9.12023523922333	9.53064773795784
4.41242350279969	8.70688517263071	9.12703237047346	9.53117677343291
4.41882190138586	8.72491282152647	9.13997567021085	9.54590347681631
4.42522029997203	8.7245897289413	9.14941602816925	9.54723451709197
4.43161869855819	8.76565790114133	9.16957058746427	9.56827822423132
4.43801709714437	8.76478677729876	9.17309916578123	9.58376089317279
4.44441549573054	8.77784908735955	9.19803162195531	9.62526153031031
4.4508138943167	8.78853550652201	9.20399950493599	9.61382268588287
4.45721229290287	8.81777095854179	9.21613993685	9.64829307146223
4.46361069148904	8.80376173063874	9.235477023155	9.67640024215308
4.47000909007521	8.82960821907709	9.24819142403573	9.67314824408335
4.47640748866138	8.84887947555009	9.25699494576098	9.66059196822362
4.48280588724755	8.86961172661903	9.27531118105082	9.68469568048711
4.48920428583372	8.86471933641437	9.2836313315995	9.67773208756752
4.49560268441989	8.87558334908453	9.29425135159334	9.69798136015016
4.50200108300606	8.9188940663762	9.31889106003936	9.73104207828449
