"mitochan"	"lwrNorm"	"medNorm"	"uprNorm"
-1.90327037354145	-4.79024281532427	-3.68790568259726	-2.56362887716504
-1.89675012620563	-4.83804619413288	-3.67040618212936	-2.49976054531583
-1.89022987886982	-4.8187977376115	-3.64456757872792	-2.50794347888613
-1.88370963153401	-4.79657509204693	-3.64322065113406	-2.50236501942825
-1.87718938419819	-4.79187280436668	-3.61713889092831	-2.4823133775707
-1.87066913686238	-4.76451309912127	-3.6150940056293	-2.4783245600709
-1.86414888952656	-4.70086985950858	-3.59538211373387	-2.45286897389814
-1.85762864219075	-4.72991460897756	-3.58856802363279	-2.46789207902819
-1.85110839485494	-4.74727222659384	-3.58368821697607	-2.48446831386084
-1.84458814751912	-4.69234180374429	-3.56474822814921	-2.41152408879523
-1.83806790018331	-4.69680007742065	-3.54519589455109	-2.40208088357143
-1.83154765284749	-4.61185506236256	-3.54319358955945	-2.41804729933458
-1.82502740551168	-4.68424538728336	-3.52233254833407	-2.41383327460917
-1.81850715817587	-4.64489920441056	-3.51921699190268	-2.44574626868542
-1.81198691084005	-4.64405413184142	-3.48557734300725	-2.41280677154053
-1.80546666350424	-4.63587959720881	-3.48430950882256	-2.40369113140141
-1.79894641616842	-4.56689882695166	-3.48292974431504	-2.38792895432298
-1.79242616883261	-4.5177671747287	-3.46224867301655	-2.36197582398136
-1.7859059214968	-4.56013722796272	-3.44499220701581	-2.32668290872674
-1.77938567416098	-4.5507662220949	-3.44362801734675	-2.335165354923
-1.77286542682517	-4.55744112242787	-3.41666048788201	-2.31031672962119
-1.76634517948935	-4.49327805066481	-3.4141455011482	-2.32400918362419
-1.75982493215354	-4.48925108485202	-3.39729129622538	-2.2707920444153
-1.75330468481773	-4.49891647616364	-3.38415908624046	-2.34070846757147
-1.74678443748191	-4.45232286546946	-3.36953468330578	-2.26136354985869
-1.7402641901461	-4.43704427935767	-3.35135039321297	-2.24235290413805
-1.73374394281028	-4.42434831253265	-3.34858378573184	-2.24978238825585
-1.72722369547447	-4.43683861473606	-3.3282059789708	-2.25790453464233
-1.72070344813866	-4.41630476636708	-3.31908203409935	-2.24408621188209
-1.71418320080284	-4.37493015920439	-3.29906655382968	-2.24508028746261
-1.70766295346703	-4.38762093192273	-3.28982763531481	-2.20258243780462
-1.70114270613121	-4.38745782589501	-3.28538823973793	-2.20709369957727
-1.6946224587954	-4.33371907793908	-3.262336312593	-2.21893431359162
-1.68810221145959	-4.28212497533293	-3.26522983054593	-2.21592947077017
-1.68158196412377	-4.28023966677523	-3.24454638227565	-2.17405719492103
-1.67506171678796	-4.29509710666539	-3.23295963347619	-2.1905288480841
-1.66854146945214	-4.27129655897749	-3.22518665374577	-2.16683077319619
-1.66202122211633	-4.28653420598366	-3.19887111539541	-2.13890327715903
-1.65550097478052	-4.27034878244296	-3.18463327919584	-2.1098197168513
-1.6489807274447	-4.2166040141457	-3.17764587484265	-2.10032046492381
-1.64246048010889	-4.26754673787843	-3.16194459958767	-2.12936924384882
-1.63594023277307	-4.242007378759	-3.13094197975805	-2.11024727925839
-1.62941998543726	-4.21313962400577	-3.14205714870406	-2.07460023793923
-1.62289973810145	-4.20400352908798	-3.13458035993416	-2.06179776000273
-1.61637949076563	-4.18305398414721	-3.11254490072924	-2.04927994674804
-1.60985924342982	-4.14356879507107	-3.10590341052633	-2.05915384653772
-1.603338996094	-4.11802790164777	-3.07573402334615	-2.02131283976409
-1.59681874875819	-4.1347211658796	-3.08330776253781	-1.98972231829964
-1.59029850142237	-4.13026202674766	-3.07018971313631	-2.03269356611861
-1.58377825408656	-4.06735323158009	-3.06593540186225	-2.02217329671046
-1.57725800675075	-4.07553425264236	-3.03605849460377	-2.01193293811025
-1.57073775941493	-4.02956987955595	-3.02841398500693	-2.00311934741745
-1.56421751207912	-4.03175949997862	-3.02240800992705	-1.96752172060749
-1.5576972647433	-4.01476985783991	-2.99370083841153	-2.00372412896491
-1.55117701740749	-4.00397385434014	-2.98719837328558	-1.98423548798468
-1.54465677007168	-4.0327224892267	-2.96683829999319	-1.98963241507641
-1.53813652273586	-3.93631808194694	-2.95578371126425	-1.96804630048182
-1.53161627540005	-3.98069442585739	-2.94779089821676	-1.94237143409524
-1.52509602806423	-3.93043721461705	-2.92470570369035	-1.90408281502247
-1.51857578072842	-3.94152285765284	-2.91062368430894	-1.89674774380062
-1.51205553339261	-3.96552018554461	-2.89566023118899	-1.91424805831204
-1.50553528605679	-3.94250550818765	-2.88771082431136	-1.86577231089302
-1.49901503872098	-3.94501582941242	-2.87506852049616	-1.91337636843819
-1.49249479138516	-3.87494213373046	-2.86355167390586	-1.86222614709539
-1.48597454404935	-3.84416822741991	-2.85713247830091	-1.85635855806467
-1.47945429671354	-3.87601175494824	-2.8301737048274	-1.85883372942238
-1.47293404937772	-3.84602123473287	-2.82624890347865	-1.8173107865455
-1.46641380204191	-3.80867107625218	-2.81474124714896	-1.81836211738779
-1.45989355470609	-3.79281428461421	-2.7870640457899	-1.79132410593206
-1.45337330737028	-3.78356815547619	-2.79251095441616	-1.8233916984926
-1.44685306003447	-3.76378311578328	-2.77150531533667	-1.78729530029828
-1.44033281269865	-3.76201266415771	-2.77487540178005	-1.78080557738107
-1.43381256536284	-3.71912750600135	-2.75080650547812	-1.76892696921136
-1.42729231802702	-3.7296694676239	-2.73747671506936	-1.80038882447669
-1.42077207069121	-3.73269282942437	-2.72751850252356	-1.76008403953498
-1.4142518233554	-3.71992469660179	-2.70815334210535	-1.7540444590621
-1.40773157601958	-3.7010334046441	-2.70186274343528	-1.74693931180625
-1.40121132868377	-3.67241524506713	-2.70136275367521	-1.73417736545714
-1.39469108134795	-3.62883238233956	-2.67854731630354	-1.67099659884974
-1.38817083401214	-3.61906682637276	-2.67209569841321	-1.69167640229396
-1.38165058667633	-3.60885571221088	-2.65900193789444	-1.72072331341302
-1.37513033934051	-3.58690797498216	-2.65192394891212	-1.6501061310233
-1.3686100920047	-3.63149033243993	-2.63897669715085	-1.66120435291225
-1.36208984466888	-3.60762042192284	-2.6108056122566	-1.66731805387131
-1.35556959733307	-3.53054121184351	-2.60983504543178	-1.64657739931142
-1.34904934999726	-3.55062553646469	-2.59409564220459	-1.58638600205905
-1.34252910266144	-3.55878884300133	-2.56614784380639	-1.54268134498316
-1.33600885532563	-3.49530718129695	-2.56418973868752	-1.62320315251935
-1.32948860798981	-3.51009324315426	-2.55780778110304	-1.59578680231424
-1.322968360654	-3.48668998092303	-2.52658760901858	-1.61457950337672
-1.31644811331819	-3.43737669305041	-2.53312098081881	-1.58703436444873
-1.30992786598237	-3.44233996559527	-2.50902605017601	-1.60435043245962
-1.30340761864656	-3.44573491718418	-2.49132484460538	-1.55982310318128
-1.29688737131074	-3.41547501792715	-2.49428533851003	-1.56473039518507
-1.29036712397493	-3.41166134424503	-2.48651822778256	-1.53856167397425
-1.28384687663911	-3.42982132887229	-2.45166028931121	-1.52511963023194
-1.2773266293033	-3.36657527760738	-2.43307209574678	-1.49429432763484
-1.27080638196749	-3.34488686827244	-2.42063930941464	-1.52751381082355
-1.26428613463167	-3.36507544486368	-2.4249792434062	-1.46758169441209
-1.25776588729586	-3.29249619856745	-2.41274418523522	-1.44418255693648
-1.25124563996004	-3.27005456012296	-2.38272275366837	-1.50220966336524
-1.24472539262423	-3.29016936416173	-2.38655473682181	-1.4596418200403
-1.23820514528842	-3.2959033999015	-2.36446569650453	-1.42651750954822
-1.2316848979526	-3.22744563282716	-2.3792055046054	-1.41338172781108
-1.22516465061679	-3.25775795070457	-2.33767866203415	-1.46315602572555
-1.21864440328097	-3.27492776811012	-2.32806580621482	-1.44962096548135
-1.21212415594516	-3.26148571981432	-2.31187869979429	-1.40050963560031
-1.20560390860935	-3.18936409304391	-2.30399446416952	-1.41058995088313
-1.19908366127353	-3.19332733907041	-2.28269903644467	-1.39929049191041
-1.19256341393772	-3.14407994528814	-2.27759021813128	-1.39545113366681
-1.1860431666019	-3.17275627445553	-2.25504320350814	-1.39056090144981
-1.17952291926609	-3.16279365827453	-2.26087092057693	-1.3572627514461
-1.17300267193028	-3.11276998287129	-2.23528380197791	-1.34591391174395
-1.16648242459446	-3.11060403436127	-2.2394190218622	-1.35315300279934
-1.15996217725865	-3.12605945650265	-2.23252209574308	-1.32393513672969
-1.15344192992283	-3.1011229416529	-2.20122811043975	-1.26450573362293
-1.14692168258702	-3.08773893663169	-2.19454824050561	-1.33505919413147
-1.14040143525121	-3.01966601320523	-2.17974406969936	-1.31670965115421
-1.13388118791539	-3.0334284311627	-2.16028443777236	-1.3028414598592
-1.12736094057958	-3.05654967050393	-2.15881201895831	-1.27604256190044
-1.12084069324376	-3.02840699822367	-2.13783771599709	-1.2933447017286
-1.11432044590795	-3.0538226458757	-2.12936456728932	-1.2419202305951
-1.10780019857214	-3.02816224319525	-2.11301161984436	-1.238919774548
-1.10127995123632	-2.96515502313478	-2.10742089809936	-1.22687351510099
-1.09475970390051	-2.94585599813169	-2.10407502008794	-1.1713525987717
-1.08823945656469	-2.93717069349649	-2.08456585063623	-1.21374821410712
-1.08171920922888	-2.9373781489413	-2.07387536220646	-1.16569452062035
-1.07519896189307	-2.92491574816298	-2.04495765922175	-1.15559419129223
-1.06867871455725	-2.94058567375467	-2.02450809244776	-1.16172473489255
-1.06215846722144	-2.9226023502628	-2.00975139194967	-1.19754059988092
-1.05563821988562	-2.86576635848868	-2.00008283664842	-1.09834599732207
-1.04911797254981	-2.8619485889555	-1.99216999958646	-1.15309105720721
-1.042597725214	-2.85925192637534	-1.99830849887817	-1.12398437526714
-1.03607747787818	-2.8206605927108	-1.9770185419875	-1.12207979473931
-1.02955723054237	-2.84180728483308	-1.94664970189141	-1.10298569798116
-1.02303698320655	-2.82870464263878	-1.95376913091637	-1.08620446886926
-1.01651673587074	-2.77377101603949	-1.93163399064604	-1.11085472890442
-1.00999648853493	-2.76611390656711	-1.9210724913416	-1.08844093689786
-1.00347624119911	-2.74747605620799	-1.90072148620248	-1.07145026431028
-0.996955993863297	-2.71907077174073	-1.88990121415534	-1.0500960964776
-0.990435746527483	-2.73797314538888	-1.87241502368719	-1.0735070293233
-0.983915499191669	-2.71299071485769	-1.87837201265556	-1.03000222818152
-0.977395251855855	-2.6489813211704	-1.85569441746435	-1.01883909038774
-0.970875004520041	-2.67214485072825	-1.84231521619107	-0.978887447534932
-0.964354757184227	-2.68803127733064	-1.81560852398484	-1.01978235240915
-0.957834509848413	-2.65973241878424	-1.83374013487818	-0.991850115488551
-0.951314262512599	-2.61046622866829	-1.80768869363623	-0.95131130337779
-0.944794015176785	-2.61433180544375	-1.80988599595853	-0.966590606724175
-0.938273767840971	-2.63077925950155	-1.78200969783424	-0.926494147158683
-0.931753520505157	-2.57988495713183	-1.75612830152109	-0.955423692065367
-0.925233273169343	-2.57818145418702	-1.75264119211552	-0.922230858699082
-0.918713025833529	-2.58564786403266	-1.73099970396285	-0.911647874690909
-0.912192778497715	-2.53834569667566	-1.71906184875246	-0.896970326698524
-0.9056725311619	-2.52965065858158	-1.71826574096118	-0.869961845647385
-0.899152283826086	-2.53108968834972	-1.69254308679173	-0.878051638616584
-0.892632036490272	-2.50567723781047	-1.6804252980494	-0.890687111533962
-0.886111789154458	-2.45661469399002	-1.67489914708436	-0.858240526818685
-0.879591541818644	-2.48800958084621	-1.64818553939991	-0.849467317920989
-0.87307129448283	-2.47530292470956	-1.64926357880792	-0.838825700526093
-0.866551047147016	-2.43607608458527	-1.62089582435173	-0.828631364138357
-0.860030799811202	-2.41186442951618	-1.62590324209481	-0.848937619852867
-0.853510552475388	-2.45452266596159	-1.60865514994551	-0.812373767654419
-0.846990305139574	-2.38506919804062	-1.60376058635761	-0.804116895333266
-0.84047005780376	-2.39086312169269	-1.57213795515482	-0.788205032401888
-0.833949810467946	-2.36902013967846	-1.56057732460998	-0.769662860725589
-0.827429563132132	-2.36413254454677	-1.57282970643525	-0.752828667833729
-0.820909315796318	-2.35121663864989	-1.54702821434319	-0.760602034859417
-0.814389068460504	-2.3542755603919	-1.52365115091074	-0.769633223873727
-0.80786882112469	-2.30760749354843	-1.5104968091999	-0.714898983513977
-0.801348573788876	-2.32725348704746	-1.51428625495011	-0.713137991425424
-0.794828326453062	-2.28028085842858	-1.50305731363844	-0.669836621174591
-0.788308079117248	-2.25541346785354	-1.47577034028432	-0.699539233018727
-0.781787831781434	-2.30407888767141	-1.46263614176225	-0.686511150213303
-0.77526758444562	-2.27063070459901	-1.45220361201827	-0.655902302132488
-0.768747337109805	-2.22834025906367	-1.44976258561953	-0.639331660801402
-0.762227089773992	-2.24210233261678	-1.43440721936368	-0.662389187432246
-0.755706842438177	-2.19892595472503	-1.40913709953248	-0.64638768466335
-0.749186595102364	-2.17326363852831	-1.40754728151446	-0.602244222094299
-0.742666347766549	-2.16920863469492	-1.39474568482919	-0.591394237365948
-0.736146100430735	-2.11667154462775	-1.3830698374765	-0.603390206471044
-0.729625853094921	-2.15070040101299	-1.36896575356062	-0.576561428890115
-0.723105605759107	-2.13024377781401	-1.35452504406592	-0.59090498737591
-0.716585358423293	-2.08901406472205	-1.32959719738833	-0.574092466491295
-0.710065111087479	-2.12490499084586	-1.33760258841615	-0.55635235112604
-0.703544863751665	-2.11462849167184	-1.31531163141715	-0.562375506786971
-0.697024616415851	-2.07005452119971	-1.29466115143841	-0.52774964445022
-0.690504369080037	-2.05519519396706	-1.29133156253972	-0.508973829227033
-0.683984121744223	-2.04348886652429	-1.27437689219346	-0.534974515695141
-0.677463874408409	-2.05549714444135	-1.27719898851667	-0.510195414641415
-0.670943627072595	-2.00055592284259	-1.25168686966809	-0.506162877093003
-0.664423379736781	-2.01922078550261	-1.23052051473707	-0.511030689623026
-0.657903132400967	-1.98740138215403	-1.23325361550024	-0.454103736987143
-0.651382885065153	-1.97426142310333	-1.22307096498197	-0.482634700481556
-0.644862637729339	-1.97556449059143	-1.19862834145905	-0.423731594721298
-0.638342390393525	-1.96149206057483	-1.19242518509429	-0.439058445855942
-0.631822143057711	-1.94666500655194	-1.16630478611307	-0.439250783893986
-0.625301895721897	-1.95536995651594	-1.15520421302937	-0.41725680616925
-0.618781648386083	-1.92052775848649	-1.15915794662787	-0.446613826391126
-0.612261401050268	-1.90789212641711	-1.13374928351434	-0.365266550528622
-0.605741153714455	-1.87236492112152	-1.11767854290633	-0.375629777121765
-0.59922090637864	-1.83249740841681	-1.1137764739215	-0.381457169263942
-0.592700659042826	-1.85430279093599	-1.08093841432665	-0.337230996430166
-0.586180411707012	-1.80929529450376	-1.08274399247175	-0.300636521548332
-0.579660164371198	-1.78834963402026	-1.07028080780542	-0.338741531832377
-0.573139917035384	-1.78275927758339	-1.06697172036956	-0.306960764239321
-0.56661966969957	-1.8209599263166	-1.05056155904501	-0.298579003948244
-0.560099422363756	-1.77826733806735	-1.04389384887509	-0.278866572772681
-0.553579175027942	-1.78155110669759	-1.01874296692451	-0.296191941563528
-0.547058927692128	-1.73591723898682	-1.01247621636539	-0.227875786918325
-0.540538680356314	-1.7248855200578	-0.989189694616093	-0.248319579295284
-0.5340184330205	-1.75052194531423	-0.987358161328695	-0.264319135435287
-0.527498185684686	-1.74185351222828	-0.959769571537797	-0.232490309312964
-0.520977938348872	-1.70081440305796	-0.963245891284229	-0.225139812113762
-0.514457691013058	-1.67702057829009	-0.942662550935889	-0.204766217126582
-0.507937443677244	-1.65958602434573	-0.938703198264613	-0.186127745796747
-0.50141719634143	-1.63527409872453	-0.919972610514705	-0.235895560749325
-0.494896949005616	-1.6295538930165	-0.904983795445877	-0.187627503612798
-0.488376701669802	-1.62620747641615	-0.889114061239834	-0.195643389488831
-0.481856454333988	-1.65727485050537	-0.869400617522216	-0.151425050380626
-0.475336206998174	-1.59289302956102	-0.856085621866653	-0.128047027882572
-0.46881595966236	-1.61558280740244	-0.847638415271899	-0.117760579047938
-0.462295712326546	-1.57154566880729	-0.835433426246981	-0.111318977057727
-0.455775464990732	-1.58004833760854	-0.812314224621324	-0.0938497648553364
-0.449255217654917	-1.58062961486161	-0.827501587603187	-0.101688599104044
-0.442734970319103	-1.56782841271095	-0.793578742315821	-0.0954134266201807
-0.436214722983289	-1.50170767847795	-0.791860829911619	-0.0590462054198197
-0.429694475647475	-1.49482147556584	-0.77746441394151	-0.0746828563064732
-0.423174228311661	-1.50508587758485	-0.764060802596197	-0.0508443950386238
-0.416653980975847	-1.46190094640714	-0.747663869217273	-0.0329555219056528
-0.410133733640033	-1.46668689402373	-0.737682992332776	-0.0355189633334267
-0.403613486304219	-1.42652593906296	-0.719899950914918	0.0227920875151534
-0.397093238968405	-1.43714387342148	-0.703608785348001	0.00627944643285465
-0.390572991632591	-1.42731468220778	-0.697545624181525	0.000268487739670291
-0.384052744296777	-1.38085148842715	-0.694142693304068	0.0475469391734263
-0.377532496960963	-1.38033921983118	-0.685386617446812	0.0418301298076578
-0.371012249625149	-1.39402542839318	-0.672303576614522	0.0555763093517489
-0.364492002289335	-1.36748111900579	-0.651797376187476	0.0590625606586007
-0.357971754953521	-1.34414438166733	-0.644080375887499	0.0626365905958886
-0.351451507617707	-1.37206334501546	-0.621440086845452	0.0803008746025007
-0.344931260281893	-1.34473091808156	-0.607437110002629	0.098672837701107
-0.338411012946079	-1.31827112577818	-0.588420916413632	0.139342568525452
-0.331890765610265	-1.29624568892803	-0.58212991639657	0.109135316349529
-0.325370518274451	-1.27911326861275	-0.555169647450377	0.140574567549033
-0.318850270938637	-1.2768337843224	-0.55712172155953	0.160339613011541
-0.312330023602823	-1.23973275459253	-0.5416040247272	0.162471249590687
-0.305809776267008	-1.25819568502836	-0.542740301217878	0.168237512645371
-0.299289528931195	-1.25169437212898	-0.525082323840999	0.187373788512324
-0.29276928159538	-1.21094852116715	-0.512228212905116	0.230361027931898
-0.286249034259566	-1.23934076023087	-0.492366431988657	0.205332160994471
-0.279728786923752	-1.19621832648951	-0.491620655031259	0.249052784935661
-0.273208539587938	-1.18152173138306	-0.458119340070745	0.214126985163571
-0.266688292252124	-1.20511815751625	-0.453211679908995	0.226857918878887
-0.26016804491631	-1.17273814200044	-0.446654589280499	0.274091195738867
-0.253647797580496	-1.16761618918889	-0.434997474622583	0.275276721030317
-0.247127550244682	-1.1303064345322	-0.427547139096656	0.297601575566156
-0.240607302908868	-1.11004033880169	-0.398432279138061	0.283922437621435
-0.234087055573054	-1.08815195342001	-0.394656282553963	0.317040818943593
-0.22756680823724	-1.07152693045252	-0.3783301115624	0.321687437250307
-0.221046560901426	-1.06719235143955	-0.371894669185241	0.314722778726531
-0.214526313565612	-1.0623974105147	-0.360579347296069	0.351157021847325
-0.208006066229798	-1.04382436366898	-0.348492900011684	0.363754915104381
-0.201485818893984	-1.03826175949379	-0.339844948750141	0.357979403042194
-0.19496557155817	-1.00442913867212	-0.315737516905368	0.382939980915613
-0.188445324222356	-1.02148776656003	-0.306702439465846	0.411275197742841
-0.181925076886542	-0.981149494350155	-0.286855621598323	0.403731908632218
-0.175404829550728	-0.99872435675874	-0.277915856589186	0.424020446634885
-0.168884582214914	-0.933692854261854	-0.251940974275813	0.426418259147947
-0.1623643348791	-0.956020929971742	-0.265574446322727	0.439228677611975
-0.155844087543286	-0.945419154761509	-0.239565204587898	0.441017660364901
-0.149323840207471	-0.960507530628435	-0.217857656971767	0.475305579980437
-0.142803592871658	-0.92111780535138	-0.208881242187881	0.508149405217382
-0.136283345535843	-0.9119273243414	-0.191181570706181	0.50923599466433
-0.12976309820003	-0.89701677083297	-0.193709779037652	0.510724844668327
-0.123242850864215	-0.887866081829763	-0.18448510266097	0.533550267406757
-0.116722603528401	-0.830181744709614	-0.159189644288918	0.563349585833232
-0.110202356192587	-0.839826793339853	-0.159356632849533	0.531770574210567
-0.103682108856773	-0.822334108046407	-0.133542529956862	0.547326396876337
-0.0971618615209593	-0.818958334207936	-0.110882207292318	0.573290694653128
-0.0906416141851452	-0.815319279390717	-0.110313669519919	0.581484139627584
-0.084121366849331	-0.837549614189075	-0.092073804516927	0.588606135507277
-0.0776011195135171	-0.7766123556629	-0.0973661589925973	0.600230764234645
-0.071080872177703	-0.788872017688611	-0.0635642916248598	0.61681868416357
-0.0645606248418891	-0.754778613769989	-0.0602092477708594	0.640192991468872
-0.0580403775060749	-0.739125833669899	-0.0340076134285802	0.628627379703876
-0.0515201301702608	-0.741133904234906	-0.045616776666214	0.661611114983607
-0.0449998828344469	-0.729108666753996	-0.0171763458630994	0.662150069745228
-0.0384796354986328	-0.694984927013704	-0.000833366845287094	0.670810802746314
-0.0319593881628188	-0.710864142762698	0.0136551058294799	0.715551662523595
-0.0254391408270047	-0.662022577589052	0.0145275738335377	0.726917796729255
-0.0189188934911908	-0.669347592662896	0.0348972017358731	0.686144582630999
-0.0123986461553767	-0.644818191880229	0.0485929128905251	0.728275733652443
-0.00587839881956254	-0.647576101646227	0.0608814652119822	0.745146447456668
0.000641848516251375	-0.609032259655379	0.0664275489262489	0.764784091282429
0.00716209585206551	-0.615247348065255	0.0830950985874009	0.738515004301722
0.0136823431878794	-0.596817280561143	0.0943027866523752	0.774922724938611
0.0202025905236936	-0.586835302027347	0.103461888334004	0.79470284459874
0.0267228378595077	-0.590236225818817	0.122970607880367	0.818653393296772
0.0332430851953216	-0.557103278469936	0.138210953576998	0.834169841770305
0.0397633325311357	-0.579378384383656	0.144550973704955	0.823853042639266
0.0462835798669496	-0.571514099136347	0.153708504689366	0.829006804075492
0.0528038272027638	-0.543572760918651	0.173825104330523	0.87480096317897
0.0593240745385779	-0.515211827423408	0.181692152245316	0.864160447473277
0.0658443218743918	-0.526100760071308	0.205964629942172	0.895397155745416
0.072364569210206	-0.471024443266749	0.215374845470165	0.890088003196229
0.0788848165460199	-0.509711515188522	0.230453182943775	0.898048079903432
0.085405063881834	-0.457185736559287	0.226277525510364	0.900687076162793
0.0919253112176479	-0.465489697159048	0.252597083231099	0.937531361604924
0.098445558553462	-0.454494219971055	0.259186068644512	0.938244048746053
0.104965805889276	-0.404945050083564	0.273399538154761	0.966382426322923
0.11148605322509	-0.428341650767459	0.274450641126719	0.9722769307235
0.118006300560904	-0.394661068114904	0.29838617204474	1.00354330744787
0.124526547896718	-0.377907023620171	0.309910467990467	1.00652299223127
0.131046795232532	-0.370521402655347	0.323781088069295	1.06913325493243
0.137567042568346	-0.379509814882284	0.347150610486449	1.04548930922586
0.144087289904161	-0.361985944654611	0.355872548339245	1.0396690074539
0.150607537239974	-0.343151178105424	0.367378718428832	1.04921189501457
0.157127784575788	-0.355443982844181	0.384440201227545	1.0682979184586
0.163648031911602	-0.305132786803891	0.38707800445596	1.06437887694156
0.170168279247417	-0.315022411743784	0.414143781852609	1.06820429997855
0.176688526583231	-0.317505718437776	0.41245579422872	1.15402643368995
0.183208773919044	-0.297223491299038	0.430508979704043	1.08384440106903
0.189729021254859	-0.28170043927787	0.437597154235366	1.12836558264112
0.196249268590673	-0.229156133741569	0.457992924100055	1.15869380248816
0.202769515926487	-0.241291893045357	0.475802196924241	1.17138667422749
0.209289763262301	-0.239506877805423	0.479824004090682	1.18419688287599
0.215810010598115	-0.204761668988735	0.49232595056654	1.17016500577811
0.222330257933929	-0.217558323362231	0.511455733378927	1.18971567379124
0.228850505269743	-0.18691086720042	0.517909500512676	1.2338348270688
0.235370752605557	-0.182317843390404	0.518786484759497	1.25724811054368
0.241890999941371	-0.172983517963895	0.540503323119499	1.2316635734855
0.248411247277185	-0.130765033793901	0.554124099606451	1.22632684673381
0.254931494612999	-0.122131546968693	0.576445571468801	1.23423181721058
0.261451741948813	-0.128925103509495	0.589580364364248	1.26439762852812
0.267971989284627	-0.124449386695779	0.589041996719898	1.32744649891224
0.274492236620441	-0.122234775631623	0.621118482381579	1.30440457145389
0.281012483956255	-0.0565100675219569	0.61470848706154	1.30712418460386
0.287532731292069	-0.0888222527043989	0.640420674823819	1.3532862735395
0.294052978627883	-0.0866040208257972	0.643673287766296	1.35799212684976
0.300573225963698	-0.043744642227696	0.666693309800268	1.36632823652833
0.307093473299511	-0.0417748162793819	0.674737695188687	1.39049178983349
0.313613720635325	-0.070765026556439	0.705635452524692	1.40011496926674
0.320133967971139	-0.0274063449242598	0.707063356626257	1.42743333261793
0.326654215306954	0.00374541680176748	0.705799297986402	1.40827378551862
0.333174462642768	0.0045666243223441	0.716331579143942	1.43123133163935
0.339694709978581	0.0172180965449061	0.730302734193732	1.43706863816011
0.346214957314396	0.0273208699423224	0.742532186816217	1.43879152874639
0.35273520465021	0.0386716987949511	0.765354491299942	1.49052601764181
0.359255451986024	0.0734294269432475	0.779225784987141	1.48343582710211
0.365775699321838	0.0811691024272753	0.788976880176307	1.52346879799551
0.372295946657652	0.0830311538002641	0.812247523330624	1.4762862915632
0.378816193993466	0.0839567188628382	0.816785269870568	1.52798547356048
0.38533644132928	0.106969956617115	0.839111573863846	1.54744241066526
0.391856688665094	0.109640770465296	0.839241624285112	1.59641872624448
0.398376936000908	0.122697953549898	0.861212929104878	1.59360101506617
0.404897183336722	0.12360180405401	0.86671754325481	1.62456468171016
0.411417430672536	0.143037271215194	0.877266477375978	1.58440367909369
0.41793767800835	0.187520498903608	0.907358725302422	1.61685061730083
0.424457925344164	0.178906602265981	0.913857008313046	1.62996924152634
0.430978172679978	0.202154015514934	0.919516421377571	1.68834918280352
0.437498420015792	0.204206103488488	0.934316720843555	1.6353822324811
0.444018667351606	0.20995644902277	0.937306642582228	1.68695899658033
0.45053891468742	0.198978858908195	0.956511267306279	1.69103960707482
0.457059162023234	0.250156188843543	0.966355416960514	1.68805248431968
0.463579409359049	0.251049040475863	0.993599215922209	1.73697656463993
0.470099656694862	0.23862269182894	1.00226604757501	1.74912178070946
0.476619904030676	0.272719726577308	1.00989791369888	1.72185802868996
0.483140151366491	0.294703448938539	1.01495302618697	1.74427794344716
0.489660398702305	0.289073414070911	1.03472917332781	1.77504339004507
0.496180646038119	0.312979908136174	1.05294995688638	1.81022970274171
0.502700893373933	0.31952126952866	1.05690265527914	1.80225236086898
0.509221140709747	0.336461872678226	1.0710096129601	1.83199519844056
0.515741388045561	0.30709262148851	1.07529401302426	1.80365142763507
0.522261635381375	0.360653366242086	1.09892433434244	1.83984826323745
0.528781882717189	0.357161211534499	1.10504927629257	1.84748059954904
0.535302130053003	0.408438556253903	1.13580122057331	1.87875712887845
0.541822377388817	0.393015944468396	1.13894272791096	1.88212107326691
0.548342624724631	0.393645693976894	1.14919097243371	1.87659727403775
0.554862872060445	0.391474733554008	1.14716105933572	1.89559019630556
0.561383119396259	0.428521329951289	1.1739575560623	1.9184149589333
0.567903366732073	0.454276201111135	1.18686381078062	1.94782371266237
0.574423614067887	0.437839027255572	1.19927369967045	1.96083711428473
0.580943861403701	0.469573329704089	1.23489315655145	1.93643279852464
0.587464108739515	0.455650485150073	1.23687335749892	1.98251600474724
0.593984356075329	0.478614799442183	1.22904157336355	1.9634459983287
0.600504603411143	0.504257799793527	1.24785388695604	2.02097292657589
0.607024850746957	0.505513987123182	1.27366004813279	2.03254817344284
0.613545098082771	0.522499379710411	1.28804052824698	2.05077357959652
0.620065345418586	0.529499278048239	1.28299018366258	2.03928686716725
0.626585592754399	0.549999167048616	1.29796394304478	2.07284305872901
0.633105840090213	0.572104646894682	1.31016647710946	2.10791323651729
0.639626087426028	0.59544946925568	1.33814724810111	2.10623830898447
0.646146334761842	0.602203374023388	1.32870462670509	2.12614739543482
0.652666582097656	0.590834474834984	1.35326208148539	2.16681937229757
0.65918682943347	0.592030937217149	1.35073347048497	2.14407489658879
0.665707076769284	0.608893859709132	1.37715417645914	2.14583063727348
0.672227324105098	0.637071740676796	1.3879192825773	2.15039894683663
0.678747571440912	0.644274839984585	1.42287118927332	2.18101221314731
0.685267818776726	0.67981892339535	1.41916602055829	2.19540916556266
0.69178806611254	0.641108159901781	1.4234046196343	2.24027766870217
0.698308313448354	0.669927599055441	1.43925678052662	2.20396334023569
0.704828560784168	0.667228991075543	1.45794962274455	2.26370720866984
0.711348808119982	0.65735733617241	1.46429552289666	2.2659922045117
0.717869055455796	0.682895559306252	1.48601573750943	2.27013420904691
0.72438930279161	0.722052801501034	1.50509397502703	2.24689342738436
0.730909550127424	0.696689249924855	1.51129473316099	2.30975446104478
0.737429797463238	0.728115350874189	1.51675057106925	2.29630332097865
0.743950044799052	0.767077155372912	1.53416569659118	2.31122320707278
0.750470292134866	0.774232642705246	1.54698001551099	2.35184916272815
0.75699053947068	0.743578854956665	1.55258520499718	2.31371467530032
0.763510786806494	0.803985526661547	1.58289420426826	2.35425528631156
0.770031034142308	0.797369170734673	1.57648635795131	2.38455640286569
0.776551281478123	0.780801635561217	1.60535299395847	2.3590311912043
0.783071528813937	0.837616881437793	1.60797742657695	2.40215535492087
0.78959177614975	0.829169593647391	1.61143411629834	2.4073874108416
0.796112023485565	0.867553087171297	1.6357932961318	2.47107526697885
0.802632270821379	0.842502619782804	1.66647091190043	2.38644433818374
0.809152518157193	0.801010450688729	1.65592725555824	2.4732396174644
0.815672765493006	0.863045487728819	1.67553471184587	2.50822414794314
0.822193012828821	0.891871662222616	1.6886059819254	2.46658024780761
0.828713260164635	0.885487911262114	1.71187043371885	2.50273758759328
0.835233507500449	0.905113332956585	1.70833438151889	2.52507936979328
0.841753754836263	0.911835610932492	1.72193431534015	2.50346534661122
0.848274002172077	0.917125170831378	1.74046530954601	2.56154118040512
0.854794249507891	0.932371408815266	1.75056463601415	2.57153056473672
0.861314496843705	0.967399317574163	1.77090530994474	2.55513132482499
0.867834744179519	0.960754305773923	1.76299486221384	2.58649237489174
0.874354991515333	0.963603289027089	1.79037794502505	2.62744412020803
0.880875238851147	0.971984919846453	1.79386281797914	2.64859316868041
0.887395486186961	0.959690122270065	1.81279322295635	2.64081539133515
0.893915733522775	1.05976561953866	1.83156737686189	2.65225891893293
0.900435980858589	1.03827515082811	1.83777458695413	2.67185264321352
0.906956228194403	1.05250755223941	1.85717941953649	2.64498680561896
0.913476475530217	1.05260350018601	1.86030548842156	2.71194790003808
0.919996722866031	1.08801211016135	1.88065191064601	2.6850606796884
0.926516970201845	1.04105032213181	1.89654839629213	2.69618200201775
0.93303721753766	1.09484074370874	1.90384440195253	2.72902616482907
0.939557464873474	1.06930748177627	1.92874516818001	2.74322510648489
0.946077712209287	1.11371150252739	1.93753079191372	2.76383982693831
0.952597959545102	1.09828887008256	1.92708156629392	2.8068760079047
0.959118206880916	1.14566874283303	1.96080014620421	2.7880014304624
0.96563845421673	1.13095361347704	1.96543725522158	2.83667698221963
0.972158701552544	1.16999340123906	1.98449387130034	2.84385691292303
0.978678948888358	1.1629665659008	1.99351398482856	2.85710855354967
0.985199196224172	1.15115945547493	1.99445758464923	2.87903685977107
0.991719443559986	1.18449442649095	2.03783074151254	2.85543928128236
0.9982396908958	1.17073534667985	2.02394918541619	2.90175672705172
1.00475993823161	1.19149791167019	2.04404315950976	2.9145922368894
1.01128018556743	1.21433600381975	2.06729298969301	2.9272467046598
1.01780043290324	1.20190432806051	2.07495278621455	2.95600613404645
1.02432068023906	1.2178078415686	2.10169815127837	2.93239386083815
1.03084092757487	1.25818609759552	2.09788147150693	2.96571791186722
1.03736117491068	1.21666490540569	2.1022657290186	2.96202817677932
1.0438814222465	1.31288621193801	2.11366657196379	2.98080916602527
1.05040166958231	1.26540947037264	2.15196335026589	3.03937569724016
1.05692191691813	1.27157419355543	2.13450224529346	2.98544239101444
1.06344216425394	1.30247760970445	2.15270807783855	3.02811322149334
1.06996241158975	1.33048983888648	2.18356209472273	3.08927983872558
1.07648265892557	1.31912583272931	2.19056617613418	3.0590044746537
1.08300290626138	1.33453550757498	2.17987426061811	3.08967956419741
1.0895231535972	1.34505254733435	2.22245331824116	3.11371585398491
1.09604340093301	1.3377561444167	2.21557184780904	3.08030113928295
1.10256364826882	1.35320944964681	2.23952304141576	3.12390769537308
1.10908389560464	1.35673882300904	2.24604561857311	3.12271383504558
1.11560414294045	1.3961215174885	2.25753392752587	3.19997826481373
1.12212439027627	1.42047507461187	2.27453853796613	3.20306427910321
1.12864463761208	1.40917837136443	2.29193877905559	3.17712730950161
1.13516488494789	1.42735441431249	2.30882759371532	3.18734428017165
1.14168513228371	1.40996920745512	2.32031762777266	3.21195966166409
1.14820537961952	1.41262936311428	2.3162560860119	3.2227316666971
1.15472562695534	1.42023463896483	2.35239029449033	3.22797083440409
1.16124587429115	1.49558891852248	2.34741504364654	3.25781918882124
1.16776612162696	1.44529215930455	2.3689631351678	3.26932842969977
1.17428636896278	1.46194559769047	2.38523540738506	3.32197677519737
1.18080661629859	1.47767791965082	2.38112640277319	3.29886338526715
1.18732686363441	1.51190359645632	2.4078473047843	3.32161138057905
1.19384711097022	1.49597271524462	2.4019160610613	3.35886557776115
1.20036735830604	1.52375303017146	2.42030879621489	3.35584820457265
1.20688760564185	1.53119925053358	2.43417299756573	3.38160630764682
1.21340785297766	1.53585814182096	2.4488599774392	3.37181715825398
1.21992810031348	1.5355058185604	2.46535371307288	3.42529236490131
1.22644834764929	1.5723557660764	2.48362224003868	3.42232096935497
1.23296859498511	1.57257757528243	2.49300650575445	3.43328141036501
1.23948884232092	1.57428173847741	2.50617030534508	3.44493905472949
1.24600908965673	1.62813838854985	2.5305208061443	3.48500269024233
1.25252933699255	1.59271356895419	2.54985002304451	3.48564541982492
1.25904958432836	1.61304734275629	2.54114042110698	3.47284635424506
1.26556983166418	1.6163302785962	2.55316033372446	3.50180461604267
1.27209007899999	1.60626893358785	2.57771379527647	3.508354559444
1.2786103263358	1.65251249681136	2.59550698920055	3.50369226520723
1.28513057367162	1.64160285975901	2.60379549102581	3.58032589322254
1.29165082100743	1.6594783248219	2.61684392121351	3.56920788353269
1.29817106834325	1.67479953111278	2.6404025768539	3.55533657501354
1.30469131567906	1.71027813078748	2.63185531899632	3.58265431776387
1.31121156301487	1.72078879917479	2.64156783201295	3.59440025129555
1.31773181035069	1.72272566050693	2.6696782368838	3.6433536465978
1.3242520576865	1.74174061647434	2.67665581435506	3.60385136665212
1.33077230502232	1.72704228165444	2.68040847077896	3.62370047643222
1.33729255235813	1.74392312668281	2.68621354255555	3.64780887855067
1.34381279969394	1.74232393664031	2.71320621300641	3.72868155710479
1.35033304702976	1.7423689133196	2.72071413473618	3.7073719052561
1.35685329436557	1.75807304925913	2.73326237799827	3.74377646242867
1.36337354170139	1.80325964166169	2.73496521819141	3.76430180854217
1.3698937890372	1.829359047205	2.74513282502032	3.79203496900411
1.37641403637301	1.83275567051947	2.76358629877863	3.78129264776407
1.38293428370883	1.7972160942399	2.80381973313006	3.75473884273021
1.38945453104464	1.81891155697576	2.80878205954183	3.76372316168043
1.39597477838046	1.88472512759118	2.8197192593576	3.78647642327345
1.40249502571627	1.86353809439811	2.81816007522921	3.76765639531586
1.40901527305208	1.90972952985806	2.83604699786614	3.83176885316028
1.4155355203879	1.88168188949603	2.85606892683896	3.84794645990049
1.42205576772371	1.83075653114457	2.86344903781852	3.88520981508534
1.42857601505953	1.92918820205278	2.88012037609731	3.83507068503917
1.43509626239534	1.91414072385523	2.89800629399722	3.90716316963767
1.44161650973115	1.90261886338028	2.89294007786094	3.91818685393984
1.44813675706697	1.94116199598157	2.9159511407526	3.89188539812638
1.45465700440278	1.92161659252914	2.91617680087273	3.94518746869708
1.4611772517386	1.93941609787103	2.94202263280107	3.94347927806322
1.46769749907441	1.91340477426535	2.95968235656725	3.98053708420169
1.47421774641023	1.95104531262447	2.97314413739262	3.96183807606688
1.48073799374604	1.97501059833907	2.98619425830635	4.03272327704606
1.48725824108185	2.00998228248412	2.99361396800528	4.03924541640384
1.49377848841767	2.00430757842079	3.00256430052515	4.01056670093182
1.50029873575348	2.03926348524725	3.02425149076791	4.0262575663156
1.5068189830893	2.04306163502733	3.03752908099699	4.03237873620759
1.51333923042511	2.0523210936436	3.03908624428257	4.08928656187432
1.51985947776092	2.04094977382406	3.06591339655137	4.10651757375099
1.52637972509674	2.09036017123788	3.07197141951694	4.11585888005635
1.53289997243255	2.06629249911316	3.09078086344226	4.1177701747978
1.53942021976837	2.10128892600292	3.08206382360675	4.15475292007382
1.54594046710418	2.06744869056391	3.10082334908605	4.17577994849891
1.55246071443999	2.0839889297629	3.1133513273895	4.15689497498157
1.55898096177581	2.08201695105123	3.12703021703985	4.1971555850158
1.56550120911162	2.12791542985378	3.14413982763976	4.15437073956612
1.57202145644744	2.10810791232785	3.1739058828978	4.21901667783037
1.57854170378325	2.11307812750446	3.16614166811411	4.18027575894844
1.58506195111906	2.17734430787707	3.17975172105078	4.26216403366538
1.59158219845488	2.1998417292178	3.20030613938036	4.28378865308758
1.59810244579069	2.21100848134158	3.22742271847454	4.26004993936193
1.60462269312651	2.22575162371511	3.22700830964172	4.3178233891877
1.61114294046232	2.17925315792954	3.23989714215698	4.28138476260444
1.61766318779813	2.18030981740538	3.25494570915678	4.34566108799913
1.62418343513395	2.26479783217022	3.25191186183984	4.29083546175675
1.63070368246976	2.20939757202255	3.2725170545638	4.41909586011252
1.63722392980558	2.23267307914736	3.2963650817139	4.34857816383369
1.64374417714139	2.22328899367458	3.30401283501746	4.4061593786
1.6502644244772	2.27776534200918	3.30269455760539	4.39465245815464
1.65678467181302	2.29481025816921	3.32327399136302	4.39913370114224
1.66330491914883	2.29662660837838	3.33678813870817	4.43954160545821
1.66982516648465	2.26464732392081	3.34210352507513	4.46767429684504
1.67634541382046	2.30883917936136	3.36921899002582	4.46867965725789
1.68286566115627	2.3052841939785	3.37469129043076	4.44134469754262
1.68938590849209	2.31044889177504	3.38233486427247	4.47360024355306
1.6959061558279	2.34107264871595	3.40907068146085	4.45915412939609
1.70242640316372	2.31982019993142	3.41019942922636	4.50470232952751
1.70894665049953	2.36531812808939	3.42566160790075	4.49464669713836
1.71546689783534	2.34608876909726	3.44412613780677	4.6001440172
1.72198714517116	2.38022115831002	3.44003979657535	4.55219979761797
1.72850739250697	2.32411879751463	3.46496060715835	4.55205008570353
1.73502763984279	2.35891718687779	3.47976292683389	4.57316390985509
1.7415478871786	2.38231496966591	3.5042908646527	4.61735322329274
1.74806813451441	2.41415040008231	3.50327802928988	4.60632776286683
1.75458838185023	2.46995664173397	3.52632812622715	4.65266341500306
1.76110862918604	2.43998712436215	3.54165767343735	4.66890774575987
1.76762887652186	2.43631833758696	3.54701249627526	4.67424784053251
1.77414912385767	2.48705681611015	3.54508207080537	4.63846860898357
1.78066937119348	2.45964156374981	3.54935142715361	4.71005623782654
1.7871896185293	2.44201329263486	3.58089782571633	4.73856461740588
1.79370986586511	2.48876199996129	3.5907804798569	4.70197044659882
1.80023011320093	2.52642192315884	3.60734965941636	4.72229626326206
1.80675036053674	2.54582707152846	3.62286653428369	4.75965972895915
1.81327060787256	2.56359059184264	3.64357635981842	4.78821477655608
1.81979085520837	2.50930393199899	3.6503668960039	4.77562632518885
1.82631110254418	2.57412563038348	3.66228484851996	4.82429165062898
1.83283134988	2.55353755795024	3.67215990293822	4.81835714007273
1.83935159721581	2.56131028284696	3.66580876841734	4.79873686751159
1.84587184455163	2.54969344262424	3.6944932401936	4.82599726408563
1.85239209188744	2.56903384619676	3.7052419928094	4.84009163256523
1.85891233922325	2.58147653615236	3.70761151740695	4.89751830986415
1.86543258655907	2.6322311369788	3.73174584836184	4.89003205261401
1.87195283389488	2.59220147802076	3.74500436739362	4.9028154253891
1.8784730812307	2.61270391604545	3.76554174297036	4.93500208645159
1.88499332856651	2.60756519098413	3.7664302304593	4.96064584092919
1.89151357590232	2.61669700509948	3.78551298092005	4.95996166710409
1.89803382323814	2.66324746807567	3.80762236241619	4.98377600640983
1.90455407057395	2.64584759065278	3.80932770593904	4.99813093625094
1.91107431790977	2.67585889061557	3.81908355791043	4.98414031416786
1.91759456524558	2.67560312589183	3.82495948784326	5.02381585902102
1.92411481258139	2.66663453958389	3.85818743034379	5.02473160781337
1.93063505991721	2.74244925754303	3.84236972960931	5.06047166523383
1.93715530725302	2.68843958034782	3.87727818827492	5.07396725581564
1.94367555458884	2.69794074535341	3.87516939013838	5.10809504854807
1.95019580192465	2.74320206933493	3.88489703199955	5.10785467357396
1.95671604926046	2.77049996993391	3.90014647094432	5.10358098933299
1.96323629659628	2.74248758714928	3.91628947250132	5.15139743059691
1.96975654393209	2.75012175114134	3.93874241913772	5.13017983697067
1.97627679126791	2.77212270052286	3.95991397553253	5.17841179861535
1.98279703860372	2.75839185022263	3.96733558097488	5.15574009775438
1.98931728593953	2.82576834834728	3.97545834656417	5.17147182203365
1.99583753327535	2.78304737956143	3.99286797763136	5.20774875157972
2.00235778061116	2.82760570346528	3.99698119388599	5.22779914694055
2.00887802794698	2.85954383199131	4.02403285160734	5.22859518973667
2.01539827528279	2.86543207277578	4.04282520308945	5.23100417951421
2.0219185226186	2.81069172242534	4.03778544296435	5.26773596227777
2.02843876995442	2.8555074979741	4.06317744595747	5.24330413164345
2.03495901729023	2.83639744826427	4.05667852035755	5.28083550800324
2.04147926462605	2.90118012004752	4.09557338083184	5.32144148889813
2.04799951196186	2.91610062423278	4.09957424739009	5.31203826402861
2.05451975929767	2.83613231716179	4.09216137650368	5.31069541174099
2.06104000663349	2.91961912007514	4.13913977163907	5.36728117920483
2.0675602539693	2.89802059055391	4.13670434198784	5.39417455789853
2.07408050130512	2.92689341350973	4.15097142437316	5.37864187251236
2.08060074864093	2.93764416448135	4.16677807365887	5.40611982473844
2.08712099597674	2.97792719606478	4.15959147651471	5.41241958226487
2.09364124331256	2.9968066137271	4.19733175508623	5.46244756351969
2.10016149064837	2.92997249725862	4.19782685114355	5.44525584467785
2.10668173798419	3.02406588402966	4.20690796194736	5.4358282435503
2.11320198532	2.99370679450482	4.21700884519233	5.50114696994252
2.11972223265582	3.01408766054434	4.23544134223003	5.53621265126262
2.12624247999163	3.04289403977374	4.24930296095185	5.50757023907217
2.13276272732744	3.03028819671902	4.26193091993158	5.50448128202084
2.13928297466326	2.99865897995902	4.27335011732337	5.5854434296215
2.14580322199907	3.04927452304269	4.27209548945169	5.53240028838094
2.15232346933489	3.02834566186375	4.30124012460607	5.58935301835056
2.1588437166707	3.07243934550125	4.30384520566674	5.61558717889301
2.16536396400651	3.03473943984063	4.32848613143393	5.61458226560823
2.17188421134233	3.12887564323294	4.34863856631843	5.60628929368888
2.17840445867814	3.14199361989029	4.36489408486388	5.63347079876818
2.18492470601396	3.12296615753984	4.36146669792252	5.6751106879107
2.19144495334977	3.15197864900011	4.381094477507	5.72276888609011
2.19796520068558	3.10816449072601	4.37574505500908	5.67245926654115
2.2044854480214	3.15011058488035	4.39498467167749	5.68017181631739
2.21100569535721	3.10784376222239	4.40209876844609	5.69435704685089
2.21752594269303	3.17674772816636	4.43336179353297	5.71305609754764
2.22404619002884	3.1508729729052	4.44321626597805	5.74978881313931
2.23056643736465	3.18000887759944	4.44156527973598	5.78324842789501
2.23708668470047	3.17084563598672	4.48170696391132	5.78393950264394
2.24360693203628	3.19305042230645	4.47273242305344	5.80781019812147
2.2501271793721	3.23012653842567	4.49373359135462	5.82619358540749
2.25664742670791	3.22278690638155	4.50399312750132	5.80221205379844
2.26316767404372	3.20845325508043	4.52699025007112	5.86573891372514
2.26968792137954	3.21235971367161	4.5416117397016	5.80622251466256
2.27620816871535	3.25105929873785	4.52712841713156	5.87070386151061
2.28272841605117	3.29012900822354	4.55458593238066	5.89154839158962
2.28924866338698	3.27672142207393	4.57907605614139	5.91653888314128
2.29576891072279	3.28103249519827	4.57440807400757	5.9276236432992
2.30228915805861	3.2312458090907	4.59924117849929	5.95896088416961
2.30880940539442	3.25462181855344	4.61896747288281	5.93741217551143
2.31532965273024	3.34494202182178	4.63657282974029	5.96000132408092
2.32184990006605	3.33702699304527	4.62576626866458	5.9610366322443
2.32837014740186	3.34900111987944	4.65233280829378	6.0173240963366
2.33489039473768	3.34116962233853	4.65181026410109	6.0685033499757
2.34141064207349	3.39663773591711	4.6735335369994	6.02333891858023
2.34793088940931	3.36067343996025	4.70343065441969	6.04458146393549
2.35445113674512	3.40677644789066	4.69446222220337	6.0566674874187
2.36097138408093	3.3549544432218	4.7125348163584	6.08642895125164
2.36749163141675	3.40401032016316	4.72310390127397	6.10100713070391
2.37401187875256	3.3917692506417	4.74755947992305	6.12991184700824
2.38053212608838	3.4141341933094	4.73948493226808	6.12399845640257
2.38705237342419	3.48247523769086	4.76435055215769	6.14036597356694
2.39357262076	3.39672948100075	4.7741806267503	6.17593227679696
2.40009286809582	3.46797060956287	4.79369939423974	6.19623378179207
2.40661311543163	3.44905535935908	4.80568627553026	6.13763930339026
2.41313336276745	3.42325835778645	4.82691694183497	6.1821463078072
2.41965361010326	3.43652940301726	4.81149634160488	6.18867546310041
2.42617385743908	3.48028066797063	4.8349959754002	6.26934985681372
2.43269410477489	3.48197230168957	4.86827810187259	6.19503293569728
2.4392143521107	3.4994357899451	4.85746513057726	6.28392246275956
2.44573459944652	3.49528626752611	4.89285632423659	6.27113569447459
2.45225484678233	3.52858126962102	4.89583196983176	6.27354443998313
2.45877509411814	3.55896419491717	4.88655046868967	6.31921738255339
2.46529534145396	3.52309269714113	4.93031235609403	6.3049762226657
2.47181558878977	3.58176145152756	4.92615777017051	6.34586316331161
2.47833583612559	3.53117957686174	4.9430536444103	6.33752839974539
2.4848560834614	3.56701205963371	4.94837284218587	6.33522177656108
2.49137633079722	3.5687321366271	4.96234504775539	6.38158030930569
2.49789657813303	3.62687899535131	4.96935503542183	6.35231327769363
2.50441682546884	3.56426207841727	4.99679928759025	6.40276704947674
2.51093707280466	3.61142500867808	5.00933226406266	6.44277812858154
2.51745732014047	3.6238143407309	5.02008889036575	6.44204062071567
2.52397756747629	3.61086054566262	5.01265183431769	6.42006567302976
2.5304978148121	3.60623552430728	5.04099650099053	6.45184990420521
2.53701806214791	3.65022512903665	5.04659066867531	6.53123656606006
2.54353830948373	3.64173611387061	5.07238858946684	6.50992665502175
2.55005855681954	3.68609446171621	5.07944763161275	6.5359371053679
2.55657880415536	3.67079550292353	5.07312227590634	6.50834876821774
2.56309905149117	3.68479349596584	5.11615203375983	6.55087808745045
2.56961929882698	3.723350875661	5.12353511555617	6.56255460564717
2.5761395461628	3.7012366542734	5.12812753146856	6.63340012981077
2.58265979349861	3.74438155755849	5.1649911473782	6.57649310020159
2.58918004083443	3.74917634555796	5.17149921854659	6.56806630969539
2.59570028817024	3.74211816349619	5.17153048597208	6.64551469059053
2.60222053550605	3.74173624855059	5.1961600315365	6.68924470089051
2.60874078284187	3.80626250296561	5.18372037909008	6.64993421959127
2.61526103017768	3.8067913484215	5.20278175212833	6.65870173956825
2.6217812775135	3.83091382579482	5.22555556645333	6.69944474964412
2.62830152484931	3.73725841904959	5.22522966273438	6.71029225006902
2.63482177218512	3.8273405452532	5.2429961763796	6.70811437884171
2.64134201952094	3.82679064165083	5.25003101487357	6.74336428149335
2.64786226685675	3.86112074139651	5.28803484512479	6.75462600904336
2.65438251419257	3.83939205270347	5.26323995277991	6.78803659340281
2.66090276152838	3.84583848746242	5.30814275172079	6.83310694961681
2.66742300886419	3.87351602324701	5.31718418721491	6.80229535432903
2.67394325620001	3.87472217280244	5.3197830898608	6.82151209700551
2.68046350353582	3.86514808454978	5.3297528080684	6.84477784518652
2.68698375087164	3.90136471817068	5.3352006084829	6.84140806882069
2.69350399820745	3.88967775421964	5.3748132196246	6.91049156106924
2.70002424554327	3.86504971503578	5.37897063223397	6.8931571411158
2.70654449287908	3.94796128542085	5.37524744995202	6.88891443972195
2.71306474021489	3.91827578113671	5.40318981850726	6.95269276343585
2.71958498755071	3.95802858086363	5.40551039739669	6.93660876076312
2.72610523488652	3.94006053300988	5.41974196070745	6.96788631679106
2.73262548222234	3.96811839349938	5.44407391672336	6.95662735520934
2.73914572955815	3.96713139936659	5.42876396479237	6.97383824707851
2.74566597689396	3.98937685545875	5.44938924831155	6.9723076818294
2.75218622422978	4.03564884457448	5.4887560878622	7.00030559161068
2.75870647156559	4.00100610802	5.45546730684303	7.02575837146542
2.76522671890141	4.00315787260461	5.50706122472988	7.04497026803418
2.77174696623722	4.04142574930288	5.5104036332152	7.06963168084792
2.77826721357303	3.93876019698081	5.53462149707895	7.15938397394456
2.78478746090885	4.05181558732273	5.55045451208673	7.09389569630377
2.79130770824466	4.02701909344068	5.55145490652531	7.11664950865777
2.79782795558048	4.06118061676376	5.57020957755033	7.13293101324322
2.80434820291629	4.11233972160494	5.5877681260553	7.1458984171347
2.8108684502521	4.08730143025939	5.5893950058791	7.15741544991934
2.81738869758792	4.06882142991071	5.59520679216956	7.13807992947908
2.82390894492373	4.06578786166665	5.59835684266285	7.16023646467092
2.83042919225955	4.07072645580884	5.6346775655236	7.17379855623035
2.83694943959536	4.12667519355699	5.63727775636454	7.20089113326006
2.84346968693117	4.10798492098555	5.65325897768814	7.24725828332011
2.84998993426699	4.12931697463784	5.67322738571076	7.20636209525932
2.8565101816028	4.18122346188969	5.67797192047067	7.27465463913687
2.86303042893862	4.14004013802195	5.66898363394665	7.27011227148486
2.86955067627443	4.16086444694495	5.70107290385392	7.30648713689113
2.87607092361024	4.11472971304849	5.72477504750722	7.29965515307882
2.88259117094606	4.20403067718431	5.73160067445279	7.28373848852391
2.88911141828187	4.22189530510347	5.74363450079455	7.32676496886005
2.89563166561769	4.19562995722899	5.75999087344201	7.32753105875817
2.9021519129535	4.15120117085032	5.77469228723882	7.33280152350035
2.90867216028931	4.19264057548885	5.78151694531616	7.35866070490203
2.91519240762513	4.28330038710303	5.80029076125023	7.42387479260564
2.92171265496094	4.26426367649576	5.80157507120128	7.40485527930281
2.92823290229676	4.23404083779661	5.83554954547544	7.42001497824157
2.93475314963257	4.26140447500063	5.85769001538335	7.46321199350593
2.94127339696838	4.2414033761381	5.84513364896504	7.46499773312291
2.9477936443042	4.34572841309065	5.84430493495042	7.49449889575338
2.95431389164001	4.29445037601983	5.87529588616297	7.49664618519933
2.96083413897583	4.32044995079439	5.87597176613374	7.48052096814592
2.96735438631164	4.30585571582878	5.89342770873201	7.492277893596
2.97387463364745	4.32773734874012	5.9061001634112	7.50442795555833
2.98039488098327	4.31367522184602	5.92704924447371	7.51633188201937
2.98691512831908	4.34499966939613	5.91180721880355	7.58230812717598
2.9934353756549	4.38694691054907	5.94969840930681	7.54249326356628
2.99995562299071	4.35248488511353	5.95020713972689	7.58329986848445
3.00647587032653	4.39052649074049	5.9767998329994	7.60457468268062
3.01299611766234	4.3906479259756	5.99089024284494	7.62194733326201
3.01951636499815	4.41778271924047	5.99928319073532	7.69438617542146
3.02603661233397	4.44845152171813	6.02551949346303	7.64285896186798
3.03255685966978	4.42644556244704	6.02849998285387	7.68917662254336
3.0390771070056	4.41146546256223	6.0376763398548	7.65511668950344
3.04559735434141	4.40312770896622	6.05188085682122	7.72634827440221
3.05211760167722	4.4514312371832	6.03777467549455	7.75969470680614
3.05863784901304	4.46779852071977	6.06016405645482	7.76521804397204
3.06515809634885	4.47518113827364	6.08940812555637	7.68784564430519
3.07167834368467	4.45068549422558	6.10096793775725	7.78715365002577
3.07819859102048	4.49615653123042	6.13174503884372	7.735623929055
3.08471883835629	4.48990580691935	6.13075947408241	7.78865062918461
3.09123908569211	4.48480720454694	6.14232806798861	7.81172163629279
3.09775933302792	4.52170585452273	6.1512832822026	7.85297314620493
3.10427958036374	4.46521561176021	6.15052486897385	7.81839501289761
3.11079982769955	4.4829206854119	6.17828781845794	7.83730881131555
3.11732007503536	4.52429798624302	6.1969218799837	7.88705208655273
3.12384032237118	4.53519374848878	6.20039303447572	7.89879877509551
3.13036056970699	4.5844430089986	6.21491332064719	7.92004843632893
3.13688081704281	4.628237522808	6.2281933060916	7.91695105684701
3.14340106437862	4.49894831462818	6.25704779747542	7.97950512957457
3.14992131171443	4.57742321996751	6.26509481111098	7.95631180735342
3.15644155905025	4.5973996906132	6.2839316467973	7.94518083780944
3.16296180638606	4.58835460911503	6.28888799481816	7.9825458775955
3.16948205372188	4.60340487245682	6.32357822515806	8.03190018823832
3.17600230105769	4.6299909075094	6.2982389409837	8.01361941477263
3.1825225483935	4.67233405220022	6.31391075080362	8.01984841781294
3.18904279572932	4.62942081765787	6.32616766509768	8.03890480137823
3.19556304306513	4.65912290422758	6.35334048197011	8.07571287430072
3.20208329040095	4.67820331483656	6.37959555006251	8.09603031515773
3.20860353773676	4.68542246322799	6.37461635012701	8.08228851671082
3.21512378507257	4.71038067599179	6.3674547074389	8.07941757040526
3.22164403240839	4.7119992433665	6.3963951957766	8.17928780644441
3.2281642797442	4.75162271317039	6.40776226303073	8.15016406947545
3.23468452708002	4.66062189571464	6.42040583314604	8.15103979354874
3.24120477441583	4.76907890881362	6.43689243095331	8.13825566499036
3.24772502175164	4.70143039646041	6.45031518633364	8.16868889293507
3.25424526908746	4.75477169950151	6.46574216724251	8.19191141070508
3.26076551642327	4.75308648800378	6.47278695943198	8.24551693052364
3.26728576375909	4.80629523644518	6.49699316366209	8.27400971458923
3.2738060110949	4.7943485232073	6.49281372322324	8.19828243832506
3.28032625843071	4.80175923142512	6.51084618255117	8.25228184217097
3.28684650576653	4.82585370459614	6.52737053190985	8.35656479858387
3.29336675310234	4.81286846934894	6.53278593235341	8.28166275751324
3.29988700043816	4.81436787817152	6.54014524802126	8.3098152635921
3.30640724777397	4.82777116730584	6.5676019481145	8.35792173031419
3.31292749510978	4.87549686080178	6.55621269402674	8.37771244466448
3.3194477424456	4.89654155781672	6.60977519501674	8.40093439247154
3.32596798978141	4.88555459558836	6.61321063733047	8.40054437975029
3.33248823711723	4.90129920481695	6.60113787923559	8.41390168738689
3.33900848445304	4.91331860333504	6.63726052403046	8.42416200515577
3.34552873178885	4.86170738217275	6.65706611288305	8.41510932634766
3.35204897912467	4.89519387677367	6.64270099875452	8.44586044384512
3.35856922646048	4.88064510542542	6.6653262226233	8.47340957567023
3.3650894737963	4.8749401676946	6.67927356930417	8.50951469676485
3.37160972113211	4.89572835738555	6.69701225583061	8.48710299783721
3.37812996846793	4.92212822170623	6.71990165125922	8.50720015302963
3.38465021580374	4.96049137770691	6.69742399547765	8.52571348950996
3.39117046313955	4.97880036289238	6.72122497583857	8.50062209497914
3.39769071047537	4.96114454625744	6.7567451974274	8.52821198304036
3.40421095781118	4.98435922512762	6.75779552240595	8.56889487861676
3.410731205147	4.98379548994187	6.77134339232994	8.53224519090386
3.41725145248281	5.05086624454704	6.77719798665088	8.58151679366538
3.42377169981862	4.99605889761951	6.79511385689141	8.5977144406492
3.43029194715444	5.01716077113504	6.81074625496514	8.64119853848784
3.43681219449025	5.06712460007483	6.81331984303154	8.67156363831853
3.44333244182607	5.01918665656325	6.85262993167196	8.66445151523884
3.44985268916188	5.1257551371314	6.84069339388286	8.71096464387744
3.45637293649769	5.08032602996679	6.85611389268846	8.69342241455798
3.46289318383351	5.10493193541931	6.87259583333681	8.65454131755817
3.46941343116932	5.08332743683841	6.87658059169215	8.69608671382051
3.47593367850514	5.10989992069462	6.89124652148273	8.76990977334628
3.48245392584095	5.0869607103446	6.89845829710495	8.7027019752831
3.48897417317676	5.10838170504558	6.92717186982568	8.7754783806416
3.49549442051258	5.06087233782969	6.92140444435484	8.82569218484646
3.50201466784839	5.1330011656322	6.95710217533345	8.77538488454688
3.50853491518421	5.12311346475307	6.95142179438956	8.83958045878077
3.51505516252002	5.13092688204522	6.95718460922585	8.80352745866058
3.52157540985583	5.19593803474994	6.97747868473502	8.84968270691933
3.52809565719165	5.19577741145942	6.99375879152127	8.86515432766553
3.53461590452746	5.17675200656535	6.99636594302349	8.89883726147165
3.54113615186328	5.27307445827053	7.01424773104092	8.85641746007678
3.54765639919909	5.19515527741921	7.03921339282995	8.92384503470767
3.5541766465349	5.13066659298949	7.04870852132181	8.90864216694159
3.56069689387072	5.18778713912825	7.07120074279935	8.95560834450357
3.56721714120653	5.22487122709936	7.06331172483815	8.94464107528856
3.57373738854235	5.2578392106772	7.10359859281338	8.98413115467928
3.58025763587816	5.26310585339469	7.10561913335572	8.99683701910942
3.58677788321397	5.26033115120915	7.11467680745877	8.98184943208781
3.59329813054979	5.28457293736748	7.12151410917848	9.05052493476097
3.5998183778856	5.32263991988609	7.15029907778656	9.07901866860851
3.60633862522142	5.26117665209285	7.15342000046526	9.02774925520534
3.61285887255723	5.31006130752452	7.17474204143754	9.05480947968899
3.61937911989304	5.31988211032061	7.1842413003888	9.06792039330503
3.62589936722886	5.32643981294104	7.19953767858363	9.05390700074897
3.63241961456467	5.32770029871847	7.19213732813219	9.16471003945077
3.63893986190049	5.33073851339769	7.22952697376606	9.14598291555335
3.6454601092363	5.33675944307388	7.23425414118176	9.1255549624397
3.65198035657212	5.34076842558531	7.24361429507774	9.15544663962945
3.65850060390793	5.35049683310358	7.25286451965144	9.15407791747735
3.66502085124374	5.40181368812975	7.26942267141323	9.22471859349787
3.67154109857956	5.37470266075876	7.31391789108755	9.25585592165577
3.67806134591537	5.42402935776708	7.28700121008087	9.23887827695494
3.68458159325119	5.35208123081106	7.32102010385418	9.22804827550948
3.691101840587	5.39437843114248	7.31175002234037	9.31256370997244
3.69762208792281	5.40697546825737	7.33006788279655	9.27759696927085
3.70414233525863	5.45538696896929	7.34886625526945	9.31604638552365
3.71066258259444	5.45517242605509	7.36583602651621	9.34445123230931
3.71718282993026	5.4406714745371	7.37410306536223	9.36139979261979
3.72370307726607	5.51992715402433	7.36832939296514	9.36870730359943
3.73022332460188	5.4344799636718	7.40825829635484	9.32758201980452
3.7367435719377	5.50211326151939	7.4134155907184	9.40688599135176
3.74326381927351	5.43205667544527	7.41185990547527	9.36825798672313
3.74978406660933	5.45848016554144	7.4420818455451	9.36713963460187
3.75630431394514	5.49528584239953	7.46173653779015	9.42564681091604
3.76282456128095	5.55842644703665	7.4597399505839	9.420881447708
3.76934480861677	5.53241222172372	7.46726594446397	9.42334827150118
3.77586505595258	5.52675907347174	7.4919109142603	9.44588382662308
3.7823853032884	5.5703257020035	7.51532049670415	9.51743055926132
3.78890555062421	5.56729040411728	7.51058591408314	9.51281156069752
3.79542579796002	5.58881726239228	7.54442376650291	9.54918201886933
3.80194604529584	5.60918482131427	7.54703053934252	9.51139776533218
3.80846629263165	5.58692257229508	7.54106177693176	9.55604111030775
3.81498653996747	5.64844591934848	7.56623743826455	9.50842514964881
3.82150678730328	5.59807847762886	7.57758369336326	9.5481324001999
3.82802703463909	5.65997307495586	7.58624180648508	9.57376747436728
3.83454728197491	5.61439995857881	7.61234027587948	9.64823261159121
3.84106752931072	5.65948877541669	7.62000363867326	9.62686588538169
3.84758777664654	5.65677662128093	7.6237716117211	9.66887908595683
3.85410802398235	5.64120006801551	7.64012775687362	9.62231107838951
3.86062827131816	5.66352723403788	7.65341577352892	9.63491665908238
3.86714851865398	5.71944931288115	7.65771180079791	9.69089295219584
3.87366876598979	5.6680581650304	7.70091251379581	9.67002264877985
3.88018901332561	5.7185986135299	7.70070946617891	9.70289939198842
3.88670926066142	5.73365783860471	7.70175763082595	9.74829793218024
3.89322950799723	5.71383890697723	7.71839633840336	9.73804172676577
3.89974975533305	5.75044744576423	7.73772603561821	9.76521398884081
3.90627000266886	5.72854746569894	7.76210417891913	9.74430811359857
3.91279025000468	5.80163593685484	7.74996322227209	9.79807677132566
3.91931049734049	5.75254196448785	7.77517002776496	9.81492945342628
3.9258307446763	5.78437941493658	7.77888567127594	9.78000638860541
3.93235099201212	5.76837876990068	7.77956519779593	9.79563856222812
3.93887123934793	5.82700413969312	7.80165014174493	9.86647931311813
3.94539148668375	5.82557364618888	7.84013925932658	9.88132868256237
3.95191173401956	5.83869258711262	7.82792943628415	9.87583858179571
3.95843198135538	5.84722848443021	7.83920711878053	9.8337297317837
3.96495222869119	5.8833776688863	7.85715267402995	9.90694077657981
3.971472476027	5.9019589513405	7.8730909723492	9.92255132583974
3.97799272336282	5.87082531477625	7.87997264762223	9.9296293099869
3.98451297069863	5.8327831750806	7.88980594067996	9.94332521465635
3.99103321803444	5.8445584979636	7.89969485354759	9.94785484419829
3.99755346537026	5.88811395409284	7.92713864594719	9.96304306319173
4.00407371270607	5.8184372926431	7.94537568128377	10.0114470210781
4.01059396004189	5.93870288615107	7.9576961567137	9.98865763703678
4.0171142073777	5.92392804832922	7.95844452013471	10.0179424766985
4.02363445471352	5.91630540281401	7.96503228452341	10.0390769568941
4.03015470204933	5.9044595510867	7.97210055644561	10.1103325547084
4.03667494938514	5.94417113683041	7.9943283976024	10.0967152258931
4.04319519672096	5.95307630524542	8.01383249634583	10.0463840406339
4.04971544405677	5.95866826516109	8.02611569637067	10.1130086731725
4.05623569139258	6.01174594851306	8.04282794186142	10.1510101154355
4.0627559387284	6.02669132024419	8.05935115470782	10.1221772868322
4.06927618606421	5.9995717688806	8.06347002729166	10.2018540988768
4.07579643340003	5.99490247067548	8.06370556690418	10.2056436409777
4.08231668073584	6.00863924635619	8.10051192532287	10.1886818307246
4.08883692807166	5.99680055212556	8.11653227404957	10.2387788819009
4.09535717540747	6.01459084271517	8.1139520656906	10.2054317780517
4.10187742274328	5.98250050397806	8.13473947506225	10.2110414143598
4.1083976700791	6.05803609411304	8.15247202646655	10.2815649296051
4.11491791741491	6.15184673577692	8.16123040098553	10.2815591806446
4.12143816475073	6.0614801656871	8.16677490696363	10.2822453672223
4.12795841208654	6.02205341616006	8.15033054022387	10.3478845967376
4.13447865942235	6.09822160902902	8.2068547184911	10.3026112099732
4.14099890675817	6.14467177959333	8.21154029359299	10.3418120590402
4.14751915409398	6.07576749956993	8.19677651107977	10.350796209967
4.1540394014298	6.13884324954108	8.22869666608077	10.3620901363359
4.16055964876561	6.13576405243662	8.23309788981102	10.3746258168425
4.16707989610143	6.16088255433029	8.27452368868658	10.406858801792
4.17360014343724	6.13329730407339	8.27647201969036	10.4055900131044
4.18012039077305	6.16082055550407	8.28369731739669	10.3815345617336
4.18664063810887	6.13485458490275	8.28726785176261	10.4211354415325
4.19316088544468	6.16484353639545	8.32220744376209	10.4523812107635
4.19968113278049	6.14338142692868	8.33031065876142	10.4834767059749
4.20620138011631	6.21899860395082	8.33991537210679	10.5479067178319
4.21272162745212	6.22324456088858	8.35246448439097	10.484306101716
4.21924187478794	6.2514840656701	8.359988455653	10.4875369902824
4.22576212212375	6.21414979927353	8.36836812120634	10.5133105909089
4.23228236945956	6.21390282106482	8.3956972322026	10.590135358242
4.23880261679538	6.26503321489465	8.40702560587217	10.6059577185745
4.24532286413119	6.21064120446051	8.4146049250555	10.564842726717
4.25184311146701	6.24771399205666	8.41863599027618	10.6425057632169
4.25836335880282	6.20763348503869	8.41068494300277	10.6178699640639
4.26488360613864	6.31540860755022	8.44241934776308	10.6760379796723
4.27140385347445	6.24183482697949	8.42066528570734	10.6593928906426
4.27792410081026	6.30673668891695	8.47150190416179	10.6031415254291
4.28444434814608	6.32534202170313	8.49508547908578	10.6698338440306
4.29096459548189	6.35785917597183	8.49069036333358	10.7304371145841
4.2974848428177	6.38361119294775	8.52371859850567	10.6641045378759
4.30400509015352	6.343132186004	8.51884221623164	10.7912150187633
4.31052533748933	6.3768473345767	8.54327597434641	10.7219730715207
4.31704558482515	6.40797654272286	8.55667725482533	10.8430390225868
4.32356583216096	6.41411547078122	8.57136335661547	10.765720092262
4.33008607949678	6.42131656523459	8.55632614178907	10.7900528837943
4.33660632683259	6.41023874934798	8.5727069495549	10.7406106981726
4.3431265741684	6.36783247637684	8.60862773209718	10.8580080865961
4.34964682150422	6.40451880231053	8.62075140853398	10.8046069766541
4.35616706884003	6.40631572291137	8.63163530560365	10.8336372177605
4.36268731617585	6.47170660264711	8.62701110873149	10.8528554596797
4.36920756351166	6.42858476520976	8.65018031328844	10.8968361776397
4.37572781084747	6.47618718426031	8.65880596810938	10.8495488781091
4.38224805818329	6.47854166060694	8.67696073384559	10.9649898096351
4.3887683055191	6.50225842696425	8.71154556897144	10.9260061751475
4.39528855285492	6.45416706422335	8.69346130759126	11.0289244126638
4.40180880019073	6.39185852425903	8.72214069203592	10.979150348047
4.40832904752654	6.50936745600499	8.73673730455213	10.9663363194442
4.41484929486236	6.5145739439289	8.75131573701428	11.0862989474569
4.42136954219817	6.53418947653003	8.75326846867411	11.0078666730641
4.42788978953399	6.53001304038344	8.74603109780037	11.0784755513896
4.4344100368698	6.55573154213865	8.79510966275184	11.0384125839012
4.44093028420561	6.54685250190545	8.79015301531104	11.1140109300341
4.44745053154143	6.60229824648938	8.8033294431965	11.1007330408736
4.45397077887724	6.59015147726689	8.83973783540697	11.1065999650034
4.46049102621306	6.54624731003523	8.82408635082497	11.0674724480222
4.46701127354887	6.58472185537599	8.83906884971295	11.164606507507
4.47353152088468	6.59785304448372	8.85748401660596	11.1237964501948
4.4800517682205	6.60520938516493	8.87199480495282	11.1244113922394
4.48657201555631	6.64182347822506	8.85922482626285	11.1513015006845
4.49309226289213	6.62534765278265	8.90670289756233	11.2477106486025
4.49961251022794	6.6787715381301	8.89361528208509	11.1889970887882
4.50613275756375	6.68494814568856	8.94581042460736	11.2357746723344
4.51265300489957	6.59984132505545	8.92684467427145	11.1767009421267
4.51917325223538	6.66866012580074	8.95731803138054	11.2524612627871
4.5256934995712	6.66702704226575	8.96063121126881	11.2975494530224
4.53221374690701	6.70545668211842	8.97112918602706	11.2769753835172
4.53873399424283	6.66756125504161	9.00915104341202	11.2815371314021
4.54525424157864	6.74694251241965	9.02269787816782	11.258067626843
4.55177448891445	6.78833698044398	8.99027366542072	11.3570968584907
4.55829473625027	6.70454531510661	9.03312529891406	11.3589078720878
4.56481498358608	6.72929919769852	9.04054023488977	11.3757020211604
4.57133523092189	6.78515914510931	9.06069428944542	11.461648266455
4.57785547825771	6.74602996196632	9.03528147386182	11.411739024333
4.58437572559352	6.7424196548706	9.05831104946546	11.4334009980878
4.59089597292934	6.83701653818429	9.1040692249936	11.4207757338105
4.59741622026515	6.80455367331901	9.10683900528221	11.4013207690218
4.60393646760097	6.79541687996937	9.1435908284994	11.5022667308412
4.61045671493678	6.77605983781577	9.13539714127792	11.4652262115309
