"mitochan"	"lwrNorm"	"medNorm"	"uprNorm"
-1.90327037354145	-3.32052346370447	-2.88672904403491	-2.43006505582384
-1.89616204912226	-3.33110596872116	-2.87653363223664	-2.43620313677368
-1.88905372470308	-3.32056239436797	-2.86357204403367	-2.40534773921232
-1.88194540028389	-3.29419458196014	-2.85162803849156	-2.41628475062029
-1.8748370758647	-3.26825669050851	-2.8352398763899	-2.38635748109584
-1.86772875144552	-3.26474778639912	-2.82818321500242	-2.37472474195642
-1.86062042702633	-3.25881406088326	-2.8109037739928	-2.36785049752217
-1.85351210260715	-3.25728337922082	-2.80019863516484	-2.35438207638244
-1.84640377818796	-3.23156751855463	-2.78712400193783	-2.32443971181824
-1.83929545376877	-3.239358962566	-2.78293131703233	-2.31951561746167
-1.83218712934959	-3.22743184714818	-2.76950311266699	-2.35787662693802
-1.8250788049304	-3.19915047613927	-2.76111967835843	-2.33005810713761
-1.81797048051122	-3.19689011946258	-2.75360869948978	-2.29500473543835
-1.81086215609203	-3.2136364949624	-2.72661999560319	-2.30530799941129
-1.80375383167284	-3.18522252179614	-2.73715022518238	-2.29743593743657
-1.79664550725366	-3.1534450892368	-2.71960985857849	-2.28381166134143
-1.78953718283447	-3.14513687721261	-2.69140183129375	-2.24893430585165
-1.78242885841529	-3.13694910754676	-2.69411195723364	-2.26641675927327
-1.7753205339961	-3.11651114096099	-2.68033448671131	-2.23192836958543
-1.76821220957691	-3.12026475800825	-2.67199682225279	-2.19508589677616
-1.76110388515773	-3.0940191498099	-2.66399131389231	-2.21281569706669
-1.75399556073854	-3.09097397107128	-2.64997660899746	-2.20466878723923
-1.74688723631936	-3.07725928181162	-2.6404075693541	-2.19740646619265
-1.73977891190017	-3.08584831248127	-2.6244499303493	-2.1854448575097
-1.73267058748098	-3.03199946280935	-2.60578451098063	-2.18053985839283
-1.7255622630618	-3.04951622465527	-2.60389435877494	-2.14749189711232
-1.71845393864261	-3.03663792689888	-2.59212559664624	-2.14810297879243
-1.71134561422343	-3.03196939616869	-2.5756863949229	-2.13937018379891
-1.70423728980424	-3.02099289319185	-2.57090292759962	-2.11301235920989
-1.69712896538505	-2.99905325995662	-2.55769856733402	-2.1159330071194
-1.69002064096587	-3.00684119238702	-2.55262283685058	-2.10925510432328
-1.68291231654668	-2.97927000974986	-2.53292498385432	-2.10716931642805
-1.6758039921275	-2.98933087419203	-2.52928187081239	-2.06157874055454
-1.66869566770831	-2.93251328587182	-2.51856098307022	-2.06143891751369
-1.66158734328912	-2.94372450286253	-2.50859132962082	-2.07536237343623
-1.65447901886994	-2.91805558935519	-2.49617093096452	-2.04697838642155
-1.64737069445075	-2.93257152745727	-2.48748521719103	-2.05173471395025
-1.64026237003157	-2.92928071840271	-2.46446284463209	-2.03183556699999
-1.63315404561238	-2.90953042148163	-2.45574177097884	-2.03596368693541
-1.62604572119319	-2.89393759251566	-2.45579718153626	-2.00132813921266
-1.61893739677401	-2.90347359466428	-2.43808073804773	-1.97652629042122
-1.61182907235482	-2.86497969042913	-2.42216355456962	-1.96930358690503
-1.60472074793564	-2.85504899793683	-2.41647979920403	-1.96672237198186
-1.59761242351645	-2.84047638246713	-2.40212053626786	-1.96900851450959
-1.59050409909726	-2.84305210720015	-2.40327960228054	-1.95038449413173
-1.58339577467808	-2.8057833472504	-2.38113541209515	-1.9564001095561
-1.57628745025889	-2.82776926324645	-2.37268745846382	-1.92167452455192
-1.56917912583971	-2.79663467343567	-2.35957173266684	-1.93752523908242
-1.56207080142052	-2.7821538423033	-2.34504378649398	-1.9039696900222
-1.55496247700133	-2.77882433800047	-2.33967408577362	-1.89948624769436
-1.54785415258215	-2.76603438934625	-2.32888155709052	-1.89969389238203
-1.54074582816296	-2.74772885074491	-2.32608716002342	-1.88609437293836
-1.53363750374378	-2.74785608647587	-2.31116861560161	-1.88226891055615
-1.52652917932459	-2.72887651993617	-2.29380626123659	-1.84770611739143
-1.5194208549054	-2.71345148668044	-2.28007699402797	-1.84459167224539
-1.51231253048622	-2.72091259216215	-2.27534184199139	-1.83067660235881
-1.50520420606703	-2.70883887657405	-2.26410538491047	-1.8331968275648
-1.49809588164785	-2.70408024979646	-2.25038039886859	-1.7887957971722
-1.49098755722866	-2.65570284623595	-2.22805006312613	-1.80524836473295
-1.48387923280947	-2.67053874908976	-2.23240656227881	-1.79037453881012
-1.47677090839029	-2.63615501796475	-2.21283902241849	-1.78672475197316
-1.4696625839711	-2.64476921977762	-2.2108506165078	-1.78140997727367
-1.46255425955192	-2.64112486155004	-2.19360561997007	-1.77120380284232
-1.45544593513273	-2.61888142573642	-2.19424464600887	-1.75916405936539
-1.44833761071354	-2.6057449492954	-2.17550379604672	-1.74688479627713
-1.44122928629436	-2.60037764685544	-2.14900044855313	-1.70866955340679
-1.43412096187517	-2.58859098447579	-2.14791141256296	-1.70832295636778
-1.42701263745599	-2.5945433948259	-2.14038727793298	-1.6945485657771
-1.4199043130368	-2.58067697473369	-2.13855930114	-1.69317778472907
-1.41279598861761	-2.57641297762285	-2.11426411162052	-1.70709745360808
-1.40568766419843	-2.55810268285909	-2.10225563263554	-1.68712604281496
-1.39857933977924	-2.52125322625153	-2.09200334801887	-1.64254944155455
-1.39147101536006	-2.48824250103937	-2.08848359001608	-1.62418447541873
-1.38436269094087	-2.53183282158392	-2.07538198844656	-1.61804210892765
-1.37725436652168	-2.50357447322919	-2.06872045328672	-1.6303515137311
-1.3701460421025	-2.47373664066804	-2.05409633103778	-1.60519062982555
-1.36303771768331	-2.49377777233244	-2.04389784057543	-1.61113558858199
-1.35592939326413	-2.46972652601539	-2.02191014022078	-1.59476265786149
-1.34882106884494	-2.45782886855084	-2.02051621649611	-1.58300891376171
-1.34171274442575	-2.46175631312024	-2.00554025800523	-1.581231073452
-1.33460442000657	-2.4555394762244	-2.00321430440397	-1.56081666609111
-1.32749609558738	-2.42397435423172	-1.98598205430187	-1.54055587157467
-1.3203877711682	-2.40535545901914	-1.97718150992054	-1.55946587867923
-1.31327944674901	-2.40492023714235	-1.97181492760756	-1.51543946033444
-1.30617112232982	-2.37817840362858	-1.94465882080751	-1.51700024161213
-1.29906279791064	-2.36884485543024	-1.93730196984543	-1.48579486382899
-1.29195447349145	-2.35692031165869	-1.92001024393252	-1.46579452952111
-1.28484614907227	-2.36170374931395	-1.92085862818359	-1.47395051864449
-1.27773782465308	-2.34616182949602	-1.90094228704216	-1.47363940400673
-1.27062950023389	-2.34294604987772	-1.90894130770832	-1.45401143827963
-1.26352117581471	-2.31218283922178	-1.89031468809921	-1.44101239968167
-1.25641285139552	-2.29295756279159	-1.87165994977182	-1.45499605721539
-1.24930452697634	-2.28202628539924	-1.85895887579172	-1.42680147214126
-1.24219620255715	-2.29852524951843	-1.84843925657409	-1.41188015769646
-1.23508787813796	-2.26151795849926	-1.83720763123576	-1.3865239074569
-1.22797955371878	-2.25193452850706	-1.83320495356392	-1.39209676661126
-1.22087122929959	-2.24442963496838	-1.81310493373177	-1.37647013540658
-1.21376290488041	-2.23260161793354	-1.81366923984416	-1.38719316317037
-1.20665458046122	-2.21722818134692	-1.79992630152069	-1.35548772006414
-1.19954625604203	-2.21578833938042	-1.78101234400166	-1.37958056387715
-1.19243793162285	-2.1960874894661	-1.78024795866893	-1.34702266634494
-1.18532960720366	-2.20011692983796	-1.76194534933501	-1.36488897390543
-1.17822128278448	-2.18785134855877	-1.75001586477663	-1.31060714395413
-1.17111295836529	-2.17957296533777	-1.74361764608596	-1.3221246810631
-1.1640046339461	-2.19373111557621	-1.73502457848977	-1.28182892924369
-1.15689630952692	-2.15748482133021	-1.71837886655464	-1.28441447832267
-1.14978798510773	-2.13889019170631	-1.71718172859417	-1.27201397054027
-1.14267966068855	-2.13889436451049	-1.69487878834	-1.24935135511559
-1.13557133626936	-2.12571352598728	-1.68525770084358	-1.26536097980411
-1.12846301185017	-2.1090612946416	-1.67393326716749	-1.24474809221693
-1.12135468743099	-2.07848672324422	-1.67037345873248	-1.24652691850833
-1.1142463630118	-2.1052551303826	-1.6618955294014	-1.22530600277189
-1.10713803859262	-2.07355065554654	-1.64753570767211	-1.22530622086413
-1.10002971417343	-2.07010906847144	-1.63163817244705	-1.17723560229155
-1.09292138975424	-2.05704109595197	-1.62729551510933	-1.1935137851258
-1.08581306533506	-2.07502658498867	-1.61946401612608	-1.15707337746697
-1.07870474091587	-2.02002228470181	-1.604883199178	-1.17620506122083
-1.07159641649669	-2.01799188439026	-1.5923657561755	-1.15855014290312
-1.0644880920775	-2.01129899678493	-1.57978651643531	-1.13907209655676
-1.05737976765831	-1.99287803057418	-1.57095969702496	-1.13643621729109
-1.05027144323913	-1.98986572349552	-1.5492047861371	-1.10819069613539
-1.04316311881994	-1.98768234191273	-1.53548029543246	-1.12052480971501
-1.03605479440076	-1.96253370476037	-1.55065655034959	-1.10449171634389
-1.02894646998157	-1.95388074705124	-1.51814696468766	-1.07776721703869
-1.02183814556238	-1.94424190763213	-1.52136326470294	-1.08674760857233
-1.0147298211432	-1.93666587800484	-1.50537246870651	-1.07513271141086
-1.00762149672401	-1.91413107459309	-1.48004010798988	-1.07829605065314
-1.00051317230483	-1.90048362205328	-1.4805263054375	-1.05951067148542
-0.99340484788564	-1.91978397502446	-1.4707235378953	-1.03414477042256
-0.986296523466454	-1.8818013181213	-1.46553222049069	-1.02656109403552
-0.979188199047268	-1.87256590255322	-1.44732232559025	-1.02735609216823
-0.972079874628082	-1.8723704879294	-1.44080422056705	-1.00719270151676
-0.964971550208896	-1.85712957701367	-1.42692630218121	-1.00230201849638
-0.95786322578971	-1.85140822476986	-1.4116880552821	-0.97427399114823
-0.950754901370524	-1.8220422390005	-1.39233565792747	-0.976991646473285
-0.943646576951338	-1.81389601113865	-1.39434968171014	-0.962061274560619
-0.936538252532152	-1.80201385828667	-1.37680180912806	-0.961435476146244
-0.929429928112966	-1.8155254543306	-1.36592402962442	-0.966178393638832
-0.92232160369378	-1.78178478339317	-1.36082719513509	-0.931690466826585
-0.915213279274594	-1.76967312143464	-1.34831780664399	-0.90916298477918
-0.908104954855408	-1.76987138772197	-1.33430008255544	-0.908043843692039
-0.900996630436222	-1.75317805679524	-1.31713627980581	-0.906806985395968
-0.893888306017036	-1.73299752195559	-1.30945643499133	-0.879201314953063
-0.88677998159785	-1.71643410172285	-1.29036851932703	-0.86392846023997
-0.879671657178664	-1.71875997386639	-1.29600536918417	-0.861729178714238
-0.872563332759478	-1.71762360189684	-1.27901972485182	-0.859020122860479
-0.865455008340292	-1.68791813652147	-1.26306882232219	-0.840312808834881
-0.858346683921106	-1.67495865553672	-1.24976480722163	-0.803545719105005
-0.85123835950192	-1.66200119059928	-1.24431084084353	-0.822604725032755
-0.844130035082734	-1.65775466398348	-1.23254580142897	-0.814169118030933
-0.837021710663548	-1.65876169215797	-1.2185523732136	-0.793764994704705
-0.829913386244362	-1.6218804252073	-1.21707473243647	-0.794919712487695
-0.822805061825176	-1.62316206637803	-1.20586942688712	-0.772114847199513
-0.81569673740599	-1.62575429940858	-1.19259729616331	-0.754208994314433
-0.808588412986804	-1.61712264879832	-1.18442977921239	-0.774859885304574
-0.801480088567618	-1.61397674085359	-1.16193095485024	-0.752803631792412
-0.794371764148432	-1.59975553058061	-1.15624097576296	-0.742477182651593
-0.787263439729246	-1.5741304104818	-1.14297989375001	-0.709742741502135
-0.78015511531006	-1.5547875020317	-1.13681836490888	-0.724578144938173
-0.773046790890874	-1.54774240537904	-1.12669780548113	-0.706825077370947
-0.765938466471688	-1.52311763869034	-1.11950007390872	-0.68912865961984
-0.758830142052502	-1.52897672047241	-1.11059837012965	-0.677673119857072
-0.751721817633316	-1.52493316256354	-1.09656825499552	-0.706119739082321
-0.74461349321413	-1.50498548466979	-1.08296644508501	-0.668847916845733
-0.737505168794944	-1.46367775917643	-1.06474487686374	-0.651276195366894
-0.730396844375758	-1.48775980231864	-1.06128137348291	-0.644462714178936
-0.723288519956572	-1.48622950586869	-1.04642452794496	-0.610105458131415
-0.716180195537386	-1.45769926946134	-1.05007603071508	-0.613725868048522
-0.7090718711182	-1.43834381307144	-1.02980015264407	-0.600934493530561
-0.701963546699014	-1.43413442888683	-1.01332998095477	-0.585402828482263
-0.694855222279828	-1.46334325908757	-1.00948337314217	-0.578496549410672
-0.687746897860642	-1.41086742675308	-0.992431607347215	-0.587659442687824
-0.680638573441456	-1.38247012417074	-0.982734577038476	-0.553631551249948
-0.67353024902227	-1.40821209871992	-0.963061914272173	-0.541965238860152
-0.666421924603084	-1.37186120452727	-0.967260501985494	-0.557905063440947
-0.659313600183898	-1.34538183439736	-0.942432811576726	-0.516369324401467
-0.652205275764712	-1.37880052289526	-0.940750110812397	-0.523833518643508
-0.645096951345526	-1.35138867988861	-0.931277881477499	-0.521974985283486
-0.63798862692634	-1.33048350024298	-0.911105196075737	-0.501336012737374
-0.630880302507154	-1.31910687710334	-0.907935605778197	-0.50071126926301
-0.623771978087968	-1.31402507095503	-0.895098950725188	-0.474183474519389
-0.616663653668782	-1.31819796974588	-0.88778965606034	-0.46771970740832
-0.609555329249596	-1.30086398246846	-0.876159567432962	-0.451284521317522
-0.60244700483041	-1.28759306628943	-0.858539469946583	-0.445078319847492
-0.595338680411224	-1.27154738458026	-0.848670934317221	-0.429577334693788
-0.588230355992038	-1.2517825286622	-0.853840588683237	-0.405741168412056
-0.581122031572852	-1.25277215817055	-0.827447873887927	-0.402343253103644
-0.574013707153666	-1.23826122155328	-0.822396012959581	-0.383795046215086
-0.56690538273448	-1.23311491704047	-0.809855159043875	-0.376831288627618
-0.559797058315294	-1.22900652121071	-0.794819941258653	-0.378245499851484
-0.552688733896108	-1.21886633504358	-0.792572769943036	-0.353918654277265
-0.545580409476922	-1.18877163616912	-0.775324078187992	-0.358148674435967
-0.538472085057736	-1.16855512863584	-0.76003366386716	-0.326215023286191
-0.53136376063855	-1.17621968046984	-0.755780200710552	-0.329200082973731
-0.524255436219364	-1.17061794206487	-0.743063481232893	-0.31021052112592
-0.517147111800178	-1.14604360829692	-0.724474089718494	-0.317130321302674
-0.510038787380992	-1.12188310048706	-0.720196963079599	-0.279467983806715
-0.502930462961806	-1.13847612031063	-0.709363492854948	-0.306997139176357
-0.49582213854262	-1.10367580273162	-0.699028798030691	-0.280308183692248
-0.488713814123434	-1.1014114660458	-0.673774727110652	-0.252083333044483
-0.481605489704248	-1.10227275131911	-0.673594984474524	-0.267733167036026
-0.474497165285062	-1.08983199618863	-0.658957715955995	-0.258064022643279
-0.467388840865876	-1.07524389264958	-0.640524887559929	-0.226076843208496
-0.46028051644669	-1.05769002269505	-0.63234544696449	-0.220445139596245
-0.453172192027504	-1.05299705627559	-0.64042676563121	-0.189584594924009
-0.446063867608318	-1.05280795174856	-0.621702669839006	-0.203601334833617
-0.438955543189132	-1.03783682489096	-0.603821573664002	-0.200385631408063
-0.431847218769946	-1.01898969588224	-0.591147437569644	-0.173807695516239
-0.42473889435076	-1.01655465956102	-0.579732534930688	-0.145781603118055
-0.417630569931574	-0.989800973548772	-0.573172224003731	-0.16087554562064
-0.410522245512388	-0.969117941867042	-0.565237688165459	-0.134359192742863
-0.403413921093202	-0.985274325089351	-0.563125832286046	-0.152010429717276
-0.396305596674016	-0.943807958336086	-0.541240874449611	-0.123721258834326
-0.38919727225483	-0.932002092220542	-0.520231626428763	-0.118164676672411
-0.382088947835644	-0.920451311473277	-0.513079676644458	-0.0909457566802023
-0.374980623416458	-0.925103820444553	-0.509591520153074	-0.100614413766034
-0.367872298997272	-0.916441869090335	-0.499366079102904	-0.0632386502148777
-0.360763974578086	-0.900489208792084	-0.492051597018891	-0.0739524341160648
-0.3536556501589	-0.892191073343541	-0.480376520755783	-0.0631148325422327
-0.346547325739714	-0.858411010993392	-0.456270218446633	-0.0651577806788818
-0.339439001320528	-0.870013566351864	-0.45957462387372	-0.0593852360530139
-0.332330676901342	-0.84762422020734	-0.435125310632359	-0.0302580946538043
-0.325222352482156	-0.8531963002593	-0.428830311722947	-0.00181280021979391
-0.31811402806297	-0.845370156541371	-0.419128570657101	-0.00184709826696359
-0.311005703643784	-0.816206127170488	-0.415851529784106	-0.00419775835735402
-0.303897379224598	-0.810659082903194	-0.408843832187129	0.0244732191959495
-0.296789054805412	-0.804420661885767	-0.389608997961344	0.0516333346417558
-0.289680730386226	-0.768382011504016	-0.369578387871908	0.0265306754880501
-0.28257240596704	-0.773543615353232	-0.349912414668647	0.0603621744785576
-0.275464081547854	-0.749321733155916	-0.346631715096479	0.0728620668938501
-0.268355757128668	-0.740639253352748	-0.341558010153853	0.0835287192267443
-0.261247432709482	-0.759131953296345	-0.325331030330119	0.0935866455502849
-0.254139108290296	-0.745186687080251	-0.319154920085776	0.0868653226493322
-0.24703078387111	-0.733994742507245	-0.312628719457759	0.0918930281801624
-0.239922459451924	-0.69354536243436	-0.287378755664872	0.0983988768092837
-0.232814135032738	-0.721024209515582	-0.285419128145616	0.140403638093011
-0.225705810613552	-0.684701752982451	-0.280187691241578	0.150618656696659
-0.218597486194366	-0.68327335189095	-0.26897772862804	0.158661659989539
-0.21148916177518	-0.687410129225187	-0.255276840248968	0.136155458292439
-0.204380837355994	-0.651728470084516	-0.242468335818119	0.177041269218127
-0.197272512936808	-0.652678706111249	-0.234951688357112	0.167444288981252
-0.190164188517622	-0.627397748077311	-0.227836197243521	0.187707131100227
-0.183055864098436	-0.640774557596053	-0.21372390084622	0.186828604396492
-0.17594753967925	-0.61236585412735	-0.202819794178838	0.214658848186002
-0.168839215260064	-0.594322871175336	-0.192338381995026	0.214061278335831
-0.161730890840878	-0.594672980703248	-0.171293711516765	0.231341030334319
-0.154622566421692	-0.573492425975582	-0.174283262924666	0.26143305094907
-0.147514242002506	-0.567834046947772	-0.157450191034958	0.251182739160364
-0.14040591758332	-0.552600048482684	-0.139997359969489	0.273818841702304
-0.133297593164134	-0.558309457594028	-0.134542037635661	0.269903554135883
-0.126189268744948	-0.529375180432913	-0.123774738581778	0.279349813123231
-0.119080944325761	-0.532544709242188	-0.104469138346762	0.319215319297245
-0.111972619906576	-0.497049246556533	-0.101927973796399	0.297605651292993
-0.10486429548739	-0.499370384847723	-0.0900731698527096	0.320831640177749
-0.0977559710682034	-0.4807138420528	-0.0795739617211382	0.347367686627861
-0.0906476466490176	-0.466920652637407	-0.0771670958037238	0.335265962989652
-0.0835393222298315	-0.452648988673047	-0.0516862229798441	0.359852416865279
-0.0764309978106454	-0.459994547755386	-0.0335408056818718	0.372942802080664
-0.0693226733914596	-0.453018358775004	-0.0271793742367131	0.371322549637804
-0.0622143489722735	-0.454473672943299	-0.0243416350260588	0.39339049683182
-0.0551060245530874	-0.424731938544175	-0.00551629862511946	0.422703022117185
-0.0479977001339016	-0.433873264021253	-0.00308410630517689	0.406161747091007
-0.0408893757147155	-0.392471811258585	0.0113169894774885	0.412189956398155
-0.0337810512955294	-0.398447852068406	0.0157071443948442	0.430518481526319
-0.0266727268763434	-0.365210043186277	0.0487489180009066	0.444126242598088
-0.0195644024571575	-0.380170071726939	0.0408559858403455	0.449657944473991
-0.0124560780379714	-0.345922525831592	0.0626957828820784	0.460086869482004
-0.00534775361878537	-0.343620004760534	0.0650724532945382	0.469557371935505
0.00176057080040048	-0.321654756076679	0.0797381336205161	0.465787505870945
0.00886889521958656	-0.316542479997065	0.0932500986703858	0.507594340168197
0.0159772196387726	-0.33260508460869	0.0997085640599348	0.529323034732
0.0230855440579585	-0.295562902014943	0.111003728413622	0.544514621909472
0.0301938684771446	-0.268026992852895	0.129283458811781	0.52426468915016
0.0373021928963306	-0.298789727570904	0.122390492472227	0.548026942390432
0.0444105173155165	-0.259526256332569	0.153610321697236	0.559883341733218
0.0515188417347026	-0.25010781579326	0.150666504777303	0.562806914201432
0.0586271661538886	-0.240879721340807	0.16418578312031	0.589196212206331
0.0657354905730747	-0.216961567415856	0.183178065580063	0.596543752696817
0.0728438149922606	-0.205421265668885	0.182595620554751	0.58759212289745
0.0799521394114466	-0.227509967901885	0.199895692659832	0.626967905884435
0.0870604638306327	-0.192201427781687	0.20976916956127	0.612679069614145
0.0941687882498186	-0.189731516181395	0.221814369093075	0.656643852053495
0.101277112669004	-0.193875705804248	0.238770114296706	0.642720056562467
0.108385437088191	-0.172304783888795	0.244612577134773	0.633859298835613
0.115493761507377	-0.185589226832356	0.260011788959933	0.6680018301151
0.122602085926563	-0.149593380516445	0.260496381507911	0.67920979378192
0.129710410345749	-0.120215558045091	0.266606233130599	0.693919454288782
0.136818734764935	-0.114965355045618	0.290541368426461	0.703677241368234
0.143927059184121	-0.107637049626202	0.294352632961701	0.709317961592507
0.151035383603307	-0.111976145311392	0.303009863871408	0.709449913233193
0.158143708022493	-0.0842407765912377	0.321334719437447	0.738630901746832
0.165252032441679	-0.0906103221788675	0.33043207990441	0.736121851514107
0.172360356860865	-0.0858889730264455	0.345996403481331	0.743253684772839
0.179468681280051	-0.0511581653460686	0.358430162969323	0.799683459105134
0.186577005699237	-0.0445844286833361	0.357849691703153	0.789949192521492
0.193685330118423	-0.0257396151635897	0.377050408377633	0.784962806309058
0.200793654537609	-0.00833556508664191	0.396133767646609	0.817398681338346
0.207901978956795	-0.0257469301609213	0.386234682608052	0.790245912929035
0.215010303375981	0.00963186993303723	0.403231992248724	0.818860720030784
0.222118627795167	0.0103344896100478	0.411005326151893	0.806697032519698
0.229226952214353	0.0383663876830759	0.426332178068616	0.841317599926723
0.236335276633539	0.0291822245533477	0.438970855039436	0.861495044875311
0.243443601052725	0.056742751147904	0.449309647186389	0.876457144330103
0.250551925471911	0.0514599860156275	0.456668986809352	0.856152191546429
0.257660249891097	0.0511783516041145	0.47666408013609	0.886059963769167
0.264768574310283	0.0839005092179245	0.489061800314058	0.910064317046282
0.271876898729469	0.0904952644389896	0.49080831968466	0.901724153091026
0.278985223148655	0.0815367449593499	0.510292202044974	0.919038921206863
0.286093547567841	0.0942031390843235	0.51355437405383	0.928059156756937
0.293201871987027	0.126113315307123	0.526340567596508	0.929840829419775
0.300310196406213	0.137784512238312	0.540303701916024	0.953771368007183
0.307418520825399	0.148150190433472	0.553943886000342	0.955199845511626
0.314526845244585	0.141777305314958	0.568656947752198	0.96927455324285
0.321635169663771	0.17149959145338	0.570869660760105	0.958104013873412
0.328743494082957	0.199595741859863	0.582693383970101	1.00140925527481
0.335851818502143	0.178725858497372	0.580505522791223	0.981355950779341
0.342960142921329	0.202710813806368	0.611984096350986	0.999741437301313
0.350068467340515	0.236533871648396	0.623204607092807	1.03413789645028
0.357176791759701	0.212709141898984	0.622960108792889	1.03992772947446
0.364285116178887	0.236191522317669	0.638796548657741	1.04845210970185
0.371393440598073	0.250064249401667	0.646222598498588	1.0660416668318
0.378501765017259	0.250247484221823	0.655083828146776	1.05713216589852
0.385610089436445	0.260029712279716	0.671050556546271	1.0893382340104
0.392718413855631	0.259437562121124	0.683973090115628	1.09473986955025
0.399826738274817	0.281633947774986	0.687994509362182	1.11371989497836
0.406935062694003	0.304126175483544	0.707052684017633	1.09549236184699
0.414043387113189	0.317847337999843	0.724883094453864	1.11219876360756
0.421151711532375	0.332357415691996	0.727828134248878	1.1579356026542
0.428260035951561	0.346281617696781	0.737994437917899	1.14737990587762
0.435368360370747	0.340050732997778	0.742393118769086	1.17395852235489
0.442476684789933	0.348726239546689	0.768808796702707	1.18771510918956
0.449585009209119	0.353218171538849	0.775383307857677	1.19633442344822
0.456693333628305	0.394344452116704	0.784758019820043	1.19846405637714
0.463801658047491	0.375732758044438	0.790935239897239	1.20706522019283
0.470909982466677	0.407009756425566	0.806055053677422	1.19463407886641
0.478018306885863	0.397790995332271	0.812646083468454	1.21331152860045
0.485126631305049	0.420739142246001	0.832024603212932	1.22480127029531
0.492234955724235	0.43143522072532	0.837453999866843	1.25809754947399
0.499343280143421	0.439218238826609	0.843902774375372	1.23755431577789
0.506451604562607	0.438690972013404	0.855905041807813	1.26634048424968
0.513559928981793	0.462920118484752	0.865203147151618	1.26728326261727
0.520668253400979	0.446610502943589	0.881388782245538	1.31753655607625
0.527776577820165	0.462603971755192	0.898895184800982	1.30209205582752
0.534884902239351	0.498276185894508	0.905265380965155	1.31868498729243
0.541993226658537	0.501096340174362	0.922728001760306	1.32489901158252
0.549101551077723	0.514733682306812	0.922823040085078	1.32368163045457
0.556209875496909	0.524409664587259	0.940187402730279	1.35448815239226
0.563318199916095	0.541830687616447	0.956189443465163	1.35954623480817
0.570426524335281	0.519396250594741	0.955834020775285	1.37580610161347
0.577534848754467	0.568616960528684	0.974458023530324	1.36385480741226
0.584643173173653	0.572390765036818	0.976967821935416	1.39145573702247
0.591751497592839	0.586171544572312	0.99773825630718	1.40078825740316
0.598859822012025	0.596620921803183	1.00811367065554	1.39916806000413
0.605968146431211	0.627572675775642	1.01471212398616	1.39567471805194
0.613076470850397	0.612514939506847	1.02509675369464	1.42629588260198
0.620184795269583	0.620975160138485	1.03378100862269	1.44990135516878
0.627293119688769	0.63608814871994	1.05992465285256	1.45927832434828
0.634401444107955	0.663559737099659	1.05629038768829	1.47261181211169
0.641509768527141	0.673047040619375	1.06016006203753	1.4676127555444
0.648618092946327	0.668534856104237	1.06891889681135	1.48652570809233
0.655726417365513	0.69020095011071	1.09656959502851	1.49685910347651
0.662834741784699	0.70022470684021	1.10200167126242	1.499391842642
0.669943066203885	0.703348728302755	1.10962652254381	1.53534575992396
0.677051390623071	0.72618328979272	1.13112592488593	1.5369542642087
0.684159715042257	0.725999107507134	1.13529801201168	1.53183615261449
0.691268039461443	0.739849725845139	1.14785261143619	1.54633570189283
0.698376363880629	0.75666153945166	1.16254711645719	1.56020142830224
0.705484688299815	0.769803515152483	1.16981234773554	1.56982178821717
0.712593012719001	0.77447499780271	1.18211037002109	1.59935469511348
0.719701337138187	0.792246415327419	1.19130664845657	1.57531710899073
0.726809661557373	0.817976668219694	1.20345636264685	1.59984826258361
0.733917985976559	0.797019412893473	1.21532334575682	1.63911105779414
0.741026310395745	0.832341685436829	1.22248193462263	1.61904148281104
0.748134634814931	0.837262796772375	1.25044608735724	1.66030550270394
0.755242959234117	0.840658507466261	1.2381069724318	1.64662659390242
0.762351283653303	0.831448950261594	1.25141788720209	1.67908130490122
0.769459608072489	0.841872640170226	1.27059957060958	1.66973035828301
0.776567932491675	0.89195823085029	1.28824992677713	1.6713545719013
0.783676256910861	0.87622842836368	1.29202381428258	1.70375702424229
0.790784581330047	0.886593797528841	1.29961559418525	1.68742916395083
0.797892905749233	0.901924512997364	1.30277961016023	1.72288985332693
0.805001230168419	0.913823434070263	1.31397929404893	1.71854077311376
0.812109554587605	0.916256109410505	1.33840324904356	1.72943812890881
0.819217879006791	0.949516016943131	1.34580671921247	1.7556277208057
0.826326203425977	0.945183026192989	1.35823352711896	1.762631660498
0.833434527845163	0.961352657200646	1.36735825827936	1.76044480924638
0.840542852264349	0.966453317270953	1.37856982739994	1.78742463071381
0.847651176683535	0.966670100587749	1.38739470855466	1.79790929240684
0.854759501102721	0.987808981664274	1.39099525891118	1.82130068239234
0.861867825521907	1.00154763278206	1.40977428410846	1.85057320541008
0.868976149941093	1.0403280010708	1.42924750874255	1.81246924833615
0.876084474360279	1.02311201827926	1.43911999161781	1.82009893747243
0.883192798779465	1.02655400597777	1.4492706455359	1.85986798037034
0.890301123198651	1.06136784448411	1.45102066860241	1.8903826596223
0.897409447617837	1.07000385947462	1.46390909851016	1.86186287915029
0.904517772037023	1.09143231317479	1.49071186710976	1.88977254112096
0.911626096456209	1.08502356091714	1.48967940666379	1.89375428828957
0.918734420875395	1.10428825808775	1.50859041749874	1.8979986310443
0.925842745294581	1.10738519690833	1.50943355841056	1.89769307908953
0.932951069713767	1.13490481064065	1.52144878652202	1.91960416024203
0.940059394132953	1.13987568105872	1.5349421588331	1.92997104571414
0.947167718552139	1.13326348571025	1.5417846505945	1.93804223439098
0.954276042971325	1.17170564326556	1.55276915421467	1.9843276456998
0.961384367390511	1.15232711811364	1.56916342013796	1.97559670871778
0.968492691809697	1.18495312377086	1.56875275666106	1.97982519740643
0.975601016228883	1.18906310285987	1.58737912035238	1.98710976907463
0.982709340648069	1.19004019805451	1.60174050286604	2.00746497115693
0.989817665067255	1.19653303445208	1.6030960966151	2.01754165688507
0.996925989486441	1.22537346294919	1.62131245040725	1.99391116415238
1.00403431390563	1.22870349182182	1.63690017479033	2.03813511859071
1.01114263832481	1.22113064714506	1.64469147091771	2.05002354729072
1.018250962744	1.25124959320153	1.6549924666041	2.05758737420671
1.02535928716319	1.2546899636717	1.66788940599906	2.08592412770769
1.03246761158237	1.25960438994712	1.68688167969558	2.06683115200549
1.03957593600156	1.26952265350935	1.67848231464272	2.08665855129354
1.04668426042074	1.28028830103743	1.70070458015728	2.10567044643682
1.05379258483993	1.29315044378491	1.71184915143214	2.11824066719028
1.06090090925912	1.2871345107263	1.7150238525493	2.09181030509046
1.0680092336783	1.33434232489748	1.74441793714879	2.12930238610154
1.07511755809749	1.34933561804767	1.74340193997052	2.17757769158025
1.08222588251667	1.35063433598143	1.754844970007	2.14408048592367
1.08933420693586	1.36961787775988	1.76910432398338	2.13905769044781
1.09644253135505	1.34440039346606	1.78876062716672	2.17608996040314
1.10355085577423	1.37454415665822	1.80056381979933	2.17265681360738
1.11065918019342	1.38906517469296	1.80255402208997	2.20809359632572
1.1177675046126	1.3945390917106	1.80843851976072	2.21108562275206
1.12487582903179	1.41869539783773	1.8144927762016	2.213089482758
1.13198415345098	1.43723625941069	1.83041018201354	2.217041711242
1.13909247787016	1.42220192226722	1.84785785985615	2.24244625032988
1.14620080228935	1.45429816965155	1.84876041468199	2.25069832488471
1.15330912670853	1.47396366756553	1.86468662237885	2.26057422331507
1.16041745112772	1.45221474316215	1.87507124300122	2.27363487058487
1.16752577554691	1.47811210465381	1.880705817988	2.26831760751834
1.17463409996609	1.493247691568	1.90035376096194	2.30421486955573
1.18174242438528	1.51695701944372	1.9188075009157	2.30073570400399
1.18885074880446	1.52159330390483	1.91317174218009	2.31359585833339
1.19595907322365	1.54208681801549	1.93193376162314	2.32373691477564
1.20306739764284	1.5090243978603	1.93096097653767	2.34377815560028
1.21017572206202	1.54491051024528	1.94856260515246	2.39160807132222
1.21728404648121	1.56937025558652	1.95682458527744	2.37561840827433
1.22439237090039	1.58523488149553	1.97921252147981	2.38706444172952
1.23150069531958	1.58872829388348	1.98307224969129	2.39030420392908
1.23860901973877	1.58944694570645	2.00278849358514	2.42600237861992
1.24571734415795	1.61924397227168	2.01355479054181	2.42658632246986
1.25282566857714	1.62154388186305	2.01865572432134	2.41122084484231
1.25993399299632	1.63119511788212	2.02031661269851	2.43270359523906
1.26704231741551	1.64179231614564	2.03929465621454	2.45408191552072
1.2741506418347	1.63806258931673	2.05470421185821	2.46098597675401
1.28125896625388	1.69074469896121	2.07126661202676	2.48094571809966
1.28836729067307	1.64766151553158	2.07005434188338	2.4702417785841
1.29547561509225	1.68418319924082	2.0967096907165	2.49837006630648
1.30258393951144	1.68714630001094	2.09565844003133	2.47715305086481
1.30969226393063	1.72759123716301	2.11437190344918	2.48858298880576
1.31680058834981	1.68880436289297	2.11432003008388	2.51913410187642
1.323908912769	1.72515984373547	2.1350296906184	2.52309287383158
1.33101723718818	1.73510712005978	2.13608719263067	2.54952704062081
1.33812556160737	1.73831247218018	2.14515282350949	2.55273447428407
1.34523388602656	1.77401920045502	2.15599192150894	2.57292190779634
1.35234221044574	1.77232689073534	2.16808072016069	2.55911119529825
1.35945053486493	1.77103829533421	2.18020535198113	2.58697041182359
1.36655885928411	1.77634770557058	2.18535317214138	2.58785662694834
1.3736671837033	1.80857889901792	2.20975812085966	2.61911139593835
1.38077550812249	1.8218330682271	2.22519869652232	2.62391749974873
1.38788383254167	1.81924409538445	2.22672101938749	2.63865801300259
1.39499215696086	1.81878465780588	2.23858340942822	2.64559481078475
1.40210048138004	1.85169085962114	2.24897531790544	2.66962224657979
1.40920880579923	1.85383876892144	2.25989727537562	2.66692365782086
1.41631713021842	1.86316623233266	2.26903018985706	2.70648343494458
1.4234254546376	1.88885303953133	2.2856887476101	2.67864687520938
1.43053377905679	1.89812907788663	2.29322535784076	2.6975233462799
1.43764210347597	1.90222119592351	2.29299291929599	2.74084866789429
1.44475042789516	1.90922304593271	2.31459536922513	2.71450769864058
1.45185875231435	1.92640371230045	2.32914585212853	2.73575439138551
1.45896707673353	1.9619918437868	2.3431271908052	2.7388567012591
1.46607540115272	1.95211353391908	2.34160209005557	2.74148168918286
1.4731837255719	1.93929502472923	2.36422497759971	2.75916749682311
1.48029204999109	1.97957400912061	2.37602951193644	2.77419909884521
1.48740037441028	1.98413257495985	2.38931375406762	2.8129213963651
1.49450869882946	1.97941121706491	2.39686507179005	2.79285043269565
1.50161702324865	2.01026918038956	2.40547292381943	2.81997876228345
1.50872534766783	2.00264827394731	2.41492367406189	2.8303373014722
1.51583367208702	2.01818717595116	2.42598622765402	2.84910205230641
1.52294199650621	2.02164352338575	2.44084179763108	2.85540506317543
1.53005032092539	2.07507948681066	2.45704288831991	2.85770756121282
1.53715864534458	2.07625658764528	2.46945818379153	2.898997410794
1.54426696976376	2.08828891946804	2.46387239719274	2.86771658901247
1.55137529418295	2.08372357099425	2.48246855044489	2.88270157621265
1.55848361860214	2.10198176409481	2.50111972899025	2.91426570044224
1.56559194302132	2.07853734328121	2.50054278109072	2.89957161439673
1.57270026744051	2.09121023182404	2.50646013717392	2.91597677216337
1.57980859185969	2.12320483897829	2.52958791114558	2.93155084194368
1.58691691627888	2.14546706485418	2.53768361174222	2.93738048089854
1.59402524069807	2.1433640325416	2.54343624381703	2.94864471161808
1.60113356511725	2.15272644011162	2.56897294486502	2.96281655017578
1.60824188953644	2.16200260986164	2.56940928157839	2.96410643406933
1.61535021395562	2.18552212742661	2.59092101343653	2.98187270899931
1.62245853837481	2.18227018431676	2.59523040036915	2.97384612593562
1.629566862794	2.19114535633234	2.60755620954881	3.0191145894621
1.63667518721318	2.22075070814986	2.61226861487075	3.01366028839732
1.64378351163237	2.19822730918564	2.62707523716132	3.03785782704026
1.65089183605155	2.22085155757735	2.63668378091438	3.04252943538395
1.65800016047074	2.25616488394093	2.64145352737294	3.03739736136819
1.66510848488993	2.2780332248634	2.66584126557507	3.06976193355864
1.67221680930911	2.27635594796672	2.673337505144	3.0478687834582
1.6793251337283	2.27457608731239	2.68775807493025	3.09139838492885
1.68643345814748	2.27397638066724	2.68652057257411	3.12490302276763
1.69354178256667	2.30758452870499	2.69653640354174	3.10711061060544
1.70065010698586	2.30078364485884	2.71182772200737	3.10886686159747
1.70775843140504	2.31816054063783	2.72722117286138	3.12030601241372
1.71486675582423	2.33063305875659	2.73455832967718	3.13466917228569
1.72197508024341	2.34095303736156	2.75244574730553	3.14191568955954
1.7290834046626	2.37069704887551	2.76344750850687	3.14977444721758
1.73619172908179	2.3511101051927	2.76668937756305	3.17092653442796
1.74330005350097	2.36353219209554	2.78531431560066	3.19146231955117
1.75040837792016	2.3761869651198	2.78320402161397	3.19428386545
1.75751670233934	2.40796776077493	2.79814440115769	3.21971614144615
1.76462502675853	2.39075481581437	2.81868946779237	3.21981976176149
1.77173335117772	2.44915747053782	2.83592213867314	3.22266666206567
1.7788416755969	2.42399536360178	2.83576072416849	3.25655704483848
1.78595000001609	2.44788320931727	2.83713892212049	3.24133146693456
1.79305832443527	2.4572170402374	2.86746997408458	3.26018899674161
1.80016664885446	2.47198328358338	2.8740289398701	3.29532160274086
1.80727497327365	2.49159421809672	2.88404097845105	3.30381737277983
1.81438329769283	2.48326016885411	2.89109655563691	3.28745537498109
1.82149162211202	2.50026455128528	2.90563415151649	3.29339987819117
1.8285999465312	2.51006719990951	2.91607575155626	3.30633205839512
1.83570827095039	2.51382380457041	2.91730722597739	3.32864717419108
1.84281659536958	2.5173356161136	2.9356576284148	3.33754292340031
1.84992491978876	2.54285465784094	2.95088220406245	3.36322053161956
1.85703324420795	2.54217558940481	2.9533534023718	3.3722769429775
1.86414156862713	2.56979712878587	2.9601692028551	3.362025399065
1.87124989304632	2.59458911217695	2.97580934201052	3.39632653581929
1.87835821746551	2.57254757554011	2.99670312893211	3.40820254843371
1.88546654188469	2.61870598123777	2.99321669926965	3.40938702525693
1.89257486630388	2.62214191455508	3.02202138844932	3.44008054058393
1.89968319072306	2.60469890425528	3.02878669899277	3.442971550797
1.90679151514225	2.63672713751302	3.02856928048061	3.41942799658918
1.91389983956144	2.64172868248618	3.0483448144327	3.47370599786176
1.92100816398062	2.65714688571206	3.05619302060742	3.44976302079548
1.92811648839981	2.67895186299307	3.06736464090181	3.47568858533319
1.93522481281899	2.66966605157777	3.077844696862	3.47780433628299
1.94233313723818	2.660799287149	3.08905225357402	3.49355937101446
1.94944146165737	2.71318595926022	3.10456134255482	3.49427603799074
1.95654978607655	2.70587892049952	3.11521070197239	3.54119457760362
1.96365811049574	2.71491344163057	3.11691118419246	3.53204232621839
1.97076643491492	2.73940843170787	3.12922231078499	3.54190392393869
1.97787475933411	2.74240836160866	3.1411683406439	3.5475847847947
1.9849830837533	2.74437984115847	3.16575514251841	3.56829520202192
1.99209140817248	2.77342272648481	3.16610232357793	3.572013083172
1.99919973259167	2.78829940040343	3.18149026775769	3.58170856239919
2.00630805701085	2.78686770923804	3.18527577034249	3.60334295916924
2.01341638143004	2.79996109905366	3.20204685431661	3.5992170093403
2.02052470584923	2.7937727612497	3.20417414876312	3.60978700751288
2.02763303026841	2.81632285626739	3.22008423632313	3.60964236536977
2.0347413546876	2.840628888569	3.23548135838939	3.63042833920362
2.04184967910678	2.82659536712341	3.24933123756413	3.65266734991648
2.04895800352597	2.86740067599991	3.24871462653798	3.65812506222162
2.05606632794516	2.87592361477424	3.26969327298036	3.66122882808004
2.06317465236434	2.86743348681866	3.2779967792848	3.6807107728957
2.07028297678353	2.87755309053739	3.2907344141713	3.6929946491635
2.07739130120271	2.90295113364969	3.29962311635234	3.71146493880282
2.0844996256219	2.9027286684273	3.31185188869413	3.707973695164
2.09160795004109	2.92095611506016	3.3294110520508	3.73883922188647
2.09871627446027	2.92424616246893	3.32816259764115	3.76392769322935
2.10582459887946	2.92363891437977	3.34263376423163	3.74153055538702
2.11293292329864	2.94177969358279	3.34785358703755	3.75578220661597
2.12004124771783	2.95394625925566	3.3713663489738	3.78859564458956
2.12714957213702	2.94599230520276	3.3843862402673	3.7839621379967
2.1342578965562	2.98858437921901	3.38199885764634	3.79252683954194
2.14136622097539	2.98700936304796	3.39592975867017	3.78945683316944
2.14847454539457	3.01347973857975	3.40577644900187	3.82573272670784
2.15558286981376	3.00843960271509	3.42358610247691	3.82922916198139
2.16269119423295	3.01777064255586	3.43704699090679	3.8455669016125
2.16979951865213	3.04213485403059	3.45025739010095	3.84346660871662
2.17690784307132	3.04863322745472	3.46582966081484	3.86464465384646
2.1840161674905	3.03123223530938	3.47092587847097	3.86529481733213
2.19112449190969	3.07792365220713	3.47940755425524	3.87545844628057
2.19823281632888	3.06727320187261	3.49591067205551	3.88534783954943
2.20534114074806	3.09953499175714	3.49775288099017	3.91390409657688
2.21244946516725	3.12016128072227	3.50076146397764	3.89085211707866
2.21955778958643	3.08826113148473	3.52119030490655	3.90403665150439
2.22666611400562	3.11628751219782	3.5281994076586	3.95165925984247
2.23377443842481	3.12383911143269	3.54087995350817	3.96168434615863
2.24088276284399	3.11901108310625	3.55077295628342	3.95726753001814
2.24799108726318	3.15684891598083	3.56492788677056	3.98603840526056
2.25509941168236	3.16724505820901	3.57862863368428	3.9883503713708
2.26220773610155	3.1589475925247	3.58618978892203	3.98043588531419
2.26931606052074	3.18082790107657	3.59958256406148	4.00873911488866
2.27642438493992	3.20894104866971	3.61819826244616	4.02532027023032
2.28353270935911	3.20314009490358	3.62087735843452	4.02564410006085
2.29064103377829	3.21156694790864	3.63356874835407	4.06102657291821
2.29774935819748	3.23015410665944	3.63889625562787	4.02360314817027
2.30485768261667	3.24935734409873	3.646741568243	4.04936102560241
2.31196600703585	3.27535320764959	3.66543331619264	4.08320960501217
2.31907433145504	3.27485094956699	3.66470626900193	4.07436648542677
2.32618265587422	3.2831391585857	3.69302818367197	4.11805049701356
2.33329098029341	3.27321374503602	3.69525759129069	4.11610001120232
2.3403993047126	3.30737091636463	3.70447559944528	4.12033928984301
2.34750762913178	3.30763696103857	3.72165139066427	4.13809139403299
2.35461595355097	3.31585327544844	3.73206792309919	4.15119600726988
2.36172427797015	3.30380549577534	3.73498280933868	4.14655994730091
2.36883260238934	3.34503130953016	3.76191390554874	4.16434187520597
2.37594092680853	3.3456331395093	3.77326016217849	4.17600061629593
2.38304925122771	3.35677838074574	3.77749125793098	4.19008272749717
2.3901575756469	3.37070978276687	3.79227318967715	4.18994087596572
2.39726590006608	3.3674942933418	3.78688282773716	4.20526694042887
2.40437422448527	3.39958946737195	3.80815113324046	4.21430767345974
2.41148254890446	3.37863792193746	3.82009807204908	4.2376203101181
2.41859087332364	3.41225338847667	3.82115365953567	4.24068707218154
2.42569919774283	3.44882766322197	3.84347410651178	4.2621939399225
2.43280752216201	3.43572315704778	3.84566737852167	4.24825182519989
2.4399158465812	3.45122750162909	3.85262367534944	4.26218784052667
2.44702417100039	3.48779664574681	3.87222824104186	4.29566366807636
2.45413249541957	3.46523441913922	3.88182323294415	4.29249977486252
2.46124081983876	3.49617643475776	3.91011968001624	4.30714242115248
2.46834914425794	3.51755058172371	3.90899421476926	4.30799235935499
2.47545746867713	3.51612643688243	3.92293479863028	4.34423442684413
2.48256579309632	3.53570397930712	3.93131144412145	4.33213490573241
2.4896741175155	3.52817594164589	3.93804057113978	4.35785479611617
2.49678244193469	3.53528879180465	3.96596242248008	4.36215260079144
2.50389076635387	3.55608227208266	3.97150836441094	4.38779218755491
2.51099909077306	3.57644147146993	3.9867368856927	4.38625054025852
2.51810741519225	3.57064762576261	3.98626072933457	4.39385991678421
2.52521573961143	3.58273344839034	3.99057691728685	4.40452067983592
2.53232406403062	3.60267267926846	3.99911238317623	4.40940132283804
2.5394323884498	3.6139158937059	4.0193009133504	4.4215434080249
2.54654071286899	3.64041962321618	4.01933540692895	4.45319286526705
2.55364903728818	3.65933947410669	4.04991723438408	4.47814450973298
2.56075736170736	3.65105726464583	4.04841135667426	4.46949991569549
2.56786568612655	3.65464030813048	4.05712257963574	4.47679722684351
2.57497401054573	3.64822036446473	4.0794988742719	4.49028002880637
2.58208233496492	3.66810311818424	4.07603836011393	4.47506385297291
2.58919065938411	3.69053944173917	4.09634923769953	4.51892183393573
2.59629898380329	3.68613390337746	4.10632043697961	4.5465268722073
2.60340730822248	3.70513995661907	4.1226722716646	4.54167252792329
2.61051563264166	3.71488830356691	4.12660005818899	4.52736397567507
2.61762395706085	3.73429807770177	4.13982107920122	4.59342802522198
2.62473228148004	3.77083467444986	4.14760716551739	4.53178459775307
2.63184060589922	3.75100513441983	4.16490007370633	4.57373613202224
2.63894893031841	3.74172675269174	4.1743712776406	4.60774550108672
2.6460572547376	3.74516565104627	4.18374168707719	4.58355747520396
2.65316557915678	3.78787870908834	4.19454952090506	4.60779887791518
2.66027390357597	3.79140149303207	4.20123640676763	4.60121270218926
2.66738222799515	3.81094700349421	4.21660604611871	4.62352333918537
2.67449055241434	3.79732955462137	4.22692816323328	4.63272045270626
2.68159887683352	3.8200872492111	4.24023850657332	4.66703088899264
2.68870720125271	3.82163318342165	4.24778472966221	4.65502275951656
2.6958155256719	3.8539280317554	4.26801309194996	4.65750002956682
2.70292385009108	3.86699090950598	4.26031161519808	4.68649165358267
2.71003217451027	3.8747726937471	4.27657996329325	4.70899060833981
2.71714049892945	3.87199616502169	4.2921559699946	4.71407060779857
2.72424882334864	3.88140836025309	4.30011607153302	4.71433544805616
2.73135714776783	3.89531248143571	4.3126637050104	4.72232133499714
2.73846547218701	3.92603782065928	4.32530895205266	4.72619329379615
2.7455737966062	3.92354848116594	4.34247721425426	4.73999819724422
2.75268212102538	3.92698794460984	4.34535847991647	4.76563268045365
2.75979044544457	3.94816101526372	4.35909584636564	4.7678151792507
2.76689876986376	3.95861581043125	4.36701211076887	4.78251531596979
2.77400709428294	3.9666959685262	4.38610681160986	4.77362190113158
2.78111541870213	3.95523422506345	4.39390874151702	4.81525317472252
2.78822374312131	3.99898502192273	4.39729060123647	4.83201359243454
2.7953320675405	4.02106106311158	4.42050190518965	4.83443943846932
2.80244039195969	4.03151404487449	4.42915491639069	4.83427559656578
2.80954871637887	4.02224661252367	4.43902189616213	4.83974520825423
2.81665704079806	4.03079185378896	4.44830526368975	4.8460690750776
2.82376536521724	4.04405642052961	4.45781983586019	4.87053235929275
2.83087368963643	4.03930962866948	4.47043132215162	4.90906350893028
2.83798201405562	4.04774892071397	4.47684985645657	4.89902534694942
2.8450903384748	4.06777381087582	4.49543627928882	4.88325490913432
2.85219866289399	4.10669831082025	4.50757410757616	4.91084295946353
2.85930698731317	4.08701125654191	4.52034232514894	4.90631388686496
2.86641531173236	4.10898094683061	4.53323278998306	4.93435117300356
2.87352363615155	4.12397980285774	4.53569140620195	4.94631731536425
2.88063196057073	4.11674231111435	4.54180069647812	4.95960946310725
2.88774028498992	4.13496231615845	4.56445728992815	4.96183959369588
2.8948486094091	4.15822711123987	4.55509772806935	4.96466133153038
2.90195693382829	4.18501669732043	4.58889210274067	5.00327900608093
2.90906525824748	4.16455557240412	4.58314400152179	5.00589861933368
2.91617358266666	4.17619095914501	4.60448547593446	5.00235711485672
2.92328190708585	4.1797691058345	4.60279598351514	5.0160385745217
2.93039023150504	4.21208694738535	4.63350893327607	5.04121354775123
2.93749855592422	4.2131198578041	4.63041062462675	5.02584025438069
2.94460688034341	4.2426530986481	4.65102870100008	5.08189862171406
2.95171520476259	4.23255029987486	4.65473317854631	5.08514032814803
2.95882352918178	4.2353751429535	4.65811238662208	5.08625431281708
2.96593185360096	4.27870491745968	4.68209473991951	5.08729082694953
2.97304017802015	4.26516319815653	4.69550002753807	5.11422330130542
2.98014850243934	4.29305767605246	4.70225558840853	5.12289592892305
2.98725682685852	4.30501590916837	4.70747607594548	5.14219855082614
2.99436515127771	4.31019913239591	4.7352510748011	5.14607181815708
3.00147347569689	4.30797401513744	4.72594747639211	5.1802914890568
3.00858180011608	4.32767303370414	4.75385772309191	5.19464724509513
3.01569012453527	4.33155966105125	4.74079428681535	5.18339989836703
3.02279844895445	4.34545253584956	4.76323853308323	5.2011112552006
3.02990677337364	4.36746026799695	4.78316390967229	5.19722065564866
3.03701509779283	4.37122425258683	4.79275096728703	5.22288001810021
3.04412342221201	4.36610569039641	4.79544218780999	5.19874139418505
3.0512317466312	4.40581035959082	4.8153691129817	5.2350906532609
3.05834007105038	4.4052650231706	4.82302133366056	5.22011552658175
3.06544839546957	4.3977752445143	4.83133508425707	5.23443886311205
3.07255671988875	4.43750078941599	4.8472862821787	5.26887885011048
3.07966504430794	4.45419590627698	4.86266105434825	5.27167991410465
3.08677336872713	4.45243546212743	4.86905127517089	5.27361817080819
3.09388169314631	4.47209089871461	4.89054443539921	5.29435983064126
3.1009900175655	4.4743465320806	4.89235104525982	5.30606262377733
3.10809834198468	4.4679184252872	4.89576947294138	5.32150704359925
3.11520666640387	4.48354746519523	4.90949708742537	5.30398158259375
3.12231499082306	4.51842571284024	4.91382788802082	5.33352924900058
3.12942331524224	4.51387396001167	4.9424658902128	5.35119270314052
3.13653163966143	4.52689382536802	4.94351863414716	5.37021685370492
3.14363996408062	4.53017250406566	4.95205737142652	5.35488468067878
3.1507482884998	4.54237193459848	4.9619737137829	5.3955622020686
3.15785661291899	4.56792755389179	4.96827347630809	5.37311757768762
3.16496493733817	4.56455657323089	4.99881616346004	5.39877889180343
3.17207326175736	4.57413668406072	5.00719120194683	5.42138407617085
3.17918158617654	4.58930084823815	5.00792011330124	5.43873575402004
3.18628991059573	4.61360125170335	5.02391647132686	5.44269050343503
3.19339823501492	4.58714981216325	5.02507872948305	5.45433267993744
3.2005065594341	4.62221729803853	5.04589059491494	5.49882218648662
3.20761488385329	4.63724802985609	5.05052947129409	5.46627770964733
3.21472320827247	4.6672459756097	5.07189366801475	5.464491079484
3.22183153269166	4.6666316299968	5.07317541727697	5.48255214748078
3.22893985711085	4.67116739875971	5.08163226673148	5.48761440134547
3.23604818153003	4.67318358981882	5.09573115693923	5.49577423368098
3.24315650594922	4.69847624176102	5.11798312234077	5.54223801413587
3.2502648303684	4.70577467774975	5.12521812986847	5.5305607555358
3.25737315478759	4.70604064150413	5.13377461999504	5.55343712071065
3.26448147920678	4.75371289908881	5.13416426175942	5.59089295250633
3.27158980362596	4.7403597888807	5.16137998880391	5.57304010006687
3.27869812804515	4.76691515085574	5.17442037537891	5.60185769603261
3.28580645246433	4.75405682786446	5.17295673158352	5.59677959124057
3.29291477688352	4.76601563502444	5.18702858151928	5.59715324729779
3.30002310130271	4.80296029157651	5.20827412824572	5.62577008427632
3.30713142572189	4.77658537514198	5.21499763321902	5.64060132288249
3.31423975014108	4.79559594945392	5.22399214139227	5.66267539748606
3.32134807456027	4.80929552479049	5.23105372114484	5.66729140043768
3.32845639897945	4.82837122775468	5.24608098956849	5.6524885028873
3.33556472339864	4.85866127411414	5.26022005156112	5.67982916684816
3.34267304781782	4.84721895238089	5.26490099437354	5.69793297774447
3.34978137223701	4.87011116214972	5.27769341367775	5.6900131945889
3.3568896966562	4.86666673451525	5.29070737751407	5.68724741338688
3.36399802107538	4.86391701621597	5.29812094239793	5.72768456401621
3.37110634549457	4.89192753430932	5.31526506399515	5.7588578058953
3.37821466991375	4.89864901422225	5.32420101728255	5.73306111536039
3.38532299433294	4.9048178878273	5.33138780240597	5.73855268942008
3.39243131875212	4.90415394749195	5.3460486314817	5.77333809495197
3.39953964317131	4.92572029794026	5.3549297479342	5.77567772373654
3.4066479675905	4.95098825925039	5.36960682023203	5.82687003597914
3.41375629200968	4.9642495844888	5.38147526985864	5.80737656294882
3.42086461642887	4.97091576563746	5.38880416204824	5.80213755068021
3.42797294084806	4.9780675104859	5.40674798792447	5.82404575062994
3.43508126526724	4.97586125991999	5.40304992865214	5.82408570132894
3.44218958968643	4.99792318673559	5.41692562205347	5.83525795439356
3.44929791410561	5.00507713379985	5.43407585716476	5.83715727206358
3.4564062385248	5.04455250897995	5.44767424514423	5.87940279057341
3.46351456294399	5.02847430783306	5.4560207413328	5.87316465706246
3.47062288736317	5.034739229129	5.4586410784246	5.88706628070897
3.47773121178236	5.06416857733912	5.47605633670748	5.89907009427171
3.48483953620154	5.08123422258173	5.47945144033413	5.90087745962181
3.49194786062073	5.08047417114348	5.49979197706617	5.95443443075531
3.49905618503991	5.10825034433595	5.5175567018095	5.92842517608456
3.5061645094591	5.09204419272232	5.52663403177416	5.95853902646311
3.51327283387829	5.11042769218372	5.52823331512422	5.97281005016916
3.52038115829747	5.12029520319729	5.53922671563551	5.95439567859083
3.52748948271666	5.12365889235613	5.55787394973224	6.0036378095296
3.53459780713585	5.14693602384933	5.57479813215938	5.98309789458023
3.54170613155503	5.14110921699964	5.56884201452087	6.00283526810812
3.54881445597422	5.16134464112768	5.58702647521416	6.01443814302798
3.5559227803934	5.18961649257631	5.588426858254	6.01474697471508
3.56303110481259	5.17890584272208	5.60916969297341	6.02422340201178
3.57013942923178	5.17873417839732	5.62366310274759	6.0680454322009
3.57724775365096	5.19751021861398	5.62567968253208	6.0471321104023
3.58435607807015	5.22770975611122	5.6450337620798	6.07073996083903
3.59146440248933	5.21637346646753	5.64150050487553	6.06872377341869
3.59857272690852	5.24391841199632	5.66908837202165	6.07530539667203
3.6056810513277	5.22592993076911	5.67195431615356	6.11390862045388
3.61278937574689	5.25605349292188	5.70094522396285	6.14228981400046
3.61989770016608	5.26885955321398	5.69578727120934	6.11160561182386
3.62700602458526	5.2942031518759	5.70417388182848	6.13639578680869
3.63411434900445	5.30040255050873	5.72898355846644	6.13585113974738
3.64122267342364	5.29836539408966	5.73360933094555	6.16276621955042
3.64833099784282	5.31584453511619	5.73522711634516	6.1788190829444
3.65543932226201	5.32839358320511	5.74688526035462	6.17887330983712
3.66254764668119	5.30725578952101	5.75866463029748	6.18357188179107
3.66965597110038	5.36733173572186	5.76340181098686	6.18326376771901
3.67676429551957	5.34983741514494	5.79752567412722	6.24361527613966
3.68387261993875	5.352217567774	5.7875661609574	6.22500753774253
3.69098094435794	5.37912174679087	5.80359604877116	6.20969381838774
3.69808926877712	5.38296253694323	5.8155573673762	6.23815609116467
3.70519759319631	5.3892678549623	5.8229365489948	6.26087888849895
3.7123059176155	5.39180613577701	5.82854596151073	6.24927827136574
3.71941424203468	5.42135632464693	5.84597010000288	6.28393495307644
3.72652256645387	5.44489833390316	5.86290744312615	6.30248467816194
3.73363089087305	5.4423511564218	5.87372145850897	6.31331153065433
3.74073921529224	5.45722362784375	5.87566051013943	6.28572806707027
3.74784753971143	5.46777556318684	5.89678739640511	6.29835786324057
3.75495586413061	5.47096080791857	5.90157159318952	6.32074428423004
3.7620641885498	5.45441762182518	5.92247910077928	6.35485107696572
3.76917251296898	5.49398719690978	5.92439195409803	6.34778113553216
3.77628083738817	5.49667181484885	5.93956284847704	6.38443614662875
3.78338916180736	5.52468110002549	5.94346345060675	6.36528304267478
3.79049748622654	5.51284859769743	5.96137137511197	6.4217434265648
3.79760581064573	5.53309854786356	5.97046980516888	6.39155982206122
3.80471413506491	5.54630937650436	5.98072334392925	6.415946121343
3.8118224594841	5.55817869419952	5.98666922025179	6.43237510908892
3.81893078390329	5.58281709281118	6.00022030399495	6.43376798276298
3.82603910832247	5.59827582455969	6.01226333547154	6.463617808358
3.83314743274166	5.6209904327645	6.02459824514417	6.4386437846572
3.84025575716084	5.60997266404691	6.04030297549895	6.4701566550812
3.84736408158003	5.61459201081269	6.04304915476392	6.47659185267549
3.85447240599922	5.6140740141692	6.05816257380992	6.51053801635174
3.8615807304184	5.65046994190402	6.07228114497662	6.49692716067429
3.86868905483759	5.65786716534224	6.06895773496081	6.49139172556481
3.87579737925677	5.67790118175865	6.07989485220743	6.52359592343053
3.88290570367596	5.67505009139582	6.11114192492604	6.52969696064995
3.89001402809515	5.69835111648518	6.11636387334711	6.55424467485295
3.89712235251433	5.68077462864426	6.12873121326026	6.56219023091625
3.90423067693352	5.69954276137423	6.13810785889149	6.55763893488553
3.9113390013527	5.71078554383372	6.15724648778786	6.58441410486626
3.91844732577189	5.72056360362294	6.15859068012407	6.62074522511905
3.92555565019108	5.73661124423616	6.15994756841207	6.61154595763651
3.93266397461026	5.75362793059078	6.17897500925364	6.60335092169163
3.93977229902945	5.76170014040008	6.18990757580264	6.6378315196033
3.94688062344863	5.76091136854196	6.20516081758095	6.64448476073669
3.95398894786782	5.77180539656445	6.20842857314482	6.67321376813933
3.96109727228701	5.79775974306587	6.22460531209689	6.66872870990736
3.96820559670619	5.78904813039799	6.22747118427187	6.68726237397907
3.97531392112538	5.81265368130428	6.25488472664632	6.67144577686252
3.98242224554456	5.83790596351073	6.25427913288871	6.6910731159741
3.98953056996375	5.82987033434265	6.26840736417735	6.73851498523959
3.99663889438294	5.84043581341991	6.28054781722867	6.73908505483746
4.00374721880212	5.86980670776922	6.2914783223559	6.71691406693655
4.01085554322131	5.85649483693206	6.30594942176831	6.71597772804547
4.01796386764049	5.87061289149684	6.30991717835541	6.73487539464466
4.02507219205968	5.88220710314596	6.33054515620292	6.73831439003472
4.03218051647887	5.89404682111508	6.33242575550517	6.76711868512933
4.03928884089805	5.93444218997612	6.35282668702793	6.7921414725113
4.04639716531724	5.93496534767641	6.36329585359903	6.79891690684214
4.05350548973642	5.94201077023408	6.36675558928868	6.81495270565787
4.06061381415561	5.92828614406866	6.37686225486929	6.82961014266321
4.0677221385748	5.96039002310697	6.40179728187405	6.83299463329283
4.07483046299398	5.95106706266345	6.40444352006771	6.84019656393829
4.08193878741317	5.97131585427626	6.4055420017912	6.85156366460242
4.08904711183235	6.0049160731904	6.41593557825248	6.87998567023045
4.09615543625154	5.98961341080887	6.43436841672007	6.87467517711045
4.10326376067073	5.9836393622165	6.44190456371311	6.8649422484456
4.11037208508991	6.00770375022224	6.46095860508167	6.89517592937416
4.1174804095091	6.03859319791831	6.46391042068367	6.89705926187884
4.12458873392828	6.04492304027616	6.47379464479921	6.91123859012262
4.13169705834747	6.02274974128575	6.49563770970293	6.91751344059051
4.13880538276666	6.08073431310158	6.49648913235077	6.94369382591268
4.14591370718584	6.10815990570115	6.5279886687469	6.95677483050203
4.15302203160503	6.07717356216794	6.51525705389218	6.97246041875195
4.16013035602421	6.12488515886942	6.54742429123992	6.9717216756546
4.1672386804434	6.08726428859597	6.54070703649207	6.973173865621
4.17434700486259	6.10150990250722	6.55370449849955	6.99440912146524
4.18145532928177	6.10893117165191	6.56640872448792	7.01041841950182
4.18856365370096	6.13443719080984	6.56823106120324	7.02102406382417
4.19567197812014	6.14677333218748	6.59298785966846	7.02473099087139
4.20278030253933	6.16242210879612	6.606337822372	7.02955766687413
4.20988862695852	6.16882065968325	6.60191334519585	7.03245601258113
4.2169969513777	6.17249527041827	6.63883071546215	7.0750041156303
4.22410527579689	6.21243499452956	6.63438157765305	7.08080308097798
4.23121360021607	6.18743337361987	6.6446741426535	7.1076399549834
4.23832192463526	6.23133010816917	6.6487044344826	7.10090204525833
4.24543024905445	6.2237690058921	6.66836857581085	7.10871353512447
4.25253857347363	6.24216263756906	6.68016204871348	7.12041452216829
4.25964689789282	6.26703710248176	6.69186337684898	7.11219114678138
4.266755222312	6.25857617333934	6.7022093652462	7.14373545795528
4.27386354673119	6.25515526267614	6.70956548988729	7.14387956070683
4.28097187115038	6.28943350132085	6.7352173800541	7.14535495418167
4.28808019556956	6.27202424331555	6.73416068255865	7.16153338554738
4.29518851998875	6.29759637645323	6.73418929353168	7.18790159129771
4.30229684440793	6.33526141875093	6.74927591726106	7.19211001317294
4.30940516882712	6.32406734497287	6.77726157656286	7.20896661564517
4.31651349324631	6.32327385177424	6.78085236544169	7.22669393234946
4.32362181766549	6.32795067031179	6.7907090723381	7.24891457060549
4.33073014208468	6.37523650435198	6.80403241757477	7.24615868517039
4.33783846650386	6.35598227898747	6.81047787100257	7.26239669528535
4.34494679092305	6.39080448878149	6.81285860816265	7.28028155572162
4.35205511534224	6.37851178834985	6.83477834527679	7.27149980545117
4.35916343976142	6.38804372677907	6.83398764448247	7.29395996326784
4.36627176418061	6.41977799842809	6.8465641944712	7.29849834193744
4.37338008859979	6.42092096060061	6.8557139758633	7.32139539568322
4.38048841301898	6.43426291508517	6.87600260499643	7.3134571247503
4.38759673743817	6.45496964796743	6.88113480565226	7.31081555024075
4.39470506185735	6.45833359091318	6.89981287816358	7.34466514969749
4.40181338627654	6.44379954155502	6.9112221088557	7.34456574315284
4.40892171069572	6.48030185234624	6.91302952914619	7.37969658158035
4.41603003511491	6.46467974072969	6.92473121883613	7.41117898062312
4.4231383595341	6.50172077603418	6.94594845505962	7.38092950409425
4.43024668395328	6.50016748615187	6.95681631449169	7.39796769161464
4.43735500837247	6.54378101323452	6.96880261587454	7.40968543713197
4.44446333279165	6.52295791153323	6.97005963895071	7.41792526700694
4.45157165721084	6.55410603904612	6.98800813891262	7.44162415994248
4.45867998163003	6.55985240052163	7.00032651727723	7.46139680802925
4.46578830604921	6.59715067206267	6.99845690344258	7.44868584053632
4.4728966304684	6.58802307431092	7.0286621773853	7.49878234258839
4.48000495488758	6.58537184036939	7.0251353096023	7.46238856737283
4.48711327930677	6.58236838054785	7.03141062432788	7.48815544011993
4.49422160372596	6.60969985318375	7.05973245874298	7.50417111184876
4.50132992814514	6.62171446161093	7.06472299932574	7.50966942436802
4.50843825256433	6.62746232041072	7.08023651109729	7.5373477600032
4.51554657698351	6.65459151683338	7.08400252194809	7.52414877001769
4.5226549014027	6.6601629749301	7.0958096041273	7.53730354149484
4.52976322582189	6.6414088534427	7.10351969920756	7.55338515518684
4.53687155024107	6.66622354713243	7.11006590820104	7.55256816293502
4.54397987466026	6.6738192634434	7.12421295122974	7.56267602543255
4.55108819907944	6.68526678812526	7.14922082844406	7.58070822199151
4.55819652349863	6.69073983929338	7.15110037406498	7.57990567209999
4.56530484791782	6.7220695502193	7.15450526930452	7.61030242486151
4.572413172337	6.73533790686774	7.17597251953319	7.63167609936741
4.57952149675619	6.74863329611496	7.19050415617472	7.62542504082278
4.58662982117537	6.73618255616527	7.19293060997328	7.64241805613416
4.59373814559456	6.76082913110763	7.20517890759628	7.63879223310271
4.60084647001375	6.76951163444429	7.20411846050961	7.66340208294521
4.60795479443293	6.79637938948166	7.21847384478986	7.66721590152083
4.61506311885212	6.77633915950609	7.24532743702247	7.68259654270252
4.6221714432713	6.79918563983632	7.26168647062703	7.72028184304523
4.62927976769049	6.79794613883198	7.2547269703519	7.68462235990206
4.63638809210968	6.84447890526041	7.26879483771281	7.71020386342529
4.64349641652886	6.83137294250901	7.28206706737058	7.74048442925598
4.65060474094805	6.85382258798118	7.29296079029437	7.74922456243459
4.65771306536723	6.86185259017231	7.30401771816498	7.77830786199869
4.66482138978642	6.8717218111937	7.31755779896774	7.78538482552664
4.67192971420561	6.8870672920771	7.32546696437021	7.77532313186077
4.67903803862479	6.89174986143345	7.3367500779393	7.7872758400352
4.68614636304398	6.91851620722099	7.35372240897122	7.8170261018732
4.69325468746316	6.89136328918809	7.36956184287874	7.8254988282829
4.70036301188235	6.922697587021	7.37067101761581	7.82173908127208
4.70747133630154	6.92537537414993	7.37694652589452	7.83769081270738
4.71457966072072	6.92330342063805	7.39003364839165	7.86599775024144
4.72168798513991	6.94845029632855	7.4016337852778	7.84882801577821
4.72879630955909	6.97516003215462	7.41102103445919	7.86191768903833
4.73590463397828	6.96011326032285	7.42665373558897	7.88988277499577
4.74301295839747	7.00761657747336	7.43790100677352	7.88735702595185
4.75012128281665	6.99534788317707	7.44198920441531	7.91105330722385
4.75722960723584	7.02333116194871	7.4612694867968	7.93429649659249
4.76433793165502	7.02430370877023	7.4743514518601	7.94845526874981
4.77144625607421	7.01074289275059	7.48659423760356	7.92053477370486
4.7785545804934	7.01665752718647	7.4980083960637	7.9528559624524
4.78566290491258	7.05814266465242	7.51018549332444	7.94730779413572
4.79277122933177	7.03416681249247	7.5080230535995	7.95663599617537
4.79987955375095	7.07631572729316	7.52089935828014	7.97103892090064
4.80698787817014	7.07277533563191	7.5299697849275	7.98433001365341
4.81409620258933	7.08802097909365	7.55354145609675	7.98448608493132
4.82120452700851	7.09465641040409	7.56394479939682	8.02689593116054
4.8283128514277	7.10516239904962	7.56848457126189	8.03770298020494
4.83542117584688	7.12148410353098	7.58621658253943	8.03168689911231
4.84252950026607	7.14499314879985	7.58819991511291	8.03229960899371
4.84963782468526	7.15696576824175	7.60020012347954	8.0510234205864
4.85674614910444	7.15420082175352	7.60918263236365	8.0805513253769
4.86385447352363	7.18040838330655	7.64357757781312	8.07908745021218
4.87096279794281	7.16664351155969	7.63915964584712	8.09049120056088
4.878071122362	7.18723174554232	7.64353442252786	8.09636684485201
4.88517944678119	7.20262414076364	7.65551610479755	8.10598820324665
4.89228777120037	7.22608380675832	7.67748251729555	8.1388350453291
4.89939609561956	7.22260174588099	7.68212694624256	8.14034548830043
4.90650442003875	7.25809924942898	7.67653012508767	8.16435552850748
4.91361274445793	7.23978607016301	7.71109822048805	8.1549384244564
4.92072106887712	7.26265474004285	7.71473951352539	8.16450142394709
4.9278293932963	7.26289988267578	7.73915060876379	8.17518110394238
4.93493771771549	7.27514270759454	7.74106156208303	8.20282356207898
4.94204604213467	7.30312818790977	7.75081277582142	8.21355177994332
4.94915436655386	7.28986242586799	7.76202716200318	8.23394093826634
4.95626269097305	7.29497572934658	7.77671799127743	8.22060732159592
4.96337101539223	7.34314587770468	7.78637594453692	8.23737517245296
4.97047933981142	7.323603263302	7.79823266310913	8.2539538116885
4.9775876642306	7.34847374848754	7.82001617307115	8.28591781347909
4.98469598864979	7.35330993781013	7.8246859750816	8.27739015461406
4.99180431306898	7.37214935629776	7.82913863528555	8.28180771780373
4.99891263748816	7.3851072630427	7.83107307098844	8.28651154003218
5.00602096190735	7.39430460892278	7.8517552382184	8.32399104523689
5.01312928632654	7.38646309358567	7.85116339926627	8.3014816955912
5.02023761074572	7.41206665153292	7.8692366411316	8.34421940059098
5.02734593516491	7.41150918700503	7.86806321209952	8.32352065424598
5.03445425958409	7.4412053885916	7.89706399215283	8.3553452372126
5.04156258400328	7.44091856614702	7.90505761259278	8.3844608579371
5.04867090842246	7.45329655727988	7.90897234596883	8.36616566008284
5.05577923284165	7.44903510140144	7.92565617464001	8.36056199002797
5.06288755726084	7.47062124188813	7.94907933864185	8.41877516252266
5.06999588168002	7.47903633330681	7.93960798801232	8.40529871450473
5.07710420609921	7.50137249167443	7.97247749388639	8.40818693429457
5.08421253051839	7.51528967108295	7.96687608979062	8.42593479384511
5.09132085493758	7.50083848768183	7.97711486174121	8.45236392028743
5.09842917935677	7.53295229889566	7.98993054259647	8.44831374938974
5.10553750377595	7.53301621578745	8.00680190491678	8.47052613881304
5.11264582819514	7.54272254182174	8.0103318179511	8.49181784255433
5.11975415261433	7.56769752180154	8.02045312516832	8.46728497896224
5.12686247703351	7.55794096548911	8.03464070089749	8.50615020290219
5.1339708014527	7.570835627431	8.05095812776581	8.50060491736915
5.14107912587188	7.5772082359893	8.05627978730566	8.52308841974403
5.14818745029107	7.59377557662236	8.06302411052741	8.55188355222753
5.15529577471025	7.58630251790205	8.08158195600569	8.53947734775321
5.16240409912944	7.61183652894834	8.09317095597244	8.55764997777528
5.16951242354863	7.63162840500417	8.0981431286573	8.55628141737447
5.17662074796781	7.6392303300933	8.10843765219672	8.58780795516593
5.183729072387	7.64567460023393	8.13440727684245	8.61387482218054
5.19083739680618	7.6785592298613	8.12676263255018	8.59112591325526
5.19794572122537	7.65398586562219	8.13830444449961	8.63691517594626
