"mitochan"	"lwrNorm"	"medNorm"	"uprNorm"
-1.90327037354145	-4.91421910697787	-3.80091942036139	-2.69894435664777
-1.89706886147604	-4.90027406578096	-3.7801036167374	-2.67390471715027
-1.89086734941062	-4.87369746343995	-3.76948515478414	-2.69251536330077
-1.88466583734521	-4.86546983364436	-3.73317904176871	-2.62765294481004
-1.87846432527979	-4.83372899452665	-3.74747936587407	-2.64034253138206
-1.87226281321438	-4.85808220928498	-3.72211383380249	-2.65104024845797
-1.86606130114897	-4.81385336446835	-3.68954909966133	-2.62414603385878
-1.85985978908355	-4.82440576797973	-3.69989810454022	-2.63288971497837
-1.85365827701814	-4.81122757557403	-3.69522074292826	-2.6029928960378
-1.84745676495273	-4.79208170185605	-3.66345689385429	-2.58286497174912
-1.84125525288731	-4.77035195610644	-3.64953715453907	-2.59901583361209
-1.8350537408219	-4.75324172224213	-3.63954117288233	-2.52581632988149
-1.82885222875648	-4.75581864052064	-3.63645637960346	-2.58089684496319
-1.82265071669107	-4.71226553479911	-3.62343463191226	-2.54051032431444
-1.81644920462566	-4.69308315880344	-3.61836043911169	-2.54945864070962
-1.81024769256024	-4.72596215091232	-3.59875952266898	-2.50020586672267
-1.80404618049483	-4.67788211565187	-3.59169600338486	-2.52275285442605
-1.79784466842942	-4.61509395601154	-3.58762317592114	-2.5462511991591
-1.791643156364	-4.65946623870699	-3.56846832360948	-2.50936113429279
-1.78544164429859	-4.6158397556693	-3.55046098388821	-2.49625088679757
-1.77924013223318	-4.60016420814549	-3.53056245281114	-2.45341018227543
-1.77303862016776	-4.6288443435475	-3.50523429103998	-2.47452420527123
-1.76683710810235	-4.59434761565961	-3.51982605824098	-2.44095674706587
-1.76063559603693	-4.51608171948992	-3.49700405659324	-2.42997372294579
-1.75443408397152	-4.5741717745238	-3.4748122751239	-2.44458296183872
-1.74823257190611	-4.54296633409967	-3.4783049894324	-2.45977983316651
-1.74203105984069	-4.49584347633194	-3.45873762781063	-2.39838206205534
-1.73582954777528	-4.52265049311468	-3.46282498079567	-2.42049606600883
-1.72962803570987	-4.45538846139054	-3.45149048730834	-2.43361758380695
-1.72342652364445	-4.44281089529107	-3.43038255334327	-2.3716215247717
-1.71722501157904	-4.50240694882575	-3.40447010395469	-2.37194044435734
-1.71102349951362	-4.47720223487486	-3.4134661465645	-2.35789164951764
-1.70482198744821	-4.45138387346249	-3.40110450895942	-2.35525516676521
-1.6986204753828	-4.44052024612625	-3.37154658739147	-2.3350378488601
-1.69241896331738	-4.37693345616474	-3.3612534861442	-2.31208173841112
-1.68621745125197	-4.40163634591965	-3.35136866662614	-2.36218551991508
-1.68001593918656	-4.37375862820953	-3.32391866851238	-2.27910020578059
-1.67381442712114	-4.37884065198502	-3.32564182146318	-2.34260833278047
-1.66761291505573	-4.32731712000618	-3.30575006072848	-2.28365176347916
-1.66141140299031	-4.33049560922366	-3.30446590368129	-2.32326637455228
-1.6552098909249	-4.30557494277857	-3.28585244780786	-2.28462792338742
-1.64900837885949	-4.32034470575489	-3.26784274790355	-2.25511729698045
-1.64280686679407	-4.28218996111235	-3.26749138785405	-2.26939391433133
-1.63660535472866	-4.28032799720375	-3.24789247624241	-2.26756659443938
-1.63040384266325	-4.23642340812751	-3.22334362917712	-2.23502493795458
-1.62420233059783	-4.23464992913484	-3.22491978237057	-2.21297271609538
-1.61800081853242	-4.23847919212238	-3.21202989429765	-2.2160744098346
-1.61179930646701	-4.20945136524326	-3.19025727574049	-2.20041266684431
-1.60559779440159	-4.16560140019447	-3.17211249259355	-2.18850427799454
-1.59939628233618	-4.17536479500293	-3.17616216636667	-2.1798459345886
-1.59319477027076	-4.15690029142066	-3.15807315646565	-2.1593980847024
-1.58699325820535	-4.15837387316182	-3.14587525030226	-2.18049613504337
-1.58079174613994	-4.1224500651694	-3.13347621024806	-2.11276165566216
-1.57459023407452	-4.13158878308387	-3.10501265817798	-2.11923884609382
-1.56838872200911	-4.0958284011833	-3.11840170983336	-2.1465627208733
-1.5621872099437	-4.1101189316129	-3.08490275739334	-2.16534684142449
-1.55598569787828	-4.0495012048693	-3.07642387363476	-2.07893230964584
-1.54978418581287	-4.05644341864471	-3.06515500632927	-2.07384050962014
-1.54358267374745	-4.03068468907508	-3.0436607328417	-2.073975145581
-1.53738116168204	-3.99904677280195	-3.05266014415249	-2.09495934716807
-1.53117964961663	-3.98688230166195	-3.02860438855972	-2.04101203786544
-1.52497813755121	-3.99076967051118	-3.02078434316192	-2.0454245900998
-1.5187766254858	-3.96597520467245	-2.99732871365416	-2.02694203683363
-1.51257511342039	-3.95863823801482	-2.9867557528592	-2.02991692110365
-1.50637360135497	-3.97649399821061	-2.97550159969393	-2.01590241514082
-1.50017208928956	-3.98083670753863	-2.95513422800187	-1.99110820369792
-1.49397057722415	-3.92260634120627	-2.95990597347799	-1.98091534062657
-1.48776906515873	-3.93133443274082	-2.94919308275259	-1.9991778534811
-1.48156755309332	-3.9241165863727	-2.92813511670365	-1.9717773603528
-1.4753660410279	-3.855724322759	-2.92941500218939	-1.987423402686
-1.46916452896249	-3.84357263015118	-2.90651064686131	-1.91494892705629
-1.46296301689708	-3.85975777245872	-2.88660421026868	-1.92442034384852
-1.45676150483166	-3.79394748924944	-2.89087171503782	-1.91277121203675
-1.45055999276625	-3.79948346588666	-2.86238308731757	-1.92845336356947
-1.44435848070084	-3.77276748947642	-2.84474976907562	-1.90950742589096
-1.43815696863542	-3.79017642571725	-2.8412340718739	-1.93541000568923
-1.43195545657001	-3.77696446713185	-2.82026553668805	-1.83683929310243
-1.42575394450459	-3.73798054244663	-2.81609779729412	-1.84848260518027
-1.41955243243918	-3.74919314642606	-2.79422004537733	-1.88105942274215
-1.41335092037377	-3.74280128026842	-2.78614730818481	-1.84674214931897
-1.40714940830835	-3.71080338416871	-2.78420104693249	-1.84942546615189
-1.40094789624294	-3.66456290188691	-2.75349371104574	-1.83095918679775
-1.39474638417753	-3.69204876386398	-2.74237664399675	-1.79188787943021
-1.38854487211211	-3.66923498973603	-2.73016283429787	-1.78403787952236
-1.3823433600467	-3.63434251047233	-2.72594020929255	-1.83431753929234
-1.37614184798129	-3.66202626928204	-2.72399054659666	-1.78195746759942
-1.36994033591587	-3.61111353534061	-2.68521705388399	-1.8007645389286
-1.36373882385046	-3.63248995727363	-2.68136807345953	-1.77719460398322
-1.35753731178504	-3.57440319644013	-2.68358081504961	-1.7568105722808
-1.35133579971963	-3.55872715680447	-2.66258712444708	-1.73560263622656
-1.34513428765422	-3.59362490953597	-2.64275993940762	-1.73597277590046
-1.3389327755888	-3.56542966785492	-2.62186284222976	-1.73699924960122
-1.33273126352339	-3.53330935263108	-2.61449304795153	-1.74870120707426
-1.32652975145798	-3.55272302540731	-2.59603365109942	-1.67576112490896
-1.32032823939256	-3.48958794778904	-2.59466098210539	-1.70959743461128
-1.31412672732715	-3.47488829450682	-2.59726504553308	-1.69242419779947
-1.30792521526173	-3.46726143024389	-2.57155804731491	-1.68601468805429
-1.30172370319632	-3.44160293141414	-2.56790363114229	-1.65538049079603
-1.29552219113091	-3.48012466931041	-2.54387143064179	-1.64174036811306
-1.28932067906549	-3.43827121604682	-2.54621419730467	-1.66176742303814
-1.28311916700008	-3.3826130118123	-2.51984588734122	-1.64963362611774
-1.27691765493467	-3.37079607424759	-2.51976106359101	-1.64592318133989
-1.27071614286925	-3.38876568355254	-2.50070701134823	-1.59813510784771
-1.26451463080384	-3.38385501558398	-2.46335432796818	-1.57557692137866
-1.25831311873842	-3.34670266733202	-2.47853622510368	-1.58367912119067
-1.25211160667301	-3.33686704840762	-2.45788254909914	-1.586394712246
-1.2459100946076	-3.35187816546231	-2.44709240388692	-1.5600247769501
-1.23970858254218	-3.31813830646973	-2.44084128308326	-1.54920638555887
-1.23350707047677	-3.32325761116334	-2.41663911470285	-1.55072916049443
-1.22730555841136	-3.30513635451666	-2.40918744350317	-1.50686235333245
-1.22110404634594	-3.27035917230157	-2.39839320416281	-1.53655411118993
-1.21490253428053	-3.23986581834986	-2.38876704475443	-1.49257404146148
-1.20870102221512	-3.2699405330575	-2.37013508647811	-1.51373588411867
-1.2024995101497	-3.2407823690146	-2.35505403631478	-1.45669715487217
-1.19629799808429	-3.20161257200781	-2.34398125649048	-1.46977978470043
-1.19009648601887	-3.23111846459947	-2.32876420205654	-1.47737988415971
-1.18389497395346	-3.18315274945844	-2.31320819421206	-1.431442059603
-1.17769346188805	-3.18625866219391	-2.3181354926339	-1.44883831747057
-1.17149194982263	-3.16261474379842	-2.28543517431033	-1.42733621146058
-1.16529043775722	-3.10862220141479	-2.27869792139892	-1.41343877754946
-1.15908892569181	-3.12462125579393	-2.2644672794254	-1.38803377613055
-1.15288741362639	-3.10313417904991	-2.24867070705039	-1.40390145168889
-1.14668590156098	-3.09349653819315	-2.24609906444974	-1.42160363662975
-1.14048438949556	-3.09284122464873	-2.22903145122054	-1.39084748003185
-1.13428287743015	-3.09577151395127	-2.23151697526085	-1.39661043616437
-1.12808136536474	-3.04514575252567	-2.21260454721856	-1.36397938962611
-1.12187985329932	-3.07166005579955	-2.1905147853722	-1.36366763016543
-1.11567834123391	-3.0290310653722	-2.18661661037747	-1.3806328362592
-1.1094768291685	-2.99645926220633	-2.15845232972816	-1.34116613309362
-1.10327531710308	-3.0263190477351	-2.16221415139462	-1.34426560516875
-1.09707380503767	-2.99162130849524	-2.16713635459134	-1.29551638883665
-1.09087229297226	-2.98330375673897	-2.12027938770489	-1.2904027621849
-1.08467078090684	-2.93147812480998	-2.13184607430145	-1.27675154936275
-1.07846926884143	-2.91582141163516	-2.09173565144337	-1.30798912034231
-1.07226775677601	-2.92365894270704	-2.09730163107229	-1.22054162406253
-1.0660662447106	-2.90797180478054	-2.07673752013123	-1.21777405550658
-1.05986473264519	-2.87270341504056	-2.07420780049754	-1.26221042580257
-1.05366322057977	-2.87507358016827	-2.05396011345033	-1.24493497542579
-1.04746170851436	-2.88821871295481	-2.05279435083149	-1.23918993146257
-1.04126019644895	-2.82206681401033	-2.03090708551568	-1.21142391754841
-1.03505868438353	-2.85312158232158	-2.01662321650215	-1.18226210374238
-1.02885717231812	-2.8103999644076	-2.00450506043054	-1.20038419013126
-1.0226556602527	-2.80085038059192	-1.99905694418324	-1.20713295123569
-1.01645414818729	-2.78976898888168	-1.98155228235611	-1.17346841353914
-1.01025263612188	-2.78272991059288	-1.97309958596008	-1.13136246303408
-1.00405112405646	-2.78590955201747	-1.9564702909939	-1.14091391918475
-0.99784961199105	-2.73760283670669	-1.94692684369165	-1.13292448602249
-0.991648099925636	-2.76035379216488	-1.92198985750798	-1.09785132515869
-0.985446587860222	-2.71021252488618	-1.91343919206802	-1.13786012262
-0.979245075794809	-2.70994273214814	-1.90382912865058	-1.09608658103761
-0.973043563729395	-2.6827840427821	-1.8895384864601	-1.12022652278606
-0.966842051663981	-2.66921483349917	-1.88083981833612	-1.07691111026372
-0.960640539598568	-2.65293329723622	-1.86642770319855	-1.07066571905101
-0.954439027533154	-2.62833775072376	-1.85916665252739	-1.07455291941557
-0.94823751546774	-2.62722570029844	-1.82857861899834	-1.01148863239062
-0.942036003402327	-2.64465132717482	-1.82129847756401	-1.02304581845869
-0.935834491336913	-2.605742966032	-1.81713701354799	-1.01428572822175
-0.929632979271499	-2.59846115506513	-1.80574541366876	-0.989232779615424
-0.923431467206086	-2.57814454072702	-1.79380966298139	-1.00035902207451
-0.917229955140672	-2.56597442340141	-1.78648838372491	-0.974662439891914
-0.911028443075258	-2.52969564377082	-1.75881615581498	-0.952973607586642
-0.904826931009844	-2.51859674521775	-1.74687477194874	-1.00111371380373
-0.898625418944431	-2.52205711825687	-1.73335835723937	-0.961801933032284
-0.892423906879017	-2.48287325526689	-1.72812627891345	-0.951419048767532
-0.886222394813603	-2.47828873333705	-1.70409069037709	-0.92804060561328
-0.88002088274819	-2.45555615350977	-1.70350412347135	-0.905759831618028
-0.873819370682776	-2.47249695820409	-1.67497560069252	-0.910742545311272
-0.867617858617362	-2.46888393803201	-1.69317108000573	-0.904339092885539
-0.861416346551949	-2.44209874803478	-1.65867184787631	-0.869475930673686
-0.855214834486535	-2.45903297927103	-1.64805813051356	-0.910912061029539
-0.849013322421121	-2.42214344903944	-1.63241525565943	-0.855725614032961
-0.842811810355708	-2.38846850791142	-1.62619062084386	-0.841530068249877
-0.836610298290294	-2.39719150646545	-1.60783389737239	-0.841093831173718
-0.83040878622488	-2.36636405082093	-1.59588173644796	-0.843694154953236
-0.824207274159467	-2.3389372839084	-1.59466799842068	-0.804202155739219
-0.818005762094053	-2.33561483962883	-1.57506919840812	-0.835052168155074
-0.811804250028639	-2.30669354347983	-1.56570114481463	-0.742103160516157
-0.805602737963225	-2.33785435140146	-1.55087949728502	-0.766200895017248
-0.799401225897812	-2.29724661437145	-1.5404166478167	-0.797384829701667
-0.793199713832398	-2.2902800626372	-1.51889017342264	-0.771300200822981
-0.786998201766984	-2.24433970473563	-1.5045906307567	-0.744450570649481
-0.780796689701571	-2.25837191827757	-1.51050603791567	-0.79418881567709
-0.774595177636157	-2.20541541858761	-1.47965737184193	-0.753355543341146
-0.768393665570743	-2.23170943736965	-1.47408463285763	-0.72863078943495
-0.76219215350533	-2.17914326825747	-1.44709142111721	-0.721839446452722
-0.755990641439916	-2.19848783462473	-1.44665298522447	-0.699391962414499
-0.749789129374502	-2.19231466486942	-1.42472272725608	-0.681043368038789
-0.743587617309089	-2.15388848950803	-1.42332977517563	-0.674762244643497
-0.737386105243675	-2.15275434781115	-1.42213125383486	-0.677171625853969
-0.731184593178261	-2.14993914227601	-1.39519945970878	-0.628295626538108
-0.724983081112847	-2.12463790977473	-1.38807851495731	-0.672203887318481
-0.718781569047434	-2.10023510224688	-1.37090530037555	-0.640973943683576
-0.71258005698202	-2.10061149491032	-1.35342883501399	-0.595586952972582
-0.706378544916606	-2.07014827115925	-1.33339430714182	-0.629028197501832
-0.700177032851193	-2.06546022567439	-1.34930525336655	-0.606396388113436
-0.693975520785779	-2.09148079423938	-1.32513598220277	-0.589605126011575
-0.687774008720365	-2.050635650595	-1.31085791075191	-0.584272625592763
-0.681572496654952	-2.05464534749259	-1.29459271892023	-0.580516274153673
-0.675370984589538	-2.00571013495138	-1.27354436752313	-0.545060220267301
-0.669169472524124	-2.0274704683982	-1.27695960230552	-0.545803276190658
-0.66296796045871	-2.02965466476012	-1.25760099253859	-0.557896739987548
-0.656766448393297	-1.98551121627505	-1.24628345504286	-0.52014718394278
-0.650564936327883	-1.94205512919313	-1.24122084116667	-0.500949636832148
-0.644363424262469	-1.94907175735683	-1.22138348258625	-0.48337371128979
-0.638161912197056	-1.94860290346757	-1.21488699113412	-0.487601361510886
-0.631960400131642	-1.9086294288771	-1.19048152380027	-0.433842052607818
-0.625758888066228	-1.90564026876673	-1.17615087627266	-0.447918734039649
-0.619557376000815	-1.93143112247139	-1.17841930896461	-0.418365714286604
-0.613355863935401	-1.8969424540951	-1.16595722441481	-0.446113829235678
-0.607154351869987	-1.86514164208057	-1.13332194945732	-0.395776659159918
-0.600952839804574	-1.83391444564856	-1.12631064056012	-0.395027561580895
-0.59475132773916	-1.84704475973882	-1.1189262121139	-0.398372923437269
-0.588549815673746	-1.81222443964562	-1.11121202181933	-0.384795800818164
-0.582348303608333	-1.82257864622234	-1.09571512566049	-0.374196470291694
-0.576146791542919	-1.77718281350741	-1.08324344848051	-0.372310419923838
-0.569945279477505	-1.78423380191385	-1.0653654429458	-0.359722554834777
-0.563743767412092	-1.7868019170942	-1.05336248604617	-0.354215111724162
-0.557542255346678	-1.74362442390215	-1.04720973396183	-0.329731654453491
-0.551340743281264	-1.73347412995885	-1.01627227293615	-0.285445158885141
-0.54513923121585	-1.7462247492056	-1.01938986674675	-0.281401115474346
-0.538937719150437	-1.74256739333856	-1.00733768945398	-0.308066540621442
-0.532736207085023	-1.69246098678625	-0.98301534814551	-0.290949312016982
-0.526534695019609	-1.64081642686858	-0.984759437646033	-0.265482320191103
-0.520333182954196	-1.67210404560747	-0.97339398709834	-0.24274405049298
-0.514131670888782	-1.6847093327338	-0.942124562755133	-0.264421221133318
-0.507930158823368	-1.62538291497638	-0.94434186885314	-0.241938982416806
-0.501728646757954	-1.65920541796394	-0.921552004293932	-0.203297118913411
-0.495527134692541	-1.62782582683167	-0.904923548779701	-0.19283252422518
-0.489325622627127	-1.56363071870299	-0.897438678285827	-0.17142199576251
-0.483124110561713	-1.5940339846786	-0.887571594258498	-0.165468143225601
-0.4769225984963	-1.52023255127913	-0.885522667401426	-0.171541928686578
-0.470721086430886	-1.5617853585665	-0.869241835082209	-0.161615487053444
-0.464519574365472	-1.53063640930523	-0.858641222159419	-0.146151093865011
-0.458318062300059	-1.54287232883323	-0.830952481065571	-0.124020458185873
-0.452116550234645	-1.55956394805743	-0.819559455405568	-0.12542343150416
-0.445915038169231	-1.50377076965682	-0.812423155967754	-0.140206312164625
-0.439713526103818	-1.51304019232731	-0.800081408918236	-0.0892344901315206
-0.433512014038404	-1.46028156875874	-0.786094249309583	-0.112213978123497
-0.42731050197299	-1.47165891093901	-0.77943297771274	-0.0749396273635448
-0.421108989907577	-1.46842445236992	-0.764606871134169	-0.037160417627742
-0.414907477842163	-1.40781846044415	-0.761142954594825	-0.0618029557671247
-0.408705965776749	-1.43069594323532	-0.733835104018175	-0.0268382324297829
-0.402504453711335	-1.42772363798832	-0.735808236654444	-0.0258726242847597
-0.396302941645922	-1.39600701864476	-0.708168161892399	-0.0200858832167125
-0.390101429580508	-1.4015858225806	-0.702846139770763	-0.0206522261168723
-0.383899917515094	-1.36499681473913	-0.693923308728754	0.00440131655889562
-0.377698405449681	-1.35194192494295	-0.678937609484094	0.018269284632511
-0.371496893384267	-1.3586507112041	-0.672633500957504	0.0199212705119773
-0.365295381318853	-1.31485247396627	-0.650795542279983	0.0406173246952007
-0.35909386925344	-1.32938763764597	-0.650551441956854	0.0880423736525044
-0.352892357188026	-1.31380818946481	-0.622573047027636	0.0809789973388143
-0.346690845122612	-1.29523956221196	-0.616216511503868	0.0965190752103973
-0.340489333057199	-1.25934684677066	-0.595957343921667	0.106423959322509
-0.334287820991785	-1.209158455654	-0.584116759422908	0.0974507703427098
-0.328086308926371	-1.27678771508205	-0.581330325899418	0.120952206729707
-0.321884796860958	-1.22221777417933	-0.571019255675382	0.142171806714415
-0.315683284795544	-1.20240343929013	-0.56279685821348	0.167654127286624
-0.30948177273013	-1.19445398304376	-0.537409964898349	0.15529726113787
-0.303280260664716	-1.20883661816699	-0.534744296976464	0.134961600469418
-0.297078748599303	-1.17521562451548	-0.516570252611523	0.190651228894651
-0.290877236533889	-1.16980454192682	-0.485761448677358	0.175339329164098
-0.284675724468475	-1.15053633848812	-0.480710395000467	0.170985418020924
-0.278474212403062	-1.14755969240764	-0.476103824783022	0.22617783631948
-0.272272700337648	-1.12945096698767	-0.456212583170977	0.210171275149384
-0.266071188272234	-1.12964270627487	-0.45499124742222	0.265643302009994
-0.25986967620682	-1.07547149022613	-0.428666411117957	0.25967879376245
-0.253668164141407	-1.09669257339625	-0.429360264437329	0.280028538197755
-0.247466652075993	-1.08427079389689	-0.413573289750862	0.288419980822152
-0.241265140010579	-1.0779695585441	-0.396681051753835	0.281851477073743
-0.235063627945166	-1.02958094294921	-0.393768902436852	0.28460508640258
-0.228862115879752	-1.04450639909487	-0.37642619651056	0.308933195920757
-0.222660603814338	-1.03523695748658	-0.352923780370461	0.33085856381835
-0.216459091748925	-1.02753471681185	-0.345064903274929	0.338366311753115
-0.210257579683511	-0.988395862396946	-0.343095283503173	0.348970047505879
-0.204056067618097	-1.01407034903315	-0.329126869030278	0.406133624829143
-0.197854555552684	-0.957736603223881	-0.313546414364102	0.356127131404573
-0.19165304348727	-0.988296738698452	-0.300320546201255	0.365241459954772
-0.185451531421856	-0.969082487070736	-0.281212780371147	0.401972460468968
-0.179250019356443	-0.931628491875703	-0.267252930536215	0.422741920401094
-0.173048507291029	-0.906449525866028	-0.254590248195882	0.402493056328816
-0.166846995225615	-0.913749126925748	-0.234935926528539	0.422356085794739
-0.160645483160202	-0.910587855977907	-0.23892023679263	0.43381789816592
-0.154443971094788	-0.889865125177679	-0.223298571472336	0.485449432452438
-0.148242459029374	-0.87776713811073	-0.205983244563435	0.473505901890123
-0.14204094696396	-0.874675412563687	-0.201518579615464	0.471488856297921
-0.135839434898547	-0.82947793314263	-0.187477940560495	0.491410512402378
-0.129637922833133	-0.832513691817655	-0.16045094106883	0.57022755317651
-0.123436410767719	-0.845260775943128	-0.152073802071781	0.50606508585003
-0.117234898702306	-0.80331362374873	-0.137266632604543	0.53727635936538
-0.111033386636892	-0.818986376365057	-0.128309791168118	0.535965597408911
-0.104831874571478	-0.791288864402702	-0.122502069861668	0.57734450226197
-0.0986303625060645	-0.771092774047583	-0.101240377398476	0.567564940870155
-0.0924288504406507	-0.755212835002099	-0.0874880292932558	0.569552075314374
-0.0862273383752372	-0.762060328651543	-0.0750686663280323	0.586006160492434
-0.0800258263098235	-0.728726180003096	-0.0559709695064504	0.61258392703353
-0.0738243142444097	-0.731001919032157	-0.049081059622038	0.617712040079422
-0.067622802178996	-0.723137077623994	-0.0478046370302177	0.620530146517771
-0.0614212901135824	-0.680648258872609	-0.0295204467725131	0.655156419220083
-0.0552197780481687	-0.688570801627597	-0.0226658650964884	0.649390702858096
-0.0490182659827549	-0.674744187834861	-0.00899123949138662	0.683281189381987
-0.0428167539173414	-0.650079249304617	0.0115234847511045	0.69022779116198
-0.0366152418519277	-0.641671144474142	0.0127103820133004	0.720388492739607
-0.0304137297865139	-0.659064083257402	0.0220445791041319	0.704113997978922
-0.0242122177211002	-0.619257501604786	0.057770171653608	0.739040510012894
-0.0180107056556866	-0.590681270329245	0.059650546820821	0.741949457406268
-0.0118091935902729	-0.582639254543582	0.0706214543743346	0.754016899630553
-0.00560768152485913	-0.556481963008743	0.0826183061284726	0.773941528769649
0.000593830540554618	-0.557405446943733	0.0949705772170299	0.768047549947044
0.00679534260596815	-0.536497126759942	0.119500533923412	0.815315993045148
0.0129968546713819	-0.552265104363602	0.127813164733035	0.836874659395362
0.0191983667367956	-0.562892283019101	0.142198643081364	0.798262248912602
0.0253998788022094	-0.540101142727462	0.14892413506831	0.828451674638433
0.0316013908676229	-0.509125740359144	0.159488397327372	0.858135823631497
0.0378029029330367	-0.532511651846239	0.166423663100817	0.873812540800701
0.0440044149984504	-0.460583611545868	0.187509372415979	0.850479380726547
0.0502059270638642	-0.489101705157405	0.201881717385785	0.873271396275448
0.0564074391292777	-0.440844423746504	0.212694626822842	0.895015461284527
0.0626089511946915	-0.432386648536092	0.222498035363709	0.943511134260096
0.0688104632601052	-0.451076103271021	0.230883732781978	0.939667318814626
0.075011975325519	-0.43164658822403	0.251192700909763	0.92131756422152
0.0812134873909325	-0.396161578859541	0.272524817176905	0.946493281888288
0.0874149994563462	-0.380536794048186	0.273493571491487	0.981712583397003
0.09361651152176	-0.388603428812742	0.28695050239602	1.00164055681104
0.0998180235871735	-0.360001654334015	0.294707127274043	1.00040487538719
0.106019535652587	-0.361624952924321	0.315248840879531	0.982877889234882
0.112221047718001	-0.329646627223488	0.328010913584318	1.01249791408697
0.118422559783415	-0.374872757597132	0.343361904100061	1.01626737067117
0.124624071848829	-0.33654373835826	0.339930888266901	1.03754135198433
0.130825583914242	-0.286038247367438	0.367257816640232	1.05691885417999
0.137027095979656	-0.300947435790457	0.370478367023552	1.08533901447683
0.14322860804507	-0.27585707816109	0.38361337610225	1.07536973886129
0.149430120110483	-0.312123122777921	0.404294877699297	1.06989979689032
0.155631632175897	-0.256472236137436	0.412363202992063	1.10915187055817
0.161833144241311	-0.220625885578444	0.428530150918188	1.08477015478083
0.168034656306724	-0.265796249251336	0.451154324091743	1.14127829143386
0.174236168372138	-0.213715497748671	0.442752407972486	1.12067733219431
0.180437680437552	-0.232708364186841	0.459206506361878	1.17409568279676
0.186639192502965	-0.174086687932217	0.469774715307957	1.21048309514534
0.192840704568379	-0.165677584250086	0.487718837331789	1.16787172691656
0.199042216633793	-0.162235550498898	0.496333043778576	1.20880345342181
0.205243728699207	-0.182641666976934	0.509788560251166	1.18377951489038
0.21144524076462	-0.171136882884747	0.526613644856146	1.21581899052349
0.217646752830034	-0.0992233926538838	0.531441982832003	1.25487331301017
0.223848264895448	-0.129056980114025	0.554940524811989	1.23240530998138
0.230049776960861	-0.134923404995624	0.562981681450973	1.245912715268
0.236251289026275	-0.124273903879448	0.570091884880389	1.26519231289172
0.242452801091689	-0.0672317810522478	0.588544341387455	1.30460083466721
0.248654313157102	-0.0815995920041472	0.605020287870395	1.30695288991451
0.254855825222516	-0.0938465689380087	0.613822593096263	1.31453566998977
0.26105733728793	-0.0359060804211662	0.617729168383071	1.31768896586611
0.267258849353343	-0.0303640131008419	0.635290101455174	1.34316922979202
0.273460361418757	-0.0527932442387805	0.656388626530305	1.32695897335958
0.279661873484171	-0.0497473090826447	0.668313148303881	1.37184106439286
0.285863385549584	-0.0117018764401104	0.683312355521081	1.37929600972365
0.292064897614998	0.046795757679232	0.686441055643743	1.42338002840625
0.298266409680412	0.0119325936782223	0.708876668982085	1.4162368237314
0.304467921745825	0.0698311689294538	0.72234154470408	1.43814086919377
0.310669433811239	0.0378807830614454	0.735153337487553	1.43527576147958
0.316870945876653	0.0611165834750029	0.740153046002375	1.47667872852122
0.323072457942067	0.0485720080152523	0.758436855682585	1.46433617228643
0.32927397000748	0.0810325880334665	0.769139482567999	1.47125552603707
0.335475482072894	0.0611408691340648	0.777113826476838	1.47208590549766
0.341676994138308	0.0921244600114486	0.781011168993874	1.50788070242648
0.347878506203721	0.117628960262864	0.79752434292345	1.5273414487172
0.354080018269135	0.129619322819669	0.808331443374099	1.55089531959735
0.360281530334549	0.131231820544781	0.831739267962347	1.54135349164265
0.366483042399962	0.126228146640298	0.85616407445966	1.57882650775475
0.372684554465376	0.178760891246603	0.860683324004103	1.57566140002985
0.37888606653079	0.16635632921604	0.871422021129533	1.59897390140799
0.385087578596203	0.153757483199653	0.88633340327535	1.59200295478639
0.391289090661617	0.199459949401497	0.885694083848273	1.60896014543427
0.397490602727031	0.213810225072087	0.901229883387028	1.66205257929652
0.403692114792444	0.232709520339243	0.926795525016599	1.64320444853316
0.409893626857858	0.232210332734313	0.931746779113566	1.64174902689078
0.416095138923272	0.244611717602855	0.948099976623742	1.68391090406026
0.422296650988685	0.272269077690015	0.960117980051986	1.69921166276925
0.428498163054099	0.260594270992435	0.976581350212296	1.70013755037768
0.434699675119513	0.296386942970795	0.98596716943192	1.72960378826253
0.440901187184927	0.289421970964979	0.999060493443191	1.71942964854081
0.44710269925034	0.27901574744826	1.01576409199923	1.73373015940507
0.453304211315754	0.306888769346826	1.02699688311278	1.75265289383378
0.459505723381168	0.308629313921785	1.03823281262375	1.73663446508852
0.465707235446581	0.32867463936229	1.0589040599394	1.77384986406088
0.471908747511995	0.355711861754506	1.06043728099072	1.77955833619594
0.478110259577409	0.36106094816396	1.06450531276843	1.83601123453624
0.484311771642822	0.400171645720768	1.07291003204801	1.81781072044611
0.490513283708236	0.387895162270862	1.0980779840036	1.8227223293256
0.49671479577365	0.39305156111783	1.12602691330614	1.84794667946954
0.502916307839063	0.401967961960407	1.12278557274395	1.89009421896489
0.509117819904477	0.407403242344919	1.13731075358914	1.86059382362489
0.515319331969891	0.405324090196521	1.15414830652769	1.92427219739993
0.521520844035305	0.407625500847301	1.16467390625649	1.90152141880798
0.527722356100718	0.439800460186906	1.18081446388473	1.91461445035504
0.533923868166132	0.468541086448657	1.19391667139333	1.91991512163629
0.540125380231546	0.461145945256081	1.21229264989934	1.92279178210887
0.54632689229696	0.495696203978531	1.20763820380457	1.94341548208952
0.552528404362373	0.476326782866401	1.22345281820467	1.9881970015123
0.558729916427787	0.482018813722793	1.23931153474994	1.97625616684619
0.5649314284932	0.515059986443291	1.24641527044365	2.03414974568288
0.571132940558614	0.524484340511595	1.26558166633878	2.006769871894
0.577334452624028	0.531586765763955	1.26994903062867	2.01790535552415
0.583535964689442	0.566019952359943	1.29713865189203	2.03840417183186
0.589737476754855	0.573151101236955	1.30839466363759	2.0588129746185
0.595938988820269	0.567747481266542	1.30118401321829	2.05302470684666
0.602140500885683	0.572708577994621	1.33659848313187	2.0718634453937
0.608342012951097	0.572356439861388	1.34992375566719	2.08436709793438
0.61454352501651	0.609252705702254	1.3497644601242	2.1075157802081
0.620745037081924	0.603877322980671	1.35563867923803	2.14238292021217
0.626946549147338	0.629283197639136	1.37636057599258	2.10867072737332
0.633148061212751	0.641327279408998	1.38090240111755	2.15333690741999
0.639349573278165	0.640963245380713	1.39998306809336	2.16564396207924
0.645551085343579	0.667809793281636	1.41727574099346	2.1930421996341
0.651752597408992	0.642963786265412	1.43440098850733	2.22025787542053
0.657954109474406	0.686742798968893	1.44233246641269	2.21864522424305
0.66415562153982	0.699587790874763	1.45753738150738	2.22291049925624
0.670357133605233	0.673571531567476	1.48188816536063	2.245338307576
0.676558645670647	0.745242756771919	1.47636529132132	2.24658135787969
0.682760157736061	0.75180173347038	1.48161133140561	2.26008908741606
0.688961669801474	0.732517280096686	1.51535181888554	2.2862027004545
0.695163181866888	0.753073498492652	1.51375533672022	2.31377478752147
0.701364693932302	0.742868848326705	1.52344601927264	2.29591807164801
0.707566205997715	0.777129938063046	1.55291587907113	2.29612355231747
0.713767718063129	0.810792691447593	1.558593955355	2.36082660831697
0.719969230128543	0.812999664539976	1.57725837374707	2.34749359805663
0.726170742193957	0.82191773176805	1.58062419652478	2.36941067096449
0.73237225425937	0.801425510568677	1.60049937900041	2.3617749640558
0.738573766324784	0.83542577109638	1.60213622049282	2.38282947047458
0.744775278390198	0.849718541511612	1.624188647085	2.40091049469701
0.750976790455611	0.841807057916722	1.63175334173169	2.40263799333374
0.757178302521025	0.866757902290596	1.64171661349895	2.45496126315753
0.763379814586439	0.884250023570896	1.6688585953643	2.46868858910676
0.769581326651852	0.875111058548115	1.65815483200796	2.44934064703652
0.775782838717266	0.8948417531622	1.66770217025876	2.49171338876259
0.78198435078268	0.885704114604172	1.69537887837944	2.47916452288645
0.788185862848093	0.921807251894482	1.71076614448434	2.52372058700288
0.794387374913507	0.9387385218763	1.71233399091064	2.50835509718717
0.800588886978921	0.946460113340317	1.73932428111852	2.51645460588277
0.806790399044334	0.941760669595779	1.74835566479413	2.56603818986375
0.812991911109748	0.96651878100931	1.76399842837069	2.514005710473
0.819193423175162	0.97588809477623	1.77976565756466	2.5524364739349
0.825394935240575	0.978882603525225	1.79177174895125	2.58016587891097
0.831596447305989	1.01552434213456	1.79065643770299	2.56483576917791
0.837797959371403	0.980036440116865	1.81762408818606	2.63552038668226
0.843999471436817	0.999882393546393	1.83696433470156	2.62959650022059
0.85020098350223	1.02500330748802	1.83106039599851	2.63786163654851
0.856402495567644	1.04101133205158	1.84404183730634	2.65107744369521
0.862604007633058	1.06733166717898	1.86383041680129	2.68889049947214
0.868805519698471	1.04436375962937	1.88040708483188	2.69592057700764
0.875007031763885	1.06046351053014	1.88131892620334	2.69448446175777
0.881208543829299	1.09571567617752	1.9020056040516	2.71452681357267
0.887410055894712	1.07820312462503	1.91306978886427	2.73726853417752
0.893611567960126	1.09709933022236	1.93013206848203	2.76381254152991
0.89981308002554	1.11901518388671	1.95533522467929	2.76495687113252
0.906014592090953	1.09707647250697	1.95380984279483	2.81391230766258
0.912216104156367	1.14895855770267	1.97038162934544	2.79133198369461
0.918417616221781	1.14460567242866	1.98048952827421	2.80864301879373
0.924619128287195	1.14789456475242	1.98712782887127	2.81097413700769
0.930820640352608	1.14272547185106	1.98983489539892	2.79895204353648
0.937022152418022	1.17478216731705	2.01198894665538	2.86344954753976
0.943223664483436	1.20985575781901	2.01024643121944	2.85656310520378
0.94942517654885	1.21757387145499	2.03289381876038	2.87056066903202
0.955626688614263	1.1977121111636	2.05064784641383	2.87554082358529
0.961828200679677	1.2161826278942	2.07109957966228	2.89882651728125
0.96802971274509	1.21314805695442	2.07832922571295	2.93907378278068
0.974231224810504	1.20657583330679	2.09969552665145	2.95529525221404
0.980432736875918	1.24055322817168	2.11264298748135	2.93628932708913
0.986634248941332	1.2649700690791	2.10982519979375	2.97715196637231
0.992835761006745	1.27728596267096	2.12703568890442	3.01568117893794
0.999037273072159	1.25495653030028	2.14414556685171	3.02124198663008
1.00523878513757	1.28354278043356	2.16975007837696	2.993846756669
1.01144029720299	1.31410479322797	2.16547929122301	3.0386372298188
1.0176418092684	1.32105665678693	2.17840090708226	3.03639608512848
1.02384332133381	1.31963199203001	2.18967161185622	3.03881712322776
1.03004483339923	1.36312711565192	2.21625315213894	3.08420936234908
1.03624634546464	1.34768351914166	2.21261131196718	3.07753103139746
1.04244785753005	1.32265793829687	2.23436884541353	3.10659157783412
1.04864936959547	1.35949571532456	2.25029048631743	3.12289132003386
1.05485088166088	1.37560559132153	2.25803977712873	3.11296167080529
1.0610523937263	1.41113301798	2.28281575442886	3.14179613814023
1.06725390579171	1.41211492204395	2.28409682608971	3.14121820533875
1.07345541785712	1.42284735513804	2.30110695853375	3.13325628773706
1.07965692992254	1.40354545035044	2.31199732833833	3.21511625528167
1.08585844198795	1.42296429323018	2.32100569666999	3.23760479848494
1.09205995405336	1.43165607578508	2.3309709112657	3.21964040954257
1.09826146611878	1.42865143715915	2.35200835795623	3.22049054454171
1.10446297818419	1.46880132745524	2.35351691604955	3.26368296663118
1.11066449024961	1.47877935226298	2.37028792717249	3.23875365597739
1.11686600231502	1.47572306136994	2.37653430905929	3.27751654971073
1.12306751438043	1.49459514755389	2.39949456830537	3.30394313845789
1.12926902644585	1.53704936963245	2.40338358271655	3.31755286750116
1.13547053851126	1.52843162653511	2.42969342198675	3.26717356731854
1.14167205057667	1.5354054329888	2.43670018844812	3.32957528688769
1.14787356264209	1.55743087917126	2.43864187273783	3.34402117970538
1.1540750747075	1.55652917633425	2.4591656768205	3.3484345455117
1.16027658677291	1.53265577986424	2.47802736232699	3.39851177937707
1.16647809883833	1.56980000679086	2.49631942120695	3.39488182150384
1.17267961090374	1.57436703739292	2.49854328104099	3.38365750635417
1.17888112296916	1.62383195424947	2.5233188444886	3.46858453636521
1.18508263503457	1.62608768755966	2.53380001723114	3.44723460432964
1.19128414709998	1.62921278367582	2.54167534692513	3.44672751908752
1.1974856591654	1.64955612229794	2.55212525454322	3.46345834672094
1.20368717123081	1.59987162639389	2.58167841501746	3.48383886406948
1.20988868329622	1.67927431621565	2.56962442101347	3.47916163749165
1.21609019536164	1.66901700008441	2.59754449700444	3.52532054577036
1.22229170742705	1.67701913223808	2.60693224255789	3.50166585220737
1.22849321949247	1.68947855131748	2.61615413554782	3.54445071082064
1.23469473155788	1.69572912490707	2.63226001331798	3.53754643561617
1.24089624362329	1.66021564223327	2.627019789076	3.55711224507304
1.24709775568871	1.71736832305432	2.65420746808522	3.64357754569768
1.25329926775412	1.72288801042152	2.67048320839799	3.60029766909618
1.25950077981953	1.72899015979199	2.67839372897884	3.6226633169247
1.26570229188495	1.74474379927343	2.68660224593061	3.64438792670308
1.27190380395036	1.7435051210197	2.70373283956789	3.64217604516315
1.27810531601577	1.76115465567851	2.71813419470856	3.66293181307901
1.28430682808119	1.7708505015923	2.7370438980071	3.66931222116554
1.2905083401466	1.76647811826618	2.73741359799196	3.65278118320815
1.29670985221202	1.77844770052102	2.75071009919844	3.71889727250932
1.30291136427743	1.8137349580497	2.77757646320303	3.71379624583795
1.30911287634284	1.81687454215741	2.78415526602018	3.70883732701234
1.31531438840826	1.83844286932138	2.80244426367332	3.73725548447138
1.32151590047367	1.84110914859154	2.82045375838576	3.74758103174475
1.32771741253908	1.8495377854806	2.82223714640194	3.72973336011875
1.3339189246045	1.8893292295644	2.81705731815472	3.7845839733263
1.34012043666991	1.88552899437168	2.85514089858072	3.77897682615012
1.34632194873533	1.86430196841595	2.85170929801962	3.83102828643109
1.35252346080074	1.88987193173031	2.86595366127473	3.8392270816641
1.35872497286615	1.88127348809434	2.88384662145884	3.82582661132757
1.36492648493157	1.85546483416541	2.88086148933524	3.81583821117601
1.37112799699698	1.92685940238719	2.90735972318804	3.8747960844361
1.37732950906239	1.90592338978753	2.92397505333816	3.89809344749074
1.38353102112781	1.95027553680756	2.92389909580382	3.90376373520624
1.38973253319322	1.95851859338694	2.93957321977916	3.89845419509149
1.39593404525864	1.95329059810367	2.94680468142295	3.91824518944404
1.40213555732405	1.9410820726654	2.95632657245992	3.95980928764595
1.40833706938946	1.9770597241858	2.97887036118887	3.95814730471383
1.41453858145488	1.98397322905702	2.98760413595752	3.98611718359076
1.42074009352029	1.98371025095217	3.00936388582755	3.97585024652805
1.4269416055857	1.99362341631199	3.0350550696538	4.00288833350075
1.43314311765112	2.01665570599229	3.02740003110493	4.0272609233254
1.43934462971653	1.98285496133041	3.04413589782823	4.04519770794205
1.44554614178194	2.02441541286569	3.07086408648396	4.07304366718244
1.45174765384736	2.09281214237316	3.07933008519791	4.03736596596648
1.45794916591277	2.03594743752222	3.10217109414056	4.05105393750048
1.46415067797819	2.10009406505866	3.09714393380635	4.13033294908197
1.4703521900436	2.07340086064362	3.10668968564503	4.11886218838133
1.47655370210901	2.09237527475995	3.12151913988198	4.13206536512704
1.48275521417443	2.04818812491135	3.13327241448922	4.13551841502742
1.48895672623984	2.16668827144616	3.13615666869688	4.17599642618439
1.49515823830525	2.13100631362691	3.1467253381978	4.20246478853178
1.50135975037067	2.09146932600804	3.15996859339848	4.19086333711416
1.50756126243608	2.10589745545628	3.18272979310284	4.20716192042482
1.5137627745015	2.16729975707421	3.20444057001368	4.23296807522244
1.51996428656691	2.15877267270059	3.2049474506618	4.25187341712085
1.52616579863232	2.14731630066356	3.22075191273963	4.22131541296846
1.53236731069774	2.21615512281958	3.22985458557984	4.29128799627513
1.53856882276315	2.17042635571047	3.24293944833896	4.28781799541928
1.54477033482856	2.19032816518946	3.25675295601988	4.32666329867494
1.55097184689398	2.18764069668701	3.27361426480531	4.35088110315169
1.55717335895939	2.22153169752701	3.29590655632786	4.35222184695131
1.5633748710248	2.24343128156954	3.31019640403832	4.32946924081165
1.56957638309022	2.27310505131988	3.30942376254508	4.33323359326481
1.57577789515563	2.28556244821971	3.32966728709591	4.36341349459166
1.58197940722105	2.27999252667908	3.34585615532946	4.35749989101597
1.58818091928646	2.2504857810707	3.3676547407735	4.37227590285309
1.59438243135187	2.2959290732375	3.36101184841253	4.38238963520219
1.60058394341729	2.29558145022805	3.38502884929779	4.43700890635751
1.6067854554827	2.29847706139685	3.39859326392431	4.42116486768905
1.61298696754811	2.31087187587058	3.40240900043027	4.46354194339487
1.61918847961353	2.30504208981544	3.40794953152219	4.49360422597145
1.62538999167894	2.35162409961889	3.4298684050384	4.52645812920532
1.63159150374436	2.34273012526215	3.44636384235076	4.5046327389913
1.63779301580977	2.34422355547305	3.46089451717621	4.50502347707807
1.64399452787518	2.37807172336377	3.46047969397433	4.53512857645824
1.6501960399406	2.34686045677211	3.48232984507591	4.55077036723643
1.65639755200601	2.37636860829381	3.49711975722938	4.57095263328758
1.66259906407142	2.40870783376282	3.51292729730893	4.56803316303601
1.66880057613684	2.39385340904291	3.51780624997581	4.62456621154662
1.67500208820225	2.43582783234349	3.51932595378106	4.6290974482566
1.68120360026766	2.43906216388044	3.53693724313997	4.6087111462553
1.68740511233308	2.4282163144924	3.55694795769228	4.62315518471006
1.69360662439849	2.45842581970595	3.56320634241509	4.65037426576929
1.69980813646391	2.49632115860725	3.58839336693287	4.66048612105566
1.70600964852932	2.45012942471156	3.58265556882163	4.7103710188494
1.71221116059473	2.48671258401347	3.60532534266473	4.73723793901159
1.71841267266015	2.45408739934979	3.62111565970948	4.73941002140468
1.72461418472556	2.51481498901773	3.62475134379231	4.6980975015862
1.73081569679097	2.4885453493396	3.64771312124179	4.75424502593514
1.73701720885639	2.50202380067679	3.64681157408382	4.77440228239015
1.7432187209218	2.53176973686162	3.67988275349068	4.74734047313155
1.74942023298722	2.55112633736985	3.67823727193792	4.79708458662967
1.75562174505263	2.53400088532724	3.69615285128131	4.83635706659255
1.76182325711804	2.53731354565071	3.70510589146384	4.78617694739675
1.76802476918346	2.55294113901383	3.71572730645587	4.86507265795211
1.77422628124887	2.59780763554363	3.73017338136922	4.83188083683696
1.78042779331428	2.53926719051098	3.74130405081951	4.84875794774218
1.7866293053797	2.58582476389466	3.76123097954836	4.82868618987647
1.79283081744511	2.64746331838859	3.75668394925932	4.86438148688062
1.79903232951053	2.65754009212859	3.77898158587373	4.91362961113084
1.80523384157594	2.67522932994346	3.80761984236564	4.92018010964591
1.81143535364135	2.62363600372843	3.814241032992	4.92506981006644
1.81763686570677	2.67002742858776	3.82076227962859	4.94568852327016
1.82383837777218	2.67850728214616	3.83580222959904	4.9876021054889
1.83003988983759	2.70090349577393	3.84466716999725	4.95940504263294
1.83624140190301	2.68718214874199	3.85111143396563	4.99324516084988
1.84244291396842	2.70794285774025	3.85777247304437	5.01949760480344
1.84864442603383	2.71779897907484	3.87743642608191	5.05036984290178
1.85484593809925	2.71977813639966	3.90352109118111	5.01516286655525
1.86104745016466	2.72780113715034	3.91194085790335	5.04555403034777
1.86724896223008	2.77074504310856	3.92743753564973	5.07609248860271
1.87345047429549	2.75441850901436	3.9335097398281	5.11273074204646
1.8796519863609	2.76037085222951	3.94505877400888	5.08059711659903
1.88585349842632	2.73696793727599	3.9674016781739	5.10577289958986
1.89205501049173	2.79659734164922	3.96602016686291	5.14980534604688
1.89825652255714	2.76926503436106	3.98454983367078	5.17077683754837
1.90445803462256	2.79390960302544	3.9881269255536	5.16073818605769
1.91065954668797	2.771572267338	4.01953947056792	5.1737983171823
1.91686105875339	2.8032982233711	4.04715387308835	5.16876988205262
1.9230625708188	2.80870006366587	4.03842916291228	5.16989388527757
1.92926408288421	2.83552161122787	4.05202527932823	5.23377399297594
1.93546559494963	2.86695050308048	4.07232622263515	5.24698267028352
1.94166710701504	2.83717354020318	4.08588565865818	5.28392019374541
1.94786861908045	2.86521857481312	4.09369292764434	5.24683479688162
1.95407013114587	2.8724108830561	4.08015540214124	5.30161844258388
1.96027164321128	2.90986294454437	4.10284606131948	5.30723128240697
1.96647315527669	2.92707523266799	4.15595045637756	5.30448084837369
1.97267466734211	2.88923895978827	4.13342583160284	5.33382974484654
1.97887617940752	2.93350732854766	4.14298847429698	5.39352931563725
1.98507769147294	2.91253902620067	4.15699832646987	5.31529748101681
1.99127920353835	2.97282238467844	4.16531915198167	5.42321210666386
1.99748071560376	2.9510330870224	4.19197538792176	5.37162721208886
2.00368222766918	2.94599836802344	4.21676407014838	5.37372486055191
2.00988373973459	2.99102196304468	4.2197560840952	5.44544025231559
2.0160852518	2.93548762151095	4.24814010546197	5.42160536771216
2.02228676386542	2.98904932288865	4.24319733897124	5.51289759854165
2.02848827593083	3.03190507326862	4.24497333754358	5.49683119769039
2.03468978799625	3.03105601348701	4.26219099607165	5.46657107040071
2.04089130006166	3.03268180673039	4.2804521761495	5.5225253236236
2.04709281212707	3.00058166438873	4.30127323004679	5.52807098097488
2.05329432419249	3.02588646437885	4.32280071821989	5.51667981278557
2.0594958362579	3.0186645918173	4.31678447173373	5.53959006468947
2.06569734832331	3.04039835033464	4.328503237794	5.55702978487377
2.07189886038873	3.08890570458473	4.33889696589645	5.59770570649566
2.07810037245414	3.06983927088538	4.3408120851684	5.57169513474194
2.08430188451955	3.07220122591467	4.37916620127641	5.58517441333299
2.09050339658497	3.0783695189792	4.38161448943695	5.62271820710332
2.09670490865038	3.09422135550648	4.39729443420454	5.61143102191238
2.1029064207158	3.12528871165995	4.41300183654947	5.63696847054067
2.10910793278121	3.1554531484942	4.40936610409306	5.65424360530525
2.11530944484662	3.17930665071528	4.42060751734935	5.69666065451428
2.12151095691204	3.16967542501936	4.43613038265354	5.68680343980984
2.12771246897745	3.19090136547804	4.45147916647764	5.72775467016678
2.13391398104286	3.15989840704905	4.453483375937	5.72299448272409
2.14011549310828	3.15143066225541	4.48560887134245	5.72688544375595
2.14631700517369	3.17708248178282	4.492410120155	5.78980539637579
2.15251851723911	3.19690747165247	4.51742416644314	5.77209647031389
2.15872002930452	3.20336833803561	4.54145654393788	5.77332972550129
2.16492154136993	3.25131554211327	4.54668078731306	5.86176673455758
2.17112305343535	3.2617801177356	4.53912529039132	5.86477469612537
2.17732456550076	3.24426638994238	4.55591190511191	5.83144995250359
2.18352607756617	3.27926432339122	4.59180802711029	5.8524713357907
2.18972758963159	3.23196136063452	4.57569099804463	5.88468801473714
2.195929101697	3.30441304838658	4.60227061280155	5.91903652700579
2.20213061376242	3.30179702985324	4.62102135223318	5.86941929774451
2.20833212582783	3.31199358649606	4.62718016424655	5.89819921441721
2.21453363789324	3.2743830819156	4.63791446295892	5.9483249294449
2.22073514995866	3.29979598324065	4.62629424973963	5.92492601243614
2.22693666202407	3.37069038439134	4.65871816695432	5.94250091968352
2.23313817408948	3.3651782897674	4.67320292178841	5.92375840744568
2.2393396861549	3.35180133968115	4.69606676153087	5.99494254566776
2.24554119822031	3.36408760852202	4.70041198469632	6.00196704506309
2.25174271028573	3.33667983914445	4.71903227288789	5.98418869895871
2.25794422235114	3.38004076265105	4.7352097120986	6.01133531585188
2.26414573441655	3.37761529399371	4.72459399553688	6.05804271563995
2.27034724648197	3.40600655856463	4.73639896971022	6.06618483332861
2.27654875854738	3.38359379331185	4.78901439420342	6.03806854310657
2.28275027061279	3.42826256928533	4.76636433066414	6.12731254076169
2.28895178267821	3.40502681361233	4.78483188826108	6.12536742009945
2.29515329474362	3.44639171425109	4.80019044441341	6.09187636266782
2.30135480680903	3.39882027156529	4.80885549619106	6.136836523783
2.30755631887445	3.48478735941928	4.82488240285443	6.16661626615338
2.31375783093986	3.45246710036409	4.84600385574364	6.16302232781321
2.31995934300528	3.48669699940493	4.84343359382104	6.19021574168769
2.32616085507069	3.46795144468531	4.85693308877146	6.14877921881956
2.3323623671361	3.5332765746037	4.86133241745517	6.25297260424751
2.33856387920152	3.47223046236416	4.87283436089489	6.20378753636643
2.34476539126693	3.49181199815216	4.91739232794268	6.25405720241504
2.35096690333234	3.46094880278529	4.9031394395366	6.30380110985433
2.35716841539776	3.50075254292317	4.94175077771655	6.29277199499079
2.36336992746317	3.53447519067433	4.9495916927447	6.29302896626326
2.36957143952859	3.54291925026886	4.94022450071188	6.34587993832513
2.375772951594	3.53126280674302	4.95589796601973	6.36905024691268
2.38197446365941	3.5802323040049	4.96363009302918	6.33080315526519
2.38817597572483	3.56263078097978	5.01006767347669	6.37499580211884
2.39437748779024	3.58892246440842	5.00190615242182	6.35397016238651
2.40057899985565	3.61145019470796	5.00702736947455	6.39963150579626
2.40678051192107	3.55662586371372	5.02080047497591	6.38000001389518
2.41298202398648	3.60383747099702	5.05109078235325	6.40963808303243
2.41918353605189	3.65023346395171	5.06067212659378	6.44101137335627
2.42538504811731	3.67956555746439	5.06081872397221	6.46549091990839
2.43158656018272	3.6493136873105	5.07609562516545	6.45177053507082
2.43778807224814	3.67713379652615	5.10458800447442	6.4851087454513
2.44398958431355	3.69564754333236	5.09590305227885	6.48929991702965
2.45019109637896	3.68111262632846	5.12186199759212	6.50744122572955
2.45639260844438	3.6693922458324	5.11445557519825	6.53965996491201
2.46259412050979	3.71313715845192	5.14921743143336	6.58500179559155
2.4687956325752	3.75368129892408	5.16370370012814	6.56609746482975
2.47499714464062	3.70220220606164	5.17882258462515	6.56630075734613
2.48119865670603	3.69391758893619	5.18306718992361	6.58906272539332
2.48740016877145	3.80299916374104	5.18843783229317	6.58588284624358
2.49360168083686	3.73017257186447	5.19646399779947	6.62604467472794
2.49980319290227	3.75929225010749	5.21519080396246	6.62838493092828
2.50600470496769	3.77393023175089	5.23318874879355	6.68903148026568
2.5122062170331	3.75595924747168	5.23820031428354	6.60184006740154
2.51840772909851	3.82220146276972	5.24672434305299	6.6883989017271
2.52460924116393	3.79263711654437	5.26953417036515	6.6257270777425
2.53081075322934	3.82190660463398	5.28789268571955	6.6738459726287
2.53701226529475	3.85971992566743	5.30093227214546	6.73286463355889
2.54321377736017	3.86208799475978	5.3076611492903	6.7258479299131
2.54941528942558	3.84157258524621	5.31641393860732	6.76868565107714
2.555616801491	3.85159088271744	5.34743578494985	6.76459297026339
2.56181831355641	3.8681965816896	5.34418612223541	6.7901559058166
2.56801982562182	3.88929265209958	5.33647498546834	6.75053227350605
2.57422133768724	3.86759817675208	5.39305748174056	6.82497805724524
2.58042284975265	3.85920461560033	5.38977611207234	6.83787566376789
2.58662436181806	3.90876130090369	5.38971348120752	6.83402864036852
2.59282587388348	3.90568427392648	5.41504790731397	6.88807564042621
2.59902738594889	3.93236482325829	5.43158058280907	6.86506921239663
2.60522889801431	3.96056171423578	5.42338647431902	6.8913262396884
2.61143041007972	3.93579921249927	5.44404270537425	6.8690182084422
2.61763192214513	3.95071971791605	5.44046031867618	6.94407531122868
2.62383343421055	3.97766358688111	5.49756751659779	6.97498492155578
2.63003494627596	3.97694574135336	5.48029863765726	6.93897390165298
2.63623645834137	3.96309034757878	5.49948641922315	6.91137044137341
2.64243797040679	3.96500334818568	5.49895045404023	7.0005818839438
2.6486394824722	3.97945728564111	5.52697116169918	6.97155874411647
2.65484099453761	4.02793342934759	5.54660525058659	7.00854776759647
2.66104250660303	3.99313686958423	5.54288265732018	7.00119884990652
2.66724401866844	4.00565511116459	5.5552211331072	7.0498629035015
2.67344553073386	4.09776419904058	5.57681361392032	7.06067459043038
2.67964704279927	4.00902161298115	5.60105043507446	7.08634887036667
2.68584855486468	4.07003551730676	5.59970814404516	7.08152754237928
2.6920500669301	4.01641123561681	5.61860287971323	7.09514231717671
2.69825157899551	4.06218886637987	5.64031096463466	7.10354333109961
2.70445309106092	4.06776469973168	5.64110603465924	7.10527414888442
2.71065460312634	4.12663730113292	5.65752126988748	7.1081756183445
2.71685611519175	4.12639202255808	5.6504031231997	7.2060681058487
2.72305762725717	4.14158428662875	5.71080957050607	7.16102672196744
2.72925913932258	4.07856391667906	5.69838909298348	7.18621590290534
2.73546065138799	4.14010467705329	5.6932776438571	7.18554083167046
2.74166216345341	4.14153892305137	5.7063268975311	7.23541055375436
2.74786367551882	4.17521383139677	5.71891610466001	7.23775302920671
2.75406518758423	4.16938621793164	5.74627319124909	7.25874698852652
2.76026669964965	4.15204178629486	5.76888036160928	7.24261459530258
2.76646821171506	4.16696640479659	5.76422248583118	7.28028010889258
2.77266972378047	4.13339189924809	5.79104085528784	7.30430405293907
2.77887123584589	4.13636711552624	5.77709281398107	7.2698815922755
2.7850727479113	4.24023054336617	5.79410319895074	7.35239607761672
2.79127425997672	4.22119657323341	5.82565602102925	7.32601942978922
2.79747577204213	4.24148946167745	5.83725111099313	7.38678034444881
2.80367728410754	4.28858327765078	5.8352622867663	7.32649055293956
2.80987879617296	4.25068550612119	5.86874945869404	7.34231521785901
2.81608030823837	4.28990829385488	5.85696778856714	7.40067697851457
2.82228182030378	4.29779524986608	5.87288537355097	7.4416278639186
2.8284833323692	4.29269631004132	5.9093094125393	7.41387276488367
2.83468484443461	4.32225967142339	5.93644777550324	7.43046064744616
2.84088635650003	4.26881306664098	5.93240408512072	7.41006824841683
2.84708786856544	4.34628081103289	5.94261713181901	7.45092733810785
2.85328938063085	4.34822045399909	5.94816511081929	7.51745723518706
2.85949089269627	4.3632445553289	5.93229415512387	7.49986803523282
2.86569240476168	4.31093093467359	5.96368050701048	7.5198462179766
2.87189391682709	4.30670772524846	5.97702530320927	7.54784000266061
2.87809542889251	4.41464919362551	5.99370744951278	7.55411113544183
2.88429694095792	4.37875459440251	6.01103723652982	7.5238392607599
2.89049845302333	4.36170517553747	6.02858621834343	7.57698809142029
2.89669996508875	4.41189546498225	6.04400744322423	7.61553123188397
2.90290147715416	4.43307361228843	6.05794046178804	7.6065694317017
2.90910298921958	4.4103788650802	6.06447526091039	7.6365827577415
2.91530450128499	4.39208188394323	6.07675292072576	7.69151926274339
2.9215060133504	4.43087337762084	6.08093393425675	7.70433601351395
2.92770752541582	4.43046554185766	6.10413581339054	7.66037624567459
2.93390903748123	4.45294714104221	6.10094413730466	7.69921661061741
2.94011054954664	4.42390996814549	6.12749492144123	7.74484202589334
2.94631206161206	4.48126515220501	6.14884574070999	7.7316412538009
2.95251357367747	4.45999843971656	6.15375646704941	7.71888833658806
2.95871508574289	4.49799798532034	6.17268665520178	7.80731046725263
2.9649165978083	4.53731710923042	6.16704205565206	7.79897306728361
2.97111810987371	4.5382332513901	6.18261145402456	7.75850021093604
2.97731962193913	4.54566825701757	6.19073738699712	7.83205017708926
2.98352113400454	4.52091842625691	6.21491888124758	7.81685511561404
2.98972264606995	4.53682556343934	6.24468899452798	7.86596139380322
2.99592415813537	4.5910096388257	6.24073169016809	7.87016052840126
3.00212567020078	4.55133417586713	6.25371290655753	7.86750567312371
3.0083271822662	4.55903853254812	6.25839400029929	7.88861068119328
3.01452869433161	4.55934692188705	6.29254738222602	7.87436603706075
3.02073020639702	4.60917754974272	6.30131046616632	7.9768457149698
3.02693171846244	4.61597827020707	6.3063659460909	7.91964817095897
3.03313323052785	4.57851550704828	6.30867350776623	7.89745826925296
3.03933474259326	4.61282263193264	6.31262313844304	7.98049731919469
3.04553625465868	4.61452018897285	6.35621446596666	7.96282365293058
3.05173776672409	4.68052838563771	6.36314104935851	7.94898951689101
3.0579392787895	4.63022845305079	6.37090282925329	7.98672164240495
3.06414079085492	4.67674323946338	6.37560151409152	8.01403994904192
3.07034230292033	4.669275401288	6.39729971755463	8.04358174540452
3.07654381498575	4.66194083176121	6.39864966417346	8.0292887991802
3.08274532705116	4.705021670616	6.40335540723571	8.0456006976992
3.08894683911657	4.73070113318053	6.41623796947011	8.06923067524498
3.09514835118199	4.7026981773175	6.4387614640922	8.08184515127532
3.1013498632474	4.69754441444314	6.46856230268513	8.11544270361257
3.10755137531281	4.67727197541101	6.46556859467963	8.16150613773391
3.11375288737823	4.80585884302119	6.46612074391444	8.12313342496251
3.11995439944364	4.69343747814265	6.49578991104727	8.16531668541743
3.12615591150906	4.79697188230051	6.51002570776075	8.19260643904692
3.13235742357447	4.79352487424015	6.52003794100711	8.19982109283077
3.13855893563988	4.79013362654335	6.55870216452948	8.17566050063085
3.1447604477053	4.77750461921865	6.54633318790726	8.16918379358176
3.15096195977071	4.79459992256944	6.5525212908562	8.27653088287544
3.15716347183612	4.79302234170581	6.57085088486536	8.23252486127328
3.16336498390154	4.80483587750786	6.57642419459006	8.2733283296749
3.16956649596695	4.77313577768985	6.59631297440571	8.30060514207244
3.17576800803237	4.86414147573711	6.59239935732306	8.29387209709718
3.18196952009778	4.85654530577707	6.61240012000138	8.28427411859661
3.18817103216319	4.83123767024513	6.6346492124386	8.32630270897752
3.19437254422861	4.85222022482145	6.64902239377297	8.35392506007496
3.20057405629402	4.85852148178604	6.67210926524531	8.37715311626368
3.20677556835943	4.91920938738932	6.66856143997829	8.40992959029755
3.21297708042485	4.92247041505578	6.69342841439818	8.38027420374452
3.21917859249026	4.91998330474853	6.70568794488657	8.40607490867779
3.22538010455567	4.94556557491358	6.70525553291841	8.43258008087681
3.23158161662109	4.93859654290087	6.7397627750453	8.42370135580471
3.2377831286865	4.94490012843061	6.74165495689567	8.41705005126628
3.24398464075192	4.94680051807493	6.72848938195576	8.47496546532625
3.25018615281733	4.97429910066436	6.76160054809536	8.49397566300867
3.25638766488274	4.94187592551568	6.7729113867759	8.47622514623056
3.26258917694816	4.9166242659423	6.78498927302637	8.48163428394355
3.26879068901357	5.06475634874793	6.79816977778694	8.53456974157662
3.27499220107898	5.02588667390195	6.79828885621373	8.55993846572907
3.2811937131444	4.98116415177698	6.82591667081194	8.58100178717026
3.28739522520981	4.99086357138605	6.81710704186935	8.55414971735385
3.29359673727523	5.04670620179214	6.85240587952009	8.58378129919084
3.29979824934064	5.03387016592593	6.86332889910617	8.68733829465363
3.30599976140605	5.07609897968481	6.88226908134174	8.61358412528244
3.31220127347147	5.08967403799881	6.88166812957162	8.66845725107689
3.31840278553688	5.07088240027053	6.90949023129757	8.63425391232636
3.32460429760229	5.05760081202562	6.90586463039555	8.65941240370895
3.33080580966771	5.09196557595589	6.9261380675091	8.68594430490647
3.33700732173312	5.04344081995062	6.9470780680401	8.7259297367732
3.34320883379853	5.10620142504611	6.97409103191394	8.74592494423073
3.34941034586395	5.0912756785111	6.94785103522125	8.76250228359329
3.35561185792936	5.08049645598826	6.96082632696716	8.71226593005225
3.36181336999478	5.13168624249735	6.99600399557061	8.83566002073101
3.36801488206019	5.19496266835476	6.98564893548082	8.7793424275241
3.3742163941256	5.16003753539573	6.99799812800775	8.77630494867268
3.38041790619102	5.22323529814361	7.03748332071593	8.80568217714464
3.38661941825643	5.17249789870535	7.04467940970671	8.794124110867
3.39282093032184	5.18200788694265	7.01338065942363	8.88349051260945
3.39902244238726	5.23630515361447	7.06680372532655	8.79794052443618
3.40522395445267	5.18528465158056	7.05480683178328	8.88658828547065
3.41142546651809	5.18325132064917	7.09538957929773	8.90878119153897
3.4176269785835	5.21628352951306	7.10101184525658	8.91855547246851
3.42382849064891	5.22211108560635	7.11626138529451	8.88298604542408
3.43003000271433	5.23030624588787	7.0991153460207	8.93639051324409
3.43623151477974	5.2542029025248	7.14563165643279	8.99549312655862
3.44243302684515	5.25059898826817	7.11569999235237	8.96346689683536
3.44863453891057	5.29287075931141	7.17286247776817	8.96204124833367
3.45483605097598	5.303434222607	7.15772765782312	9.01511362874373
3.46103756304139	5.30476598140553	7.1974930160433	9.00095844810238
3.46723907510681	5.29108707842673	7.19175177872798	9.04243004181285
3.47344058717222	5.32054390516603	7.21284727603205	9.01288475759698
3.47964209923764	5.36478544151903	7.21866930922976	9.13796793250842
3.48584361130305	5.29463417091447	7.25780016019556	9.11887453826948
3.49204512336846	5.29335942975041	7.26234489878063	9.07359544499657
3.49824663543388	5.34429874857876	7.2619586445347	9.11218743581943
3.50444814749929	5.34885309156625	7.28976486035771	9.14580126823106
3.5106496595647	5.35012698604455	7.3010608463753	9.13500004487509
3.51685117163012	5.34602434560462	7.30417246634372	9.11926400538221
3.52305268369553	5.422464695922	7.32590720585012	9.18483031113749
3.52925419576095	5.36894604923012	7.32262766831508	9.1503225875726
3.53545570782636	5.40230914922415	7.35171454317994	9.22522535537776
3.54165721989177	5.42163604969262	7.35975180557363	9.22634886664301
3.54785873195719	5.49113025175478	7.35816209271531	9.21464877904113
3.5540602440226	5.3935209653725	7.37720609841792	9.25466589803913
3.56026175608801	5.41061894034816	7.40504093577792	9.22334092381176
3.56646326815343	5.44539130372047	7.41584803080285	9.22218621592494
3.57266478021884	5.45237974874003	7.396192548794	9.35689878207524
3.57886629228425	5.47022773537161	7.43647609024127	9.29192521002055
3.58506780434967	5.52371644072019	7.43708256866844	9.32995035318249
3.59126931641508	5.52795168643183	7.44563937092253	9.39439229396292
3.5974708284805	5.52315083829789	7.49785987082457	9.31989139789827
3.60367234054591	5.5025953644318	7.47699646841555	9.36561821861314
3.60987385261132	5.51602996662906	7.50209249925806	9.37794645013657
3.61607536467674	5.52385200893086	7.51918692365176	9.36769967385218
3.62227687674215	5.47466129244795	7.51992263296873	9.45555414356708
3.62847838880756	5.56946179986186	7.5211474758367	9.40499630716237
3.63467990087298	5.57855825354406	7.54536420415967	9.42891522274012
3.64088141293839	5.54356393760082	7.54805952124382	9.43623397128269
3.64708292500381	5.59160988693427	7.57785655054278	9.47490829375068
3.65328443706922	5.59755728793912	7.56818526189055	9.49992319591997
3.65948594913463	5.62068587385147	7.59857603336926	9.50546622996389
3.66568746120005	5.62461015725364	7.60014858261132	9.53331880781217
3.67188897326546	5.62917724552121	7.64201328522467	9.51476891728435
3.67809048533087	5.62055614404553	7.6479954309033	9.53141418428723
3.68429199739629	5.60772471028612	7.63675195620661	9.49876241106192
3.6904935094617	5.6517811418921	7.65351997336248	9.55938958626057
3.69669502152711	5.68744859141789	7.67024556997807	9.57657706765899
3.70289653359253	5.65468743806618	7.70776762346812	9.61163835929363
3.70909804565794	5.64964323723829	7.70083221132385	9.63484655309085
3.71529955772336	5.70764299540625	7.71070881549997	9.57324543525819
3.72150106978877	5.63470731162086	7.73837728296545	9.66756377010568
3.72770258185418	5.7370760018915	7.74835472858087	9.63213104198004
3.7339040939196	5.7488786685652	7.76692544969339	9.70052596241853
3.74010560598501	5.74528260835017	7.75683583656802	9.70366226454149
3.74630711805042	5.73809619137179	7.77058692204363	9.6724708841529
3.75250863011584	5.80387751699993	7.79640099927037	9.76688497527801
3.75871014218125	5.78644587673707	7.78631373513629	9.77953253149138
3.76491165424667	5.79026784994478	7.82091576452026	9.73867782056247
3.77111316631208	5.70225773264675	7.83687764421932	9.75013984311859
3.77731467837749	5.78510595555392	7.85671349314427	9.77772658332632
3.78351619044291	5.82702019557693	7.85997232390802	9.79525233692509
3.78971770250832	5.81358440114489	7.87220495950831	9.78776881339107
3.79591921457373	5.85426814100009	7.87428897913688	9.81035981198549
3.80212072663915	5.8219488500042	7.88151606228043	9.82398398358491
3.80832223870456	5.85904305463714	7.89902674775101	9.84284607542329
3.81452375076997	5.89119184516171	7.9085008788469	9.9358157309342
3.82072526283539	5.87022062958733	7.93298555462698	9.89706750964187
3.8269267749008	5.84427168170967	7.95491285768957	9.89438531469173
3.83312828696622	5.89253602767351	7.94792071637276	9.96196469329384
3.83932979903163	5.92620467219863	7.93868404711864	9.95086449206133
3.84553131109704	5.94248214989982	7.99541332288998	9.99037310062536
3.85173282316246	5.9026946852115	7.99062576543468	9.99835751340518
3.85793433522787	5.91180467128463	7.99602564536271	9.99133687328976
3.86413584729328	5.97549764827391	8.02685562279343	10.0223063566496
3.8703373593587	5.9204206470822	8.03179649473215	10.0483902489364
3.87653887142411	5.91337465558617	8.06421272696517	10.0544143995039
3.88274038348953	5.93459804907436	8.06640663384843	10.0420699076191
3.88894189555494	6.00050415578254	8.09324214620357	10.0803565541548
3.89514340762035	6.03376805858215	8.08798861067656	10.053920703663
3.90134491968577	6.02825667639602	8.1171281000913	10.1157408151711
3.90754643175118	5.96616598309361	8.10161041018916	10.1593516823244
3.91374794381659	6.02894735320478	8.10403917065214	10.1496505291728
3.91994945588201	6.07906732078867	8.12760964974199	10.14537293142
3.92615096794742	6.03034103349128	8.13784602466944	10.1622857260327
3.93235248001284	6.0767334751705	8.1564733849318	10.1786112056188
3.93855399207825	6.03903484423962	8.16556986745994	10.1996472523899
3.94475550414366	6.0067871314015	8.18246388492308	10.2097185865983
3.95095701620908	6.03172199890175	8.208084839726	10.2287701096897
3.95715852827449	6.0853029631643	8.21263765944483	10.2576763630674
3.9633600403399	6.11681616863513	8.2383158517193	10.28937079899
3.96956155240532	6.10386679745361	8.23686026812936	10.3423994738874
3.97576306447073	6.06761725020545	8.24800332276299	10.2937763732116
3.98196457653615	6.16599011595875	8.25715034025062	10.3335112384342
3.98816608860156	6.19889377009764	8.27112774818456	10.2844365130719
3.99436760066697	6.15659609790054	8.280454113729	10.3701271436315
4.00056911273239	6.14044622593712	8.29268884296611	10.3812875483867
4.0067706247978	6.17519401491844	8.31768027403556	10.3861330601765
4.01297213686321	6.19963258128613	8.32763604210017	10.3450065550803
4.01917364892863	6.13352248299304	8.34861754646905	10.381681580772
4.02537516099404	6.18693124323289	8.3597805008747	10.41866009088
4.03157667305945	6.19286356807329	8.350724783815	10.421923266403
4.03777818512487	6.19566583310942	8.3585789246477	10.4758281152811
4.04397969719028	6.18301502758084	8.40033113925147	10.4357964059229
4.0501812092557	6.20132513633602	8.38415903702984	10.4627483560332
4.05638272132111	6.22756855869228	8.40653398065974	10.4902357283849
4.06258423338652	6.2457842600292	8.43387285808333	10.5341712339414
4.06878574545194	6.25733567744295	8.44234052716956	10.5409503018192
4.07498725751735	6.27408027362138	8.45135458457353	10.5194684912378
4.08118876958276	6.2829333105887	8.45478595889189	10.5543715007187
4.08739028164818	6.22584715026702	8.45564626563514	10.6379050361658
4.09359179371359	6.2925634988094	8.48489857226191	10.5822756524297
4.09979330577901	6.31152137145693	8.52418250711741	10.5940531838459
4.10599481784442	6.36158465212657	8.50368456162339	10.6142456809924
4.11219632990983	6.3513400379671	8.50137352205398	10.587777173761
4.11839784197525	6.3609796639383	8.5486299937242	10.6420595829185
4.12459935404066	6.40161110035114	8.53833740881485	10.6522241115298
4.13080086610607	6.3501482635369	8.56648583960027	10.7265690076639
4.13700237817149	6.31631381351577	8.58149982686822	10.7108760006005
4.1432038902369	6.38709836231424	8.58136101358917	10.716772464904
4.14940540230231	6.32942380776306	8.59769395168326	10.6792220919658
4.15560691436773	6.39894115276606	8.62085217194724	10.7151441183985
4.16180842643314	6.39494144785455	8.63622512581138	10.7204346085007
4.16800993849855	6.34618301984094	8.62147213764703	10.7975122429907
4.17421145056397	6.43924011003983	8.66323864958883	10.8055881384864
4.18041296262938	6.41886017428016	8.66093095782885	10.7981403472707
4.1866144746948	6.45831164791729	8.67841796794362	10.8356070601612
4.19281598676021	6.490429827325	8.68569054047705	10.8294198394123
4.19901749882562	6.45770712233135	8.69561619486518	10.8321721797145
4.20521901089104	6.48824901748061	8.71471705447104	10.8729549101692
4.21142052295645	6.45334157962228	8.72379533464366	10.8870306372423
4.21762203502186	6.50236457417944	8.73157428716091	10.8675089385547
4.22382354708728	6.50747594825362	8.75283315996212	10.9417958347621
4.23002505915269	6.51821932536089	8.74693039545065	10.9196543181423
4.23622657121811	6.51106505490684	8.77133796426391	10.9808518953943
4.24242808328352	6.51504709588394	8.79199874575084	10.9455997862672
4.24862959534893	6.53871206756687	8.79869132670748	10.9713054801605
4.25483110741435	6.53514879427659	8.81266782042255	10.968657252207
4.26103261947976	6.54828489807448	8.82417574342857	11.0718186291572
4.26723413154517	6.57100382670893	8.81238717570425	10.9683224933608
4.27343564361059	6.56645988293373	8.8433739665076	11.0376624626048
4.279637155676	6.58805757730906	8.87326358331732	11.0279706038762
4.28583866774142	6.55949217389269	8.87270257508592	11.0496041042425
4.29204017980683	6.57810490200401	8.88664788058623	11.1184308114641
