"mitochan"	"lwrNorm"	"medNorm"	"uprNorm"
-1.90327037354145	-4.77631816159656	-3.59871316872719	-2.4567392135803
-1.89704053151173	-4.76567861848974	-3.6037899845054	-2.39908477427441
-1.89081068948202	-4.76438685843911	-3.59105962795415	-2.43973331743094
-1.8845808474523	-4.7392453749906	-3.5616772002687	-2.4020494612875
-1.87835100542258	-4.71158456996975	-3.55326351969222	-2.38566286458161
-1.87212116339287	-4.72643308737934	-3.53839896633879	-2.37573685554931
-1.86589132136315	-4.66272354602842	-3.52914451801486	-2.37437741273841
-1.85966147933344	-4.64717552651709	-3.5421137776352	-2.39940798954562
-1.85343163730372	-4.70423924761885	-3.50765116065226	-2.33308884584029
-1.847201795274	-4.65037614803468	-3.50926979244598	-2.39559928736929
-1.84097195324429	-4.66746814516759	-3.48098673626573	-2.31310096345464
-1.83474211121457	-4.68183798889371	-3.47747334054854	-2.34846366536772
-1.82851226918486	-4.60547576715862	-3.46504013591867	-2.33569475432213
-1.82228242715514	-4.59862144296731	-3.42822695363187	-2.33060084151464
-1.81605258512542	-4.57926973776473	-3.44193081951162	-2.30726825596219
-1.80982274309571	-4.5370150597168	-3.42884098392653	-2.31792670625594
-1.80359290106599	-4.59511115979689	-3.41261239705084	-2.27646341701485
-1.79736305903628	-4.52701641902524	-3.42039368497106	-2.28693417677001
-1.79113321700656	-4.52462525015644	-3.39628358806389	-2.23282005576322
-1.78490337497684	-4.51931567310002	-3.39555954604701	-2.24836386002053
-1.77867353294713	-4.49073318615567	-3.37889723499463	-2.29696139608443
-1.77244369091741	-4.48422232536359	-3.35130770922593	-2.22927920914881
-1.7662138488877	-4.48665951870014	-3.35945809679164	-2.24036318301453
-1.75998400685798	-4.43066807470377	-3.34799974062887	-2.23363805708818
-1.75375416482826	-4.41678930598366	-3.33868063261721	-2.1918569705001
-1.74752432279855	-4.43786431239188	-3.30804275415851	-2.2394122969513
-1.74129448076883	-4.45693561876227	-3.30577762530572	-2.24045216834248
-1.73506463873912	-4.43523086370808	-3.29102439722974	-2.20751958099328
-1.7288347967094	-4.40402154430089	-3.26788430469794	-2.20977234371159
-1.72260495467968	-4.38674108009487	-3.273585203686	-2.20901533211506
-1.71637511264997	-4.36925751774753	-3.25327490536756	-2.19641670206075
-1.71014527062025	-4.352180685247	-3.23772191576691	-2.1328744367017
-1.70391542859053	-4.32850753459857	-3.2307407650707	-2.14866965962421
-1.69768558656082	-4.34044201301902	-3.22164319487505	-2.15633420206814
-1.6914557445311	-4.29795478797923	-3.2096780012631	-2.14569571954213
-1.68522590250139	-4.331344583425	-3.18930221922083	-2.09942457262363
-1.67899606047167	-4.28855317833672	-3.17824474350959	-2.09540546035209
-1.67276621844195	-4.2574194023272	-3.17891225288822	-2.11194381876856
-1.66653637641224	-4.22723641124653	-3.16238324253198	-2.04051264380658
-1.66030653438252	-4.28057132349002	-3.16289150726755	-2.08768604401041
-1.65407669235281	-4.18650446985749	-3.13546164072657	-2.07381971035471
-1.64784685032309	-4.19860796493165	-3.1199435830254	-2.08007558693637
-1.64161700829337	-4.21259815525674	-3.12341357618159	-2.06189955700099
-1.63538716626366	-4.18300181638898	-3.100429451086	-2.07557544813619
-1.62915732423394	-4.16776749911907	-3.09620971343531	-2.05077761955398
-1.62292748220423	-4.15834147371231	-3.08186521661156	-2.02291469032117
-1.61669764017451	-4.13069390116339	-3.06148993129199	-2.03982937597701
-1.61046779814479	-4.15529877478679	-3.06828255559278	-2.01499915148573
-1.60423795611508	-4.12227001123619	-3.04151850252426	-2.0293176254455
-1.59800811408536	-4.07209891261027	-3.05179964458943	-2.00642961350151
-1.59177827205565	-4.05747730789097	-3.02943071083189	-2.00310904142744
-1.58554843002593	-4.02772674561665	-2.99961260707176	-1.95430659284437
-1.57931858799621	-4.04115533886711	-2.99482328396872	-1.95027893477639
-1.5730887459665	-4.02567755916807	-2.9926616391119	-1.92618181377936
-1.56685890393678	-4.02454574958573	-2.97290683787344	-1.94152002518432
-1.56062906190707	-4.00183637550139	-2.97047505180056	-1.9049944169571
-1.55439921987735	-4.0301669728922	-2.95142872717382	-1.92203822793101
-1.54816937784763	-3.959801790555	-2.93889675335546	-1.94678370641602
-1.54193953581792	-4.00268222326086	-2.91834090738739	-1.94239584922266
-1.5357096937882	-3.92839551459672	-2.90967408677933	-1.9255901533652
-1.52947985175848	-3.92301783864974	-2.90606036191901	-1.88490308218686
-1.52325000972877	-3.91429778506668	-2.88588210844364	-1.88672065780118
-1.51702016769905	-3.91139671134709	-2.88730680722598	-1.87191946402646
-1.51079032566934	-3.90927496437568	-2.87551790355006	-1.82794791142796
-1.50456048363962	-3.8491140282297	-2.85309900109924	-1.80428574691146
-1.4983306416099	-3.8441041221735	-2.84506130449608	-1.85344617555744
-1.49210079958019	-3.85798988029552	-2.81965633375151	-1.82013421975317
-1.48587095755047	-3.86833428376181	-2.82811563942412	-1.83010094626908
-1.47964111552076	-3.81589967386332	-2.81276815106339	-1.80285029118458
-1.47341127349104	-3.83053393595848	-2.78779651430212	-1.79957364136973
-1.46718143146132	-3.81400690819036	-2.78628589875589	-1.8075665657872
-1.46095158943161	-3.77563907536564	-2.77437755030411	-1.74009266108778
-1.45472174740189	-3.77179321133691	-2.76212509533715	-1.76359262985471
-1.44849190537218	-3.73112756830979	-2.74591706426581	-1.74553385505859
-1.44226206334246	-3.75158363834784	-2.74370758444388	-1.79587436286045
-1.43603222131274	-3.71355223796038	-2.73368476504528	-1.74990399379686
-1.42980237928303	-3.70274745214525	-2.7071350003581	-1.72679600398346
-1.42357253725331	-3.67881151385092	-2.68618435993438	-1.68825286802044
-1.4173426952236	-3.64334417265917	-2.67857041668836	-1.67887014950009
-1.41111285319388	-3.67843020736287	-2.66496306651026	-1.72573462077311
-1.40488301116416	-3.63781841077587	-2.65613865175392	-1.69817992683113
-1.39865316913445	-3.69869031462317	-2.66578614361975	-1.68523900804674
-1.39242332710473	-3.62341743564466	-2.64561046538196	-1.64326026188282
-1.38619348507502	-3.60010473341026	-2.62388985365647	-1.67843149054732
-1.3799636430453	-3.59434299583316	-2.61441311443262	-1.64557992972904
-1.37373380101558	-3.591470409568	-2.61611583871731	-1.62032239815326
-1.36750395898587	-3.56379103264233	-2.58861891669272	-1.5973820225037
-1.36127411695615	-3.52470351407824	-2.59262388494809	-1.64062648454925
-1.35504427492644	-3.55749601360637	-2.56619241457626	-1.57711115813914
-1.34881443289672	-3.49821209907493	-2.56804825656125	-1.55454804123247
-1.342584590867	-3.53275689103651	-2.55428497984525	-1.55205732565143
-1.33635474883729	-3.46948944116688	-2.54635606478617	-1.55707134926958
-1.33012490680757	-3.48591163731153	-2.52298778761094	-1.54346527825483
-1.32389506477785	-3.4341176703402	-2.52662691088365	-1.60287444263889
-1.31766522274814	-3.47188357776636	-2.49494484766309	-1.53982820351834
-1.31143538071842	-3.42360782760585	-2.48162171010633	-1.54501746313199
-1.30520553868871	-3.43854381397019	-2.48631266608652	-1.55984071902749
-1.29897569665899	-3.41848362936688	-2.46305141448802	-1.50262058535617
-1.29274585462927	-3.38444169387223	-2.45468103085388	-1.51879836748382
-1.28651601259956	-3.4031045618957	-2.44157584131854	-1.53861489516828
-1.28028617056984	-3.38906398028336	-2.43756450127304	-1.48528729287266
-1.27405632854013	-3.35114920174505	-2.4125792684275	-1.47580892369973
-1.26782648651041	-3.32048751067789	-2.39835868987112	-1.47208387399696
-1.26159664448069	-3.36792844129409	-2.40391130842578	-1.48606705407374
-1.25536680245098	-3.33499445581653	-2.38887738091805	-1.48863805117806
-1.24913696042126	-3.3120623633764	-2.3622212529483	-1.4607862395595
-1.24290711839155	-3.31269825936335	-2.3555080871081	-1.44016237410195
-1.23667727636183	-3.29375400925829	-2.356750193272	-1.45150419497151
-1.23044743433211	-3.23355706563114	-2.33956970583202	-1.42784456642658
-1.2242175923024	-3.22062089902056	-2.32836417871836	-1.38389201141253
-1.21798775027268	-3.2179520045647	-2.30433564796606	-1.40051421169259
-1.21175790824297	-3.24006958263051	-2.29111096759371	-1.36740057752626
-1.20552806621325	-3.2061347199183	-2.28695921995053	-1.38173418233935
-1.19929822418353	-3.168910558661	-2.28476506467983	-1.35278894339845
-1.19306838215382	-3.14322017474912	-2.25902096846591	-1.33781835452547
-1.1868385401241	-3.18885433460076	-2.26266269049521	-1.32505070526983
-1.18060869809439	-3.17959168514249	-2.24329841849602	-1.28842892324334
-1.17437885606467	-3.15032448584284	-2.22610580825691	-1.34523312940923
-1.16814901403495	-3.13361550889718	-2.20687683707699	-1.33229799685074
-1.16191917200524	-3.10074123198065	-2.22026032152136	-1.33992262617417
-1.15568932997552	-3.1016275525876	-2.19706765055717	-1.27164280784001
-1.1494594879458	-3.05708971059039	-2.18791691153287	-1.26728911826259
-1.14322964591609	-3.02785086349875	-2.16998489271816	-1.2646005889659
-1.13699980388637	-3.07288931647399	-2.16147767417973	-1.25366286637264
-1.13076996185666	-3.06862849379743	-2.13565772189435	-1.27198392703154
-1.12454011982694	-3.04453474802342	-2.13692873460327	-1.24020193247331
-1.11831027779722	-3.02546149932754	-2.12927009573846	-1.21865728218205
-1.11208043576751	-3.02658579022666	-2.1233371738455	-1.20005345320647
-1.10585059373779	-2.95125270724992	-2.0926580933829	-1.2483259688692
-1.09962075170808	-2.98969561092887	-2.08013010988431	-1.19227814213055
-1.09339090967836	-2.95525779026062	-2.08002923335444	-1.21921675829187
-1.08716106764864	-2.96820405287394	-2.06442062159362	-1.17373576587212
-1.08093122561893	-2.95074204433028	-2.04958418733268	-1.15139397735933
-1.07470138358921	-2.90792378730685	-2.03690073934106	-1.16477790542387
-1.0684715415595	-2.9267781516211	-2.02497816799206	-1.16316953354461
-1.06224169952978	-2.91468852775616	-2.00578760444909	-1.10471251996051
-1.05601185750006	-2.87131248704575	-1.99623054906671	-1.11195222434075
-1.04978201547035	-2.87329694219327	-2.00460956945959	-1.11942584330952
-1.04355217344063	-2.87665253015477	-1.98124941907479	-1.10937973736182
-1.03732233141092	-2.83629036720278	-1.97333152872052	-1.12194056430101
-1.0310924893812	-2.8194543152197	-1.95630109902576	-1.12384397198689
-1.02486264735148	-2.80246481738773	-1.94999638461206	-1.12112085947996
-1.01863280532177	-2.77736979450649	-1.91327300758888	-1.05883506380072
-1.01240296329205	-2.78937613275336	-1.92548359911067	-1.05345505992824
-1.00617312126234	-2.79170685399031	-1.90677910691334	-1.04598581468972
-0.999943279232619	-2.78894920387263	-1.90595964869515	-1.02758642960047
-0.993713437202903	-2.77158124177383	-1.88928369572011	-1.03346331016396
-0.987483595173187	-2.74387425496857	-1.87861664663056	-1.03292338630002
-0.981253753143471	-2.67705803954445	-1.8573437044012	-1.01534122354152
-0.975023911113755	-2.71660602269611	-1.83970750371121	-1.02676864651465
-0.968794069084039	-2.68325381645289	-1.84715655603825	-1.00516300508442
-0.962564227054323	-2.63602761772328	-1.82470339471608	-0.992709252484771
-0.956334385024607	-2.68489176543824	-1.81398925865814	-0.981179133202568
-0.950104542994891	-2.68469363144474	-1.80245543048681	-0.936725378000775
-0.943874700965175	-2.63282685764129	-1.78798992955033	-0.925355645075475
-0.937644858935459	-2.60426852978069	-1.77673188822175	-0.950049248623553
-0.931415016905743	-2.58496212628649	-1.76106753549448	-0.941797325730198
-0.925185174876027	-2.59436889362403	-1.74904322808564	-0.94520036356916
-0.91895533284631	-2.60174902996571	-1.75991553928635	-0.914429734221094
-0.912725490816594	-2.55762299836473	-1.73521630582722	-0.899743965038943
-0.906495648786878	-2.53680701823137	-1.72414721419819	-0.913159001840979
-0.900265806757162	-2.566369357343	-1.71717372128507	-0.912015055946197
-0.894035964727446	-2.56355986555865	-1.70717810566724	-0.895143016054402
-0.88780612269773	-2.48225862952929	-1.67717276646798	-0.846640867536296
-0.881576280668014	-2.50689183127677	-1.67126731667859	-0.823601928915433
-0.875346438638298	-2.48886668804763	-1.66280064722585	-0.857252120740584
-0.869116596608582	-2.46581593573653	-1.6555816713745	-0.833629417037146
-0.862886754578866	-2.44340681507317	-1.65461014304514	-0.838828652969843
-0.85665691254915	-2.44586817119903	-1.62711275649104	-0.818280120398871
-0.850427070519434	-2.40710456420297	-1.61057511582778	-0.817946620182929
-0.844197228489718	-2.39594586357991	-1.60437380173391	-0.815227938714412
-0.837967386460002	-2.39852833196728	-1.5926734305103	-0.759712954061751
-0.831737544430286	-2.35943879802451	-1.58803482527586	-0.793432158958768
-0.82550770240057	-2.38704846545573	-1.56705151255209	-0.7503620252691
-0.819277860370853	-2.34336726006753	-1.54300302215456	-0.74411217343554
-0.813048018341137	-2.3355751366305	-1.54074950954985	-0.707048964104628
-0.806818176311421	-2.35522073547764	-1.52958752864465	-0.744504131068623
-0.800588334281705	-2.34216983158862	-1.51420564663364	-0.745383706558504
-0.794358492251989	-2.29910916724481	-1.51033675053647	-0.722990830175347
-0.788128650222273	-2.2775465703492	-1.49686116414972	-0.712021439315669
-0.781898808192557	-2.30171418943159	-1.46872897275577	-0.691913562591274
-0.775668966162841	-2.25749791352785	-1.46349067363252	-0.637900235385032
-0.769439124133125	-2.27601257756018	-1.46730118224125	-0.669549982832824
-0.763209282103409	-2.24666191569873	-1.45085503211033	-0.653521123014688
-0.756979440073693	-2.22972869710189	-1.44752205207619	-0.664855006595745
-0.750749598043977	-2.2287351514622	-1.43672721916456	-0.625288525855536
-0.744519756014261	-2.22153020386442	-1.40782874545851	-0.653127659496352
-0.738289913984545	-2.20060426271628	-1.40217646471863	-0.621570552532364
-0.732060071954828	-2.1833244857067	-1.39053045679095	-0.593112682695092
-0.725830229925112	-2.19173455948794	-1.36526826545073	-0.620236077376019
-0.719600387895396	-2.12792948770905	-1.37333956894195	-0.597564194713878
-0.71337054586568	-2.11418413430111	-1.33895039351189	-0.584248115826005
-0.707140703835964	-2.12555575136294	-1.33662577338528	-0.551605584855262
-0.700910861806248	-2.12494829946781	-1.32944277215184	-0.549799610118522
-0.694681019776532	-2.08468622764451	-1.31784400328581	-0.52537968929518
-0.688451177746816	-2.09841583076904	-1.29831441817873	-0.562911658283539
-0.6822213357171	-2.07459725762589	-1.29237698830225	-0.509368821753037
-0.675991493687384	-2.08921125869474	-1.27758457231379	-0.535154606552434
-0.669761651657668	-2.05769747267513	-1.27731054460414	-0.543177041227169
-0.663531809627952	-2.00835693584622	-1.27794847498416	-0.500125124550112
-0.657301967598236	-2.01451638465726	-1.25713493463642	-0.472885577404453
-0.65107212556852	-2.00583414977845	-1.22363246469435	-0.474550724584208
-0.644842283538804	-1.96308050301217	-1.21705790362865	-0.460523128311622
-0.638612441509087	-1.97102789886697	-1.21582312386352	-0.467328684146534
-0.632382599479371	-1.96852854776641	-1.19157209029196	-0.411176174577552
-0.626152757449655	-1.94001763577759	-1.1872220617909	-0.444114416492214
-0.619922915419939	-1.93738877762796	-1.17429007161525	-0.415637167529714
-0.613693073390223	-1.92696899662794	-1.17886725096365	-0.389119285510551
-0.607463231360507	-1.91863903617419	-1.14936299012815	-0.415269313619285
-0.601233389330791	-1.96779519660067	-1.14218070404185	-0.38701948383726
-0.595003547301075	-1.87168470918284	-1.13839383964774	-0.403207773112626
-0.588773705271359	-1.84919372604752	-1.11850466990925	-0.349076773912543
-0.582543863241643	-1.87588218099227	-1.09759419009724	-0.335208783273445
-0.576314021211927	-1.82117563793986	-1.10061553072815	-0.321940791493255
-0.570084179182211	-1.84285305962171	-1.07188862628905	-0.318389413897307
-0.563854337152495	-1.83741797588886	-1.07392650319218	-0.316197224044424
-0.557624495122779	-1.79364104079827	-1.05938285088774	-0.279498018514176
-0.551394653093063	-1.78019757056061	-1.04586515537348	-0.328901574959738
-0.545164811063346	-1.77814727284208	-1.03213821395398	-0.302882886580661
-0.53893496903363	-1.79093336745744	-1.03019602750747	-0.291001321191275
-0.532705127003914	-1.78124302930437	-1.02063926637692	-0.233615011404159
-0.526475284974198	-1.73546217841955	-0.99502599420144	-0.278191557362289
-0.520245442944482	-1.74538913104369	-0.988277993764701	-0.258363527743669
-0.514015600914766	-1.70043177173043	-0.974677383795026	-0.212328020920251
-0.50778575888505	-1.69764949520726	-0.973755406635812	-0.232163296557576
-0.501555916855334	-1.6803131645108	-0.955489598205516	-0.18443694868754
-0.495326074825618	-1.65276671600457	-0.940402943622943	-0.184139330399407
-0.489096232795902	-1.69096340994307	-0.920401568557852	-0.19737276294422
-0.482866390766186	-1.65596588324783	-0.911361768660906	-0.155470430679767
-0.47663654873647	-1.66843701636141	-0.910513296760678	-0.138395151509184
-0.470406706706754	-1.63264184356138	-0.883425846973172	-0.182942270697303
-0.464176864677038	-1.60648020406874	-0.868491573681903	-0.131056710105371
-0.457947022647322	-1.58773746620833	-0.873033235878687	-0.160343126728537
-0.451717180617606	-1.57342335085431	-0.846210483998833	-0.123243309591258
-0.44548733858789	-1.56256464217234	-0.857596920976762	-0.0968820077319022
-0.439257496558173	-1.54561140761836	-0.838655347772572	-0.0891830884413187
-0.433027654528457	-1.54509129611851	-0.812212545917123	-0.0661337799474786
-0.426797812498741	-1.52700745227427	-0.809768369107048	-0.12246450759972
-0.420567970469025	-1.53049790216324	-0.800958203181162	-0.090127778402445
-0.414338128439309	-1.4842287072873	-0.778167386384444	-0.0615621729017131
-0.408108286409593	-1.49287478466585	-0.766252654430817	-0.04904060184292
-0.401878444379877	-1.43523592486564	-0.778826775567901	-0.0693342281577886
-0.395648602350161	-1.50005737834351	-0.754448559845373	-0.0545399946243672
-0.389418760320445	-1.45624123217151	-0.737857700237346	-0.0376646799593049
-0.383188918290729	-1.41856210046868	-0.720598827383937	0.0046456820784446
-0.376959076261013	-1.43872865932657	-0.715523818733425	0.0211388902643247
-0.370729234231297	-1.4312759332589	-0.702909784640327	0.0281150101370055
-0.364499392201581	-1.38524294244847	-0.68252875632568	-0.00223632308977157
-0.358269550171865	-1.39132737113539	-0.674128575869377	0.0196327823391276
-0.352039708142148	-1.37939567172713	-0.674929617675668	0.0365319913768087
-0.345809866112432	-1.37408283841219	-0.640607294812112	0.032463879495256
-0.339580024082716	-1.37681745842544	-0.659604317620328	0.073916704379876
-0.333350182053	-1.36661481381472	-0.623424336578926	0.0816987203036604
-0.327120340023284	-1.33123470301519	-0.632934513969743	0.0831849300006162
-0.320890497993568	-1.34145797437022	-0.602080732177326	0.109777442247934
-0.314660655963852	-1.29562689212253	-0.595784242872441	0.118421761465923
-0.308430813934136	-1.29706627455291	-0.583359363816857	0.139104213462381
-0.30220097190442	-1.27323541031891	-0.569703842801126	0.141944214159163
-0.295971129874704	-1.22407833054227	-0.564040647735341	0.132066763611793
-0.289741287844988	-1.27800450445051	-0.548087775177107	0.142897146159694
-0.283511445815272	-1.25168042200737	-0.547225490122252	0.143100714787105
-0.277281603785556	-1.24520911552553	-0.531341258248532	0.160726330546113
-0.27105176175584	-1.22224996290275	-0.521088129579504	0.180044640586682
-0.264821919726124	-1.213139476461	-0.49201118834124	0.162002056229485
-0.258592077696407	-1.20370026804312	-0.503714473217967	0.208235753574664
-0.252362235666691	-1.19388644392569	-0.483724861797302	0.251868643110468
-0.246132393636975	-1.19368654587177	-0.463415525158483	0.217790543678033
-0.239902551607259	-1.1382091664164	-0.46289771651615	0.251624029890571
-0.233672709577543	-1.16211325575947	-0.453899513041496	0.238873745093481
-0.227442867547827	-1.14441814165856	-0.42677077269187	0.234508805931555
-0.221213025518111	-1.11425119999788	-0.420280444738625	0.278647070609967
-0.214983183488395	-1.10700252023218	-0.397318838066116	0.305989425618267
-0.208753341458679	-1.10307010162305	-0.397705627071872	0.312626270830122
-0.202523499428963	-1.09146946096471	-0.377999530662596	0.302322426658934
-0.196293657399247	-1.10033668889373	-0.374577642652298	0.327234256541382
-0.190063815369531	-1.04124665509191	-0.36700588328555	0.348017135890586
-0.183833973339815	-1.04832625632158	-0.341626571064608	0.353422810500583
-0.177604131310099	-1.04101438738003	-0.342559761378215	0.394589161865108
-0.171374289280383	-1.02800624464184	-0.330955073634968	0.351119334509005
-0.165144447250666	-1.0008310581202	-0.307896658868871	0.360821669547926
-0.15891460522095	-0.98573289633308	-0.30085275346752	0.385506404804795
-0.152684763191234	-0.98344531873947	-0.297980987324815	0.410290004324563
-0.146454921161518	-0.933265689530632	-0.267376988848939	0.442837035781177
-0.140225079131802	-0.930609893656695	-0.270385150321556	0.437895257966803
-0.133995237102086	-0.945155454016383	-0.264124248802429	0.43425344194556
-0.12776539507237	-0.932151647450054	-0.253828601959033	0.419039532362044
-0.121535553042654	-0.915141095912343	-0.241517216527256	0.461830727401746
-0.115305711012938	-0.917914651044895	-0.20874992581494	0.471723619599593
-0.109075868983222	-0.899504192806075	-0.215419854675748	0.495399322495928
-0.102846026953506	-0.893108285268592	-0.202680575990953	0.505901765130664
-0.0966161849237899	-0.847314677408914	-0.179614242065209	0.482947293389889
-0.0903863428940739	-0.863323590667363	-0.172298288229007	0.514818090559236
-0.0841565008643577	-0.854153834487805	-0.15500008341011	0.543911804651639
-0.0779266588346417	-0.801586874374432	-0.142473055019243	0.53819973071629
-0.0716968168049257	-0.816605599925748	-0.133703277249947	0.536078840959866
-0.0654669747752095	-0.823749561335792	-0.125057681092479	0.56155873690893
-0.0592371327454935	-0.810610430688266	-0.107922628557196	0.572461497443807
-0.0530072907157775	-0.769338458915752	-0.107027165278544	0.584155713977764
-0.0467774486860613	-0.78285181490941	-0.0839779506531611	0.607876996307884
-0.0405476066563453	-0.795937565002805	-0.0630004821346997	0.570673234438342
-0.0343177646266293	-0.743845545007841	-0.081372612057041	0.618439479454944
-0.0280879225969131	-0.772620253690939	-0.0489364430649606	0.620909905741186
-0.0218580805671971	-0.759018097358968	-0.0456590227476659	0.639280583026857
-0.0156282385374811	-0.705778043564514	-0.0313384605237677	0.674005260713839
-0.00939839650776486	-0.711649253388747	-0.0229967947901638	0.6736162875537
-0.00316855447804887	-0.690344943246641	-0.00350361288262369	0.677031226144436
0.00306128755166712	-0.66161151758634	0.00830495495428789	0.661244083742877
0.00929112958138334	-0.641990325375824	0.021068597499629	0.735519407887061
0.0155209716110993	-0.6476029235803	0.0341063250618481	0.716660839915216
0.0217508136408153	-0.642975676609952	0.0446740527091974	0.732412654009997
0.0279806556705315	-0.640254241066457	0.0518244816712621	0.772853971056508
0.0342104977002475	-0.658546855076646	0.0744358111240979	0.729572548987759
0.0404403397299635	-0.592777664217152	0.0819010639672634	0.760048656216238
0.0466701817596797	-0.583761084642843	0.0939070830484983	0.759724944291606
0.0529000237893957	-0.596686623898083	0.105915221932861	0.808692691443533
0.0591298658191117	-0.57784224904829	0.123529498148764	0.791814641197403
0.0653597078488279	-0.558465087523868	0.113345014759881	0.820648674360166
0.0715895498785439	-0.525677473218392	0.141116516891244	0.845748731102925
0.0778193919082599	-0.56246017110717	0.147361326998444	0.858635252063723
0.0840492339379761	-0.552870611776517	0.184488801178973	0.86533818298308
0.0902790759676921	-0.516095655054032	0.170430003591381	0.839519385659814
0.0965089179974081	-0.51901604763345	0.196522153624577	0.8825631452078
0.102738760027124	-0.488414398333655	0.207073528501906	0.891953730297226
0.10896860205684	-0.463219143277737	0.214549903506647	0.921661181904884
0.115198444086556	-0.477179320548614	0.218708511367107	0.879810241627292
0.121428286116272	-0.456679794125149	0.212186614999793	0.93110508108693
0.127658128145988	-0.453702758042822	0.242083132992509	0.95162266280332
0.133887970175705	-0.470526640941309	0.246088832995213	0.962976020759123
0.140117812205421	-0.432829865531146	0.268572239188423	0.954691695938429
0.146347654235137	-0.434295640498649	0.270106734066778	0.942680059190643
0.152577496264853	-0.376782375909983	0.282143563337366	0.990034897059337
0.158807338294569	-0.377228900750358	0.307963450100732	0.971716150322896
0.165037180324285	-0.34859511832487	0.314258520475807	1.01340185687363
0.171267022354001	-0.387892959821939	0.328591673047248	0.999651841961746
0.177496864383717	-0.35991145048349	0.337617280346615	1.01608387390614
0.183726706413433	-0.352983196908097	0.360079149785256	1.07044096700745
0.189956548443149	-0.360349282385817	0.355779535534071	1.03912694297774
0.196186390472865	-0.347438241451519	0.369953846969049	1.06559571375063
0.202416232502581	-0.325147921914365	0.390029579122846	1.05959392030986
0.208646074532298	-0.257484131126681	0.40084484301267	1.10064152798488
0.214875916562014	-0.284727101949554	0.411270561424656	1.09793137443601
0.22110575859173	-0.274621863526927	0.421022992165697	1.10135822151912
0.227335600621446	-0.28166959562198	0.445373963714922	1.13756833274295
0.233565442651162	-0.246788740980811	0.427183261700326	1.13951663781299
0.239795284680878	-0.243104937729066	0.447856841250255	1.17577363805706
0.246025126710594	-0.232959269549692	0.472347653403946	1.15822792422544
0.25225496874031	-0.254720668812801	0.490768309849528	1.14849459986504
0.258484810770026	-0.213660992905264	0.499541024952594	1.20637917864451
0.264714652799742	-0.205850978558013	0.499566700955393	1.20994581545902
0.270944494829458	-0.16194286796356	0.52037365962764	1.21078130037738
0.277174336859174	-0.164549690836766	0.533906915397053	1.24539321037801
0.28340417888889	-0.151095885586608	0.535444990866878	1.24484993493362
0.289634020918606	-0.14602455230517	0.546195170331526	1.24027936341159
0.295863862948322	-0.14442882167924	0.563854764350002	1.2492931478129
0.302093704978038	-0.128451319380833	0.567242935593989	1.28221472231622
0.308323547007754	-0.12594523256421	0.578196942011707	1.30520016014599
0.31455338903747	-0.136409676670005	0.602931203730273	1.2818556585056
0.320783231067187	-0.0804467971928587	0.612937503829661	1.30011874575742
0.327013073096903	-0.0883552213018165	0.623949346973827	1.3534651724366
0.333242915126619	-0.062546780445862	0.642964180724236	1.34687379356944
0.339472757156335	-0.0797983933217475	0.65303094917108	1.32401391489513
0.345702599186051	-0.0177288890464816	0.654204442650209	1.3409084727972
0.351932441215767	-0.0433396753697418	0.660554281655878	1.41256212491688
0.358162283245483	-0.0337244399459632	0.678129853407541	1.37231842738481
0.364392125275199	-0.017650169091846	0.703039183918516	1.41121971648318
0.370621967304915	0.0141252926839037	0.710128255273013	1.40589569772623
0.376851809334631	0.0118018617071955	0.733208231446637	1.42999218673506
0.383081651364347	0.0660300033712457	0.748587938407594	1.40089974922112
0.389311493394063	0.0714473286299521	0.757729362194252	1.45136083546709
0.39554133542378	0.0299783613585853	0.760586650120409	1.45067743375925
0.401771177453496	0.0644969582935467	0.765969886419118	1.4515697538831
0.408001019483212	0.0768082049255254	0.77460520465039	1.46641599541543
0.414230861512928	0.0651226376477727	0.792214366721614	1.5085850542047
0.420460703542644	0.0490680115475369	0.807588127026623	1.49006472551684
0.42669054557236	0.100477244644087	0.818377262721298	1.52725606288712
0.432920387602076	0.109886199904299	0.822524813344	1.5424677953961
0.439150229631792	0.110433896188672	0.826456303187227	1.54121672452985
0.445380071661508	0.10800948260053	0.84710993759793	1.53443737413593
0.451609913691224	0.132805746150561	0.858774369845602	1.56194507596809
0.45783975572094	0.164307406460433	0.875541434302194	1.60460687413016
0.464069597750656	0.178177916619593	0.879378847915976	1.62781241147084
0.470299439780372	0.175810304907987	0.903611515498375	1.62025845380372
0.476529281810088	0.224501089169178	0.911474460541265	1.65623645468799
0.482759123839804	0.162121881785795	0.910179859885255	1.65211359452676
0.48898896586952	0.207964055806293	0.926409779176893	1.63005329884687
0.495218807899236	0.212884333557125	0.953551296346809	1.65264106804947
0.501448649928952	0.230771351182686	0.962638055528577	1.63871777696127
0.507678491958668	0.234446240234182	0.961805437343912	1.69287595418289
0.513908333988385	0.281424377413405	0.99498328713606	1.69411444662414
0.520138176018101	0.277169142073142	1.00881469187567	1.71301286334902
0.526368018047817	0.27099255598427	0.99904899660071	1.7407013223302
0.532597860077533	0.311215288372017	1.01407809686607	1.71756791059182
0.538827702107249	0.285276508835021	1.03780956208682	1.76505467492421
0.545057544136965	0.326820370179247	1.03928735108852	1.77297262047771
0.551287386166681	0.3151196457011	1.06031321624516	1.78267665758406
0.557517228196397	0.348131023876369	1.05268205575257	1.79984047276946
0.563747070226113	0.324088619739768	1.07080303148028	1.80489684058843
0.569976912255829	0.379392913357209	1.07173420690079	1.77303043173522
0.576206754285545	0.381482293742136	1.08023808228261	1.83458592966729
0.582436596315261	0.380825610913777	1.11946109183594	1.84946683032472
0.588666438344978	0.378082156698697	1.11944176735502	1.87873771921265
0.594896280374694	0.358084328270307	1.14302292244977	1.88645555534212
0.60112612240441	0.397753741776871	1.14248888093461	1.87132961015147
0.607355964434126	0.414587554205151	1.15898642916515	1.89569188501739
0.613585806463842	0.386775388342514	1.16092077887564	1.91421090588837
0.619815648493558	0.461749709801047	1.19554694986568	1.92993328952508
0.626045490523274	0.445378292669761	1.18675756378471	1.90992843254319
0.63227533255299	0.452808015675163	1.18541493119689	1.97563755101834
0.638505174582706	0.467262425489113	1.206871604895	1.93263175950302
0.644735016612422	0.48835174528649	1.23319219824135	2.0376457694924
0.650964858642138	0.487810545376338	1.22913536092494	1.9830689740168
0.657194700671854	0.486597015512409	1.25713300512996	1.98362842290487
0.66342454270157	0.516181960000979	1.25822890528071	1.99449306514686
0.669654384731286	0.521105516409778	1.27456837762622	2.02224948383623
0.675884226761002	0.542424737050567	1.28831897931718	2.01004956094887
0.682114068790718	0.518606985281518	1.29306775490172	2.08440209243295
0.688343910820434	0.512945569647015	1.30420527162958	2.0666789212701
0.69457375285015	0.553478791621288	1.30718620342399	2.08414127691641
0.700803594879867	0.573106644541414	1.32077018926164	2.07353603780341
0.707033436909583	0.576703682405468	1.33778572669649	2.09771676232204
0.713263278939299	0.623596432409869	1.35295101231916	2.09841523093269
0.719493120969015	0.579852119333809	1.36744262887693	2.15774182535641
0.725722962998731	0.624461575607201	1.38330908976144	2.14246405278964
0.731952805028447	0.605805717664286	1.3918469430757	2.17992095280166
0.738182647058163	0.629122234003966	1.40407287114704	2.14630419226002
0.744412489087879	0.655537239186482	1.42099296141251	2.1792416646574
0.750642331117595	0.642451449504393	1.42537736520503	2.20494335030502
0.756872173147311	0.661051651313044	1.43539063540957	2.2465403940642
0.763102015177027	0.684187382186645	1.44823123037135	2.20412072834196
0.769331857206743	0.683680281282815	1.47032874881875	2.27887849750203
0.77556169923646	0.708862308246033	1.47523597544435	2.23629892936101
0.781791541266176	0.671601338507947	1.47522381791529	2.27682524866039
0.788021383295892	0.736491397563254	1.48512078289246	2.26881830261862
0.794251225325608	0.7538483679846	1.52918995326881	2.3125572370495
0.800481067355324	0.724784523667244	1.50929141983435	2.29959168743885
0.80671090938504	0.754391695022211	1.52861475252362	2.33809120530139
0.812940751414756	0.780392742583468	1.53260476994718	2.29348562502527
0.819170593444472	0.765790585681772	1.56069269989134	2.323968726744
0.825400435474188	0.789261781706235	1.57372992061985	2.33408561796189
0.831630277503904	0.789400597887363	1.59222581046109	2.35293108647329
0.83786011953362	0.805954042042687	1.59790011326672	2.36828870947378
0.844089961563336	0.802783474835851	1.59921701590201	2.34823084394813
0.850319803593052	0.800781005095419	1.61187349435393	2.38784561821726
0.856549645622768	0.837852481571031	1.62951316161679	2.44538042120562
0.862779487652484	0.838775424253164	1.64344944260933	2.43161556386607
0.8690093296822	0.859226244703322	1.66401746225419	2.43326397133313
0.875239171711916	0.869592106050275	1.66698458699142	2.46178030231452
0.881469013741632	0.897534066146914	1.6663377426423	2.48982133997303
0.887698855771349	0.898414961331521	1.6925087377131	2.49163839504309
0.893928697801065	0.885297452956777	1.70240243839944	2.49140467977087
0.900158539830781	0.935387880092527	1.71112012173131	2.5207549004426
0.906388381860497	0.910496091677679	1.70925300290257	2.55716618163117
0.912618223890213	0.913198938678138	1.75273320398364	2.52682752992901
0.918848065919929	0.946512438344597	1.73609722207336	2.56289020802622
0.925077907949645	0.991869300196055	1.76244352565511	2.54873213440154
0.931307749979361	0.971194182250402	1.76958010810849	2.58826638294599
0.937537592009077	0.98515217030806	1.77683906675109	2.59258004303059
0.943767434038793	0.95269452811102	1.78685109611464	2.61026712790445
0.949997276068509	1.02068830469741	1.79689760868592	2.61748199354781
0.956227118098225	1.02697602932651	1.81615986887288	2.64051690383133
0.962456960127941	1.02583228228425	1.83027756967254	2.62176736689616
0.968686802157658	0.982237629931765	1.82725960629316	2.63764806439272
0.974916644187374	1.05242396436277	1.85651237900017	2.67046686770969
0.98114648621709	1.01493376785662	1.85110389087261	2.7264408995566
0.987376328246806	1.05232897172393	1.86893859647579	2.71138278780613
0.993606170276522	1.05600658048595	1.89200607788035	2.70884321825203
0.999836012306238	1.0568594475978	1.8992878942902	2.72527984915337
1.00606585433595	1.08337277990372	1.91191567516455	2.74364695014396
1.01229569636567	1.04982929705945	1.92833311621824	2.75310496033394
1.01852553839539	1.1358620391994	1.94190994952457	2.75366220497878
1.0247553804251	1.12329200065835	1.94014584583782	2.77454313044423
1.03098522245482	1.11397993989029	1.97007474004477	2.81418018885011
1.03721506448453	1.17038685210198	1.97372459939776	2.82301319409029
1.04344490651425	1.16065029527237	1.98103852402557	2.83520940521905
1.04967474854397	1.17147477656649	1.97796977738786	2.8789100012491
1.05590459057368	1.14327526453061	1.99120862519755	2.82188489512919
1.0621344326034	1.16655734276617	2.02753841807964	2.8926475414041
1.06836427463311	1.19901551130277	2.01711499199023	2.85553789416152
1.07459411666283	1.24178241508233	2.0480116367375	2.85244702593294
1.08082395869255	1.20996854901679	2.06004662429707	2.88863685505273
1.08705380072226	1.21804727701189	2.06867438931343	2.9097629928472
1.09328364275198	1.27485088970416	2.06947076803342	2.99328528072837
1.09951348478169	1.23916115065403	2.0721037224998	2.92755237909133
1.10574332681141	1.22323976353961	2.10078495545979	2.95824582194045
1.11197316884113	1.27409194346117	2.11059126322511	2.99358264154052
1.11820301087084	1.27689778571063	2.11980789643759	2.97485369070608
1.12443285290056	1.29320152839598	2.14618471036972	3.04072099773524
1.13066269493028	1.31043046158001	2.16408777720514	2.99375992529708
1.13689253695999	1.2664021882111	2.15628875611883	2.98928306223197
1.14312237898971	1.31436386838298	2.1586364071749	3.06778259173389
1.14935222101942	1.3025650211859	2.18094288667443	3.0505243980991
1.15558206304914	1.33683100387443	2.18247467365049	3.04653333655492
1.16181190507886	1.35325877697542	2.20850193359837	3.07560778605655
1.16804174710857	1.37730242203836	2.21477572577382	3.11459359857997
1.17427158913829	1.37900595533011	2.22894620217392	3.11930839278707
1.180501431168	1.35471935857153	2.24440960134435	3.10049332366487
1.18673127319772	1.37660731646775	2.23927322315392	3.12376621094188
1.19296111522744	1.378926079874	2.27569504927657	3.13769906993472
1.19919095725715	1.38412502528609	2.28482796806646	3.16599205069472
1.20542079928687	1.38980590964603	2.28890130199613	3.19720100673673
1.21165064131658	1.44055451498013	2.2869526768682	3.18146336654144
1.2178804833463	1.44565060187012	2.3108024719743	3.20018745237798
1.22411032537602	1.44693057014847	2.32760661684654	3.2026812154876
1.23034016740573	1.44245633913664	2.32703750727298	3.20777500808799
1.23657000943545	1.46109817294453	2.35060830082877	3.2657879461133
1.24279985146516	1.52204059861845	2.35139884567632	3.2487629973625
1.24902969349488	1.47072530966364	2.37102426152086	3.29709906833836
1.2552595355246	1.49848392852045	2.38609587636906	3.33463001622218
1.26148937755431	1.49049073029208	2.40511425028624	3.29567846194814
1.26771921958403	1.53962217646792	2.39457980829219	3.35209468397637
1.27394906161374	1.53323932251335	2.4163149610346	3.30317143080862
1.28017890364346	1.51843390595132	2.43747301177115	3.354725510056
1.28640874567318	1.52155955506333	2.45360129525547	3.35075984729059
1.29263858770289	1.53727855353761	2.46821620590687	3.38849957494348
1.29886842973261	1.54202728576486	2.47401825683191	3.35448792227673
1.30509827176232	1.56083250384693	2.48426547664719	3.39443956572332
1.31132811379204	1.58909936591428	2.50825840272081	3.43350235612732
1.31755795582176	1.62785796749047	2.50953128650536	3.44549848043237
1.32378779785147	1.62296536125793	2.5097121647111	3.49812401127468
1.33001763988119	1.62403763067848	2.52757876126032	3.45032476191334
1.33624748191091	1.60428044531082	2.54122017631647	3.47237126188074
1.34247732394062	1.64621303554442	2.55222170660079	3.49593115366003
1.34870716597034	1.63122103020891	2.55110978526771	3.55102596693075
1.35493700800005	1.63194834443734	2.57725554825397	3.53151968623063
1.36116685002977	1.64021004713711	2.59682745623172	3.50695439731782
1.36739669205949	1.6920105379434	2.60624157020261	3.52178828758455
1.3736265340892	1.67264111538611	2.61700949702477	3.53187351152254
1.37985637611892	1.73127193644129	2.61749494648968	3.61019747584634
1.38608621814863	1.67344699505928	2.6557666371757	3.56635566811325
1.39231606017835	1.65947512248933	2.64653440640006	3.62087667673177
1.39854590220807	1.76889398921588	2.65686110780372	3.60941381037287
1.40477574423778	1.7073945487203	2.66781699062877	3.6459313873673
1.4110055862675	1.71705530801169	2.68410782747796	3.64151880978994
1.41723542829721	1.76854727968157	2.70576981391512	3.68310424912871
1.42346527032693	1.77625825018111	2.71371827636869	3.67146230531525
1.42969511235665	1.75280282221657	2.72519129845115	3.70643826133319
1.43592495438636	1.78329072686646	2.73030995203691	3.71026737129488
1.44215479641608	1.79976859123198	2.74369545077301	3.69817963998325
1.44838463844579	1.83319310098041	2.74442458224692	3.71802122883404
1.45461448047551	1.78281991308629	2.76384458719708	3.74301053940044
1.46084432250523	1.83489310573278	2.77089924203129	3.82059512631897
1.46707416453494	1.84900666626587	2.77315240783766	3.80140534608076
1.47330400656466	1.83991370876444	2.80570668043335	3.77169843792004
1.47953384859437	1.88197913447078	2.80744172189829	3.80089923553625
1.48576369062409	1.87622761290554	2.82351912383258	3.7805243111164
1.49199353265381	1.85447115537199	2.82294031977342	3.86424493623896
1.49822337468352	1.89785334035552	2.85014167333299	3.85198086424917
1.50445321671324	1.86112897219878	2.8661743684092	3.83620911547586
1.51068305874296	1.89469230009396	2.8589019540689	3.87667658988496
1.51691290077267	1.90754753140668	2.87986865775204	3.90320912315391
1.52314274280239	1.91070491568866	2.88688293770878	3.88810525073604
1.5293725848321	1.94907083119688	2.91646611021777	3.93393825520316
1.53560242686182	1.9470423462248	2.94131189989112	3.93372556014194
1.54183226889154	1.94113994166421	2.92651561403734	3.96583631214421
1.54806211092125	1.99391005445359	2.94655898292536	3.93237517611635
1.55429195295097	1.98762902356584	2.96167694197216	3.95489133894837
1.56052179498068	1.97706980931386	2.96384560364229	3.96823406640903
1.5667516370104	1.97827776245005	2.9714881804136	4.02831044928916
1.57298147904012	1.9939558275977	2.98438235997847	3.99683327754742
1.57921132106983	2.00591665048596	2.98551472815	4.01849487041332
1.58544116309955	1.94046323376735	3.01437965411888	4.02247004630412
1.59167100512926	1.97744158335827	3.0281395725056	4.07052397697427
1.59790084715898	2.0380612170891	3.04194128408102	4.07040613694779
1.6041306891887	2.04026930966918	3.04389472269535	4.06695543453055
1.61036053121841	2.06584722242995	3.05394647024975	4.15280267385953
1.61659037324813	2.06800717121949	3.06409668093253	4.10124933414385
1.62282021527784	2.08812649556397	3.08819002610741	4.13123169860965
1.62905005730756	2.06296643838012	3.08831016902081	4.12153530457135
1.63527989933728	2.08040606788314	3.10157947034285	4.16522860418891
1.64150974136699	2.07312233399765	3.12670562710695	4.17584171983928
1.64773958339671	2.11095482736404	3.10587318140134	4.17462960233798
1.65396942542642	2.09577626501611	3.14393999966699	4.24306268024418
1.66019926745614	2.1184969950382	3.15045643849175	4.15961894740637
1.66642910948586	2.15324471990369	3.17250208790411	4.23682622489873
1.67265895151557	2.12361694180571	3.18798412290516	4.22612741541967
1.67888879354529	2.10655141695233	3.18362787939558	4.21567724491905
1.685118635575	2.17362110420216	3.197165677119	4.28735167125339
1.69134847760472	2.17037913045373	3.20415904984979	4.27149058509682
1.69757831963444	2.16952214206712	3.21506400448467	4.28645857236088
1.70380816166415	2.19799736926325	3.24743964269418	4.29542109803627
1.71003800369387	2.24740902297296	3.25696297999009	4.33973888327485
1.71626784572359	2.20146191078153	3.26507932893408	4.33746633370032
1.7224976877533	2.23158322468527	3.26804174952055	4.32654625053296
1.72872752978302	2.2316374102164	3.2924468408522	4.40261693337322
1.73495737181273	2.19784172058886	3.29536433140862	4.37520112971776
1.74118721384245	2.22951663569757	3.30397619737834	4.41453244723012
1.74741705587217	2.27539791906403	3.32100740101595	4.40065523282508
1.75364689790188	2.29812706048716	3.32144620814736	4.41138921124566
1.7598767399316	2.30319913929306	3.33464539625658	4.42681823385306
1.76610658196131	2.26945717301489	3.36880373803489	4.43945772421707
1.77233642399103	2.30914864749817	3.36435631985475	4.48148219637144
1.77856626602075	2.27205787974281	3.3747688832228	4.44483732786741
1.78479610805046	2.33695126672965	3.40043134928602	4.5269550790996
1.79102595008018	2.31337419944427	3.40275329460203	4.48143079582086
1.79725579210989	2.34682598565184	3.41842886940534	4.47330967633503
1.80348563413961	2.33411622086211	3.42509448790933	4.53505318377464
1.80971547616933	2.31943700435459	3.43385401056783	4.5363097268875
1.81594531819904	2.38765953989878	3.44103305941827	4.57915041963543
1.82217516022876	2.37570680327233	3.45573076028436	4.53960010810314
1.82840500225847	2.36601705435657	3.47580511390475	4.61728703995309
1.83463484428819	2.39223673766731	3.49374998030207	4.66067353843921
1.84086468631791	2.35649637977433	3.49733465638866	4.64038749998085
1.84709452834762	2.38017913426855	3.50651708461224	4.60235108494625
1.85332437037734	2.46537153980666	3.50980791180361	4.63246703133873
1.85955421240705	2.45556474839011	3.52482245402708	4.69534951941914
1.86578405443677	2.43027711021617	3.55447568861789	4.69500328864768
1.87201389646649	2.45564750382107	3.54478330726708	4.71344131697398
1.8782437384962	2.45626503120038	3.57325525384393	4.66933533198782
1.88447358052592	2.47171094930201	3.5875493764297	4.71085918143006
1.89070342255564	2.49502026619642	3.58761377651557	4.74705089207901
1.89693326458535	2.51328515945945	3.60238949963617	4.79388016091923
1.90316310661507	2.45810320957899	3.62814830377621	4.75802543299048
1.90939294864478	2.50987101419686	3.61387043793337	4.75017418861807
1.9156227906745	2.52098633890222	3.63688295844337	4.80945579465147
1.92185263270422	2.52939374936998	3.65978473569768	4.79562812109958
1.92808247473393	2.4888046114412	3.66324432176094	4.8175864467795
1.93431231676365	2.49913315861232	3.65737297844522	4.81307283826447
1.94054215879336	2.54696249769496	3.6881599748024	4.83658486056819
1.94677200082308	2.58259566403489	3.71237093712887	4.83599335748369
1.9530018428528	2.53703052708163	3.71530022974368	4.87316790723323
1.95923168488251	2.54098742727747	3.71543505092385	4.86058505661713
1.96546152691223	2.60503727965696	3.72886379271709	4.91250676792462
1.97169136894194	2.59245357866133	3.75207592732078	4.94679338425755
1.97792121097166	2.57023231730009	3.77052814690228	4.96155977125544
1.98415105300138	2.65632492295087	3.76352186605533	4.93354105865313
1.99038089503109	2.63088857282382	3.77395631580027	4.97424123553593
1.99661073706081	2.62761769468887	3.7805809770856	4.95332034432067
2.00284057909052	2.62963049751605	3.81029799845111	4.996453565186
2.00907042112024	2.64053163303029	3.81826669028489	4.99687328979194
2.01530026314996	2.63256427377737	3.81878303389034	5.01434992961742
2.02153010517967	2.65304764836948	3.84795399318464	5.04495218792965
2.02775994720939	2.66827171853812	3.84150869391869	5.04264552273902
2.0339897892391	2.69813134451226	3.85028758023098	5.06319017421922
2.04021963126882	2.71961834521798	3.88098149078213	5.06697651943154
2.04644947329854	2.68244008308928	3.88857091440809	5.12005935092721
2.05267931532825	2.69926059339135	3.89231880311547	5.11706944803747
2.05890915735797	2.72422634036243	3.91248263868831	5.10458756742551
2.06513899938769	2.75511310300632	3.93314601275637	5.14170576850306
2.0713688414174	2.73024648010552	3.94498306679133	5.1424415936809
2.07759868344712	2.74459605285017	3.94833906814071	5.1559783723539
2.08382852547683	2.77826889961926	3.94560014749677	5.18354847759785
2.09005836750655	2.77333789448031	3.96996458204895	5.16724382394085
2.09628820953627	2.77278759487304	3.98793010598581	5.22429106496935
2.10251805156598	2.7688718317704	3.98786487121897	5.23439178043919
2.1087478935957	2.81160241238325	4.01709584266094	5.24736433111967
2.11497773562541	2.82345690137251	4.0326660763992	5.3143115742275
2.12120757765513	2.81640753872355	4.03097673804766	5.26610506962486
2.12743741968485	2.87219004776318	4.0591816847744	5.28567161713467
2.13366726171456	2.85511072150305	4.05521474935349	5.34606934742964
2.13989710374428	2.8387157753776	4.05116812277829	5.29350649094346
2.14612694577399	2.86911412686874	4.0823023378557	5.32365815405174
2.15235678780371	2.90873470854529	4.09161817094015	5.30999164889336
2.15858662983343	2.90403278207493	4.10875658989966	5.36986093890844
2.16481647186314	2.86460586678364	4.10772189825333	5.35904588248924
2.17104631389286	2.90256343243107	4.11192322068173	5.40433226074148
2.17727615592257	2.92349318263935	4.13346450432258	5.38116108975102
2.18350599795229	2.90934173362658	4.15851592801142	5.43593217692173
2.18973583998201	2.967410646908	4.1616698122444	5.44104141724952
2.19596568201172	2.94601817783036	4.17000332810366	5.42040223667002
2.20219552404144	2.89771011669794	4.19045237723816	5.46414129357051
2.20842536607115	2.94943319229317	4.1839066505917	5.46136359713387
2.21465520810087	2.95033503481201	4.20745085197774	5.46994189382823
2.22088505013059	2.99303709107542	4.21801822865919	5.4890405758005
2.2271148921603	2.95166030188791	4.22928279966287	5.48882368559869
2.23334473419002	2.97846660934323	4.25272561007918	5.52085458734486
2.23957457621973	3.00850591729991	4.26116400396564	5.53049131022731
2.24580441824945	3.01222300790806	4.26022783359983	5.51741275112879
2.25203426027917	3.03264928279972	4.2769368469942	5.59178116556443
2.25826410230888	3.0632155924933	4.28753476540519	5.56301231530546
2.2644939443386	3.04317675373328	4.30753068483753	5.62468567243495
2.27072378636832	3.0549018828905	4.32775924812726	5.55330817788971
2.27695362839803	3.05523491367229	4.32366119418726	5.61918218855018
2.28318347042775	3.04797247582914	4.34178908315205	5.61471569286792
2.28941331245746	3.0583914789526	4.36478718328296	5.63506208987687
2.29564315448718	3.07893791745724	4.36679364315443	5.63536917099436
2.3018729965169	3.06227039485555	4.38368804068722	5.70075966320208
2.30810283854661	3.12456405245856	4.38821026298577	5.7089913456316
2.31433268057633	3.08913180007622	4.39456346030973	5.69346580379887
2.32056252260604	3.12597943021676	4.41113366646517	5.67262708702292
2.32679236463576	3.10697447918486	4.42155445207177	5.73460746297441
2.33302220666548	3.10456997177161	4.43404886233712	5.75729957867446
2.33925204869519	3.18192389951118	4.43815397353114	5.74473260847259
2.34548189072491	3.16328459839719	4.45659018349275	5.73980096419924
2.35171173275462	3.14939090589082	4.48088346346987	5.80859222203277
2.35794157478434	3.16118804179218	4.48097450510523	5.82174594256591
2.36417141681406	3.19999972910834	4.47730549763639	5.84263405574016
2.37040125884377	3.15397574079572	4.50169536627218	5.86580075169415
2.37663110087349	3.15195735403227	4.49865445721179	5.88957136778285
2.3828609429032	3.23766450380888	4.51842086011416	5.8628003530094
2.38909078493292	3.22272308093553	4.52325525875229	5.86682376747139
2.39532062696264	3.19899273925273	4.55524310034515	5.93454516574218
2.40155046899235	3.26264337400802	4.54553671079816	5.91639191261832
2.40778031102207	3.26395554816597	4.56274954415373	5.96665934539026
2.41401015305178	3.25905727407652	4.57308285310383	5.90471370754903
2.4202399950815	3.2912019320873	4.60375800657782	5.96811057569345
2.42646983711122	3.26419626142644	4.62584242920112	5.97786576964142
2.43269967914093	3.30301373976545	4.60282218713882	5.96022929719845
2.43892952117065	3.24482101725403	4.62899056406755	5.97495296610634
2.44515936320036	3.25207554017358	4.65568559290717	5.98543084110252
2.45138920523008	3.35006075584155	4.65537095805159	6.0176302508507
2.4576190472598	3.36900366282394	4.66273787972318	6.02619160990447
2.46384888928951	3.35657871580922	4.65704872794034	6.10946668394872
2.47007873131923	3.31670988014382	4.70428220177231	6.10150887756832
2.47630857334895	3.350415370105	4.68050277654583	6.08269060534009
2.48253841537866	3.30539561209793	4.72813058971347	6.11829206765341
2.48876825740838	3.38630792615879	4.73327567779472	6.10818941632384
2.49499809943809	3.36396007204915	4.73127105278797	6.10880848787676
2.50122794146781	3.39777912873077	4.756825530913	6.14145238615473
2.50745778349753	3.45009666696271	4.75357084780148	6.1878329559737
2.51368762552724	3.38893963738024	4.77214941176321	6.20910627453984
2.51991746755696	3.43394069211072	4.78829606049004	6.15827341077535
2.52614730958667	3.40378184676033	4.7897078242869	6.20831857887715
2.53237715161639	3.43594784311652	4.78883530205684	6.16912627875999
2.53860699364611	3.42686300878524	4.81821752085965	6.22993111617846
2.54483683567582	3.48459708758511	4.84778332432853	6.23820501659133
2.55106667770554	3.47496373666731	4.84333417638588	6.24615340798871
2.55729651973525	3.46664794613337	4.83434285165243	6.22447182747075
2.56352636176497	3.47347192320473	4.87505592068079	6.32106384722492
2.56975620379469	3.48865592859379	4.88167890193011	6.27141622064087
2.5759860458244	3.51633589657409	4.89198208913577	6.30438077321715
2.58221588785412	3.51839476828537	4.90793992166896	6.31901671000298
2.58844572988383	3.53668728194402	4.91340714316829	6.34893325658882
2.59467557191355	3.5168592070454	4.91623603155989	6.35091085656964
2.60090541394327	3.53339383610039	4.92795187723089	6.39821977671051
2.60713525597298	3.55093443274691	4.96049739739785	6.369513277588
2.6133650980027	3.55225365132463	4.97644974402562	6.39817031835455
2.61959494003242	3.53705713584035	4.96715117172521	6.365785938055
2.62582478206213	3.53725701325934	5.00642101048804	6.43942494623163
2.63205462409185	3.6251690305039	4.98516313886862	6.5010162291514
2.63828446612156	3.57948486451271	5.01730173280334	6.43304803802212
2.64451430815128	3.62418497255227	5.02247598138706	6.53840071607599
2.65074415018099	3.56670723380366	5.03781980748252	6.46906146435372
2.65697399221071	3.62405401814984	5.03824896710047	6.47070291043938
2.66320383424043	3.6339861115781	5.05041383152928	6.49700745308539
2.66943367627014	3.63295143181283	5.08436416270693	6.55653451917393
2.67566351829986	3.65630621312906	5.07400942980816	6.53712879620577
2.68189336032958	3.65130777407675	5.1049622660363	6.5569367451971
2.68812320235929	3.6558106398597	5.11474513039086	6.53712216359048
2.69435304438901	3.65211398912635	5.11860020763268	6.63375786407
2.70058288641872	3.68384383722679	5.1315091073294	6.63401478358415
2.70681272844844	3.68262385748435	5.15576381328715	6.64304258238187
2.71304257047816	3.67903245931348	5.14663060946104	6.64272936396851
2.71927241250787	3.70246649571078	5.1825060751892	6.63307591663461
2.72550225453759	3.70210501745823	5.16961089774221	6.63911309639065
2.7317320965673	3.68791148401811	5.18491724779628	6.64493215309012
2.73796193859702	3.72342079190389	5.18399931191361	6.66736117081886
2.74419178062674	3.77600752124538	5.20216804087688	6.75322259470805
2.75042162265645	3.76624748270997	5.22105872118146	6.73897595888689
2.75665146468617	3.7477913122964	5.24348435802235	6.76078088245187
2.76288130671588	3.80467371031347	5.25032788714102	6.71692113022359
2.7691111487456	3.77873882628072	5.2566322480412	6.79103532235976
2.77534099077532	3.77924118873051	5.26851718150598	6.79789109926483
2.78157083280503	3.76338861701135	5.27268106647279	6.79231600425483
2.78780067483475	3.80420102577264	5.28628719464235	6.78319344096785
2.79403051686446	3.80522492612709	5.30077540023687	6.84578444468331
2.80026035889418	3.86202931009351	5.34322872273112	6.81503432018908
2.8064902009239	3.84936685339564	5.33376468001848	6.84931595547712
2.81272004295361	3.85613840791934	5.33601510141156	6.83049868827216
2.81894988498333	3.80457656910954	5.3549512675236	6.85240372713798
2.82517972701305	3.86018266489553	5.37621405070069	6.89990055024202
2.83140956904276	3.81918158600656	5.3834201419619	6.94705049018138
2.83763941107248	3.87083664835966	5.39329170184189	6.904578059039
2.84386925310219	3.84782198791807	5.40952414216054	6.89373547523754
2.85009909513191	3.87480230615875	5.42439549080509	6.96948746554262
2.85632893716163	3.91568692977366	5.4228460357731	6.97626936471057
2.86255877919134	3.93574150599121	5.43145463494168	6.97873331873711
2.86878862122106	3.93129733725806	5.44492250203412	6.9923626580552
2.87501846325077	3.91172081355526	5.45627592329256	6.97258673528444
2.88124830528049	4.00557281203627	5.4854164682212	7.02500328976823
2.88747814731021	3.9799419009044	5.4836533257375	7.01756161091791
2.89370798933992	3.98145824970552	5.50049954428254	7.07779794646615
2.89993783136964	3.97616478401412	5.5101224841326	7.05743461645055
2.90616767339935	3.9825647626873	5.52223597972722	7.06145596073893
2.91239751542907	3.99700840181836	5.54359855020605	7.13489057918791
2.91862735745879	4.00634950985838	5.55758826061035	7.1545191400929
2.9248571994885	3.94597433090455	5.54917313745696	7.14405273539153
2.93108704151822	4.05522757940698	5.54829835820454	7.10755254666502
2.93731688354793	4.04960908890255	5.56854641125079	7.15991324158153
2.94354672557765	4.01594348657367	5.58914888399128	7.1747176654262
2.94977656760737	4.01562993523489	5.61112601967666	7.18105010507392
2.95600640963708	4.06898621131957	5.59264625457355	7.21098323025376
2.9622362516668	4.01199707889727	5.62914672225888	7.19253350679959
2.96846609369651	4.08532753767437	5.63041866587834	7.18394834441779
2.97469593572623	4.0875948494136	5.6555424420116	7.27143991073798
2.98092577775595	4.1370121011181	5.64564749571297	7.23306382726882
2.98715561978566	4.06847011557224	5.67185109002879	7.29994159624738
2.99338546181538	4.1710435471648	5.67253982397494	7.32000356897596
2.9996153038451	4.12449340058748	5.69152915502718	7.34102224179237
3.00584514587481	4.13354931346262	5.72248227460819	7.29044163828669
3.01207498790453	4.14698058144053	5.7203234288062	7.32044938611964
3.01830482993424	4.16691058129134	5.73620241711222	7.36917848128349
3.02453467196396	4.16976231058761	5.74535460083189	7.40474385200299
3.03076451399368	4.13266998062839	5.75617492079952	7.34161556060061
3.03699435602339	4.17360015947163	5.79459350173727	7.41374990248375
3.04322419805311	4.14559798701369	5.77701844009845	7.42332866742872
3.04945404008282	4.1914814203108	5.78758763437542	7.45785811913044
3.05568388211254	4.17406040010217	5.79872025987716	7.45720128114114
3.06191372414226	4.23116079646499	5.79468964011292	7.46061445968431
3.06814356617197	4.20546641773641	5.85601180887611	7.46022034454409
3.07437340820169	4.24799615661661	5.83574781532507	7.48707782709119
3.0806032502314	4.23196516815224	5.85911554478377	7.46397711817054
3.08683309226112	4.22701268508902	5.87349441490743	7.52940429916791
3.09306293429084	4.28292001538302	5.86658117315004	7.51899716603686
3.09929277632055	4.24511781028302	5.89559656737802	7.57288738421259
3.10552261835027	4.30134172065537	5.86453379110393	7.60433170273523
3.11175246037998	4.29489495779382	5.9154179831352	7.5583639222651
3.1179823024097	4.35406591168218	5.91046198694447	7.54931031867105
3.12421214443942	4.28674792739313	5.93873008250268	7.62163085642776
3.13044198646913	4.31458378777906	5.95075114964873	7.65165637724528
3.13667182849885	4.23607925495836	5.94745536854093	7.61203747556609
3.14290167052856	4.36654609025679	5.98459859419652	7.63341390754491
3.14913151255828	4.41297303676618	5.97208285864704	7.67279089030506
3.155361354588	4.35598734601008	5.99288147955482	7.68601082510612
3.16159119661771	4.38266520125236	6.01283264694919	7.62342125696148
3.16782103864743	4.34508566200367	6.01578401585127	7.71287103796972
3.17405088067714	4.42631833278127	6.03713124951582	7.70899306692698
3.18028072270686	4.38624334161501	6.0485517689296	7.6928584676807
3.18651056473658	4.4043505182474	6.05038493374735	7.7302836194934
3.19274040676629	4.39126828454343	6.04576046988314	7.7319844215614
3.19897024879601	4.47671396021282	6.06410908793543	7.79694990850218
3.20520009082572	4.43486968762901	6.08640708005264	7.80135922201283
3.21142993285544	4.42531038142783	6.09099108910226	7.81847066973787
3.21765977488516	4.3947903227418	6.11031557144765	7.81709435303257
3.22388961691487	4.52495798829991	6.14273360277008	7.90199597374351
3.23011945894459	4.41742773716959	6.11155400847666	7.83083503643438
3.2363493009743	4.47894492329614	6.15086260449897	7.81422760557489
3.24257914300402	4.53054101867324	6.15990688723642	7.90560470620054
3.24880898503374	4.51069208521012	6.15514148188463	7.86799124079971
3.25503882706345	4.49577621762968	6.17842812783425	7.91353062162867
3.26126866909317	4.50323115135104	6.16892076005572	7.92115045393867
3.26749851112289	4.52983676840572	6.19398075174353	7.96268515095028
3.2737283531526	4.45532555879748	6.21749583308787	7.9880793338485
3.27995819518232	4.49858213181737	6.22532738648834	7.96435541040389
3.28618803721203	4.55668151693951	6.23851931143537	7.96772065485957
3.29241787924175	4.54533184909393	6.25510252292917	7.97219266610138
3.29864772127147	4.55044814506284	6.26545691912975	7.99480221827136
3.30487756330118	4.57398058737906	6.29743436002783	7.99981099274534
3.3111074053309	4.55468622495451	6.27310117565263	8.02169008860877
3.31733724736061	4.60859861396002	6.30924713408859	7.99253543499111
3.32356708939033	4.66713119014928	6.31671161015644	8.04031385046345
3.32979693142005	4.64196800916261	6.31693916222754	8.08169418546933
3.33602677344976	4.59882562339168	6.33581893432036	8.11239679077925
3.34225661547948	4.63284380226286	6.36414109707417	8.09334675478259
3.3484864575092	4.70438151344363	6.34626710071616	8.12613707384866
3.35471629953891	4.66785905994192	6.37231612327084	8.15495845438487
3.36094614156863	4.62465433389568	6.39077031804623	8.13048224858809
3.36717598359834	4.69973289825134	6.39804608455461	8.14106016328944
3.37340582562806	4.64499412939295	6.39429199462575	8.17133419932621
3.37963566765778	4.70122745339328	6.4204522617381	8.21421800185078
3.38586550968749	4.72957073998867	6.42426952968255	8.18231998416212
3.39209535171721	4.69959714527201	6.45300787759476	8.26290133967114
3.39832519374692	4.72224775373161	6.47716204485538	8.28100949496477
3.40455503577664	4.73761739909747	6.46367439849632	8.26434421647742
3.41078487780635	4.76356357368546	6.46346429738045	8.30120953019292
3.41701471983607	4.75855482807321	6.49377845776183	8.2511554247443
3.42324456186579	4.69477504278737	6.49002539993852	8.2820344479321
3.4294744038955	4.78789059180007	6.50625727151472	8.30581663243802
3.43570424592522	4.77996469420197	6.54145253039203	8.32839130410961
3.44193408795494	4.80482792958289	6.53856038043729	8.36743506581281
3.44816392998465	4.74874092989545	6.5490074032445	8.34539048952923
3.45439377201437	4.77392514131524	6.56561720863547	8.38750683439568
3.46062361404408	4.86239205808967	6.56521430225119	8.41888455586584
3.4668534560738	4.77328106491221	6.59737443472899	8.4062457897192
3.47308329810352	4.78059452289214	6.60694263432905	8.45840261133544
3.47931314013323	4.83131253279598	6.63708061446376	8.41445337608664
3.48554298216295	4.79309399405622	6.63299658465811	8.42721828566931
3.49177282419266	4.7799194836475	6.62620789048192	8.47530126187391
3.49800266622238	4.88086833422085	6.65808229635606	8.4998677391205
3.5042325082521	4.84586281479278	6.63727274501666	8.55970697893665
3.51046235028181	4.90075684565114	6.6881960762103	8.50141635672438
3.51669219231153	4.82466492466839	6.69095223622946	8.56941846504741
3.52292203434124	4.91942396326606	6.66732383720138	8.52516586453214
3.52915187637096	4.92506216618811	6.70901303305526	8.5433756838634
3.53538171840068	4.9090857608412	6.7047377919191	8.55612980365325
3.54161156043039	4.88181270728772	6.69601231109478	8.62534540946667
3.54784140246011	4.93773338569272	6.72861018285825	8.63198139108852
3.55407124448982	4.94298569115465	6.76098645722549	8.63051008097484
3.56030108651954	4.92950473118109	6.74813143189169	8.67197480309047
3.56653092854926	4.95973263640666	6.77448588172889	8.58932340299888
3.57276077057897	4.95545163469296	6.78505330634807	8.66346554778094
3.57899061260869	5.01399484286513	6.79869366831289	8.6895107477667
3.5852204546384	4.98148515934064	6.81961232021334	8.70110484077158
3.59145029666812	4.97410709886052	6.81094218202208	8.72328265855388
3.59768013869784	4.95898555156362	6.8217351818512	8.71577688899546
3.60390998072755	5.02624518455554	6.83428831969114	8.75603485692553
3.61013982275727	5.00897587489154	6.86220958829919	8.77386821427593
3.61636966478699	5.03731733766634	6.87574942885884	8.74616593151012
3.6225995068167	5.06411445978725	6.88931804872078	8.78442611656691
3.62882934884642	5.09187904925716	6.88066776681101	8.76675312295823
3.63505919087613	5.06364339491862	6.90217554276253	8.82191758313339
3.64128903290585	5.0934258521135	6.90184438223296	8.83276591809525
3.64751887493557	5.10411848273679	6.90553775409493	8.80360690003324
3.65374871696528	5.05171745539848	6.94501667352977	8.84031488409966
3.659978558995	5.09839585020221	6.95175632346065	8.83514396157486
3.66620840102471	5.12111899197801	6.94866833810904	8.89450573819061
3.67243824305443	5.08355285263337	6.97689173828019	8.85283380288027
3.67866808508415	5.09496818391985	7.00068087050149	8.89691120247663
3.68489792711386	5.17265482795691	6.98281056319202	8.94630055233316
3.69112776914358	5.1407243242042	7.00311253399195	8.85997532377774
3.69735761117329	5.15938426571104	7.02473313373651	8.93916570432945
3.70358745320301	5.13760577721792	7.0398296939867	8.93218366994871
3.70981729523273	5.14781573926443	7.0423951755467	9.03283123058163
3.71604713726244	5.20644236722092	7.06618318537653	8.95289553760022
3.72227697929216	5.15601092461892	7.07556598189974	8.99358741266576
3.72850682132187	5.19489899655054	7.07825029794957	9.00303157843126
3.73473666335159	5.14965393757472	7.08516574892842	9.02259654275717
3.74096650538131	5.21430686499807	7.09969366506292	8.99311387178168
3.74719634741102	5.2440855642855	7.11201886985374	9.03083948074556
3.75342618944074	5.24066692756663	7.1191439960675	9.0542534344991
3.75965603147045	5.24042122817458	7.13494996908214	9.12959587970605
3.76588587350017	5.1995310728998	7.16192263787455	9.14058470593343
3.77211571552989	5.26596516412234	7.1578355027155	9.11503890736664
3.7783455575596	5.23925417353753	7.17348242614491	9.15837978406683
3.78457539958932	5.28229067600479	7.19290926604484	9.15332498143331
3.79080524161904	5.27899989725823	7.17403409313404	9.13568815377465
3.79703508364875	5.31043429628399	7.21019866092957	9.19317447622937
3.80326492567847	5.24970505037963	7.21773445012233	9.24473752766228
3.80949476770818	5.32657157058347	7.23726556810285	9.21737465973783
3.8157246097379	5.33797547951363	7.23710302486053	9.24887513269035
3.82195445176762	5.32468774059019	7.25424440497972	9.2398173957817
3.82818429379733	5.42500988379282	7.28198687405124	9.24069967867646
3.83441413582705	5.31725115980156	7.28510040092008	9.24878934983315
3.84064397785676	5.35407396602507	7.28038587926207	9.32456674663747
3.84687381988648	5.35205019719168	7.3064502965933	9.28385793192415
3.8531036619162	5.37350307210182	7.33449678515848	9.33265129014156
3.85933350394591	5.42298950892401	7.32027542097035	9.31736619309712
3.86556334597563	5.37100851142816	7.3479305905799	9.29567257435633
3.87179318800534	5.40294579069361	7.33582756869044	9.37486602757542
3.87802303003506	5.40015513211836	7.3779335689608	9.37077771674401
3.88425287206478	5.40648630803076	7.36446496696207	9.3909104648633
3.89048271409449	5.39636846724085	7.3770819224994	9.4259807199207
3.89671255612421	5.49026754960878	7.399320510509	9.45776902844437
3.90294239815392	5.43475136609786	7.4091137907433	9.41170518503164
3.90917224018364	5.4330109933348	7.41002762288558	9.38032498312966
3.91540208221336	5.46694527409485	7.43484963747354	9.47651754335166
3.92163192424307	5.46275073523648	7.43197625947057	9.52448247623354
3.92786176627279	5.49406230160361	7.46126288509045	9.49970987301491
3.9340916083025	5.44673280412999	7.47678375821092	9.56490735973853
3.94032145033222	5.48110506651355	7.47818065705201	9.50226831607624
3.94655129236194	5.51999560199432	7.50819417784152	9.48049708592134
3.95278113439165	5.55019048496169	7.52484481882589	9.55680257420417
3.95901097642137	5.5181936671386	7.51889959488472	9.4859371099185
3.96524081845108	5.53413203865555	7.54648317651947	9.58754313776648
3.9714706604808	5.57494160055525	7.57379714975866	9.58818478858952
3.97770050251052	5.58260913286144	7.55758790425735	9.56721281123444
3.98393034454023	5.56277723387391	7.56361764311669	9.70792770527186
3.99016018656995	5.57680269932696	7.5853927159537	9.665551426952
3.99639002859967	5.56670872221114	7.57293224243916	9.68072391363721
4.00261987062938	5.57210378533466	7.61411091489154	9.70670135032673
4.0088497126591	5.57203053413783	7.58834301412887	9.69846475151101
4.01507955468881	5.58105512992563	7.62110894135005	9.67533121208295
4.02130939671853	5.61963780952825	7.63322591462529	9.68631086492725
4.02753923874825	5.60256577817575	7.63643274385904	9.7233733145263
4.03376908077796	5.61125944852596	7.66600276381519	9.77151598176273
4.03999892280768	5.69796308136328	7.65468182290279	9.769403265925
4.04622876483739	5.65055565639606	7.68001588105598	9.75406744079193
4.05245860686711	5.66010112857771	7.68160030184886	9.82721847649702
4.05868844889683	5.64799543263617	7.68822446051686	9.79130319890862
4.06491829092654	5.65967518573868	7.71408838728547	9.81554641045992
4.07114813295626	5.75170345541149	7.74378432582236	9.86636490910841
4.07737797498597	5.68052146828257	7.72880972882416	9.93722841207851
4.08360781701569	5.76719284069177	7.74823663134812	9.82570168558127
4.08983765904541	5.71285818826207	7.78367481916936	9.83334568226695
4.09606750107512	5.66351027806828	7.77691554946683	9.89065627931919
4.10229734310484	5.82902892677549	7.81435133983334	9.88471332610094
4.10852718513456	5.74467021350804	7.80696426461131	9.90512417605449
4.11475702716427	5.76471084941787	7.81065413952849	9.94044086846169
4.12098686919399	5.73783707108121	7.82014934741605	9.94330598321087
4.1272167112237	5.73069418147512	7.83059421731638	9.9449273651412
4.13344655325342	5.82143558587589	7.86578333973337	9.99858425930005
4.13967639528314	5.83610200493769	7.85880370967577	9.92589821664685
4.14590623731285	5.8298941877551	7.86572811242959	9.99352290223133
4.15213607934257	5.80576594110974	7.8910906777098	10.0884331721648
4.15836592137228	5.80678715033008	7.88933344332866	10.0186924017566
4.164595763402	5.82036449957125	7.90619991678017	10.0373916408612
4.17082560543171	5.77996806182633	7.92373000179661	10.0251289803334
4.17705544746143	5.84607731932484	7.92360474936836	10.1329575167441
4.18328528949115	5.83774724429225	7.93514888485707	10.1414817077004
4.18951513152086	5.8897213653327	7.96340301157794	10.0743821961115
4.19574497355058	5.89141445233571	7.95508111300585	10.1153240184566
4.2019748155803	5.8834665758362	7.9852386711804	10.1077826793535
4.20820465761001	5.85280936189876	7.97593593597385	10.1116012933586
4.21443449963973	5.86945141553954	8.02121531369095	10.2046825128666
4.22066434166944	5.92316307675447	8.02327289506419	10.2178978426884
4.22689418369916	5.88482692142462	8.00797922697674	10.1797220938754
4.23312402572888	5.89617889386602	8.05420106871589	10.1897643834275
4.23935386775859	5.92843769046413	8.06554473971106	10.2720530938862
4.24558370978831	5.94209582343428	8.0634139336613	10.2630123441276
4.25181355181802	5.96245086035542	8.09788373549794	10.2560215437557
4.25804339384774	5.97079902364925	8.07792057314136	10.314950850773
4.26427323587746	5.94929116843036	8.07571944521351	10.301391717604
4.27050307790717	6.01326531371878	8.10966888967454	10.305885533509
4.27673291993689	6.03199806634583	8.11791549329499	10.3527873721541
4.2829627619666	5.99146375814882	8.11814424270741	10.341661859417
4.28919260399632	5.98978013002176	8.14689870667825	10.3375474901799
4.29542244602604	6.04724918264406	8.13939121468088	10.3728064626673
4.30165228805575	5.99244126232186	8.17034721397199	10.4000017995379
4.30788213008547	5.95962826733328	8.16604262950253	10.3504519240935
4.31411197211519	6.03118826218036	8.1982341653916	10.386465177737
4.3203418141449	6.08761810269228	8.19448677033126	10.3489854148973
