"mitochan"	"lwrNorm"	"medNorm"	"uprNorm"
-1.90327037354145	-4.36593936909627	-3.19600809353947	-2.09585017485806
-1.89642966235248	-4.37902475290589	-3.17687083093623	-2.06227510261749
-1.8895889511635	-4.35771302536121	-3.16852263436616	-2.04316397016098
-1.88274823997453	-4.33750850555709	-3.17015152990016	-2.00795478034426
-1.87590752878556	-4.31594083833992	-3.15163194881278	-1.98894620587334
-1.86906681759659	-4.33498473402848	-3.13815832197383	-2.01291484957052
-1.86222610640761	-4.26788944397691	-3.13019478756271	-1.95277168623314
-1.85538539521864	-4.24014670377358	-3.10767879981473	-1.96171944895544
-1.84854468402967	-4.23999713653235	-3.09669147825656	-1.99702359051355
-1.8417039728407	-4.22715228506127	-3.08927635592689	-2.00556230145139
-1.83486326165172	-4.23619696885094	-3.06716567962697	-1.94720433319514
-1.82802255046275	-4.20773470183759	-3.06350732784092	-1.94952419103828
-1.82118183927378	-4.18650634194068	-3.04508110259224	-1.93849889484281
-1.8143411280848	-4.19417879824917	-3.03817687463152	-1.96858028893537
-1.80750041689583	-4.21167803808447	-3.02038828215652	-1.95122185372378
-1.80065970570686	-4.1481905795392	-3.01239669721665	-1.92652057187164
-1.79381899451789	-4.1165811676914	-2.99207489107426	-1.91876976934214
-1.78697828332891	-4.13183170001824	-3.00436433945113	-1.8934395002973
-1.78013757213994	-4.09708299509193	-2.97658633097222	-1.86771751638954
-1.77329686095097	-4.09242806193557	-2.9751706056266	-1.88364889240305
-1.766456149762	-4.08456664348747	-2.95179286894762	-1.85261560007469
-1.75961543857302	-4.06163458750707	-2.93657764966233	-1.86754695564428
-1.75277472738405	-4.09141152551581	-2.91347916697672	-1.83880171681467
-1.74593401619508	-4.02336467797445	-2.93250053158136	-1.79246571937171
-1.73909330500611	-4.04815551048353	-2.90921612113578	-1.83447268046493
-1.73225259381713	-4.00834626036261	-2.8908222501128	-1.80111540309181
-1.72541188262816	-3.97993785352028	-2.87699689992238	-1.83294564217494
-1.71857117143919	-3.96294808674177	-2.86609584124996	-1.7662458557114
-1.71173046025022	-3.95444601446973	-2.8650368020827	-1.78262081353702
-1.70488974906124	-3.92647362023886	-2.83950888841959	-1.79096052295521
-1.69804903787227	-3.91412992481574	-2.82186305194635	-1.75861334439144
-1.6912083266833	-3.88184999491985	-2.82177742450166	-1.76864127627362
-1.68436761549432	-3.90379007039755	-2.79872036995958	-1.73941891793519
-1.67752690430535	-3.90057893234388	-2.78552327836613	-1.75831109429167
-1.67068619311638	-3.8767459409148	-2.77520253373643	-1.74192866997688
-1.66384548192741	-3.853649619607	-2.75786905698464	-1.70663119672599
-1.65700477073843	-3.82369171185499	-2.75332800808696	-1.70743091022129
-1.65016405954946	-3.77190281156831	-2.74725803783601	-1.69986967424263
-1.64332334836049	-3.79259652620198	-2.73781025786177	-1.68150019415681
-1.63648263717152	-3.82155976877935	-2.73594825253402	-1.72268364083667
-1.62964192598254	-3.77809969037197	-2.71017133205141	-1.64284730682583
-1.62280121479357	-3.77380851951571	-2.68849691221079	-1.69391107912043
-1.6159605036046	-3.74753089507655	-2.67921712038005	-1.62417718199945
-1.60911979241563	-3.75454123870299	-2.66964712984727	-1.63278708433408
-1.60227908122665	-3.69432288684015	-2.65398031802621	-1.6373866666767
-1.59543837003768	-3.71321616909977	-2.63675507989807	-1.66346295673704
-1.58859765884871	-3.69296775423215	-2.62692243022938	-1.62329026522049
-1.58175694765974	-3.70032863586613	-2.63206335046305	-1.6114741038448
-1.57491623647076	-3.61348706158255	-2.61421622688183	-1.59188815325255
-1.56807552528179	-3.64687160446377	-2.60811490763098	-1.59906204904247
-1.56123481409282	-3.63432357503424	-2.58075277671006	-1.59381028565498
-1.55439410290384	-3.61351226064449	-2.56774788810352	-1.51375736467254
-1.54755339171487	-3.59144054139425	-2.55240935247159	-1.59667174640623
-1.5407126805259	-3.56964242259174	-2.5416255085158	-1.57424740992596
-1.53387196933693	-3.53062087961588	-2.54516624259543	-1.54885747798312
-1.52703125814795	-3.56327897211117	-2.51672413239239	-1.5556103789319
-1.52019054695898	-3.56944801724665	-2.51192451085211	-1.52841307538144
-1.51334983577001	-3.52310650842338	-2.50880713256065	-1.52717852453831
-1.50650912458104	-3.4905215180463	-2.48027960896331	-1.53130313345135
-1.49966841339206	-3.4812508400065	-2.48537819213781	-1.48295129368844
-1.49282770220309	-3.51272067287545	-2.45292048969693	-1.46129792342471
-1.48598699101412	-3.46212963645184	-2.4546359252123	-1.49032615818938
-1.47914627982515	-3.4537715536188	-2.45390506191071	-1.46280025308365
-1.47230556863617	-3.42328712220821	-2.42060911170365	-1.4581275212075
-1.4654648574472	-3.40671887467471	-2.41702166220507	-1.47800787885001
-1.45862414625823	-3.40076849266301	-2.39184777042061	-1.40375323439706
-1.45178343506926	-3.3992701961851	-2.3967556282007	-1.41873005253806
-1.44494272388028	-3.34901136033843	-2.38446374868299	-1.36276690377739
-1.43810201269131	-3.39479021051866	-2.36176417022588	-1.40778607894722
-1.43126130150234	-3.37184046239119	-2.34682567462875	-1.4253384619041
-1.42442059031336	-3.30473074824055	-2.32460072350403	-1.41374769286353
-1.41757987912439	-3.32540998172903	-2.33476064791713	-1.40614065529753
-1.41073916793542	-3.27848549155779	-2.31485610042918	-1.38497195728065
-1.40389845674645	-3.29945225709012	-2.30147327098233	-1.37518455573085
-1.39705774555747	-3.27282435704724	-2.28457207446124	-1.36096215000164
-1.3902170343685	-3.24414977465741	-2.26174557044054	-1.35741761764314
-1.38337632317953	-3.21605262295876	-2.25641176237618	-1.32094545436687
-1.37653561199056	-3.19185122166196	-2.25434039435664	-1.26257661914073
-1.36969490080158	-3.23153695987986	-2.25028442032236	-1.30879716582222
-1.36285418961261	-3.2242310718905	-2.21526812385309	-1.32868558132816
-1.35601347842364	-3.13401441917766	-2.21752644741012	-1.28035731111757
-1.34917276723467	-3.19969914475385	-2.19798289798972	-1.26641353004965
-1.34233205604569	-3.15943105945497	-2.1832000352379	-1.25351682670813
-1.33549134485672	-3.12151834507989	-2.18056721125405	-1.2643015385669
-1.32865063366775	-3.14308020180097	-2.17552561939612	-1.23661642460736
-1.32180992247878	-3.12086858477453	-2.17084077696334	-1.22727185797926
-1.3149692112898	-3.13063353746707	-2.13194105532715	-1.22852786455596
-1.30812850010083	-3.10937383159284	-2.12541562487882	-1.21945667806796
-1.30128778891186	-3.08556818021197	-2.12245088520349	-1.19212285535642
-1.29444707772288	-3.04913027989731	-2.10042859744787	-1.21786127888773
-1.28760636653391	-3.05371865965475	-2.09447994388758	-1.22353633702852
-1.28076565534494	-2.99654314983018	-2.09608066716633	-1.19215396343379
-1.27392494415597	-3.01401275667762	-2.07290791632073	-1.16702138007313
-1.26708423296699	-2.9942348256005	-2.0576373292103	-1.17084187814413
-1.26024352177802	-2.97776546624666	-2.0321144528414	-1.15649918208892
-1.25340281058905	-2.95473926648841	-2.02839533174037	-1.11304664232376
-1.24656209940008	-2.97654633993286	-2.01993852891443	-1.10815195743873
-1.2397213882111	-2.93361267782072	-2.00978116368803	-1.11869054209662
-1.23288067702213	-2.91358745131626	-1.98946223720487	-1.09903130313295
-1.22603996583316	-2.92304238825923	-1.9753509596464	-1.11413696170157
-1.21919925464419	-2.91191774544955	-1.96789807056025	-1.08787611140597
-1.21235854345521	-2.87345889260683	-1.9687355486104	-1.06541241974779
-1.20551783226624	-2.84966109987828	-1.93573712283667	-1.08093084516436
-1.19867712107727	-2.85404338558044	-1.95017097035621	-1.05286048044188
-1.1918364098883	-2.82774163220372	-1.92570075042825	-1.018449185328
-1.18499569869932	-2.79377967776947	-1.90107277040264	-1.08733562334874
-1.17815498751035	-2.82161611940616	-1.89859489844056	-1.02029111680267
-1.17131427632138	-2.81433090505776	-1.88744404686042	-1.03168571956362
-1.1644735651324	-2.75445286599867	-1.8712601331826	-1.00011380186303
-1.15763285394343	-2.76670990293314	-1.86200409123798	-0.986259817041213
-1.15079214275446	-2.76706402481302	-1.84831172596835	-0.99375876552454
-1.14395143156549	-2.71295328442885	-1.83857812642754	-0.93264215370441
-1.13711072037651	-2.71593225121396	-1.81574032719635	-0.998825123829054
-1.13027000918754	-2.69938768240803	-1.81028040161097	-0.999771931139219
-1.12342929799857	-2.69468625461509	-1.79756915096871	-0.946933620860512
-1.1165885868096	-2.65145430817957	-1.78961864451135	-0.912270176569955
-1.10974787562062	-2.63776505202079	-1.78908454827952	-0.909690964234806
-1.10290716443165	-2.62696216833506	-1.7469981983945	-0.952225643893745
-1.09606645324268	-2.59697990776327	-1.75689842476603	-0.911267206478096
-1.08922574205371	-2.60810515331532	-1.75050047122426	-0.921285696926309
-1.08238503086473	-2.56858945747059	-1.71977812242339	-0.868569535475376
-1.07554431967576	-2.55736765000659	-1.71923878399881	-0.888691190417153
-1.06870360848679	-2.54786277396703	-1.70488767601436	-0.86981410938763
-1.06186289729782	-2.5414208095989	-1.68643950814992	-0.859995466443614
-1.05502218610884	-2.52827673727305	-1.6817763675662	-0.856784317375135
-1.04818147491987	-2.517825890453	-1.67813145510527	-0.842679816300468
-1.0413407637309	-2.49294355716116	-1.66171186699237	-0.816684796073118
-1.03450005254192	-2.50873949783399	-1.62903957529317	-0.827059991727103
-1.02765934135295	-2.45838602158914	-1.6159288471547	-0.795900079673155
-1.02081863016398	-2.46488686695183	-1.62008750187519	-0.792565337246087
-1.01397791897501	-2.48603115921396	-1.60964164213324	-0.761988448986162
-1.00713720778603	-2.44082712454641	-1.60549947886202	-0.775766693969245
-1.00029649659706	-2.407184331064	-1.57603286996344	-0.771505723560396
-0.993455785408089	-2.44811676699943	-1.56653811454056	-0.754822522692518
-0.986615074219116	-2.37142907349857	-1.55142065781812	-0.752486751181286
-0.979774363030144	-2.37629414354608	-1.55333018638843	-0.737286838682974
-0.972933651841171	-2.38555250422559	-1.52494272400895	-0.688755695892668
-0.966092940652198	-2.37746477907502	-1.52977057979822	-0.695279330349678
-0.959252229463226	-2.35419244107211	-1.51008421261434	-0.715134581142608
-0.952411518274253	-2.30429530236325	-1.50414077748202	-0.713788195054144
-0.94557080708528	-2.32236119420339	-1.47488217895021	-0.675687864104068
-0.938730095896308	-2.2832516326317	-1.47209791185401	-0.680204839523615
-0.931889384707335	-2.28960819655511	-1.45745097444605	-0.662599170784115
-0.925048673518363	-2.26010055278629	-1.45533514993318	-0.657055963151701
-0.91820796232939	-2.24065249927346	-1.43967116394171	-0.645008278060402
-0.911367251140417	-2.26374624048363	-1.41783813752899	-0.601055327903024
-0.904526539951445	-2.1957415180938	-1.41900054513995	-0.627148766920342
-0.897685828762472	-2.18201754367206	-1.38900740846983	-0.602662157229607
-0.890845117573499	-2.19267649885667	-1.38837004638524	-0.593302460023805
-0.884004406384527	-2.17884767900187	-1.36974261833725	-0.571228062468984
-0.877163695195554	-2.15435656616633	-1.36461085164667	-0.597364691688471
-0.870322984006581	-2.15941843073411	-1.35447964201567	-0.591708932599228
-0.863482272817609	-2.11634900791879	-1.33337331218869	-0.565751178909127
-0.856641561628636	-2.14749085477493	-1.32143263620713	-0.568450454241935
-0.849800850439663	-2.10521091544541	-1.29907230485542	-0.553899400439512
-0.842960139250691	-2.09102814079522	-1.30156645037543	-0.498934414610391
-0.836119428061718	-2.09401293239712	-1.28146320271508	-0.537760047217457
-0.829278716872746	-2.04916497932535	-1.27548414830091	-0.473131153549034
-0.822438005683773	-2.0517463551331	-1.2614834820856	-0.49450891748862
-0.8155972944948	-2.01789622993255	-1.24547984316058	-0.484767554978922
-0.808756583305828	-2.02769883133904	-1.23195697336866	-0.490344890510239
-0.801915872116855	-2.04293757881812	-1.22254330626859	-0.432837892437908
-0.795075160927883	-2.00616806865876	-1.22189998260597	-0.466651325363037
-0.78823444973891	-1.9728101924776	-1.19836633205275	-0.401138294740517
-0.781393738549937	-1.96093430915359	-1.18819893828398	-0.460420255016606
-0.774553027360965	-1.91543762246986	-1.17454661616285	-0.42207627325385
-0.767712316171992	-1.93234771045352	-1.15984789887897	-0.431787558822216
-0.760871604983019	-1.9459192871487	-1.14961073164583	-0.36334562953639
-0.754030893794047	-1.92279827318166	-1.12652432324782	-0.366715839789741
-0.747190182605074	-1.89381961422077	-1.12560501353638	-0.402162756791171
-0.740349471416101	-1.89170904362118	-1.10886013038874	-0.372884704083286
-0.733508760227129	-1.84389440564285	-1.11063768174629	-0.353572146279175
-0.726668049038156	-1.86183728356751	-1.09214796329052	-0.344805278520853
-0.719827337849184	-1.83289052908208	-1.06757271027524	-0.370188311865887
-0.712986626660211	-1.83851494349416	-1.06472812484875	-0.318910072041933
-0.706145915471238	-1.80991006881052	-1.05205597647958	-0.329228859511836
-0.699305204282266	-1.77884740800478	-1.0286907446661	-0.293871047983337
-0.692464493093293	-1.79330391980116	-1.02974128313052	-0.292167145934602
-0.68562378190432	-1.76091595592742	-1.00888300903724	-0.282840623746133
-0.678783070715348	-1.75640169429051	-0.997761641638166	-0.277056135542222
-0.671942359526375	-1.74599973144567	-0.992077076722493	-0.280471579083965
-0.665101648337403	-1.71682913201929	-0.993490230368562	-0.239037531060537
-0.65826093714843	-1.70041185490571	-0.962921097051427	-0.260086361982644
-0.651420225959457	-1.70348699286528	-0.953656821139969	-0.227763451886366
-0.644579514770485	-1.71340844106541	-0.942588893999093	-0.230566218243529
-0.637738803581512	-1.65570458677122	-0.933520886524623	-0.204909475308801
-0.630898092392539	-1.63307403920545	-0.909177945911987	-0.220599526713394
-0.624057381203567	-1.64649462481199	-0.901923254753097	-0.182024325738822
-0.617216670014594	-1.61065178084835	-0.890682013574081	-0.163431090482367
-0.610375958825621	-1.58684170307077	-0.880201110155278	-0.170128712427869
-0.603535247636649	-1.60782019371429	-0.864691884012946	-0.139452460410298
-0.596694536447676	-1.60177917953013	-0.864041715259104	-0.124872760405635
-0.589853825258704	-1.55508485110493	-0.851411529529181	-0.168296425575626
-0.583013114069731	-1.56053321263946	-0.834000284673519	-0.120581705561545
-0.576172402880758	-1.54132058411892	-0.808598201909272	-0.107267183941977
-0.569331691691786	-1.52601776193348	-0.813116688985097	-0.0748426395809628
-0.562490980502813	-1.52198136720569	-0.794944924937157	-0.0910753593906005
-0.55565026931384	-1.50240350138343	-0.78718878785815	-0.0611363107389086
-0.548809558124868	-1.45712503718001	-0.779303416416496	-0.0303819385522412
-0.541968846935895	-1.46482380511005	-0.763270169139272	-0.0845443614392811
-0.535128135746922	-1.46272205570932	-0.759126525861734	-0.0561453998482656
-0.52828742455795	-1.46064764734191	-0.738116217411712	-0.017657297674164
-0.521446713368977	-1.40821734077463	-0.726533136455685	-0.0294911264931889
-0.514606002180005	-1.40893973518289	-0.708257291243823	-0.0276127623719348
-0.507765290991032	-1.40949204205715	-0.702514924280019	-0.0333760041118249
-0.500924579802059	-1.36579544370081	-0.686333717970962	-0.0241842556047352
-0.494083868613087	-1.3634584218552	-0.684003102854664	0.0349760033815953
-0.487243157424114	-1.39082942081194	-0.6500430002041	0.0490900784386473
-0.480402446235142	-1.34862572149407	-0.65822538245613	0.0670942725374337
-0.473561735046169	-1.35339551391157	-0.640291968634007	0.0280486526281127
-0.466721023857196	-1.3316143026508	-0.619661539216722	0.0491774239187211
-0.459880312668224	-1.33017557888667	-0.618288324672057	0.089785799454421
-0.453039601479251	-1.30896310607452	-0.590766817980868	0.0710610047110317
-0.446198890290278	-1.29199463979166	-0.596884609099822	0.0944440555445457
-0.439358179101306	-1.29852880468659	-0.591773130683238	0.106827051536889
-0.432517467912333	-1.25460317443769	-0.549003754283692	0.123253098810914
-0.42567675672336	-1.24787191719118	-0.548181796988983	0.113027012310279
-0.418836045534388	-1.20889243668225	-0.542836698419373	0.153648727957928
-0.411995334345415	-1.21883866719857	-0.524909531910514	0.148357718779318
-0.405154623156442	-1.20240038579488	-0.509481854445898	0.182992662445456
-0.39831391196747	-1.19451142916613	-0.511674970026967	0.167288267968177
-0.391473200778497	-1.18741432711469	-0.492793558553081	0.172074537006827
-0.384632489589525	-1.15688017952301	-0.482242167965526	0.218027008647651
-0.377791778400552	-1.15634952316711	-0.466590311552674	0.222132874092799
-0.370951067211579	-1.13667770555038	-0.45864565118022	0.198681394367738
-0.364110356022607	-1.12072365793989	-0.432059771408853	0.226699986700057
-0.357269644833634	-1.1116584873423	-0.435519651136558	0.248832032777363
-0.350428933644662	-1.10345678908578	-0.41045965736216	0.294792200124218
-0.343588222455689	-1.07482485829509	-0.407488209683558	0.275255514229362
-0.336747511266716	-1.0755416191162	-0.394120627919648	0.272532575548378
-0.329906800077744	-1.08629657871965	-0.379924534072412	0.295821317581766
-0.323066088888771	-1.06375572835289	-0.361518982743011	0.273049505928563
-0.316225377699798	-1.0424151493565	-0.356260163104971	0.293617666878294
-0.309384666510826	-1.03025395788883	-0.353636125828559	0.312763453699581
-0.302543955321853	-1.01800147936612	-0.336360821072934	0.32780179394501
-0.29570324413288	-0.970131703981469	-0.328504290059085	0.32992435967758
-0.288862532943908	-0.984418456371457	-0.31303494178107	0.346104540943675
-0.282021821754935	-0.978401033263102	-0.293998195464403	0.368766954656306
-0.275181110565963	-0.977882780546709	-0.290888597524769	0.375057436708644
-0.26834039937699	-0.966844439898129	-0.276636859129852	0.39917692256029
-0.261499688188017	-0.946215218715576	-0.26145211148572	0.378798560848142
-0.254658976999045	-0.919395273962181	-0.252141963196159	0.415835065093402
-0.247818265810072	-0.907957283966884	-0.231426328081819	0.434759793390792
-0.240977554621099	-0.877163325667746	-0.216956653309569	0.429079891039937
-0.234136843432127	-0.902665251482051	-0.20876834799332	0.43901856487123
-0.227296132243154	-0.871355890402232	-0.181822023762369	0.43536423046792
-0.220455421054181	-0.837944598264302	-0.174807020343074	0.488902524993083
-0.213614709865209	-0.839294269611302	-0.167667865496093	0.479582607074731
-0.206773998676236	-0.84697348386927	-0.164696660759318	0.506410843026528
-0.199933287487263	-0.844590523256812	-0.15330119886762	0.508387223779915
-0.193092576298291	-0.799862692788561	-0.141246321790914	0.500686835955917
-0.186251865109318	-0.791446839230263	-0.115714522935666	0.528604368768739
-0.179411153920346	-0.782384574533458	-0.11401650672906	0.525854564682053
-0.172570442731373	-0.764819340485593	-0.0932623363222777	0.542859063155091
-0.1657297315424	-0.765136835212726	-0.0815331701959663	0.580352391000557
-0.158889020353428	-0.744009610462404	-0.0712333676553374	0.596698589752324
-0.152048309164455	-0.709615854829681	-0.055187346397097	0.58227698215162
-0.145207597975483	-0.732237329360201	-0.0528749982845858	0.600647381271553
-0.13836688678651	-0.721042402975558	-0.0440162260780728	0.62751114331557
-0.131526175597537	-0.680523901792284	-0.0179331259430997	0.634351666959297
-0.124685464408565	-0.688787958643816	0.000658828354940315	0.647276486999023
-0.117844753219592	-0.67109966473429	-0.00528994608706639	0.664078735846852
-0.111004042030619	-0.658743685141751	0.0206691938864784	0.662920243945445
-0.104163330841647	-0.640433849634105	0.0171660751595326	0.696435973822356
-0.097322619652674	-0.615057680231458	0.0566061575380854	0.66755076376851
-0.0904819084637014	-0.615201420201327	0.0508453322558251	0.725565431420197
-0.0836411972747289	-0.631635668190161	0.0657510480727192	0.699462677956169
-0.0768004860857561	-0.578746087145004	0.0681574545459574	0.751209667158211
-0.0699597748967835	-0.558447238638191	0.089024251310453	0.734003851822377
-0.063119063707811	-0.570397234098923	0.108496560504429	0.759107468611797
-0.0562783525188382	-0.573644842637454	0.116036486101197	0.779586826939749
-0.0494376413298656	-0.582801401344769	0.124780111171479	0.744526812383396
-0.042596930140893	-0.522266083438417	0.130809099673691	0.765819155785426
-0.0357562189519203	-0.497121329356055	0.146397281326196	0.788762327713017
-0.0289155077629477	-0.507658057641452	0.16311672903197	0.821130389309805
-0.0220747965739752	-0.494887481002874	0.15997271166216	0.832227097018842
-0.0152340853850024	-0.460349236380113	0.188227947187085	0.827938323395198
-0.00839337419602981	-0.4649297438581	0.200636120897749	0.847509409437717
-0.00155266300705725	-0.459306113634563	0.21899773165352	0.87098160740079
0.00528804818191553	-0.45192905165903	0.226072217630011	0.866797417913323
0.0121287593708881	-0.453571415450816	0.224435553456088	0.888576376465923
0.0189694705598606	-0.438636605513756	0.249088213324291	0.90724022771079
0.0258101817488334	-0.412508253998941	0.265749524633632	0.940584855842928
0.032650892937806	-0.411067244885164	0.279219063550227	0.930983832956958
0.0394916041267785	-0.383234602008779	0.296168001837326	0.948110622195461
0.0463323153157513	-0.391666274474336	0.300811321549643	0.9318031621777
0.0531730265047239	-0.34754091322807	0.318907031634627	0.946214517441845
0.0600137376936964	-0.342429396036368	0.332250308404544	0.968046889615923
0.066854448882669	-0.34010147299896	0.324715108620675	0.976431843478259
0.0736951600716418	-0.305191111660019	0.345652401287706	1.01969257535543
0.0805358712606143	-0.323711276794332	0.346149380962618	1.00400334663284
0.0873765824495869	-0.302490397224084	0.375347236736107	1.00907982846691
0.0942172936385597	-0.308332913010772	0.384614276048291	1.02463795372844
0.101058004827532	-0.246362883633673	0.405676811113002	1.04617580432234
0.107898716016505	-0.259045107909958	0.417729672689806	1.05120020043113
0.114739427205477	-0.237543981890017	0.422696572449324	1.05182700386964
0.12158013839445	-0.26754759185713	0.432099341938377	1.06636133666575
0.128420849583423	-0.244943082203652	0.443123310074036	1.10447426802277
0.135261560772395	-0.222381625405519	0.453909748286956	1.12491360117682
0.142102271961368	-0.216384932209866	0.464882535484012	1.13423638201034
0.148942983150341	-0.205001372573058	0.490675941621879	1.15651658197147
0.155783694339313	-0.204836775392426	0.495874846663606	1.15317525965794
0.162624405528286	-0.165683488062277	0.501598589478069	1.15375955426747
0.169465116717259	-0.139553660654471	0.526561347818701	1.16999105964839
0.176305827906231	-0.139533403308722	0.531165618150761	1.1713169934985
0.183146539095204	-0.136348639037032	0.537837087177173	1.17134562241144
0.189987250284176	-0.129402380285105	0.54448529051269	1.19546155512144
0.196827961473149	-0.0944765370153379	0.575216941416562	1.21920162347963
0.203668672662122	-0.0777309632726773	0.590637903491403	1.25522862185696
0.210509383851095	-0.100922923953247	0.595014332349376	1.25452878241147
0.217350095040067	-0.0562880829936199	0.599045419183686	1.28353311224995
0.22419080622904	-0.0794468635619186	0.611527085120038	1.2881530795202
0.231031517418012	-0.0521516995766808	0.6353751314124	1.30335034454787
0.237872228606985	-0.0648198220820195	0.647672459490956	1.31769137885184
0.244712939795958	-0.0261526960085449	0.657395379958209	1.3136357048454
0.25155365098493	-0.003144690098479	0.654013157283794	1.31199460704727
0.258394362173903	-0.00926115726012709	0.674306433285884	1.34172690056869
0.265235073362875	0.0087439616907793	0.687735994900049	1.35903053056679
0.272075784551848	0.0330433643620467	0.713828117952878	1.3409626701818
0.278916495740821	0.0278954066605261	0.710288002377084	1.39353963462862
0.285757206929793	0.0417157266119238	0.72784876843169	1.36742408152197
0.292597918118766	0.0491164915064435	0.732325207398965	1.43395532668514
0.299438629307739	0.0267428260130543	0.749088486034406	1.42299732128391
0.306279340496711	0.0732822031552705	0.762232259386303	1.43472009285559
0.313120051685684	0.0764681904002199	0.764665929970909	1.44983360882686
0.319960762874656	0.0963408577930445	0.785324996067991	1.452711790561
0.326801474063629	0.0885800197370301	0.794389457021442	1.47897880481078
0.333642185252602	0.115623353809893	0.808751987866348	1.49796838326326
0.340482896441574	0.149658851755736	0.829324320746299	1.51674703353669
0.347323607630547	0.129275114033739	0.837542864782038	1.52560649628492
0.35416431881952	0.130999139553154	0.850438425619563	1.53131517834022
0.361005030008492	0.174363128660951	0.870292691195818	1.53302602699413
0.367845741197465	0.156948621471327	0.876899573638887	1.56650476639428
0.374686452386438	0.193119125249176	0.889627077081293	1.57785770894971
0.38152716357541	0.18575764882618	0.889185907907434	1.60404006385276
0.388367874764383	0.233806884010997	0.91909115505415	1.56186856840821
0.395208585953355	0.187962332771929	0.932793576002928	1.6038153393483
0.402049297142328	0.230812722759854	0.926411502008665	1.61457892798668
0.4088900083313	0.250406629535221	0.946072798935748	1.6355324866262
0.415730719520274	0.246467849259073	0.972171115964219	1.64521321185543
0.422571430709246	0.260438838445857	0.98250213567112	1.67360033311289
0.429412141898219	0.280489516150256	0.982200467966323	1.67047594119313
0.436252853087191	0.283971529985677	0.992364507062927	1.70097434553673
0.443093564276164	0.309823206858603	1.00167162549697	1.74460879463968
0.449934275465136	0.292406281015996	1.01374588020569	1.72828845205162
0.456774986654109	0.277047926309069	1.03898110476612	1.74386708284899
0.463615697843082	0.318900461502569	1.04605306794263	1.74101016456097
0.470456409032054	0.338943629908804	1.0536913410806	1.72379925312483
0.477297120221027	0.324671542088639	1.07475163017849	1.7339358238808
0.48413783141	0.339364400869123	1.09056879236625	1.76666351203183
0.490978542598972	0.370161454876643	1.0928320486116	1.8074533079294
0.497819253787945	0.379777390330861	1.11780175263542	1.8075049333332
0.504659964976918	0.395214643096659	1.12338758642985	1.81686287678071
0.51150067616589	0.40309603093506	1.13507839597536	1.85216697349338
0.518341387354863	0.441671679833877	1.15540467853921	1.83446392707506
0.525182098543835	0.413453818387004	1.15184953983661	1.86730149743337
0.532022809732808	0.429273075898538	1.17696959746193	1.8483217828897
0.538863520921781	0.469542348738476	1.18724650230476	1.91713294315183
0.545704232110753	0.432924425341059	1.19110649110033	1.92014170099202
0.552544943299726	0.478271830616413	1.20943745275735	1.9128504578175
0.559385654488699	0.488826245440232	1.20402716662025	1.96592535715592
0.566226365677671	0.488478463524578	1.23978680188783	1.97700640656479
0.573067076866644	0.51040409014393	1.23933889108484	1.94153574990508
0.579907788055617	0.498952190830309	1.26782167198529	1.97340949184582
0.586748499244589	0.540360027855704	1.26718625086637	1.98984017656942
0.593589210433562	0.498995386939121	1.27847436565484	1.98762788549768
0.600429921622534	0.561410877458178	1.30129900420987	2.01961246732118
0.607270632811507	0.563171420773164	1.3095454863147	2.03410596542155
0.61411134400048	0.553240318923976	1.32378511896114	2.03166449672215
0.620952055189453	0.58278826205051	1.32797032053712	2.04148723669083
0.627792766378425	0.596532124361532	1.33536154475637	2.07213479441725
0.634633477567398	0.578229210922619	1.35432012132363	2.10280671235672
0.64147418875637	0.592780789466766	1.38677166356121	2.11380325575679
0.648314899945343	0.654196642192786	1.37928492923188	2.09816178163807
0.655155611134315	0.640734439560749	1.37823104902057	2.13160201110991
0.661996322323288	0.662388258451342	1.39725578229334	2.12645177409979
0.668837033512261	0.644059905847083	1.42141252553584	2.16902249540553
0.675677744701233	0.673448950570502	1.44091556611591	2.16225775873697
0.682518455890206	0.6711322497506	1.43856264981493	2.2047169506006
0.689359167079179	0.669684425770331	1.45376344696924	2.20357343974809
0.696199878268151	0.673208725938351	1.48087536196434	2.23155666502399
0.703040589457124	0.687306373320763	1.47784645951369	2.21000700022317
0.709881300646097	0.721823994278192	1.4899653951405	2.26713030275487
0.716722011835069	0.753572900241376	1.50290033655601	2.25789174773679
0.723562723024042	0.732918165860775	1.50853544187473	2.25831792378274
0.730403434213014	0.761909347819428	1.52633286266908	2.29354201488134
0.737244145401987	0.775724563637103	1.53336599575707	2.28824784273139
0.74408485659096	0.778442784647674	1.54093398016938	2.32631657422144
0.750925567779932	0.71898509503899	1.57158664735194	2.37329410478789
0.757766278968905	0.773228006319068	1.58007013988665	2.32189716533217
0.764606990157878	0.817871883086633	1.58860080298348	2.30161312966684
0.77144770134685	0.799314798978176	1.5933623402294	2.35965108092711
0.778288412535823	0.83511336051368	1.61904919697853	2.4011366781792
0.785129123724795	0.818129990570774	1.63871787905799	2.37550719382041
0.791969834913768	0.823550340524729	1.61986603629772	2.38684040717932
0.798810546102741	0.835275450622642	1.64435380507658	2.46937797469345
0.805651257291713	0.844116438959427	1.67291428445084	2.41702840342639
0.812491968480686	0.875591235442634	1.66260103894899	2.4841615545173
0.819332679669659	0.891836505115653	1.68763278554447	2.4869506557208
0.826173390858631	0.906922276684729	1.70853175791503	2.47050862626856
0.833014102047604	0.86777099972679	1.70217943061228	2.47866651949074
0.839854813236577	0.902439723710277	1.72560656727409	2.48829909134365
0.846695524425549	0.933407859229744	1.72277065838824	2.52634752953742
0.853536235614522	0.919057907916411	1.73642041012041	2.52185418886934
0.860376946803494	0.935663289634661	1.76340215502193	2.55548976277951
0.867217657992467	0.984748569523024	1.77289624678331	2.54509385227074
0.87405836918144	0.980451122239873	1.7803467090152	2.57344685237881
0.880899080370412	0.969725311282751	1.79806013700333	2.60145219537838
0.887739791559385	1.01192452751144	1.79993414721203	2.61064612047349
0.894580502748358	0.983911188577802	1.82448662492841	2.61327887650048
0.90142121393733	1.01244503573791	1.83125595825807	2.61930003171926
0.908261925126303	1.01261637835988	1.84214116485746	2.66449397839285
0.915102636315276	1.01191897210216	1.86750487644325	2.69408286658325
0.921943347504248	1.03412411018832	1.87713239931953	2.67271119208565
0.928784058693221	1.0612782599206	1.88740049953215	2.6819603344916
0.935624769882193	1.05906571639181	1.89922479404631	2.67305281105842
0.942465481071166	1.0656042497083	1.91501007215688	2.72319126284843
0.949306192260138	1.09694833715373	1.92319650763914	2.72535124448108
0.956146903449111	1.05901471333206	1.92102862105395	2.71951734810938
0.962987614638084	1.08949077126529	1.95654322099119	2.77986870346132
0.969828325827057	1.14710444448947	1.96241225153706	2.76710896929762
0.976669037016029	1.12188246429872	1.96262583867572	2.82657682744548
0.983509748205002	1.12998048259482	1.9907742249631	2.79848828257859
0.990350459393974	1.15540469313253	1.99255704951711	2.79855450049591
0.997191170582947	1.15116973351384	2.01369026645722	2.78702531747231
1.00403188177192	1.14854868431581	2.01449309221732	2.83823827164991
1.01087259296089	1.16386675831392	2.03019899708899	2.86555479336205
1.01771330414986	1.19270949745047	2.04205087399081	2.87108870858185
1.02455401533884	1.21007706825993	2.05205074046781	2.89701918624686
1.03139472652781	1.20939508836641	2.0705538246209	2.92993540278372
1.03823543771678	1.19808355379977	2.08429361024865	2.9061378404487
1.04507614890576	1.21299063969392	2.09260528306752	2.92292828961847
1.05191686009473	1.21801990721106	2.10246913671914	2.92278991566354
1.0587575712837	1.27393559000085	2.12531230236838	2.93666096745191
1.06559828247267	1.22522022487138	2.14192624587423	2.97916814108722
1.07243899366165	1.25693253528695	2.14338778038389	2.98963395510786
1.07927970485062	1.29330789827565	2.16513747739434	2.96564590494826
1.08612041603959	1.27399683908703	2.16731678784364	3.00154396723927
1.09296112722856	1.25999278716962	2.18556622347807	3.00547646766513
1.09980183841754	1.30246073399582	2.2005092187354	3.05890339348032
1.10664254960651	1.31075418252353	2.20315394146634	3.04420345788698
1.11348326079548	1.32749003338433	2.21847501718171	3.0498016287455
1.12032397198445	1.30714962587259	2.21321060442226	3.08859077328807
1.12716468317343	1.33651237722416	2.23946211947948	3.10103116299736
1.1340053943624	1.34995662714516	2.24297100948173	3.11933849175829
1.14084610555137	1.32930419614482	2.24930051101325	3.16125648890043
1.14768681674034	1.37620585629507	2.2791217907551	3.11241126165407
1.15452752792932	1.37807499084665	2.29639007050909	3.18464591313413
1.16136823911829	1.375709135695	2.30703862426396	3.16997335404222
1.16820895030726	1.39308776123973	2.32772936965438	3.17151741592958
1.17504966149624	1.38812547673819	2.3216407110461	3.21516559329104
1.18189037268521	1.44814417959394	2.32897092870481	3.22393576123521
1.18873108387418	1.43722641187027	2.34832812815444	3.24506318278148
1.19557179506315	1.43881897716762	2.36059617461664	3.26156979956355
1.20241250625213	1.44631873026071	2.38590413430673	3.24245284599791
1.2092532174411	1.46344590670134	2.38923671345202	3.25154922731692
1.21609392863007	1.42408697570022	2.41500316649854	3.31810524670756
1.22293463981904	1.43681485752605	2.41046962223871	3.28130598373846
1.22977535100802	1.46686124346154	2.4236990285929	3.33230229623161
1.23661606219699	1.47968969219084	2.43573475434521	3.35743740802583
1.24345677338596	1.52245605083991	2.45034577961916	3.33962692610201
1.25029748457493	1.51202736136537	2.45661844046903	3.35991619437567
1.25713819576391	1.53205688711308	2.46019566219177	3.37517928658761
1.26397890695288	1.53297500725796	2.49512575523803	3.43221760189994
1.27081961814185	1.51442471475225	2.50882136980038	3.43519506240371
1.27766032933082	1.57587579053429	2.50014339182222	3.40252721959153
1.2845010405198	1.53450199312484	2.51364923626111	3.43167172801415
1.29134175170877	1.5818305303586	2.53764763732714	3.45771770180042
1.29818246289774	1.5752005589293	2.56405966060288	3.46013224254593
1.30502317408672	1.62633534506321	2.56276642839001	3.5027450054726
1.31186388527569	1.60138254697076	2.57656858294858	3.50361161569497
1.31870459646466	1.6176772106703	2.59027786646622	3.53303641185167
1.32554530765363	1.58959931085825	2.59127406047417	3.51795328458688
1.33238601884261	1.66290223486847	2.60727764701501	3.5721365592824
1.33922673003158	1.61883469486125	2.62058120502557	3.58994106288715
1.34606744122055	1.64313843257023	2.63729341624738	3.59370093873462
1.35290815240952	1.6678846894908	2.63479888235502	3.6128256120104
1.3597488635985	1.65325885774265	2.64498082376294	3.63549715112272
1.36658957478747	1.66930880696923	2.68012220404055	3.63273440628495
1.37343028597644	1.71048263901448	2.68556647370653	3.67242886195064
1.38027099716541	1.704999764755	2.68904888849092	3.60169075030337
1.38711170835439	1.75314354552308	2.70431863449203	3.64927721147506
1.39395241954336	1.71291282639258	2.72508927096896	3.69106097250259
1.40079313073233	1.72404360224479	2.72295311492298	3.67087281072434
1.4076338419213	1.75374207514702	2.74701521347866	3.71171553147961
1.41447455311028	1.74227658501322	2.76767944313658	3.7574686563633
1.42131526429925	1.78429353535619	2.76576517584193	3.73363747544485
1.42815597548822	1.75458275423807	2.77178013881944	3.73857864748482
1.4349966866772	1.78103015036753	2.78985194400799	3.80738482894192
1.44183739786617	1.77985001953903	2.8158787086822	3.7610606898734
1.44867810905514	1.83034320303822	2.8148232860145	3.83055810440343
1.45551882024411	1.81068217664669	2.83677782312714	3.7865109300871
1.46235953143309	1.85050205655896	2.83692888185956	3.82774679527616
1.46920024262206	1.81656109100398	2.86797873831876	3.83805805597856
1.47604095381103	1.85378773918633	2.86864240214178	3.84904482413966
1.482881665	1.84246313056368	2.89788027836684	3.85333167103322
1.48972237618898	1.89824750398611	2.90170969630787	3.89022323342315
1.49656308737795	1.86709405602205	2.90826848176128	3.87381646610735
1.50340379856692	1.90507285091991	2.91761143994974	3.88357418630144
1.51024450975589	1.91088178828254	2.93620878155963	3.90691805697993
1.51708522094487	1.88767971320386	2.96070062915966	3.95082865716724
1.52392593213384	1.88825685453309	2.9592596841253	3.95264174888342
1.53076664332281	1.90855230420745	2.97767089339342	3.9446469272739
1.53760735451179	1.90497471292848	2.96924394983331	3.99668501331132
1.54444806570076	1.95893100325345	3.00097380764417	4.0015256494212
1.55128877688973	1.94932542252508	2.99293794165883	4.02256969345775
1.5581294880787	1.95663852367636	3.03494155956791	4.0685643132895
1.56497019926768	1.96942800900119	3.04912158107346	4.03989257518306
1.57181091045665	1.96898327847609	3.04198238793482	4.0527667228203
1.57865162164562	2.01597578757753	3.05783707223063	4.08541975886117
1.58549233283459	2.03199131444079	3.05369712260247	4.1209929472453
1.59233304402357	1.99018560136369	3.08108326143949	4.08217587626634
1.59917375521254	2.01674811396203	3.09379016701034	4.10151846373309
1.60601446640151	2.0055840202968	3.10157172399383	4.11142495890586
1.61285517759048	2.0060500963222	3.11741241264087	4.15237775937871
1.61969588877946	2.00901359870789	3.11827612252311	4.13715338641899
1.62653659996843	2.01453489119335	3.12910517022637	4.15454443076704
1.6333773111574	2.05226790429339	3.15708424675978	4.1853391757649
1.64021802234637	2.04796340290552	3.16327199131702	4.22738075877741
1.64705873353535	2.09415452504447	3.16411196607687	4.2275160613994
1.65389944472432	2.09023460426305	3.19093717217308	4.21698317891111
1.66074015591329	2.10411862193826	3.19605514779885	4.27519244124023
1.66758086710227	2.122693469197	3.21732561895348	4.25711396185868
1.67442157829124	2.11368649869542	3.23186452732341	4.27307691044136
1.68126228948021	2.15628306915591	3.24376823660415	4.27133822717318
1.68810300066918	2.11434694166199	3.25567647422954	4.28409511025032
1.69494371185816	2.17000552495741	3.27099898500354	4.33960268989967
1.70178442304713	2.09742250456079	3.26864349898808	4.33322159877253
1.7086251342361	2.15891571695646	3.28518203915413	4.38228052227228
1.71546584542507	2.16461904966811	3.30136252853693	4.39148064195376
1.72230655661405	2.19403864245686	3.31298197775613	4.37027530701096
1.72914726780302	2.19472437780896	3.32870334579454	4.42178515305128
1.73598797899199	2.22820090468795	3.34038705407476	4.42229889678042
1.74282869018096	2.18343131953043	3.35851847418041	4.46986990333603
1.74966940136994	2.23246330932235	3.35689516885047	4.46568982595607
1.75651011255891	2.24205985995611	3.35858033131039	4.48105491368732
1.76335082374788	2.20627108100202	3.38489872558073	4.48892648699941
1.77019153493685	2.28225115413554	3.40664311401124	4.53005873290611
1.77703224612583	2.26076553488162	3.41471884810622	4.5066279485721
1.7838729573148	2.27900997994834	3.42943279076451	4.53946696990923
1.79071366850377	2.3187373332751	3.43272887995588	4.50909592397854
1.79755437969275	2.3113373143867	3.44169214094911	4.56721786092541
1.80439509088172	2.31121379057247	3.45290187169455	4.5350502609232
1.81123580207069	2.3264931175908	3.47161482441213	4.57517980465348
1.81807651325966	2.33001076914567	3.48039436820134	4.66695477723869
1.82491722444864	2.35038225433463	3.49404311556263	4.6202315509643
1.83175793563761	2.33756712998054	3.5041077233011	4.63042487869903
1.83859864682658	2.36199289524686	3.53145699285991	4.68565499012886
1.84543935801555	2.35419053452851	3.53682644790756	4.65251513506403
1.85228006920453	2.34551674286411	3.53104691068021	4.7094701460967
1.8591207803935	2.38370576543727	3.55090824167247	4.72722310857832
1.86596149158247	2.38999705095675	3.5760064501984	4.76964646187721
1.87280220277144	2.37132326840344	3.59837952603491	4.7387602574207
1.87964291396042	2.40285621298254	3.58463446488172	4.75005374579572
1.88648362514939	2.3843148540274	3.60532339435409	4.75012779083147
1.89332433633836	2.42966943645134	3.63193806724096	4.75426702256733
1.90016504752733	2.40903664493138	3.62946792075877	4.79567236567087
1.90700575871631	2.43350927305028	3.64641602650229	4.80366683945597
1.91384646990528	2.41038933381433	3.64750986651102	4.80302474402815
1.92068718109425	2.49244867434173	3.6678552755054	4.82319369043944
1.92752789228323	2.46056160811775	3.68623172748277	4.8478772381466
1.9343686034722	2.47702521423701	3.69030770570405	4.82861276507257
1.94120931466117	2.48965909239562	3.69829023575496	4.87131438259584
1.94805002585014	2.47374836039589	3.70224554240102	4.89509511713344
1.95489073703912	2.51470634986811	3.7217436950349	4.84669881463335
1.96173144822809	2.55694222535966	3.73215505067302	4.87419570091127
1.96857215941706	2.50098332663799	3.75119727555618	4.94614742743661
1.97541287060603	2.51626217483166	3.77290359098132	4.96366529071896
1.98225358179501	2.53389893370063	3.78988154361904	4.94119465283973
1.98909429298398	2.56594173612726	3.78298615449804	4.95852210578513
1.99593500417295	2.56296018505725	3.79609516212817	4.97791854626451
2.00277571536192	2.5532526763471	3.82223945558276	5.01220734894731
2.0096164265509	2.5527823707644	3.81417992417259	5.04675558944854
2.01645713773987	2.61014935351771	3.84110117989483	4.97783717404953
2.02329784892884	2.63200480007998	3.85556543181801	5.06669724680529
2.03013856011781	2.61529424430887	3.87355632048018	5.05661359200048
2.03697927130679	2.5940049425479	3.88421271952245	5.07621275877918
2.04381998249576	2.64823101091202	3.89573126751408	5.06171434069199
2.05066069368473	2.6629355254562	3.88839815860719	5.13494878078813
2.0575014048737	2.67663349366972	3.93408951061815	5.11458717602507
2.06434211606268	2.67618454301794	3.93718652312821	5.13700923302124
2.07118282725165	2.64067347653195	3.94790054073207	5.17072705360545
2.07802353844062	2.68932448368724	3.95811189389112	5.19777517829283
2.0848642496296	2.6926171250509	3.97638602332292	5.17470306191046
2.09170496081857	2.698965032765	3.98859303101828	5.21222797935386
2.09854567200754	2.72419169121231	3.99387419252198	5.2597693390857
2.10538638319651	2.71495309721085	3.9923191776325	5.21359042526636
2.11222709438549	2.70716744973876	4.01114441458388	5.22977099393655
2.11906780557446	2.74978612303906	4.01467021671541	5.26628025031049
2.12590851676343	2.72818670939206	4.04343961777107	5.3375623372225
2.1327492279524	2.76310235746376	4.05292943737705	5.31072181975819
2.13958993914138	2.75095811772599	4.07650490910748	5.33528970695103
2.14643065033035	2.77563033470139	4.08034068766762	5.34693552804294
2.15327136151932	2.76259716749099	4.091218252252	5.35008951557475
2.16011207270829	2.7948237070941	4.10280965494086	5.36627868827726
2.16695278389727	2.84671158445026	4.11518209210825	5.36751380508437
2.17379349508624	2.85129998638281	4.14724658222167	5.42623714004762
2.18063420627521	2.78922311917478	4.12711466342558	5.42642607895384
2.18747491746418	2.83616203135817	4.14982020363376	5.41371078884059
2.19431562865316	2.85342671438403	4.15954520409003	5.43736951517551
2.20115633984213	2.8517418167972	4.18247590821668	5.4225096932121
2.2079970510311	2.87026653144997	4.19804747285873	5.44764575715864
2.21483776222008	2.84136874886887	4.20059314331988	5.49716722864829
2.22167847340905	2.88753159505	4.20528462328426	5.52561061628436
2.22851918459802	2.86976819923445	4.22126306322743	5.47720139082099
2.23535989578699	2.91657935582707	4.24569719275178	5.54999925114956
2.24220060697597	2.89146041284101	4.25254800152158	5.52588496778183
2.24904131816494	2.91858888332401	4.24645313535304	5.55739555425238
2.25588202935391	2.90061807116066	4.28254686342187	5.58872820887939
2.26272274054288	2.90848895503161	4.27635557237154	5.56488460498129
2.26956345173186	2.94323728004917	4.30308938571206	5.58714491056495
2.27640416292083	2.98539058174717	4.30580908408087	5.62598212369906
2.2832448741098	2.91479621970567	4.31247628115189	5.63726974400321
2.29008558529877	2.94984083891911	4.34370811113979	5.70048566166498
2.29692629648775	2.97974053166023	4.34407736430054	5.67199377022622
2.30376700767672	2.97446157867413	4.36724228441188	5.65956020386927
2.31060771886569	2.96813825835991	4.37657722355621	5.69949426941434
2.31744843005466	2.97363524258583	4.36817473664456	5.7529199899688
2.32428914124364	3.02764707387489	4.41965406763453	5.77312463195187
2.33112985243261	3.04239568046997	4.40156244136118	5.72233955717589
2.33797056362158	3.06782081693284	4.41937115476299	5.81280819515705
2.34481127481056	3.08055318996814	4.44610153242144	5.75325720722963
2.35165198599953	3.05497851651754	4.4393511278787	5.79625870166221
2.3584926971885	3.0645494542427	4.44278172341639	5.80524976215113
2.36533340837747	3.06635501710511	4.48348092211053	5.78389331340108
2.37217411956645	3.08721595769689	4.47750561565225	5.82219501229174
2.37901483075542	3.07405643145039	4.49420717878066	5.82182227966311
2.38585554194439	3.10842868728627	4.50334183115924	5.88370158401391
2.39269625313336	3.12913957272809	4.51950335078184	5.88648207974463
2.39953696432234	3.09926310864092	4.52151872500004	5.90725305314296
2.40637767551131	3.14556318563754	4.55391165759169	5.90812109269938
2.41321838670028	3.14524558858953	4.56140819490918	5.92531577342706
2.42005909788925	3.1559225337461	4.56714164676497	5.93321260233563
2.42689980907823	3.19721559862794	4.57248827146493	5.9579331030366
2.4337405202672	3.17528834356645	4.60386713707732	5.98404437244074
2.44058123145617	3.20936720624107	4.61356718121475	5.97600198680968
2.44742194264514	3.19303225517956	4.61884592258773	6.03017393072832
2.45426265383412	3.18363961284882	4.63961819504013	6.04096713061994
2.46110336502309	3.1803019818377	4.64134643412909	6.04253251777162
2.46794407621206	3.24655170680161	4.65044680631664	5.9971764394757
2.47478478740104	3.20353244876326	4.64567163194971	6.07384980973064
2.48162549859001	3.20772089969214	4.67685123823613	6.0820383563708
2.48846620977898	3.24480408177048	4.67564301126419	6.04626092506789
2.49530692096795	3.25790233989524	4.7199586910129	6.10368971020544
2.50214763215693	3.29038098236398	4.71495438235256	6.16796100739902
2.5089883433459	3.26473422609906	4.74097201519412	6.11025456811949
2.51582905453487	3.27215731917816	4.74313812225989	6.15807284180701
2.52266976572384	3.28238381018602	4.74776921763138	6.19698726731755
2.52951047691282	3.32188752752869	4.75608402063193	6.15397219094933
2.53635118810179	3.32366793618052	4.78297098583089	6.20789282038837
2.54319189929076	3.3301747502973	4.78601527094925	6.25922416985754
2.55003261047973	3.32047971050978	4.7932384473482	6.18933555174636
2.55687332166871	3.27743711168565	4.82089493346919	6.23584484344443
2.56371403285768	3.29345602098126	4.83014235802868	6.24121607796716
2.57055474404665	3.38985773216061	4.84411075226227	6.27569207681904
2.57739545523562	3.36005326337556	4.84048463193614	6.27844669757028
2.5842361664246	3.36244654857368	4.87194634650791	6.2790793265148
2.59107687761357	3.40187925927741	4.86588020967647	6.31616029160236
2.59791758880254	3.40638944831372	4.87909849913361	6.36255176481405
2.60475829999152	3.41581890764552	4.90847094775047	6.33350172914351
2.61159901118049	3.38482529013239	4.91602908197495	6.33493814464915
2.61843972236946	3.39842519218737	4.90795682381704	6.39052180749868
2.62528043355843	3.43206664814386	4.9535072939913	6.46204358028044
2.63212114474741	3.43812775503571	4.93920963605857	6.40640552590184
2.63896185593638	3.45992154341542	4.96965742106641	6.47244729320914
2.64580256712535	3.5054612746577	4.97351646745649	6.48783557439535
2.65264327831432	3.46216957653465	4.98696111443227	6.46864700153793
2.6594839895033	3.42222725103876	5.00247647151409	6.46504974648974
2.66632470069227	3.47014993260317	5.0058287237391	6.51431916135158
2.67316541188124	3.49644413642614	5.03368835304761	6.52376755179616
2.68000612307021	3.49190920390602	5.03048541038153	6.54170137010415
2.68684683425919	3.50785696529007	5.06149805514622	6.53121380462641
2.69368754544816	3.54084616932473	5.06842550867243	6.53261547702986
2.70052825663713	3.53606472604467	5.0752748525864	6.57659309473
2.7073689678261	3.54048169864734	5.08717487098839	6.6010832711203
2.71420967901508	3.56954380622923	5.08446826275323	6.64195393804046
2.72105039020405	3.57739016602926	5.09493993454254	6.59130487152578
2.72789110139302	3.56883743604406	5.13808299204593	6.60605200761388
2.734731812582	3.57701152639685	5.13269077024748	6.65495924357847
2.74157252377097	3.5817675893679	5.14825820571962	6.69247887279579
2.74841323495994	3.57482041921382	5.14547474305401	6.67861232314546
2.75525394614891	3.61620311750453	5.18364408261255	6.6864216139909
2.76209465733789	3.56630893830246	5.1895747410575	6.68626522839046
2.76893536852686	3.61388693433647	5.19260611326658	6.75875484570199
2.77577607971583	3.67586255984026	5.19764522208755	6.71456172138786
2.7826167909048	3.64252750001532	5.23469559889728	6.7189888237027
2.78945750209378	3.64101434350956	5.22407366691185	6.81452516543743
2.79629821328275	3.64352185454578	5.23557875081459	6.80919982441501
2.80313892447172	3.6356615618653	5.2496622573137	6.81780921808005
2.80997963566069	3.66419655491089	5.2734910726803	6.81203215364194
2.81682034684967	3.67866468278685	5.28754045523168	6.8162323191182
2.82366105803864	3.73487004956344	5.29483363341374	6.89738253473812
2.83050176922761	3.73601487757165	5.30816140834244	6.8322560289927
2.83734248041658	3.70105013898613	5.32559371547373	6.81625161453566
2.84418319160556	3.70316223879431	5.3340597526667	6.85486108189702
2.85102390279453	3.73069219763027	5.34897669254492	6.88815700429378
2.8578646139835	3.73660523899489	5.34469304673089	6.95708754365748
2.86470532517248	3.74420373836685	5.36227051437711	6.93104581241469
2.87154603636145	3.77920667336232	5.39033336805145	6.98708256169993
2.87838674755042	3.75325027014932	5.37761181784767	6.94641358303705
2.88522745873939	3.7972229105491	5.42021547344072	6.99688176561518
2.89206816992837	3.77897966781838	5.39796039801169	6.95192152531204
2.89890888111734	3.81041892777805	5.42748395744356	7.00683595540556
2.90574959230631	3.7827451438381	5.44338937154814	7.01355467156354
2.91259030349528	3.80519826038822	5.46206232449408	7.03572952218532
2.91943101468426	3.84966268010007	5.47849229438086	7.02645453296083
2.92627172587323	3.82557574442965	5.48155977237534	7.12046246072572
2.9331124370622	3.85066165062106	5.49112922490906	7.10551676756809
2.93995314825117	3.86380969354721	5.50554174567715	7.09207874204246
2.94679385944015	3.8548582862149	5.49728759320832	7.07498734488411
2.95363457062912	3.87231282251942	5.52115372437012	7.13545319733097
2.96047528181809	3.89432018165258	5.56288927610145	7.14839301316967
2.96731599300706	3.8920753071817	5.54647793657945	7.14378062021977
2.97415670419604	3.84933842888665	5.5621770812088	7.15917619784688
2.98099741538501	3.9029207411028	5.57804008865402	7.19888163370351
2.98783812657398	3.95077083289231	5.59163060440535	7.22537020627912
2.99467883776296	3.93487485960602	5.57116836149866	7.21327566080928
3.00151954895193	3.94031229056814	5.61449382746113	7.27002306976622
3.0083602601409	3.94197040624361	5.63083486732951	7.28920150730684
3.01520097132987	3.95697370385956	5.6490254214363	7.25803235000535
3.02204168251885	3.96813897999619	5.64660419794231	7.27600404918929
3.02888239370782	3.95845343509734	5.6488208088774	7.29805258297573
3.03572310489679	3.99965626515762	5.68517580188461	7.31384189209669
3.04256381608576	3.9938023981372	5.68717431130982	7.36434724924801
3.04940452727474	3.98633757397577	5.72177006218934	7.34299764886197
3.05624523846371	4.0039818781597	5.72129693320294	7.39064725621278
3.06308594965268	4.0500893729891	5.73461059042465	7.35553912111459
3.06992666084165	4.03026674893083	5.73453824281818	7.40194609733468
3.07676737203063	4.06125401780537	5.7450773214528	7.40937246039655
3.0836080832196	4.06909740721559	5.75161185501968	7.45739865107849
3.09044879440857	4.05475760318414	5.78352378347645	7.44965783277697
3.09728950559754	4.05444083297888	5.75764117081746	7.48813942612473
3.10413021678652	4.10342472405398	5.79172706278117	7.47053933086706
3.11097092797549	4.0881320929311	5.81030271118946	7.52943206993568
3.11781163916446	4.08011964177403	5.81313869785364	7.51743416948681
3.12465235035344	4.08442449442848	5.84117757805254	7.51985372825273
3.13149306154241	4.09032177997544	5.83162382277523	7.57737627557102
3.13833377273138	4.13061597696198	5.84487659662391	7.55249537851546
3.14517448392035	4.14040875678639	5.86100133785252	7.54963185186196
3.15201519510933	4.13782116651277	5.88666845811007	7.5886458707401
3.1588559062983	4.16633347553308	5.90009747366511	7.61155875983076
3.16569661748727	4.1501328688421	5.93638510545125	7.60473159665952
3.17253732867624	4.16446043941327	5.92505701730159	7.56657937594348
3.17937803986522	4.19032161498953	5.9285427726703	7.61463584505464
3.18621875105419	4.15097988499321	5.9480594920333	7.65304813253417
3.19305946224316	4.20212455223894	5.95083916009394	7.6713157954403
3.19990017343213	4.21440614715669	5.98559518091958	7.66579232488171
3.20674088462111	4.19096579670769	5.98759495070384	7.65095066438429
3.21358159581008	4.20335831571285	5.99353968245337	7.71603996221259
3.22042230699905	4.22682991856251	6.01600151821316	7.75446024630747
3.22726301818803	4.16661101502572	6.01870244209024	7.7610989912515
3.234103729377	4.27625874030253	6.03542136749936	7.76190316295955
3.24094444056597	4.23933348810377	6.05361340873784	7.78152700521758
3.24778515175494	4.30252683857407	6.05348451346369	7.81429026301075
3.25462586294392	4.30877817286531	6.07834562719603	7.84215557206799
3.26146657413289	4.28949148365702	6.08623809658198	7.81631259245115
3.26830728532186	4.33202198792042	6.0999077376918	7.84197077331207
3.27514799651083	4.32230796796457	6.10139898566661	7.91315522780084
3.28198870769981	4.3285954409545	6.12356403441091	7.81962723085555
3.28882941888878	4.30725623142072	6.13123504855949	7.86746725676653
3.29567013007775	4.36259229194625	6.16210437423875	7.90467034091837
3.30251084126672	4.34962697619667	6.15366466974805	7.94500946962745
3.3093515524557	4.3338386760964	6.16721709529981	7.92501484467235
3.31619226364467	4.38479277047157	6.17154261539516	7.95013851346787
3.32303297483364	4.32426145586154	6.18375251320029	7.94880931993874
3.32987368602261	4.39671284570812	6.2197147979566	7.94528926336486
3.33671439721159	4.38706701786011	6.21318250467619	7.97981508942533
3.34355510840056	4.41401729170602	6.23590187130603	7.98711256090374
3.35039581958953	4.37868868620686	6.25815620916233	8.02227804850215
3.35723653077851	4.48181787700552	6.26836578050119	8.09372546715371
3.36407724196748	4.45277203463984	6.25770265733164	8.06391570670702
3.37091795315645	4.45583610846835	6.27173275844678	8.11007380689816
3.37775866434542	4.41183151647768	6.28000090518253	8.08050590916218
3.3845993755344	4.46060582891045	6.29891246779574	8.09864324800063
3.39144008672337	4.44964225338396	6.32415587811077	8.1120034211517
3.39828079791234	4.47394643652666	6.32948411768372	8.12845160747793
3.40512150910131	4.48677375352696	6.33819631419694	8.14774343491607
3.41196222029029	4.46818105037675	6.35410753426747	8.20041261819964
3.41880293147926	4.51454003929265	6.36554758476679	8.13417849356644
3.42564364266823	4.46078100957773	6.3871349798082	8.2039242662984
3.4324843538572	4.50102915581948	6.37949615121847	8.22628633964541
3.43932506504618	4.53220173444104	6.41280422984208	8.21795743832737
3.44616577623515	4.54526241705715	6.41418509742394	8.31750868209968
3.45300648742412	4.51734696513884	6.41518808690847	8.25232353814604
3.45984719861309	4.52568585850964	6.44307839366866	8.27854374780477
3.46668790980207	4.58043942411533	6.45499899602963	8.26347199166991
3.47352862099104	4.54788079327761	6.45854931595824	8.3215586746885
3.48036933218001	4.5708593370304	6.4837726423146	8.30373006293134
3.48721004336899	4.59631443152433	6.51417605002955	8.29188911842204
3.49405075455796	4.55940333073657	6.50673966384502	8.42566643767151
3.50089146574693	4.56367666802029	6.50207438569219	8.38384585978276
3.5077321769359	4.62767688405878	6.53042904606403	8.38206672061238
3.51457288812488	4.62921230044321	6.55017566364704	8.33469387239972
3.52141359931385	4.57783366137772	6.56352139298619	8.40044308682173
3.52825431050282	4.6679854321815	6.5543862594628	8.41827473452923
3.53509502169179	4.64032447128766	6.56843633646547	8.45920604220982
3.54193573288077	4.6224799665247	6.59794808846199	8.50127039647939
3.54877644406974	4.67918929210827	6.60334209233441	8.48478211222512
3.55561715525871	4.69241187587024	6.60254194158505	8.53203438594528
3.56245786644768	4.65004716401989	6.62555337111674	8.5627473437996
3.56929857763666	4.70735159231593	6.62431006248474	8.53884637381375
3.57613928882563	4.68931437476943	6.62374379798557	8.51807930036912
3.5829800000146	4.73717693441334	6.65811279353252	8.5592353930675
3.58982071120357	4.67944263403597	6.67048674040463	8.5448025139818
3.59666142239255	4.70293008614209	6.70007576012165	8.62485890122088
3.60350213358152	4.69135071062418	6.6952723775964	8.5986013647436
3.61034284477049	4.73087899355097	6.70737048098914	8.6617464289588
3.61718355595947	4.7848186377762	6.73740998278056	8.67915226439914
3.62402426714844	4.82775898800701	6.73288221574394	8.6443511152465
3.63086497833741	4.75312857217045	6.74383233740554	8.69246418047983
3.63770568952638	4.77174417631944	6.74035177302617	8.67529998496162
3.64454640071536	4.77616138531866	6.78909625257633	8.70148568779637
3.65138711190433	4.82775778246518	6.76394915123933	8.67911246936469
3.6582278230933	4.83531811948379	6.80976501491815	8.73020129824993
3.66506853428227	4.83188450747146	6.81365709317196	8.73647776649102
3.67190924547125	4.86103898008978	6.81294796148199	8.81283702179367
3.67874995666022	4.81629699265648	6.82037775730002	8.77902503340248
3.68559066784919	4.84926448164629	6.84094507014937	8.79066451557619
3.69243137903816	4.88716169683429	6.86152151629986	8.7976830245154
3.69927209022714	4.85340021378107	6.87150302139558	8.85798539438576
3.70611280141611	4.93183171478769	6.88008500632051	8.78667886376382
3.71295351260508	4.88380820871552	6.88540983552834	8.80057756783753
3.71979422379405	4.89674379506901	6.91686424790821	8.85029509256687
3.72663493498303	4.92056730737069	6.90991803393125	8.8538699867966
3.733475646172	4.96969440562181	6.94151181390095	8.88092791209534
3.74031635736097	4.94168858007934	6.94152793673563	8.91392455082097
3.74715706854995	4.90885137439658	6.94938938890624	8.90374664640975
3.75399777973892	4.91197295456726	6.95883013294033	8.98770481075741
3.76083849092789	5.01272814476057	6.9738772951088	8.96723711020021
3.76767920211686	4.95919547598036	6.98065599597288	8.97932145939136
3.77451991330584	5.00935649149886	7.005708885985	9.00834910096499
3.78136062449481	4.96116928996866	7.00761310426672	9.02292151192432
3.78820133568378	5.03706723657627	7.01695603265024	9.03266857738215
3.79504204687275	5.06697220581912	7.05268954252599	9.01710953196291
3.80188275806173	5.02851486192748	7.06802813738539	9.06354548624123
3.8087234692507	5.04760661739052	7.08085827266142	9.06157612205697
3.81556418043967	5.01516260311235	7.08321356438002	9.03762688221368
3.82240489162864	5.02493948020833	7.09272234048309	9.11864638432178
3.82924560281762	5.07014384131884	7.07559377430088	9.10190664079477
3.83608631400659	5.117527582543	7.13070743083574	9.09097999164899
3.84292702519556	5.04738351071927	7.13532453809243	9.15838051400922
3.84976773638453	5.0595978584479	7.14583065172145	9.15164766089161
3.85660844757351	5.04159325587107	7.1489070399843	9.17576354961862
3.86344915876248	5.11200633442104	7.16732252270065	9.20421617865103
3.87028986995145	5.05220465013482	7.17258545388442	9.13943494068182
3.87713058114043	5.09622928654204	7.19070490994825	9.23677454929003
3.8839712923294	5.09091443599681	7.19856240863369	9.21671833927397
3.89081200351837	5.12466556396151	7.19239250540529	9.24680695273808
3.89765271470734	5.11227214306325	7.22585659975724	9.28277651231655
3.90449342589632	5.1344422128318	7.22038245005162	9.28131423271705
3.91133413708529	5.13453805301047	7.26696333830054	9.32185280461022
3.91817484827426	5.17549272928788	7.25393091252233	9.29119189756622
3.92501555946323	5.16581542597382	7.27453968391357	9.32512714275492
3.93185627065221	5.15215848892829	7.28485058891143	9.33307733103809
3.93869698184118	5.1438778733086	7.30972852458937	9.35568914935669
3.94553769303015	5.2043840744003	7.31243342425656	9.42397311449128
3.95237840421912	5.24062566952714	7.31367275456678	9.39046187648141
3.9592191154081	5.2132780338913	7.33808203358608	9.39425947064877
3.96605982659707	5.20320763321785	7.35208910007043	9.42741975268908
3.97290053778604	5.21555603681449	7.34549409203952	9.44188010029662
3.97974124897502	5.28253720865229	7.37279395297068	9.4348092519441
3.98658196016399	5.23091627463274	7.39713545560207	9.40838940976034
3.99342267135296	5.23410767610559	7.41218305945305	9.45641128924133
4.00026338254193	5.30753507884859	7.41683243898146	9.49264811538871
4.00710409373091	5.26857533183863	7.41975753310195	9.49200524535371
4.01394480491988	5.33003740108322	7.42500115296287	9.52986724303416
4.02078551610885	5.28313495444701	7.43855579901632	9.49929263845532
4.02762622729782	5.30058905033215	7.46343979575023	9.52387037661262
4.0344669384868	5.34281623287443	7.47991255080523	9.58740923909605
4.04130764967577	5.30080731033898	7.47819319772618	9.6200792958657
4.04814836086474	5.3748623442546	7.47430602473031	9.59024833738465
4.05498907205371	5.36556407621095	7.51401858187394	9.61292177667941
4.06182978324269	5.39969365446723	7.51501865114088	9.63940338381565
4.06867049443166	5.39019599476706	7.52945756313134	9.5803322140481
4.07551120562063	5.36359629015116	7.54990508642733	9.67420662544639
4.0823519168096	5.42534166003912	7.54233455381279	9.66231853838275
4.08919262799858	5.40133135628161	7.56539804723164	9.65701640612413
4.09603333918755	5.41779496516325	7.57670288268478	9.75156411218952
4.10287405037652	5.4005449003118	7.5734578368497	9.76470507739145
4.1097147615655	5.40230690768346	7.60000263372381	9.78216596300912
4.11655547275447	5.41154546892329	7.6098481655368	9.78058927475633
4.12339618394344	5.45480582830778	7.63261674240034	9.81456255869763
4.13023689513241	5.44958901710752	7.64666902368823	9.79662118469512
4.13707760632139	5.43709828123719	7.66435334448248	9.77752645334673
4.14391831751036	5.45355983791523	7.65113780707658	9.81528555666633
4.15075902869933	5.50504955812822	7.6761874524272	9.88849281857673
4.1575997398883	5.4844159411483	7.67566965368856	9.84213839838331
4.16444045107728	5.50160907022237	7.67765112543064	9.89939178258112
4.17128116226625	5.49919521876958	7.71265600494324	9.83358115240483
4.17812187345522	5.50953799377971	7.70261627590173	9.86101497568935
4.18496258464419	5.48867002288376	7.73507375141832	9.86961535105441
4.19180329583317	5.50719009406457	7.75049964794574	9.93371415263967
4.19864400702214	5.56934455427944	7.74573669418987	9.96085392418058
4.20548471821111	5.45741621013722	7.76456624173599	9.97463845032861
4.21232542940008	5.56277598961274	7.79667202496857	10.0082039608368
4.21916614058906	5.568856456886	7.79442872167762	10.0187238785379
4.22600685177803	5.5659201806953	7.81130374721418	10.049531700078
4.232847562967	5.6259322408699	7.82985349956791	10.0275247961749
4.23968827415598	5.57723046362343	7.83109340874512	10.0214852770424
4.24652898534495	5.57904627265593	7.85290125367686	10.0705850506139
4.25336969653392	5.64674656524971	7.86366686894826	10.0528481196651
4.26021040772289	5.6206335482471	7.87038380042697	10.1134466036465
4.26705111891187	5.61092311600514	7.87684039161608	10.011679955946
4.27389183010084	5.60914170177181	7.88335832675667	10.1050927374347
4.28073254128981	5.63055882094148	7.90676477800471	10.1642163322125
4.28757325247878	5.63838489249916	7.92786208170974	10.1531863514779
4.29441396366776	5.64828338092231	7.93433772289371	10.1989952736371
4.30125467485673	5.66162598524498	7.94768191450171	10.1581807535467
4.3080953860457	5.6605687983017	7.9540338512716	10.2275554026778
4.31493609723467	5.71622945872765	7.98298324966075	10.2200005064531
4.32177680842365	5.67650862728382	7.98120803428147	10.2433656199415
4.32861751961262	5.7227034848038	8.01220284385652	10.2655978249859
4.33545823080159	5.68315859520551	8.0061893100414	10.3186103015406
4.34229894199056	5.71479812594519	8.03517630915032	10.3041594198943
4.34913965317954	5.72466550076753	8.04190441331074	10.3285660477232
4.35598036436851	5.70935269583898	8.04003853040649	10.2933504823871
4.36282107555748	5.69054200557689	8.05191067521066	10.2736960951186
4.36966178674646	5.77855538910961	8.08824658248931	10.3454168560214
4.37650249793543	5.7530384353282	8.08669359109494	10.3396517926882
4.3833432091244	5.87063151409205	8.0991349517469	10.3696034342873
4.39018392031337	5.79358794491693	8.10788112653157	10.42194655982
4.39702463150235	5.75463841279418	8.11455773634112	10.3933859392627
4.40386534269132	5.80428605705401	8.12592945431621	10.429189368532
4.41070605388029	5.77294819115482	8.15649160858047	10.3944159997791
4.41754676506926	5.83285456588095	8.15360612849708	10.4246572225301
4.42438747625824	5.84514442801646	8.16060639845493	10.5018421024504
4.43122818744721	5.83182077769534	8.17112801697948	10.5096570306779
4.43806889863618	5.85671039744913	8.20525649281433	10.4692347715441
4.44490960982515	5.83082362049785	8.23397223275574	10.4954561654125
4.45175032101413	5.8900836486094	8.21168253478827	10.5473531854772
4.4585910322031	5.83932947840042	8.23118873450486	10.5298137612773
4.46543174339207	5.83012228592808	8.25580641789221	10.5282490549039
4.47227245458104	5.87052623994288	8.23634326691564	10.613556982549
4.47911316577002	5.87521837810656	8.27929187897047	10.5522106557464
4.48595387695899	5.92711591121571	8.26405129119714	10.5839843228
4.49279458814796	5.95690151022964	8.28345114320207	10.6103306576469
4.49963529933694	5.92726304515403	8.30484996029313	10.6131252114864
4.50647601052591	5.95237663758112	8.29977164437808	10.5912967009683
4.51331672171488	5.97418558772536	8.32986452072479	10.6916874988945
4.52015743290385	5.9842126947946	8.34883553308069	10.7219438212442
4.52699814409283	6.00612965774335	8.37139704629027	10.6903036470053
4.5338388552818	5.97618427419877	8.3748484764309	10.7153448208407
4.54067956647077	5.99688165348254	8.36952258860948	10.6528339155994
4.54752027765974	6.04216837823265	8.37891529119624	10.7134560342207
4.55436098884872	6.00357217870047	8.39890666531072	10.8015276981872
4.56120170003769	5.95466728447079	8.41716026521951	10.7417695074599
4.56804241122666	6.03163010475203	8.45169062872621	10.8629688837633
4.57488312241563	6.00005228753665	8.44807669688652	10.7571502018567
4.58172383360461	6.11438552991225	8.45927597499573	10.8196246539037
4.58856454479358	6.06019783744415	8.47127710492277	10.8623178447533
4.59540525598255	6.02146025733692	8.47060476933772	10.8134493977144
4.60224596717153	6.03653387560456	8.48147321569697	10.824096921943
4.6090866783605	6.09935137338133	8.49195718365392	10.8036692932283
4.61592738954947	6.06973957563858	8.51861894601839	10.9557321932703
4.62276810073844	6.076685529739	8.5196407024295	10.8890537762824
4.62960881192742	6.08720747069425	8.53093428856718	10.895670445979
4.63644952311639	6.13548538361715	8.55257945461591	10.9383338256295
4.64329023430536	6.13128978248347	8.55302288897878	10.967490935795
4.65013094549433	6.12907418245346	8.57377564324277	10.9890171740104
4.65697165668331	6.12276299133704	8.57528357134218	10.9991124419247
4.66381236787228	6.17863769784155	8.59562434564001	11.0509532622131
4.67065307906125	6.15112760331097	8.60042853341035	11.0347600670246
4.67749379025022	6.16937835380326	8.63111963960329	11.0451440061438
4.6843345014392	6.17144010039821	8.63628462977242	11.0431532427567
4.69117521262817	6.17560832344422	8.68644349926257	11.0639029143922
4.69801592381714	6.22017564649344	8.68146289490626	11.081162199792
4.70485663500611	6.22108035657329	8.65962832130203	11.1067950457629
4.71169734619509	6.2361218758091	8.67969255897206	11.0631025926023
4.71853805738406	6.22293048213611	8.70930125466803	11.1527338689424
4.72537876857303	6.20411104982618	8.70240790093306	11.2050890373727
4.732219479762	6.20186612564376	8.71147696407004	11.1676316456381
4.73906019095098	6.2215849388565	8.72785634715121	11.1776971774171
4.74590090213995	6.22302800852379	8.74848980949586	11.2057243220082
4.75274161332892	6.24402802984088	8.75076465151153	11.2301331957668
4.7595823245179	6.21756519232913	8.78038185707074	11.1752535294562
4.76642303570687	6.28816911563358	8.77039357904989	11.1736927637539
4.77326374689584	6.3116325251279	8.79226187062425	11.2392863942
4.78010445808481	6.2488270023415	8.81373208338463	11.1744510410986
4.78694516927379	6.29710460523433	8.8190222356694	11.2876591150779
4.79378588046276	6.34001103572245	8.8436725315299	11.3593987688903
4.80062659165173	6.38263590733483	8.85081269579753	11.2844340338416
4.8074673028407	6.32654770237709	8.87158891712726	11.3248582443667
4.81430801402968	6.32814060379146	8.87884209892955	11.3459451023741
4.82114872521865	6.32610849482852	8.88225780212382	11.3823351917221
4.82798943640762	6.34661718668843	8.90455674744801	11.4162430907326
4.83483014759659	6.35584877320211	8.91528401926874	11.3326330811346
4.84167085878557	6.38815114550737	8.92528494800704	11.3777140558325
4.84851156997454	6.357118810394	8.91276217882901	11.4217141412447
4.85535228116351	6.38486938974709	8.92380062836542	11.395741657561
4.86219299235248	6.39642169655413	8.96044695139737	11.3735640196396
4.86903370354146	6.42306181433718	8.97651236239363	11.4471989472501
4.87587441473043	6.4132005887786	8.98082165722977	11.4874435253882
4.8827151259194	6.45543949125555	8.99460983384908	11.5011271404534
4.88955583710838	6.45898791766505	9.00671992580996	11.4826970830763
4.89639654829735	6.47642921225229	9.02003948066371	11.5168049050676
4.90323725948632	6.50108717989445	9.02495838799006	11.55694616288
4.91007797067529	6.46297487636154	9.02889106269226	11.5193372042693
4.91691868186427	6.49623208153665	9.05478603087647	11.5470415311358
4.92375939305324	6.45279484131698	9.0622810632225	11.6357270023718
4.93060010424221	6.46899100413958	9.07026257006026	11.6592994360172
