"mitochan"	"lwrNorm"	"medNorm"	"uprNorm"
-1.90327037354145	-2.64338219321829	-2.37648499353985	-2.10453863344845
-1.89761729101225	-2.63525216807629	-2.3756728634288	-2.09133026921758
-1.89196420848305	-2.63691491642832	-2.36446751336125	-2.09628053124914
-1.88631112595385	-2.63952934249592	-2.35890388240276	-2.10458748958422
-1.88065804342465	-2.61681882372407	-2.34275757683652	-2.08166685395217
-1.87500496089545	-2.6096902061581	-2.34106521317622	-2.05509832927197
-1.86935187836625	-2.60201065469496	-2.33850024154777	-2.08031749983972
-1.86369879583705	-2.60143507066959	-2.33709480051502	-2.07047450137554
-1.85804571330785	-2.59979639359252	-2.32282370376456	-2.05378842431875
-1.85239263077865	-2.59555883450824	-2.32324182053015	-2.04444700125492
-1.84673954824945	-2.58587158995722	-2.31787887571634	-2.04695887618566
-1.84108646572025	-2.57192189137521	-2.30633642907921	-2.03419369580766
-1.83543338319106	-2.56338537153926	-2.30136033021551	-2.03163733647857
-1.82978030066186	-2.55863413829551	-2.29917554949332	-2.01695582076257
-1.82412721813266	-2.54870363682016	-2.28801944560107	-2.03205271885445
-1.81847413560346	-2.55029372444272	-2.28379785030932	-2.02732310278557
-1.81282105307426	-2.55420130133872	-2.27974293433858	-2.00699214076739
-1.80716797054506	-2.52041024446905	-2.27280359514336	-2.01189914748144
-1.80151488801586	-2.53134453239504	-2.26410638846188	-1.99258865422737
-1.79586180548666	-2.53853601668389	-2.25509856637395	-1.98534789563766
-1.79020872295746	-2.51921936338427	-2.2499441682362	-1.9865623765659
-1.78455564042826	-2.51202622936009	-2.24523089350165	-1.98685008033641
-1.77890255789906	-2.51324544992345	-2.23946247981448	-1.97207877883725
-1.77324947536986	-2.49244162791923	-2.2311214315431	-1.95765637412568
-1.76759639284066	-2.48585361055425	-2.2249230445957	-1.96105372792972
-1.76194331031146	-2.47966613547999	-2.22212657691137	-1.95345285119188
-1.75629022778226	-2.46891156822706	-2.20840984214008	-1.93787652161302
-1.75063714525306	-2.47297457879081	-2.2021617032102	-1.93280962963216
-1.74498406272386	-2.46734800115523	-2.20426153288319	-1.94007430829484
-1.73933098019466	-2.45312828780842	-2.18980193874731	-1.92195182139742
-1.73367789766547	-2.46714695458916	-2.18633184441705	-1.93003318551588
-1.72802481513627	-2.44226304554051	-2.17913043198974	-1.90108925933962
-1.72237173260707	-2.44705671028995	-2.17284845119862	-1.90570736179726
-1.71671865007787	-2.43424501392931	-2.16227532321093	-1.89591810176102
-1.71106556754867	-2.42805995368361	-2.16175200140142	-1.90169435977618
-1.70541248501947	-2.41822356210037	-2.15402063952754	-1.88153414956091
-1.69975940249027	-2.40980426504858	-2.14412984441529	-1.87233118850881
-1.69410631996107	-2.39957402420583	-2.13270155946786	-1.87456235614897
-1.68845323743187	-2.40542501932449	-2.12981171456132	-1.86761473938477
-1.68280015490267	-2.39902164744582	-2.12733053308698	-1.86082086636116
-1.67714707237347	-2.38003281078578	-2.12056766311338	-1.84418106669416
-1.67149398984427	-2.37487504643079	-2.11230182124634	-1.8481758778993
-1.66584090731507	-2.36858388480448	-2.10141984567542	-1.84933020545716
-1.66018782478587	-2.36351043090355	-2.09968138144214	-1.82827714009568
-1.65453474225667	-2.34903482626675	-2.09543169758356	-1.8398291569092
-1.64888165972747	-2.35170799187796	-2.08538934518166	-1.81931552736923
-1.64322857719827	-2.34807260010326	-2.08769955891398	-1.82566140835215
-1.63757549466907	-2.34577280909664	-2.07285794341998	-1.81321692059306
-1.63192241213987	-2.33634236257131	-2.0642215827819	-1.79871364928448
-1.62626932961068	-2.31333875000732	-2.05954175841851	-1.7866488494578
-1.62061624708148	-2.32330902494216	-2.0545609704365	-1.79469372765708
-1.61496316455228	-2.3057622738227	-2.03973955647077	-1.77271579363952
-1.60931008202308	-2.30711444047837	-2.03879522910795	-1.772156038046
-1.60365699949388	-2.30559742544889	-2.03506804165299	-1.77073203287565
-1.59800391696468	-2.29027462363897	-2.02808548684408	-1.75615645641648
-1.59235083443548	-2.28159340826775	-2.02254359714592	-1.76716118792589
-1.58669775190628	-2.29014026849657	-2.01724592962897	-1.75820670509495
-1.58104466937708	-2.27497733640754	-2.01325985931704	-1.75190819280117
-1.57539158684788	-2.2577373092153	-2.00302291464795	-1.75019178990084
-1.56973850431868	-2.25036909217667	-1.99324196002603	-1.73469128008566
-1.56408542178948	-2.25531846475616	-1.99519400303437	-1.73197286705308
-1.55843233926028	-2.25010714952112	-1.98732742651739	-1.730873787748
-1.55277925673108	-2.25500169632586	-1.97672717002548	-1.71269395835265
-1.54712617420188	-2.22226043113784	-1.96515195212789	-1.70200971484744
-1.54147309167268	-2.21441438448953	-1.95771921074234	-1.69870156372089
-1.53582000914348	-2.22447444848847	-1.95558773390601	-1.70164615271514
-1.53016692661428	-2.19739487351706	-1.95659117680661	-1.69327746472609
-1.52451384408509	-2.21657541955589	-1.94156882184607	-1.680326159118
-1.51886076155589	-2.21339747544533	-1.94526138186341	-1.68652058955225
-1.51320767902669	-2.19341370796805	-1.93444699571536	-1.6721609097849
-1.50755459649749	-2.18432585323197	-1.92146801937536	-1.65844125245415
-1.50190151396829	-2.18198944121109	-1.92079815985024	-1.65689627485712
-1.49624843143909	-2.17282895614924	-1.91286459794513	-1.64098431903786
-1.49059534890989	-2.16597833966101	-1.90860818346036	-1.65803116561099
-1.48494226638069	-2.16119361034501	-1.90678549225211	-1.63641777896536
-1.47928918385149	-2.16104092292057	-1.89683018765678	-1.62918627386322
-1.47363610132229	-2.1396011473785	-1.88635738873031	-1.63847976736289
-1.46798301879309	-2.13119458145408	-1.88079873379399	-1.62781442058464
-1.46232993626389	-2.13770425986761	-1.8707204407942	-1.61692327655073
-1.45667685373469	-2.13395007947782	-1.86380378767934	-1.60578332649458
-1.45102377120549	-2.12435501702755	-1.85856538622789	-1.59319473521707
-1.44537068867629	-2.107834843517	-1.8547768643259	-1.60170216411274
-1.43971760614709	-2.10048221408776	-1.85397468257694	-1.58032207008692
-1.43406452361789	-2.1065637047848	-1.83808584994697	-1.57835448885175
-1.42841144108869	-2.08172322027961	-1.8344055507846	-1.57936071552595
-1.4227583585595	-2.0852426822968	-1.83641837869497	-1.56550618014033
-1.4171052760303	-2.07899096348146	-1.82242191029447	-1.56404660067108
-1.4114521935011	-2.06966961458412	-1.82293250457825	-1.56286754800669
-1.4057991109719	-2.05646415494558	-1.80920098579198	-1.53614637143218
-1.4001460284427	-2.0476740047477	-1.80297478556901	-1.53601294672888
-1.3944929459135	-2.05063023097013	-1.79642187066634	-1.52909850130154
-1.3888398633843	-2.02626798199482	-1.78662556404449	-1.53392131319271
-1.3831867808551	-2.02782170116968	-1.78629419741609	-1.5139143198206
-1.3775336983259	-2.03508396822071	-1.7738306994317	-1.50398372029912
-1.3718806157967	-2.02379195391458	-1.76774272734763	-1.51546054891215
-1.3662275332675	-2.02561197824482	-1.75980176208981	-1.49447830204947
-1.3605744507383	-2.01190994125303	-1.75744752424188	-1.49870689206221
-1.3549213682091	-1.99883823690552	-1.74583217039531	-1.49561216997461
-1.3492682856799	-2.00013198248725	-1.74993570922612	-1.48891275917827
-1.3436152031507	-1.99707656310178	-1.73280066135876	-1.49542340559356
-1.3379621206215	-1.98967789595189	-1.7300461191514	-1.47611382630854
-1.3323090380923	-1.97949267262797	-1.72170917571771	-1.45703788609061
-1.3266559555631	-1.97570449407919	-1.71951992758192	-1.46914914836019
-1.3210028730339	-1.96023962608779	-1.71330663153471	-1.44633793557251
-1.31534979050471	-1.95528683900356	-1.70712282523608	-1.44266890696865
-1.30969670797551	-1.95960141858705	-1.70435148177314	-1.44611812702848
-1.30404362544631	-1.94980465137989	-1.6907446826804	-1.44814008511257
-1.29839054291711	-1.95129011522974	-1.68582146816955	-1.43977781959343
-1.29273746038791	-1.92973278473665	-1.67612887787969	-1.41049674033754
-1.28708437785871	-1.91799723141863	-1.67264579252613	-1.41896081767583
-1.28143129532951	-1.9200155826184	-1.67160446428954	-1.4041943938232
-1.27577821280031	-1.91397613844676	-1.66152859656081	-1.40569534993756
-1.27012513027111	-1.90496193005006	-1.65665271386358	-1.39713206185295
-1.26447204774191	-1.90914030518131	-1.64231343447366	-1.38597399517732
-1.25881896521271	-1.89617610338119	-1.63914657639139	-1.3847676053803
-1.25316588268351	-1.90015599761487	-1.63380595371149	-1.38459343455522
-1.24751280015431	-1.88090988741261	-1.62631163234631	-1.36409159103898
-1.24185971762511	-1.88452866598768	-1.62145105872818	-1.3610030387074
-1.23620663509591	-1.88304266788134	-1.61327446950823	-1.36168071811269
-1.23055355256671	-1.8482017473444	-1.6032292175544	-1.34994662160645
-1.22490047003751	-1.85144977621267	-1.6046621224961	-1.34300509384131
-1.21924738750831	-1.84713529231773	-1.59370567781884	-1.34505133252729
-1.21359430497911	-1.85276193720939	-1.59493717140596	-1.33664645828806
-1.20794122244992	-1.83854787046253	-1.58344648444886	-1.32834723515952
-1.20228813992072	-1.82738235612937	-1.57931318563182	-1.3162344492657
-1.19663505739152	-1.82724821910129	-1.5695543947888	-1.30442236917521
-1.19098197486232	-1.8093972699412	-1.56403753482832	-1.31194963412455
-1.18532889233312	-1.81692715796096	-1.55847351913821	-1.30684809462762
-1.17967580980392	-1.80977782949535	-1.54971508935066	-1.29893840098155
-1.17402272727472	-1.80137785849128	-1.54100287077598	-1.28778711765986
-1.16836964474552	-1.7984494157884	-1.53844604219778	-1.29615029042992
-1.16271656221632	-1.78402999113579	-1.52584999702212	-1.25602572000397
-1.15706347968712	-1.78072619501972	-1.53062020290547	-1.279363139159
-1.15141039715792	-1.76873750547139	-1.52036545871872	-1.28006730254484
-1.14575731462872	-1.77298774232964	-1.5114634098955	-1.23394681936903
-1.14010423209952	-1.75051111374576	-1.50348341768729	-1.24930037950811
-1.13445114957032	-1.76788737051582	-1.49386505259925	-1.24663313726212
-1.12879806704112	-1.74891280696163	-1.48960162330815	-1.24162423475504
-1.12314498451192	-1.74983372734053	-1.48305293560997	-1.22741609999542
-1.11749190198272	-1.73260579356136	-1.47701831066337	-1.21904454271945
-1.11183881945352	-1.71974219276983	-1.46949793705156	-1.22387976197179
-1.10618573692433	-1.72553350175112	-1.47034559887678	-1.20906837526567
-1.10053265439513	-1.71064464045607	-1.46272947812812	-1.20938883348529
-1.09487957186593	-1.70823980677404	-1.45147929356981	-1.18856956000648
-1.08922648933673	-1.68779582533706	-1.45237256811695	-1.17937560942898
-1.08357340680753	-1.6933026471786	-1.43806401737746	-1.18749347504757
-1.07792032427833	-1.67802901952187	-1.43339751947457	-1.18533376767397
-1.07226724174913	-1.70490961262477	-1.42295748871923	-1.1729458533217
-1.06661415921993	-1.67307528479721	-1.42575672670387	-1.16245741514881
-1.06096107669073	-1.67739855409532	-1.41252439364513	-1.15099992590854
-1.05530799416153	-1.67819240882632	-1.40328521015345	-1.15090606227404
-1.04965491163233	-1.65335487856362	-1.40657186518769	-1.14236028064918
-1.04400182910313	-1.63891992518414	-1.38944511259138	-1.14644004479943
-1.03834874657393	-1.62522836704444	-1.38474640154322	-1.12717615211786
-1.03269566404473	-1.62784325444148	-1.37927832530172	-1.12880417794972
-1.02704258151553	-1.62615154085067	-1.38048764143456	-1.12662663699321
-1.02138949898633	-1.62814130243293	-1.36462500925491	-1.11326235125779
-1.01573641645713	-1.60568784517286	-1.36629318821253	-1.1057472210129
-1.01008333392793	-1.6037323980439	-1.35298246832021	-1.10303966654768
-1.00443025139874	-1.60145335964215	-1.34387305804101	-1.09495757714953
-0.998777168869536	-1.5908622132151	-1.33947022978214	-1.10158593590651
-0.993124086340336	-1.58438234153047	-1.33250023304046	-1.08309019533555
-0.987471003811137	-1.57493707177117	-1.33245118256161	-1.0838209763181
-0.981817921281937	-1.57755484739327	-1.32581946832457	-1.07224539531264
-0.976164838752738	-1.5600229228697	-1.31302758532856	-1.05830233491211
-0.970511756223538	-1.56624517014793	-1.30693751131941	-1.06653755088712
-0.964858673694339	-1.56031060751386	-1.30052591848066	-1.05916171559531
-0.959205591165139	-1.56034741051252	-1.28679854455633	-1.03015977781396
-0.95355250863594	-1.53387629771274	-1.29892807821838	-1.05214837120639
-0.94789942610674	-1.5317003577333	-1.2891935546118	-1.03776622177669
-0.942246343577541	-1.51934424133991	-1.28184065308994	-1.014838729291
-0.936593261048342	-1.52460355696402	-1.2743186525928	-1.01748268288851
-0.930940178519142	-1.52660943150454	-1.26223080202919	-1.01836790435252
-0.925287095989943	-1.52187139202664	-1.26639013571111	-1.00644100633973
-0.919634013460743	-1.49652978369669	-1.25166392636101	-1.00760141005707
-0.913980930931544	-1.48899373215454	-1.23938086078846	-0.997709028551803
-0.908327848402344	-1.48927056317712	-1.24349246251988	-0.997178908796068
-0.902674765873145	-1.48383651352879	-1.23648356409389	-0.980674730823512
-0.897021683343945	-1.47405507429828	-1.21962392722761	-0.968560233124854
-0.891368600814746	-1.47056225224902	-1.218941600496	-0.974226940682017
-0.885715518285547	-1.48267014134891	-1.21525219934348	-0.977116432763374
-0.880062435756347	-1.44957978457946	-1.2044114223337	-0.951741531968926
-0.874409353227148	-1.44947462203201	-1.19944283409818	-0.948798774957753
-0.868756270697948	-1.44362739280192	-1.19895586632082	-0.953728491614558
-0.863103188168749	-1.43491303390378	-1.18628821648361	-0.93658399217036
-0.857450105639549	-1.43304410070917	-1.18360391843999	-0.920183994813619
-0.85179702311035	-1.41539566823298	-1.17494258946482	-0.918279173762151
-0.84614394058115	-1.41387594108442	-1.17185950997604	-0.924547413066842
-0.840490858051951	-1.40832084180775	-1.15845312773305	-0.899299071382841
-0.834837775522751	-1.40617884304197	-1.15454504718116	-0.89550364070499
-0.829184692993552	-1.39887700752739	-1.14923103119399	-0.913905611633675
-0.823531610464352	-1.38724659534238	-1.14301619146299	-0.897186834538948
-0.817878527935153	-1.38591495651266	-1.13763620342942	-0.883117360078085
-0.812225445405953	-1.36898132242422	-1.12995795038973	-0.880129175220472
-0.806572362876754	-1.37714854212381	-1.12180682815514	-0.862513461333196
-0.800919280347555	-1.37068499271044	-1.11611890026416	-0.86774054023907
-0.795266197818355	-1.35875062963754	-1.10948325782736	-0.863066306792172
-0.789613115289156	-1.3535264848332	-1.09583715137163	-0.842949716493117
-0.783960032759956	-1.335707153942	-1.09813574905878	-0.850425918201839
-0.778306950230757	-1.34292796918383	-1.09250387668833	-0.850339257842315
-0.772653867701557	-1.34215070629928	-1.08805144441786	-0.828845296642153
-0.767000785172358	-1.32883050030142	-1.07558967373162	-0.81214045891736
-0.761347702643158	-1.32943246150352	-1.07110352484861	-0.8192932296947
-0.755694620113959	-1.31136854949613	-1.06499214267466	-0.811701073209136
-0.75004153758476	-1.29247924355055	-1.06086696843877	-0.819319671932222
-0.74438845505556	-1.2993334680048	-1.0534750917784	-0.818651993320698
-0.738735372526361	-1.29196967634161	-1.0423679506515	-0.796114802744376
-0.733082289997161	-1.28350413597634	-1.03526723010532	-0.783849849044544
-0.727429207467962	-1.28273563905588	-1.03600345105284	-0.790424196718963
-0.721776124938762	-1.26855789777733	-1.02203189647263	-0.788078465944181
-0.716123042409563	-1.28590496808128	-1.01741648499464	-0.770767953845459
-0.710469959880363	-1.25462699793142	-1.00943547130958	-0.76751883945137
-0.704816877351164	-1.24695344913151	-0.998448071992268	-0.751828614533379
-0.699163794821964	-1.24686280596762	-1.0014637640897	-0.750798310167903
-0.693510712292765	-1.23919051629089	-0.992575661820695	-0.749176065201345
-0.687857629763565	-1.22897645636616	-0.983966535473669	-0.734339703527054
-0.682204547234366	-1.23579151299837	-0.98306416392086	-0.742723699714597
-0.676551464705166	-1.22216487642098	-0.976359741535326	-0.727672900484143
-0.670898382175967	-1.20791473749272	-0.968036391260316	-0.710983951762316
-0.665245299646768	-1.21545953580634	-0.962526811428854	-0.713320194261632
-0.659592217117568	-1.19173436832629	-0.954831995728812	-0.702270755898203
-0.653939134588369	-1.19672657347041	-0.943308138205698	-0.694267123971106
-0.648286052059169	-1.18915937939036	-0.938334016087603	-0.689082912655882
-0.64263296952997	-1.1822846853125	-0.936345358398035	-0.687912201987806
-0.63697988700077	-1.16502834038469	-0.92907732511284	-0.679434149241002
-0.631326804471571	-1.16574359417697	-0.919570727726962	-0.679049511196579
-0.625673721942371	-1.16045746483738	-0.91560917934098	-0.666527880277674
-0.620020639413172	-1.15523276215743	-0.909076561102604	-0.664404719900747
-0.614367556883973	-1.13919007450551	-0.899156456023727	-0.660475002631446
-0.608714474354773	-1.1426027960391	-0.894676707794142	-0.648142037377724
-0.603061391825574	-1.14170604994721	-0.891307371381235	-0.637567805137807
-0.597408309296374	-1.12404760573512	-0.881023155866597	-0.627303241750935
-0.591755226767175	-1.12302631455281	-0.877912076782539	-0.630940815712288
-0.586102144237975	-1.1137576076181	-0.862863047952068	-0.620444043544594
-0.580449061708776	-1.09739919149178	-0.867186350104962	-0.62140924921785
-0.574795979179576	-1.10946758666327	-0.856943881636651	-0.602646847941826
-0.569142896650377	-1.10421856472662	-0.846737936218722	-0.606594321332055
-0.563489814121177	-1.08984908656994	-0.838929684518585	-0.610350260672078
-0.557836731591978	-1.08804525066521	-0.842514067004652	-0.595652573184906
-0.552183649062779	-1.07179807073099	-0.832218063789339	-0.58433892176719
-0.546530566533579	-1.07014712424898	-0.825518955714849	-0.573582938459193
-0.54087748400438	-1.06842777706046	-0.816243054969549	-0.571085055776528
-0.53522440147518	-1.06231579439699	-0.8078742562754	-0.552218453922156
-0.52957131894598	-1.04985644634573	-0.8003907746944	-0.55668106838265
-0.523918236416781	-1.03116230499851	-0.795838040212068	-0.566692434504428
-0.518265153887582	-1.03245879373223	-0.79255942191768	-0.554390855325875
-0.512612071358382	-1.03998403770001	-0.782388221061839	-0.552505196816988
-0.506958988829183	-1.01227517354624	-0.776457884236987	-0.531631475980726
-0.501305906299983	-1.02685834963796	-0.780245827759452	-0.540285133450428
-0.495652823770784	-1.01630457895485	-0.772868089838233	-0.511240726226064
-0.489999741241584	-1.00560484684689	-0.763294806515428	-0.518982888252938
-0.484346658712385	-1.00530458060835	-0.752985325314604	-0.498889998284731
-0.478693576183185	-0.980049116003128	-0.741072328208169	-0.502120456402658
-0.473040493653986	-0.973795256705085	-0.734443741141603	-0.495337462202184
-0.467387411124787	-0.968527170248552	-0.73314010373923	-0.507008172630498
-0.461734328595587	-0.971394975998187	-0.731958593539784	-0.479958644344986
-0.456081246066388	-0.950831640117862	-0.722344588826969	-0.466231321563035
-0.450428163537188	-0.959606631286674	-0.710675721756533	-0.473420092729963
-0.444775081007989	-0.951408680069846	-0.712124367395047	-0.467992009411903
-0.439121998478789	-0.947729004018538	-0.69676865385532	-0.44748954661559
-0.43346891594959	-0.945126654216826	-0.695628206533245	-0.446688404336798
-0.42781583342039	-0.921713035725538	-0.685828868192888	-0.433194503339891
-0.422162750891191	-0.928718129501015	-0.679868498977167	-0.438642837431341
-0.416509668361992	-0.912509925082039	-0.675402714548721	-0.430825483187067
-0.410856585832792	-0.921438660503561	-0.664236877644341	-0.408244067203076
-0.405203503303593	-0.903832277198695	-0.661374162130037	-0.410840324826499
-0.399550420774393	-0.890280343416745	-0.659845683901537	-0.403755098494593
-0.393897338245194	-0.900161814880479	-0.646004836627978	-0.398250060980247
-0.388244255715994	-0.886903113308738	-0.645087635702077	-0.402651227706664
-0.382591173186795	-0.884367542010856	-0.636331501166196	-0.391632963548006
-0.376938090657595	-0.875175945780785	-0.630433518010364	-0.386808747448089
-0.371285008128396	-0.865132455988794	-0.623591304773348	-0.378506994513122
-0.365631925599196	-0.856484051608514	-0.61605762408198	-0.384581183518723
-0.359978843069997	-0.852759357270171	-0.611283462656216	-0.374828237393996
-0.354325760540797	-0.851979751991922	-0.610219047930922	-0.353176734817725
-0.348672678011598	-0.832329050561574	-0.596959821770227	-0.350330966360995
-0.343019595482398	-0.826031115060474	-0.59334438273486	-0.347365533527489
-0.337366512953199	-0.835012563334537	-0.577744295022024	-0.356297717928734
-0.331713430424	-0.815502324027947	-0.577050301190098	-0.329564161557199
-0.3260603478948	-0.813734257832991	-0.576274625132692	-0.324143423294252
-0.320407265365601	-0.814530093713243	-0.563991265840098	-0.317220329289547
-0.314754182836401	-0.812375614610589	-0.557821783919177	-0.309759178294903
-0.309101100307202	-0.794651523064328	-0.55415966371035	-0.32069799158616
-0.303448017778002	-0.786407632998797	-0.543268029396304	-0.294615936234933
-0.297794935248803	-0.790139700918553	-0.544175335448321	-0.290349411559908
-0.292141852719603	-0.768059960972498	-0.531848406431197	-0.299275552987429
-0.286488770190404	-0.754368698312988	-0.527578272459744	-0.273264540968564
-0.280835687661204	-0.772069086938588	-0.523643608895505	-0.279920157732406
-0.275182605132005	-0.753673675005088	-0.516864896247651	-0.274333625030147
-0.269529522602806	-0.757637991669529	-0.506171719969383	-0.284006929829455
-0.263876440073606	-0.737720834658808	-0.501058561329898	-0.25382231736569
-0.258223357544407	-0.736103952595082	-0.490743304897599	-0.251421276876039
-0.252570275015207	-0.730076423694497	-0.487782195995427	-0.248716069267827
-0.246917192486008	-0.731114984520891	-0.49058770887322	-0.238258242943721
-0.241264109956808	-0.712666521287475	-0.472122654871847	-0.235281356643734
-0.235611027427609	-0.711591816351374	-0.464367173493907	-0.219025478722839
-0.229957944898409	-0.717344389889706	-0.463614734547498	-0.221164585826646
-0.22430486236921	-0.699870537108347	-0.455953794402499	-0.206828539515424
-0.21865177984001	-0.69398594580076	-0.452057985307556	-0.209146484638175
-0.212998697310811	-0.673682958076406	-0.444325324061647	-0.200143620520981
-0.207345614781612	-0.674877935320971	-0.437833737647526	-0.202719815892874
-0.201692532252412	-0.659461549974628	-0.425894122006807	-0.180358947340682
-0.196039449723213	-0.659257252175025	-0.421997159110818	-0.180797182285545
-0.190386367194013	-0.662153889475165	-0.424267929046179	-0.194354060364328
-0.184733284664814	-0.645479433274435	-0.406752388054851	-0.159806965546081
-0.179080202135614	-0.648283422709321	-0.398450556447231	-0.16310320131542
-0.173427119606415	-0.627969779330701	-0.393079529545058	-0.158409392406774
-0.167774037077215	-0.636971087010597	-0.390762654461793	-0.157074836351274
-0.162120954548016	-0.619831351637991	-0.38211618142904	-0.13444319362032
-0.156467872018816	-0.628235651945307	-0.381722977820763	-0.136269575666748
-0.150814789489617	-0.618361838859053	-0.371843132924956	-0.12197754432929
-0.145161706960417	-0.598257685228778	-0.370123535424314	-0.12339286469457
-0.139508624431218	-0.594966989607553	-0.358942780688408	-0.120142382830612
-0.133855541902019	-0.593961407717503	-0.347590028330061	-0.111632693442796
-0.128202459372819	-0.58873702678782	-0.35070320250652	-0.0981197892426041
-0.12254937684362	-0.579353530323479	-0.347755140274993	-0.108944952808757
-0.11689629431442	-0.565041750778853	-0.333218621235666	-0.104448467790162
-0.111243211785221	-0.570021267219836	-0.329058888098407	-0.0860718939553283
-0.105590129256021	-0.548419262984005	-0.321781984099439	-0.0902846901740406
-0.0999370467268219	-0.542779625948596	-0.31552411768634	-0.0821092867728681
-0.0942839641976223	-0.54112039002039	-0.305039941041117	-0.0587377194416058
-0.0886308816684229	-0.52653432074828	-0.295107954296207	-0.0617532539329802
-0.0829777991392235	-0.52888181588631	-0.290726705551057	-0.0643244676888468
-0.0773247166100239	-0.534813494905707	-0.296025956453995	-0.0415407248619832
-0.0716716340808246	-0.547015191066988	-0.283676832881179	-0.0395825124496761
-0.0660185515516252	-0.51448852187603	-0.275722083559967	-0.0278121529762874
-0.0603654690224256	-0.506162209906906	-0.268531975739949	-0.0197109216172352
-0.0547123864932262	-0.516460574741531	-0.263611204544619	-0.0115151237276831
-0.0490593039640268	-0.506284258631576	-0.253139578860855	-0.00787703658386502
-0.0434062214348272	-0.490899088369362	-0.251641637009369	-0.0180206401625838
-0.0377531389056278	-0.481639759021669	-0.240235477379026	-0.00670798063061909
-0.0321000563764284	-0.479468474124896	-0.234616565589859	0.0044493503157607
-0.0264469738472288	-0.481287251487023	-0.228923929423207	0.0101697398202091
-0.0207938913180294	-0.46502133269909	-0.217198369497163	0.0169851019051991
-0.0151408087888298	-0.445004880087317	-0.213728790890991	0.0218486788153387
-0.00948772625963046	-0.444428213887774	-0.206056224204094	0.0355304183053997
-0.00383464373043108	-0.444775578729244	-0.20272543555701	0.0215323900063783
0.00181843879876853	-0.432271472601235	-0.194156849553616	0.0306742836735378
0.00747152132796791	-0.428184540079386	-0.195732897892568	0.0358587436261137
0.0131246038571673	-0.422840391920424	-0.179919021900556	0.0487375763552528
0.0187776863863669	-0.425522085669023	-0.174308866244507	0.0701272025598499
0.0244307689155663	-0.41233229814044	-0.169359113297316	0.0767698900865321
0.0300838514447657	-0.411054295758075	-0.166206656854297	0.0679965068617176
0.0357369339739653	-0.392797570579648	-0.157411941210557	0.0818920792521938
0.0413900165031647	-0.38696729720653	-0.151735504788042	0.079687623759868
0.047043099032364	-0.38267679336895	-0.147975489409625	0.0918844622940605
0.0526961815615636	-0.369313592843261	-0.138010440704553	0.108853623733855
0.058349264090763	-0.369124772092457	-0.129265452219262	0.097370316809306
0.0640023466199624	-0.3708565313759	-0.130227886923319	0.117849699760153
0.069655429149162	-0.358337413160778	-0.110768252934484	0.12566917147405
0.0753085116783614	-0.358844833155633	-0.114799002871964	0.119848078897059
0.0809615942075608	-0.346299430718208	-0.106514685960965	0.138656082993253
0.0866146767367604	-0.326014745654393	-0.0968991434557527	0.14059140072665
0.0922677592659598	-0.344685266160037	-0.0918524553075052	0.141548955848994
0.0979208417951591	-0.328475825910234	-0.0905338257704573	0.157152447223478
0.103573924324359	-0.321305591445919	-0.0782491269174186	0.161258297129587
0.109227006853558	-0.310549691404372	-0.0670150641760067	0.168614902318296
0.114880089382758	-0.311816136303823	-0.0716032190977919	0.18071083726117
0.120533171911957	-0.303668906527062	-0.0614857419934528	0.180770804966887
0.126186254441157	-0.306197238980743	-0.0512887223957772	0.182523540075065
0.131839336970356	-0.276111433671302	-0.0453209970462389	0.192336479900036
0.137492419499555	-0.301441275006999	-0.0408549421008763	0.212440584645089
0.143145502028755	-0.275851538792092	-0.0368045847465945	0.204190116161181
0.148798584557954	-0.263186016323103	-0.0290939959324355	0.213205704531636
0.154451667087154	-0.259757854298908	-0.0253155221690329	0.224086773908374
0.160104749616353	-0.243346034737383	-0.00940180214284651	0.235699193201277
0.165757832145553	-0.259571625998453	-0.012669503007127	0.235892046848232
0.171410914674752	-0.238918094793163	0.00156532102859209	0.239726916646776
0.177063997203952	-0.252824812504197	0.00571794249967936	0.23237994443423
0.182717079733151	-0.218012467415389	0.0118552369021717	0.245746003632449
0.188370162262351	-0.227882598984152	0.0162934968219613	0.246992473428662
0.19402324479155	-0.21554221835309	0.0216739821045671	0.273269056183928
0.199676327320749	-0.206754935198037	0.0296180694326817	0.266184198748341
0.205329409849949	-0.202554156615378	0.0391540016724738	0.272703447185579
0.210982492379149	-0.194304323924553	0.0411230864242051	0.285225181873019
0.216635574908348	-0.180016129599788	0.0533480436273443	0.292996450103879
0.222288657437547	-0.187378233400011	0.0475743713578493	0.287254050674492
0.227941739966747	-0.170497333863696	0.0693030476861432	0.290865407736305
0.233594822495946	-0.166315598447477	0.0688735241017359	0.305586810797726
0.239247905025146	-0.17006268065614	0.0802628135815058	0.32092526932906
0.244900987554345	-0.163653815912656	0.0779305969610391	0.314431901078026
0.250554070083544	-0.150210619508558	0.0928309831634705	0.33143858535485
0.256207152612744	-0.149237596188395	0.10175386958217	0.341949781502742
0.261860235141944	-0.143439879487488	0.101001422289794	0.340364024892036
0.267513317671143	-0.1221845496218	0.109776052690531	0.354283973723958
0.273166400200342	-0.127675598846357	0.111868737953219	0.350973641434784
0.278819482729542	-0.128328505847318	0.118304517989891	0.362298119161735
0.284472565258741	-0.120957877273752	0.126266616150363	0.369828227981168
0.290125647787941	-0.115023621015957	0.127816222584486	0.367389525672618
0.29577873031714	-0.100586880702448	0.135570271863597	0.376063630720786
0.30143181284634	-0.0871367933273685	0.14536053471178	0.378995839837557
0.307084895375539	-0.0988807029001089	0.151164735326223	0.393961012744651
0.312737977904739	-0.0976602382137303	0.159247075529894	0.406206111387631
0.318391060433938	-0.0788191791160201	0.168440469657908	0.409087622972114
0.324044142963138	-0.0648855944710595	0.173541775461253	0.401344962795109
0.329697225492337	-0.0554036422674771	0.179025752677932	0.407423306642261
0.335350308021536	-0.0568554893508591	0.182919467374977	0.418896287683442
0.341003390550736	-0.045487251138198	0.190678905645029	0.442733820317474
0.346656473079936	-0.0421594212469353	0.202004624418898	0.422867189546574
0.352309555609135	-0.0361609008301187	0.202791805392057	0.444061328063939
0.357962638138334	-0.0391800457844651	0.20916321532604	0.44419251011151
0.363615720667534	-0.0176156491873878	0.218625893128173	0.469026381565725
0.369268803196733	-0.0205789075429952	0.226011372302952	0.481280199846732
0.374921885725933	-0.0173782660062632	0.227570254253574	0.48007930997748
0.380574968255132	0.00388274041255862	0.235543597933808	0.486287539081591
0.386228050784331	-0.00369932797939674	0.242752685138702	0.500074406593795
0.391881133313531	0.0141295584300936	0.25117937942608	0.498971705596896
0.397534215842731	0.0170765126360092	0.252776021493283	0.497317501773357
0.40318729837193	0.0189656586587375	0.259906825482707	0.495465686552478
0.408840380901129	0.0369642450315548	0.270344219440125	0.519016314929855
0.414493463430329	0.0402673024549474	0.276237181570519	0.506386983928064
0.420146545959528	0.0392473812675161	0.282801363060855	0.522906172629078
0.425799628488728	0.0590828849435407	0.294890359855956	0.517508501926128
0.431452711017927	0.0469975785742957	0.292811903612382	0.536410230910144
0.437105793547127	0.0622822999502921	0.298245834087477	0.545939446629222
0.442758876076326	0.067872014248312	0.310587853075995	0.549491284382192
0.448411958605526	0.0631929457968024	0.304847419384752	0.554534693467975
0.454065041134725	0.087821423202947	0.317853524872328	0.561352634992298
0.459718123663925	0.0975695337659886	0.328557380437948	0.561900898124987
0.465371206193124	0.103303535405119	0.333730039128468	0.573523081276327
0.471024288722323	0.101139999257908	0.338985257512674	0.576423513207101
0.476677371251523	0.110448566327053	0.347204494148385	0.584511063017787
0.482330453780722	0.1245667727944	0.355254380919324	0.596452927039072
0.487983536309922	0.109804335040002	0.361563165242399	0.595962532259322
0.493636618839121	0.125812705452729	0.36865757514091	0.612492962085652
0.499289701368321	0.130439812665272	0.371867582238978	0.612670255829349
0.50494278389752	0.143781918729033	0.379990774127266	0.625491338965709
0.51059586642672	0.147231077468538	0.385645446845776	0.620548584387219
0.516248948955919	0.158184280567196	0.387339385875616	0.637834936888504
0.521902031485118	0.158580571149925	0.403501287433376	0.642840851674666
0.527555114014318	0.164653803981722	0.408396622937961	0.647048494729602
0.533208196543518	0.176641442770017	0.415497114945702	0.647777977445383
0.538861279072717	0.173334997095471	0.418669634277656	0.660193829094588
0.544514361601916	0.182020680098656	0.423143497996095	0.667576485783184
0.550167444131116	0.194433463642238	0.429609614112349	0.672815624063618
0.555820526660315	0.205240494076597	0.432258942991515	0.671298202861024
0.561473609189515	0.19745577911652	0.440015253605975	0.669599789837837
0.567126691718714	0.207268127101502	0.449751015185478	0.696725337439061
0.572779774247913	0.216277630843723	0.45251719837628	0.699048570856851
0.578432856777113	0.213787688318803	0.462534225241499	0.697019244320245
0.584085939306313	0.226239007099779	0.469983921279319	0.707258142930007
0.589739021835512	0.236782305156826	0.479800919949971	0.704825129214386
0.595392104364711	0.252649903168019	0.484086387178003	0.715461770083786
0.601045186893911	0.26244965523627	0.489625118023579	0.71973930661559
0.60669826942311	0.254656016149057	0.494673442433796	0.732576362782814
0.61235135195231	0.273896585896328	0.50642552631036	0.738534556653765
0.618004434481509	0.265352501688877	0.515650219166071	0.739134310235989
0.623657517010709	0.274441202257266	0.514578441277516	0.757925543090674
0.629310599539908	0.274542358914892	0.518540880362764	0.764414346610218
0.634963682069108	0.292168738217715	0.529311790181294	0.775381920980453
0.640616764598307	0.296578244947668	0.534692991526253	0.789172909788446
0.646269847127507	0.308584596615056	0.543059337211363	0.785997511277094
0.651922929656706	0.304621417987973	0.548672644639243	0.789248767902761
0.657576012185905	0.314167110328064	0.554008756152046	0.781123391692317
0.663229094715105	0.326294748016206	0.560322603498486	0.805964041373798
0.668882177244305	0.33602479969567	0.572980042772076	0.823210523959324
0.674535259773504	0.338944590030596	0.572925094440839	0.815170006811408
0.680188342302703	0.3617169727664	0.586144091844352	0.812116479712564
0.685841424831903	0.350154498713674	0.585830021850888	0.828330298451966
0.691494507361102	0.345482786709369	0.594529358914403	0.832553647362245
0.697147589890302	0.370783650741028	0.59841646998127	0.830527568224503
0.702800672419501	0.373974145979869	0.605433285503063	0.843084185893176
0.708453754948701	0.381430740184429	0.615817508579706	0.853504593793367
0.7141068374779	0.389099819080323	0.615710017545722	0.853504489722686
0.7197599200071	0.378719582252253	0.627253505831175	0.859578714238931
0.725413002536299	0.39104384423357	0.634511561742863	0.874532128300777
0.731066085065498	0.39668363229094	0.633848330571207	0.867954282356431
0.736719167594698	0.415004113727127	0.642520712331007	0.883394050709771
0.742372250123898	0.404680309887375	0.65684935439177	0.894126767217594
0.748025332653097	0.424055258816287	0.652445712098538	0.896059999478848
0.753678415182296	0.437309477734151	0.661933359656939	0.899022965685445
0.759331497711496	0.439367069724598	0.667051340723407	0.903548517424226
0.764984580240695	0.443367911997353	0.679194805388027	0.925402682366335
0.770637662769895	0.446504177139195	0.682446051604784	0.923629547147303
0.776290745299094	0.455903424512719	0.692217317408138	0.916328014299124
0.781943827828294	0.445765443342158	0.708828469326815	0.947884016981117
0.787596910357493	0.461241368258489	0.700838074535207	0.948193851750796
0.793249992886693	0.474888005203155	0.707581440729853	0.951344131402482
0.798903075415892	0.470746900930798	0.713855123661065	0.964961229892277
0.804556157945091	0.488692659762335	0.71958243000271	0.965236076007713
0.810209240474291	0.489852632213575	0.734403946428278	0.968662090918266
0.81586232300349	0.500527901154061	0.733610460008871	0.967118471659643
0.82151540553269	0.499864913539479	0.742876739003113	0.9864938525886
0.82716848806189	0.50760534086814	0.754299041821414	0.979963883143504
0.832821570591089	0.512967240506099	0.755461868234953	1.01029441755586
0.838474653120288	0.531798416629699	0.763277253494327	0.995159418149212
0.844127735649488	0.527539234011777	0.765274186758971	1.00843780929522
0.849780818178687	0.534652847586755	0.768040043187197	1.00753565019124
0.855433900707887	0.547275844913498	0.783309958065278	1.02017967356267
0.861086983237086	0.548607599689696	0.785289509465258	1.02636615815241
0.866740065766285	0.567414251198904	0.794312987868948	1.02950245598758
0.872393148295485	0.558372636214046	0.799442087518179	1.03756992264184
0.878046230824685	0.564598537713755	0.806279372985526	1.0487789618531
0.883699313353884	0.578440110767901	0.815937630349587	1.04704495248135
0.889352395883083	0.600353353157284	0.823581855626894	1.06035932859525
0.895005478412283	0.584500391313702	0.825249509754392	1.06278086157247
0.900658560941482	0.588659483744116	0.832212583896655	1.07789226681352
0.906311643470682	0.597458396408262	0.835542960621533	1.07657409943057
0.911964725999881	0.607705077253706	0.848646737193376	1.08768494049602
0.91761780852908	0.614804837816988	0.850800826855823	1.08142042478857
0.92327089105828	0.613984008989752	0.862253512869583	1.0858671951143
0.92892397358748	0.625345612744748	0.862211367606866	1.10761757304321
0.934577056116679	0.632593669300309	0.876291750261409	1.1076625468123
0.940230138645878	0.633925294517906	0.883271997971272	1.11272745237698
0.945883221175078	0.645725547648229	0.884173993648143	1.13097865112689
0.951536303704277	0.654335216996984	0.896433555526802	1.12722542699289
0.957189386233477	0.66100279372188	0.897729647580862	1.12405376560276
0.962842468762676	0.672409685269523	0.903694598764243	1.14397917602263
0.968495551291876	0.664136366649018	0.910800266642861	1.13762694160826
0.974148633821075	0.688232918791334	0.912558968781135	1.15644195283139
0.979801716350275	0.680175342749456	0.926124129116604	1.16017224478902
0.985454798879474	0.706045122199629	0.928947957273652	1.17420769137938
0.991107881408674	0.703896717937299	0.936328548074265	1.16696204002143
0.996760963937873	0.717173179784038	0.939743501183442	1.17756123904759
1.00241404646707	0.717815548642409	0.949950089451316	1.19770324276338
1.00806712899627	0.712463350670809	0.958072354370757	1.1886641238834
1.01372021152547	0.737264291799822	0.96332813703126	1.19978293308194
1.01937329405467	0.735705204538715	0.96854304317344	1.20180420865311
1.02502637658387	0.730213963582094	0.972190429104022	1.22103932170339
1.03067945911307	0.74665899474904	0.980188731532596	1.22149443569342
1.03633254164227	0.749640809563425	0.987575356407342	1.23673680182842
1.04198562417147	0.747166033897646	0.996568721038022	1.24590832148854
1.04763870670067	0.768141632428976	0.99984437674126	1.23527737349965
1.05329178922987	0.776508059579593	1.01081284799205	1.23801143016916
1.05894487175907	0.782799804303635	1.01680365059963	1.2506953002408
1.06459795428827	0.786703717024521	1.02367612682578	1.26521740736919
1.07025103681747	0.791285429681094	1.02569947472287	1.26882584942678
1.07590411934667	0.786576400471148	1.03427620458976	1.28247792672354
1.08155720187587	0.798029138747354	1.03583697037193	1.26724701515105
1.08721028440506	0.809710711060387	1.04878866304532	1.28654036033445
1.09286336693426	0.818561593424286	1.05475534811465	1.31285510957642
1.09851644946346	0.837575242742206	1.05276444815383	1.30543467832033
1.10416953199266	0.82541504068519	1.06156928425278	1.29846978278826
1.10982261452186	0.835716325767627	1.07294942846366	1.31562165064604
1.11547569705106	0.84295274593801	1.08107929633877	1.32496237940546
1.12112877958026	0.852181825202243	1.08688956018924	1.32357945584161
1.12678186210946	0.86255289640449	1.09350940061529	1.31972430660557
1.13243494463866	0.843808566305023	1.09438134029052	1.34011878302965
1.13808802716786	0.848881487943097	1.09948949081586	1.35201132004728
1.14374110969706	0.868831170315195	1.10430935361646	1.34440704944721
1.14939419222626	0.865532967981929	1.11677477378678	1.36154603158139
1.15504727475546	0.887775981553027	1.12076256042384	1.34466268124928
1.16070035728466	0.892332170621707	1.13252159335347	1.37407434562131
1.16635343981386	0.896527150082199	1.14077740534846	1.37999411668376
1.17200652234306	0.893664717441165	1.14526403200714	1.36918957226317
1.17765960487226	0.914966622281281	1.15325669928262	1.38333243420683
1.18331268740146	0.911779882987546	1.1578891219119	1.41127922963243
1.18896576993065	0.92322758911181	1.1602758241787	1.40348537954762
1.19461885245985	0.910072716604866	1.16601208010276	1.41115898733275
1.20027193498905	0.928908690788601	1.17397635884126	1.42424684980071
1.20592501751825	0.946525451766512	1.18090984969907	1.42290303406203
1.21157810004745	0.949376594544507	1.18864503618737	1.42661781061518
1.21723118257665	0.95567914475328	1.1994279421168	1.43355662322783
1.22288426510585	0.962325660406532	1.19970131656236	1.43599148900232
1.22853734763505	0.967863813471887	1.20901769722424	1.45342855776225
1.23419043016425	0.967881429665144	1.21820945660529	1.45672787995905
1.23984351269345	0.98678791173665	1.2197776981901	1.45607627296148
1.24549659522265	0.984524936235822	1.22814907102622	1.46816114124605
1.25114967775185	0.993046853430612	1.23239603952103	1.48225961726805
1.25680276028105	1.00104212640381	1.24404246021325	1.47612011595534
1.26245584281025	1.01669842840607	1.25106721313683	1.50327755157587
1.26810892533945	1.01601051857801	1.25205294454601	1.48021074904252
1.27376200786865	1.02713347281445	1.25744246428283	1.51079902252155
1.27941509039785	1.01579953687171	1.26985414307106	1.51647986633722
1.28506817292705	1.03812518426487	1.27111319565458	1.50839919101524
1.29072125545625	1.04892398485641	1.27884434361783	1.51181859387822
1.29637433798544	1.06255999785372	1.2891038726002	1.52749981076869
1.30202742051464	1.08107493411103	1.29229302657552	1.52716135061186
1.30768050304384	1.05374438532817	1.30010365096307	1.54396086383217
1.31333358557304	1.06918255772012	1.3010840138215	1.54589250466908
1.31898666810224	1.08140457819292	1.31151258163289	1.56284799580418
1.32463975063144	1.07654482631161	1.31814772936022	1.56897861944239
1.33029283316064	1.09316503945263	1.32664815597731	1.56838188380694
1.33594591568984	1.07937968980399	1.32539998452309	1.57614186671029
1.34159899821904	1.09884758263269	1.33982459915623	1.5860410947154
1.34725208074824	1.11444072973189	1.34774617178298	1.57635956742739
1.35290516327744	1.12072898584005	1.35068590867187	1.59722255542377
1.35855824580664	1.12076585988925	1.36169656031116	1.60424846001791
1.36421132833584	1.11831504625169	1.36484918467093	1.60015540362013
1.36986441086504	1.12803874407052	1.36977964316787	1.62332889960165
1.37551749339424	1.14368473115411	1.38059028497357	1.61108387927468
1.38117057592344	1.13431340608638	1.37856808756928	1.61497364967775
1.38682365845264	1.14680207553515	1.39064008390374	1.62693540082756
1.39247674098184	1.15603709528605	1.39954610518747	1.64370181564894
1.39812982351103	1.16145032583919	1.40442088456243	1.65737317824221
1.40378290604023	1.1693324127764	1.41306484728814	1.65284970576999
1.40943598856943	1.17381879670599	1.41555463485658	1.65948090641122
1.41508907109863	1.1715906893781	1.42393998500688	1.67072535246398
1.42074215362783	1.16683946592269	1.43432983311199	1.66709865066309
1.42639523615703	1.19387642334358	1.43781036599335	1.67753329419551
1.43204831868623	1.21378059567692	1.44278431823901	1.68939109972961
1.43770140121543	1.18903572583597	1.44702933105419	1.69361119162022
1.44335448374463	1.21823060557877	1.4561710529635	1.70312449258373
1.44900756627383	1.22221047772535	1.46317681249219	1.70565821524603
1.45466064880303	1.22316010061216	1.46468470868217	1.71933840094395
1.46031373133223	1.2320797109248	1.47169175186065	1.71546203746021
1.46596681386143	1.24704385948179	1.48263974742407	1.7365228053309
1.47161989639063	1.25602627682614	1.48846403303261	1.73306775216374
1.47727297891983	1.24241490915747	1.49062641163758	1.72674451035713
1.48292606144903	1.2517623239268	1.49452138604032	1.73646625845544
1.48857914397823	1.28290477623097	1.51109749852438	1.73982057967321
1.49423222650743	1.2735660312178	1.51513084310673	1.74244697600479
1.49988530903662	1.28044951685177	1.51486042949497	1.74735871427212
1.50553839156582	1.27632983987376	1.52686548538064	1.76052172507495
1.51119147409502	1.30223026852699	1.53972149810327	1.76747948827523
1.51684455662422	1.29916680152043	1.53707210171164	1.7843013328725
1.52249763915342	1.29925562799203	1.54216211929776	1.78603571091194
1.52815072168262	1.3129545604447	1.55351498280341	1.79741579901593
1.53380380421182	1.3246321588532	1.56002752152542	1.80305209877332
1.53945688674102	1.32527094626629	1.56392301923646	1.80542163582172
1.54510996927022	1.33326508783338	1.56861364627718	1.81145398793012
1.55076305179942	1.33444230421678	1.57555447770695	1.81380468271148
1.55641613432862	1.34059768994161	1.58246809477376	1.82757141448431
1.56206921685782	1.34313080115796	1.59239493249646	1.82689241989821
1.56772229938702	1.36060700817484	1.59737164507065	1.83973740318174
1.57337538191622	1.36738947058456	1.60558325311044	1.84066942727553
1.57902846444542	1.37374801764162	1.6098013496873	1.85210260927756
1.58468154697462	1.37095611562601	1.61026909519288	1.84837013025609
1.59033462950382	1.38471750246939	1.62552086654156	1.86244646321938
1.59598771203302	1.38430850977384	1.62880949607715	1.87359980129925
1.60164079456221	1.39553130535896	1.63906505225604	1.87293919636336
1.60729387709141	1.39905908668394	1.63752895539987	1.8863824979189
1.61294695962061	1.39808021906857	1.65731743269947	1.89232346756772
1.61860004214981	1.4036292571074	1.65582336015709	1.89548538489286
1.62425312467901	1.41786778216074	1.66564151907778	1.90859682260808
1.62990620720821	1.44006697250545	1.67325887917818	1.90937654955926
1.63555928973741	1.42536853363458	1.67562659722837	1.91700208566884
1.64121237226661	1.44540054706256	1.68441519422768	1.9383279300058
1.64686545479581	1.44613589133965	1.68778997270406	1.92739263544768
1.65251853732501	1.44503783113116	1.69522354085371	1.9317568148136
1.65817161985421	1.45774906035038	1.69811931961537	1.94311980195555
1.66382470238341	1.47109047862721	1.70766701024423	1.95777797247978
1.66947778491261	1.47968612285527	1.71426715772132	1.95309176981719
1.67513086744181	1.47347851302476	1.72253471859829	1.9708025373162
1.68078394997101	1.48320563569084	1.72538615688381	1.97495390656799
1.68643703250021	1.4864184491877	1.73249985549867	1.96810032791076
1.69209011502941	1.48436479203022	1.74120085531917	1.98082145502345
1.69774319755861	1.50231471803123	1.74697897455933	1.97750879330744
1.7033962800878	1.50663453151612	1.75798269197417	2.0000257365708
1.709049362617	1.52870185215656	1.76128504411692	1.99992817020408
1.7147024451462	1.51902013793551	1.7617060612255	2.00565874717406
1.7203555276754	1.52396443889661	1.77109735239736	2.01929706488839
1.7260086102046	1.52959199124659	1.7716676445549	2.01774682693991
1.7316616927338	1.54352720780112	1.78680829592705	2.03606967777128
1.737314775263	1.55608217712576	1.78952663417272	2.02975002938905
1.7429678577922	1.56584858912457	1.80173087168392	2.03312045410479
1.7486209403214	1.5613751857052	1.80430409996494	2.04275873666265
1.7542740228506	1.57094488043376	1.81039422275643	2.0600015046891
1.7599271053798	1.55919009842607	1.82011952325408	2.05612922679017
1.765580187909	1.59551586888913	1.82176441454142	2.0587280820577
1.7712332704382	1.59517998068874	1.83054493046001	2.07833119946123
1.7768863529674	1.59404547056119	1.83823019482718	2.08605341815789
1.7825394354966	1.5953343185043	1.83980435615646	2.07196826623906
1.7881925180258	1.59440119627898	1.85100175123737	2.09106086456068
1.793845600555	1.60707941452034	1.85245738486033	2.0954772085227
1.7994986830842	1.61485192986948	1.86538330813062	2.10696958819759
1.8051517656134	1.62077295043098	1.86964337575972	2.11317027242628
1.8108048481426	1.62452102448679	1.8764070567615	2.1193444094354
1.81645793067179	1.63929123244193	1.88297567270463	2.11626596829721
1.82211101320099	1.66019298080628	1.89655808296143	2.14303173261779
1.82776409573019	1.64695768140611	1.89629538477811	2.14945331120455
1.83341717825939	1.6566384344663	1.90064033844329	2.13648750010646
1.83907026078859	1.6625054102514	1.90831333049135	2.15375043378563
1.84472334331779	1.67382064107326	1.91677725429743	2.16454676214576
1.85037642584699	1.68283184247059	1.91792721505705	2.16392742011043
1.85602950837619	1.68943061123994	1.92405751510738	2.16936807764979
1.86168259090539	1.69438057032404	1.92518001584859	2.18197390022776
1.86733567343459	1.69367850177017	1.94216315704944	2.1960098186588
1.87298875596379	1.704888015572	1.94809530104734	2.19410921415842
1.87864183849299	1.70689714181761	1.96034548688588	2.20594872114019
1.88429492102219	1.72498568792252	1.96512591565076	2.21230040352828
1.88994800355139	1.71112695935365	1.96916864947417	2.2102096165164
1.89560108608059	1.7304031303382	1.9681268339991	2.22500221607857
1.90125416860979	1.73515238783033	1.98242391791325	2.21224098155477
1.90690725113899	1.7273832375201	1.98412920943615	2.2310368799777
1.91256033366819	1.74438268553051	1.99074553976954	2.22656790582424
1.91821341619738	1.76156517220556	2.00638367055233	2.24728836092664
1.92386649872658	1.75621352587985	2.00406837192552	2.24889283826096
1.92951958125578	1.75879220955721	2.00875837733379	2.25483253030969
1.93517266378498	1.77383157763033	2.01513734316006	2.27041989406416
1.94082574631418	1.78508779913516	2.01872137945387	2.26988481754871
1.94647882884338	1.7943092710891	2.02903743886065	2.2775198700521
1.95213191137258	1.7900319595811	2.03886337784158	2.28379271182707
1.95778499390178	1.78976447664577	2.04809008442143	2.2868169178398
1.96343807643098	1.82222932313333	2.0561683412579	2.29205666436548
1.96909115896018	1.82509293653022	2.05637239983093	2.29551001014048
1.97474424148938	1.81686405133448	2.06051642536316	2.30645287791311
1.98039732401858	1.81298157298004	2.0694447034655	2.31380827504523
1.98605040654778	1.84642465445882	2.07699707867343	2.337757389655
1.99170348907698	1.83813584999491	2.088967990588	2.32560451349374
1.99735657160618	1.83679626155294	2.08855038565786	2.35073783714741
2.00300965413538	1.85477626553131	2.10135897768444	2.359929113437
2.00866273666458	1.85671552066115	2.09932638501261	2.34939932558556
2.01431581919378	1.86843122207717	2.10517686400541	2.34404792480095
2.01996890172297	1.88221658760451	2.11992409332423	2.36610635377533
2.02562198425217	1.86435915257905	2.11998259009862	2.37121097013073
2.03127506678137	1.8761724619491	2.13152390308978	2.36669850827321
2.03692814931057	1.89368553048884	2.12958439956594	2.37236472611059
2.04258123183977	1.89599625535693	2.13809477000955	2.39157287874833
2.04823431436897	1.89368527149837	2.15093867785241	2.39157912675464
2.05388739689817	1.89783231195845	2.14822294684215	2.39669105632929
2.05954047942737	1.9148771535439	2.15986734477491	2.4024864420573
2.06519356195657	1.91295170755638	2.17014758665169	2.41728505179385
2.07084664448577	1.92225147118092	2.17878279386398	2.42263410769897
2.07649972701497	1.92923796224285	2.18267985540212	2.41983160766083
2.08215280954417	1.94350707112319	2.18083107358608	2.42877281818109
2.08780589207337	1.9498796659634	2.19697090450567	2.43920874255039
2.09345897460257	1.95109002513829	2.20019982975178	2.44261391915121
2.09911205713177	1.94655780970844	2.20469425596943	2.45272647247132
2.10476513966097	1.97371125959163	2.21330181274398	2.47071741027256
2.11041822219017	1.94295492901277	2.21376148052817	2.46918995132532
2.11607130471937	1.98716761198111	2.22642377346532	2.46616923819189
2.12172438724856	1.98417516336796	2.23595465279991	2.47706018889962
2.12737746977776	1.98554646785335	2.23436891656992	2.50252746518998
2.13303055230696	1.99335479668927	2.24296333121372	2.48227436521297
2.13868363483616	2.00610667047126	2.24725040857325	2.49582706504422
2.14433671736536	1.98936647025157	2.26037944730021	2.49791237460916
2.14998979989456	2.00312975877941	2.26248316834417	2.50513844625864
2.15564288242376	2.01745697527041	2.26474835663869	2.51546640881129
2.16129596495296	2.03914128556769	2.27590627140376	2.53057593586069
2.16694904748216	2.02008796753579	2.28414254078368	2.52792283018129
2.17260213001136	2.04485060164805	2.29755825329825	2.53960776290657
2.17825521254056	2.05355623787581	2.29084385448693	2.55159847488951
2.18390829506976	2.0496517080349	2.30460980240151	2.55486576431483
2.18956137759896	2.07246648378528	2.31178856435412	2.56350315167318
2.19521446012816	2.06102505718852	2.31392596830531	2.56111284763556
2.20086754265736	2.06450244297932	2.32301315383215	2.5672437789907
2.20652062518656	2.07815770515527	2.32671628422572	2.57164433407972
2.21217370771576	2.0829722325758	2.33590427168415	2.57620780397606
2.21782679024496	2.09376473541448	2.34564398053567	2.60021936855109
2.22347987277416	2.1066042660213	2.34601544001179	2.60329336359889
2.22913295530335	2.08918220235024	2.35109536270391	2.60743851761265
2.23478603783255	2.11221206721112	2.36004715476925	2.61392668754711
2.24043912036175	2.13265325416911	2.37152864895575	2.61958857833205
2.24609220289095	2.12378813226412	2.37232049161451	2.62960677886594
2.25174528542015	2.13506199998778	2.38049569294361	2.63419579095093
2.25739836794935	2.13889362955993	2.38490950194195	2.62556865992065
2.26305145047855	2.13857265870262	2.38876563001387	2.64549353675658
2.26870453300775	2.15167060953774	2.40428033378842	2.64514336343388
2.27435761553695	2.16624735492989	2.41003065947424	2.65941817140178
2.28001069806615	2.14939785749097	2.40623097801338	2.66049539960789
2.28566378059535	2.17052349572203	2.41593800165753	2.67829891947048
2.29131686312455	2.16884261649276	2.42091830023802	2.67892000773188
2.29696994565375	2.17630043614573	2.43743769468773	2.6798763324342
2.30262302818295	2.19455854058652	2.43221271490797	2.66816211995178
2.30827611071215	2.20504822057413	2.44628674231918	2.71126763474146
2.31392919324135	2.2073963615516	2.4519730060852	2.70477802337696
2.31958227577055	2.19663831295946	2.45416531443321	2.6947704169965
2.32523535829975	2.211646992731	2.45935729473416	2.71613436717384
2.33088844082895	2.2194678945714	2.47551841866193	2.72662416108192
2.33654152335814	2.23909812400557	2.47752592480043	2.73331617227008
2.34219460588734	2.23128969992828	2.49046811361451	2.73703395514839
2.34784768841654	2.22117181159114	2.48780701284918	2.74741784138117
2.35350077094574	2.24661606682286	2.50184339343158	2.75018176659547
2.35915385347494	2.24339893837056	2.50701362547115	2.76386585972868
2.36480693600414	2.26342737859939	2.51005834146012	2.76609323890251
2.37046001853334	2.26547547910755	2.52104867365671	2.77768236265027
2.37611310106254	2.27030187569845	2.52046833025058	2.76826741970873
2.38176618359174	2.27481534077991	2.53241552528204	2.7852415738398
2.38741926612094	2.27551910151075	2.53542987597173	2.7943350098736
2.39307234865014	2.28862641697319	2.54368717469101	2.79471032079398
2.39872543117934	2.29800538017784	2.55000716759872	2.79834881271528
2.40437851370854	2.30686885686298	2.5530650145496	2.82135083206709
2.41003159623774	2.31561482745665	2.56046560835294	2.80910248455265
2.41568467876694	2.31933135377204	2.56907735805664	2.82109373299384
2.42133776129614	2.33659842346476	2.57403540277188	2.8149167258303
2.42699084382534	2.33589564039958	2.58334127221356	2.83216200261656
2.43264392635454	2.33359538179	2.59325433638184	2.84312891046926
2.43829700888373	2.3425516300132	2.5951266027793	2.85751506932462
2.44395009141293	2.36932575532835	2.60029018958166	2.85215130203152
2.44960317394213	2.35906113809276	2.61298955304593	2.85010522142919
2.45525625647133	2.35818525927823	2.61307188912506	2.86718650393548
2.46090933900053	2.37567921850985	2.62095301680773	2.85862864626707
2.46656242152973	2.37508164755253	2.62798939756159	2.89981478271767
2.47221550405893	2.38376703584137	2.62925843344766	2.87519205619159
2.47786858658813	2.38880033856202	2.63416067850089	2.87566689823554
2.48352166911733	2.39055159750623	2.64350444775058	2.89571697129906
2.48917475164653	2.39763176703915	2.64848758237937	2.9057479781968
2.49482783417573	2.40525864941953	2.65684345518913	2.90121179227936
2.50048091670493	2.4204362178593	2.66661074546808	2.92782677234589
2.50613399923413	2.43085147761065	2.67368953220894	2.91828594518127
2.51178708176333	2.411313418677	2.67143150024823	2.93242422114274
2.51744016429253	2.44334117220681	2.68198222755326	2.92973202547021
2.52309324682173	2.44733031232259	2.68944588882434	2.93865759854553
2.52874632935093	2.443891380447	2.68973647434101	2.94099465657967
2.53439941188013	2.44886280791733	2.7062027114447	2.95715148374989
2.54005249440932	2.454679710642	2.71117474130291	2.96368572161481
2.54570557693852	2.46377491789332	2.71858465161575	2.95851228118117
2.55135865946772	2.47035027031302	2.72412986930784	2.97050120251102
2.55701174199692	2.47967972190905	2.73763650932972	2.99518178688748
2.56266482452612	2.49570120498777	2.74256253567934	2.98929615728848
2.56831790705532	2.49226684481903	2.74531652637954	3.00299271354895
2.57397098958452	2.49350902458535	2.75590049636273	2.99986959725906
2.57962407211372	2.52104986085447	2.76188286436548	3.00973357850708
2.58527715464292	2.51111080001445	2.76263054428252	3.01004529471109
2.59093023717212	2.51447451652098	2.77448534185823	3.02075697889406
2.59658331970132	2.51824073725408	2.77088695252889	3.02140733390275
2.60223640223052	2.53111794483192	2.78047033886608	3.04151701602251
2.60788948475972	2.53711662040437	2.79156019141647	3.04949319923483
2.61354256728892	2.55067401435474	2.79140930702874	3.05494402805265
2.61919564981812	2.5561557410862	2.80736902876736	3.0433327934449
2.62484873234732	2.54025078571853	2.80704633487003	3.05154377989394
2.63050181487652	2.56169519321829	2.81206685448664	3.06172694122035
2.63615489740572	2.56240802716803	2.81962889724217	3.09212309981783
2.64180797993492	2.56881752428368	2.82945302498485	3.08760004493989
2.64746106246412	2.5812633757609	2.83378794591224	3.09299959303197
2.65311414499331	2.5935970970791	2.84932214945575	3.10620034231258
2.65876722752251	2.57230553752692	2.84553851642112	3.09992760639729
2.66442031005171	2.61168957944867	2.85186631828861	3.10889816427438
2.67007339258091	2.59340038117461	2.86435656296954	3.11651582459892
2.67572647511011	2.60888097254387	2.86061263932768	3.12573154850227
2.68137955763931	2.60433800999985	2.87205391777855	3.12722521210402
2.68703264016851	2.61491084604944	2.88230439143203	3.13975449932855
2.69268572269771	2.6249873393836	2.88717704358282	3.13709376290703
2.69833880522691	2.63523075980203	2.89231227676871	3.14594801898981
2.70399188775611	2.65151638089319	2.90293356410951	3.16158172101932
2.70964497028531	2.65181487026992	2.90005989484816	3.16660784860836
2.71529805281451	2.66522987282591	2.91330127932071	3.16723777310166
2.72095113534371	2.65895917474717	2.91822798182492	3.1870768064925
2.72660421787291	2.65899861348801	2.92576871464115	3.18383878743036
2.73225730040211	2.67295236745833	2.92676690604286	3.19081168602059
2.73791038293131	2.67861840431955	2.93340459428553	3.19602872896898
2.74356346546051	2.68185377228279	2.94565619217584	3.19723746141805
2.74921654798971	2.69511993770307	2.95402158963261	3.21190096542109
2.7548696305189	2.6979840884866	2.954994937345	3.21345807883328
2.7605227130481	2.70876352275539	2.95920767554294	3.21025539973775
2.7661757955773	2.72463469300954	2.96944427978152	3.2362985593045
2.7718288781065	2.71737940932998	2.98027377576225	3.22381894099549
2.7774819606357	2.72155716806683	2.98459773417887	3.25305391633278
2.7831350431649	2.73484357482472	2.98322990358791	3.25581971230613
2.7887881256941	2.73208471457756	2.99696658719781	3.25153950910414
2.7944412082233	2.7487654871791	3.00170374073062	3.25836412752361
2.8000942907525	2.75583304404815	3.01020237846772	3.26564150177824
2.8057473732817	2.75819473788498	3.01386145472814	3.28459091364857
2.8114004558109	2.75894561569882	3.02585100029007	3.27943501372117
2.8170535383401	2.76774564259512	3.02374365445544	3.28780409155148
2.8227066208693	2.77173998617729	3.03197937050819	3.30722430984676
2.8283597033985	2.77488967082454	3.04524061888272	3.29918970337118
2.8340127859277	2.7977181340741	3.04926452623921	3.31125456930639
2.8396658684569	2.7882624587592	3.05072050825292	3.30616869235498
2.8453189509861	2.81394143230382	3.06603161685721	3.32539425460826
2.8509720335153	2.80237761671564	3.06437805350298	3.32446693841996
2.85662511604449	2.81888405259884	3.07078649213137	3.32798226370435
2.86227819857369	2.80769883513504	3.07775220831688	3.33501819446139
2.86793128110289	2.82800086253728	3.08656091633661	3.34950585422108
2.87358436363209	2.84189191992713	3.09043414531899	3.3485359542946
2.87923744616129	2.83836803788537	3.09742857784769	3.36001204527169
2.88489052869049	2.85251956517657	3.11372300489901	3.37611816936522
2.89054361121969	2.85620002847381	3.11609494072687	3.37154952808553
2.89619669374889	2.85099459456473	3.1196967385266	3.379050056664
2.90184977627809	2.86257895443131	3.12564870372557	3.38656758355671
2.90750285880729	2.88391348567421	3.13292680635127	3.3881100644065
2.91315594133649	2.87801855334586	3.145524086557	3.39484086528566
2.91880902386569	2.87423267064942	3.14435442333007	3.41137733581663
2.92446210639489	2.88762460138435	3.1571501004405	3.4176494413254
2.93011518892409	2.88310416180241	3.16081484501127	3.41733582234999
2.93576827145329	2.90343169262838	3.16310228256026	3.42945129047721
2.94142135398249	2.89790265175154	3.17050343099923	3.43260755707338
2.94707443651169	2.92273960378746	3.17768494603671	3.44547058581261
2.95272751904089	2.92846307775823	3.18419148057466	3.4349985449335
2.95838060157008	2.9350457180595	3.19234597789713	3.46005958390434
2.96403368409928	2.95168802918711	3.20015960135801	3.45953734899931
2.96968676662848	2.94128747268017	3.20033311215932	3.46401104055452
2.97533984915768	2.95961931270099	3.20798015533205	3.469946902789
2.98099293168688	2.94806738838937	3.21616735603094	3.47679689787311
2.98664601421608	2.96363516650338	3.21850513105035	3.48436121388383
2.99229909674528	2.97227269228998	3.22773754249069	3.48054434369092
2.99795217927448	2.97292378602797	3.24313081025422	3.49646258767381
3.00360526180368	2.98990992379844	3.2411750459997	3.49215918737444
3.00925834433288	2.99756496115226	3.24700522542709	3.51553897719558
3.01491142686208	2.9973742275369	3.25207964633996	3.51179433305654
3.02056450939128	2.9936289374059	3.25802687812775	3.53068062257016
3.02621759192048	3.00236839288357	3.2635248122905	3.52891686562466
3.03187067444968	3.00607533402892	3.26322303528746	3.52884156706917
3.03752375697888	3.01613970100103	3.27881252522192	3.53604199451293
3.04317683950808	3.01108817969298	3.28729887277311	3.56394192313415
3.04882992203728	3.03897684208624	3.29812434405403	3.55825220703149
3.05448300456648	3.03357063480126	3.30617542658379	3.55696491910661
3.06013608709568	3.03032592961854	3.3073254604739	3.56947173322278
3.06578916962487	3.04788508891365	3.31369924397012	3.58323703473061
3.07144225215407	3.04764130963779	3.324633514307	3.5694938693517
3.07709533468327	3.06844645652323	3.32375160049	3.59076464071022
3.08274841721247	3.06907819161545	3.33640826355625	3.59355638568755
3.08840149974167	3.05711056364202	3.33974436171567	3.59696837662932
3.09405458227087	3.07368927558669	3.34436139718737	3.59961463167916
3.09970766480007	3.10060010383765	3.3500536482026	3.62785320488904
3.10536074732927	3.09253619339749	3.35989901142956	3.61990176783431
3.11101382985847	3.10622866959144	3.36707717936412	3.62590157013842
3.11666691238767	3.10041057526979	3.37806451667414	3.65100998059514
3.12231999491687	3.0951050965349	3.38198899080283	3.6347434011802
3.12797307744607	3.12090979484921	3.38388463526066	3.63002055406797
3.13362615997527	3.11393120664458	3.38477620394559	3.67117185994168
3.13927924250447	3.13794401790319	3.3997549445198	3.66092868858837
3.14493232503367	3.13702857742569	3.403085415808	3.66850875075353
3.15058540756287	3.14583968220132	3.41027516048537	3.66764972443758
3.15623849009207	3.14019919553785	3.41449434913509	3.69076832992811
3.16189157262127	3.15368275796739	3.41729420271597	3.68545009961694
3.16754465515046	3.16604739966556	3.43029417786266	3.70081674686916
3.17319773767966	3.17184293182958	3.43972635946645	3.70148275555654
3.17885082020886	3.16826197481876	3.44774504110107	3.69004623284029
3.18450390273806	3.18436499920462	3.45662982673808	3.72055288413405
3.19015698526726	3.17805556152746	3.45617043642049	3.71467420628107
3.19581006779646	3.21322466277774	3.46201315266708	3.73172234989364
3.20146315032566	3.2012646891799	3.46801915553056	3.73271123016424
3.20711623285486	3.21165523607133	3.47538381973541	3.75169059808967
3.21276931538406	3.21879322084166	3.48662772801255	3.73572462535667
3.21842239791326	3.21391101432876	3.48979930239477	3.77114659075885
3.22407548044246	3.22233879151743	3.49527541737234	3.76694954910131
3.22972856297166	3.22562724630777	3.49836943551347	3.75678724829577
3.23538164550086	3.24645097636682	3.50701253783407	3.7741360891399
3.24103472803006	3.25069638888581	3.51334369918439	3.7992601721156
3.24668781055926	3.24810816743638	3.51956592880141	3.7790743756153
3.25234089308846	3.25579167600632	3.52653279650525	3.80230913573235
3.25799397561766	3.26097259500416	3.53267651295198	3.80900686164213
3.26364705814686	3.27078096565104	3.54173776535025	3.80527627964855
3.26930014067605	3.26986596504288	3.53664655510699	3.80772666024238
3.27495322320525	3.29427573942953	3.55417986094917	3.82147253669894
3.28060630573445	3.27494972602802	3.56023485311601	3.82612895903935
3.28625938826365	3.29411687025724	3.56462153889843	3.83691129756618
3.29191247079285	3.30462916588231	3.57632517888991	3.84790925575413
3.29756555332205	3.31083942046754	3.57506538509423	3.85387800055275
3.30321863585125	3.31869336853269	3.5818219490991	3.86183746565696
3.30887171838045	3.32932965392492	3.58407565146262	3.85713731994786
3.31452480090965	3.32643115747293	3.59501447727001	3.86686784697817
3.32017788343885	3.34882619850825	3.60618898397274	3.87163483991118
3.32583096596805	3.33745831286803	3.61394225943797	3.87739584934799
3.33148404849725	3.34317749110699	3.61393131887019	3.8903207943141
3.33713713102645	3.35897727902424	3.62753507536657	3.89305817315067
3.34279021355565	3.35684520809428	3.63343849471379	3.90181102638432
3.34844329608485	3.37260789259521	3.64197482573212	3.91161500880197
3.35409637861405	3.37253683852134	3.63835985942097	3.90408340946981
3.35974946114325	3.37332428732571	3.65165318934793	3.9424420808315
3.36540254367245	3.38052707385293	3.65617048891979	3.92723699361179
3.37105562620165	3.37971368366574	3.66295827605809	3.9322716616743
3.37670870873084	3.38755156922576	3.66395925410178	3.93339380720744
3.38236179126004	3.40270163052292	3.67675732752127	3.94377089549031
3.38801487378924	3.416207609657	3.6904492955281	3.95175557542047
3.39366795631844	3.41356245636555	3.68932667702432	3.96114271093399
3.39932103884764	3.43200186376071	3.68710355379695	3.98181027483773
3.40497412137684	3.42811049193845	3.70426280930842	3.96530004830302
3.41062720390604	3.43642687312059	3.70799559127413	3.97654880421119
3.41628028643524	3.45824501252766	3.70883746721898	3.97506321066476
3.42193336896444	3.44571488819342	3.72421519197155	4.00002928698916
3.42758645149364	3.46586517685835	3.7255761924327	3.99762176136966
3.43323953402284	3.47768944467306	3.73433810195789	4.00159715515511
3.43889261655204	3.46182087466049	3.73790501400003	4.00685540282937
3.44454569908124	3.48371680427685	3.73681904876225	4.00644456140533
3.45019878161044	3.48363970442693	3.75909267917989	4.03608657892457
3.45585186413964	3.48761392937055	3.76356879777776	4.02011525734433
3.46150494666884	3.49816598159832	3.77050713902675	4.04652548880753
3.46715802919804	3.48330398666752	3.77734967386798	4.05429346192677
3.47281111172724	3.50658875552285	3.78189671758835	4.0569975472022
3.47846419425644	3.49667899780032	3.78938402278268	4.04333705601796
3.48411727678563	3.5082464807134	3.78753721345252	4.07418292161479
3.48977035931483	3.53207700761809	3.79773500818941	4.06638771622323
3.49542344184403	3.5293444251287	3.8080637732676	4.07820738304434
3.50107652437323	3.53028184051835	3.80900359780115	4.0836712723054
3.50672960690243	3.54289557068054	3.82030769804665	4.08134335514359
3.51238268943163	3.5558421299459	3.8277079452671	4.10462295718914
3.51803577196083	3.5595819120065	3.83350761710879	4.11285306966622
3.52368885449003	3.55526166100283	3.83664307596672	4.11131427440596
3.52934193701923	3.56716657533258	3.84018725753966	4.11491485109641
3.53499501954843	3.58165903588116	3.84864706911379	4.1361385629117
3.54064810207763	3.58210662286552	3.85712285561437	4.13681952756913
3.54630118460683	3.6009192162129	3.86122276982044	4.14052432067823
3.55195426713603	3.60107146137753	3.86656016258628	4.13664626704922
3.55760734966523	3.59889183812093	3.8768516096493	4.14988504625513
3.56326043219443	3.60044531594764	3.87779030324966	4.16140570381403
3.56891351472363	3.6196181440121	3.88611231555211	4.16498125391062
3.57456659725283	3.61533664427385	3.8994470622229	4.16687206111286
3.58021967978203	3.64080053580387	3.90695525569909	4.17203140425401
3.58587276231122	3.6361518231721	3.90393423235072	4.19464682298413
3.59152584484042	3.65284108694377	3.91783991972183	4.19837795324014
3.59717892736962	3.6379764856611	3.92164871354002	4.18882858075674
3.60283200989882	3.65664790343358	3.92700846450378	4.20473003877484
3.60848509242802	3.65252621938427	3.93313535821682	4.21546286487203
3.61413817495722	3.6810163382697	3.94946224651842	4.21254405768038
3.61979125748642	3.67264194953233	3.94706396204571	4.22404529788933
3.62544434001562	3.69202878003538	3.95737756147686	4.22160084826864
3.63109742254482	3.6789264215569	3.9589159373191	4.22716932182061
3.63675050507402	3.68659346636036	3.96157535754448	4.23291905866972
3.64240358760322	3.70071533662501	3.97037163870633	4.23659651465394
3.64805667013242	3.69793355091726	3.97894297217739	4.25092403851173
3.65370975266162	3.69901692183197	3.98482758494236	4.26843800798623
3.65936283519082	3.70990209602846	3.99191049428666	4.26623603472984
3.66501591772002	3.71959088139677	4.00420711211292	4.27192419817521
3.67066900024922	3.70086785883025	3.99997773680462	4.28769069787914
3.67632208277842	3.72480207664044	4.01521215813436	4.28453218060154
3.68197516530762	3.7539374942892	4.01689510657354	4.30387554333447
3.68762824783681	3.74166767416359	4.0279304044967	4.30396918069168
3.69328133036601	3.75567108904328	4.03283897280173	4.30067170905593
3.69893441289521	3.75458080739702	4.03911860044415	4.31618985019564
3.70458749542441	3.76935673111434	4.04398963789597	4.32003387902737
3.71024057795361	3.76021482916705	4.05222718051732	4.31945243790956
3.71589366048281	3.77301076762525	4.05976090472046	4.34841868231568
3.72154674301201	3.78505645583507	4.06505774255591	4.35198213692165
3.72719982554121	3.7969439270406	4.0718227579587	4.34919585900708
3.73285290807041	3.79471248853832	4.07588558889262	4.34104643892115
3.73850599059961	3.8012214416948	4.0880571285249	4.37597801631982
3.74415907312881	3.79639817499953	4.08681445775271	4.37456345236932
