"mitochan"	"lwrNorm"	"medNorm"	"uprNorm"
-1.90327037354145	-3.53808968143584	-2.42245559190154	-1.32899587258508
-1.89642966235248	-3.51970897304668	-2.41908565731856	-1.31585825863394
-1.8895889511635	-3.49923877292626	-2.41549385114255	-1.28447391711039
-1.88274823997453	-3.49497608699182	-2.39179668956272	-1.26793935089207
-1.87590752878556	-3.50883818879194	-2.3962884123115	-1.24922040663296
-1.86906681759659	-3.46557173846786	-2.3829240656325	-1.28545161939104
-1.86222610640761	-3.47992445873042	-2.37675476705547	-1.26485582133153
-1.85538539521864	-3.47334206198853	-2.36643604886047	-1.2734938907703
-1.84854468402967	-3.43494952940099	-2.3539675524579	-1.20359734315782
-1.8417039728407	-3.4417202410064	-2.35952527924568	-1.2468413210805
-1.83486326165172	-3.39946007030594	-2.33675757020591	-1.22198759518501
-1.82802255046275	-3.41971222730954	-2.33151935975462	-1.24226465644276
-1.82118183927378	-3.40269401982187	-2.33075219247967	-1.20964638714109
-1.8143411280848	-3.40477048183796	-2.32037162967862	-1.2136062742838
-1.80750041689583	-3.39530011967867	-2.31644069009465	-1.20220298285616
-1.80065970570686	-3.38015818013702	-2.29933352864214	-1.23072168298549
-1.79381899451789	-3.32660957931346	-2.30277005198691	-1.1944301914129
-1.78697828332891	-3.38374317679729	-2.28649312928649	-1.2284073009792
-1.78013757213994	-3.36802077890403	-2.27450381617975	-1.18094085254115
-1.77329686095097	-3.33511238029068	-2.28106524600042	-1.20677161467048
-1.766456149762	-3.3120733986922	-2.2622636318619	-1.19685082140965
-1.75961543857302	-3.30156995072305	-2.25391135834442	-1.13995536886456
-1.75277472738405	-3.33064326021757	-2.26033965949491	-1.13239530296687
-1.74593401619508	-3.28771571127294	-2.25163916982679	-1.1429251645949
-1.73909330500611	-3.27689294693955	-2.23396945404497	-1.16252346978876
-1.73225259381713	-3.28558539656207	-2.23192452508469	-1.14229638015003
-1.72541188262816	-3.25664729556382	-2.21975783257384	-1.15485381806509
-1.71857117143919	-3.24425527971237	-2.22218436191417	-1.14522848182638
-1.71173046025022	-3.22503124142598	-2.19586402067614	-1.15271742051828
-1.70488974906124	-3.19831610019399	-2.19351809116121	-1.1471097972263
-1.69804903787227	-3.19505570226958	-2.2049518152225	-1.14149869244324
-1.6912083266833	-3.19322278568318	-2.1835794478872	-1.11760824223878
-1.68436761549432	-3.19240271038586	-2.17556561904458	-1.10604077666872
-1.67752690430535	-3.19968879545832	-2.16505530088625	-1.12609506715008
-1.67068619311638	-3.17690618328721	-2.16116855996343	-1.101527190135
-1.66384548192741	-3.1913345842247	-2.1574349127175	-1.12573619696433
-1.65700477073843	-3.15231956124848	-2.13873695266132	-1.10174430888864
-1.65016405954946	-3.14675335303513	-2.12870588955926	-1.087091769541
-1.64332334836049	-3.12431699815316	-2.13006805638683	-1.13504242056267
-1.63648263717152	-3.11238071046789	-2.12694413866387	-1.11188120968145
-1.62964192598254	-3.10823023464907	-2.11616981113633	-1.10965294638702
-1.62280121479357	-3.11472103190952	-2.09719556469388	-1.07993094743575
-1.6159605036046	-3.08509336190488	-2.10218957709258	-1.0725054101153
-1.60911979241563	-3.07120478774842	-2.08832077061808	-1.06327790460423
-1.60227908122665	-3.06150253486602	-2.07178818573188	-1.03984606980712
-1.59543837003768	-3.06513436522936	-2.0666118002463	-1.08256306540697
-1.58859765884871	-3.03958140449905	-2.06417065309552	-1.04564980821704
-1.58175694765974	-3.02769217949637	-2.04733653381752	-1.03279035083908
-1.57491623647076	-3.00364043705021	-2.03599248074434	-1.0033493633387
-1.56807552528179	-2.99013531580313	-2.03390284032383	-1.03839633762837
-1.56123481409282	-2.99352136548899	-2.02589818619465	-1.02015098851874
-1.55439410290384	-2.98505784321049	-2.0236536977029	-1.04056772885275
-1.54755339171487	-2.98738107371345	-2.01917701673438	-0.999437667659227
-1.5407126805259	-2.99310911488866	-2.007525328607	-1.01733701041628
-1.53387196933693	-2.96319499479481	-1.99509055173015	-1.01454951376465
-1.52703125814795	-2.96692551510915	-1.98427981732701	-0.965706061550223
-1.52019054695898	-2.91551929804853	-1.99358311529871	-1.00312852308641
-1.51334983577001	-2.93111871694331	-1.96772340333996	-0.973895138466054
-1.50650912458104	-2.92300763942703	-1.96997038628623	-0.996304999787286
-1.49966841339206	-2.90571992233252	-1.95508666681587	-0.957026735132606
-1.49282770220309	-2.89500831682337	-1.95509661227153	-0.983493631482533
-1.48598699101412	-2.85380334774927	-1.93533583151065	-0.959556734448133
-1.47914627982515	-2.88247296206178	-1.93024858276587	-0.952621034985231
-1.47230556863617	-2.84718230588462	-1.92489892167174	-0.965482437866356
-1.4654648574472	-2.83817947577277	-1.92632783653879	-0.950534402823844
-1.45862414625823	-2.83473307567525	-1.91243125883931	-0.944756000542227
-1.45178343506926	-2.80929725939227	-1.89845837867204	-0.94664257872864
-1.44494272388028	-2.82584009395042	-1.90096485398826	-0.923977326518851
-1.43810201269131	-2.83210284889962	-1.87613648376443	-0.942293569299643
-1.43126130150234	-2.83486405582844	-1.87953509670717	-0.90359206880094
-1.42442059031336	-2.79704073984755	-1.88222135256063	-0.933856054005353
-1.41757987912439	-2.76354367795137	-1.85944181992804	-0.929691499264809
-1.41073916793542	-2.77515542572924	-1.86252793020293	-0.911674188957904
-1.40389845674645	-2.76057033752057	-1.85499688736722	-0.863615122675684
-1.39705774555747	-2.75552525909153	-1.84464306150749	-0.879656725531362
-1.3902170343685	-2.75782163687054	-1.83623664906151	-0.918166312573616
-1.38337632317953	-2.68377991346454	-1.82981390554691	-0.8730556016083
-1.37653561199056	-2.67913942723881	-1.82703072369638	-0.889780260487181
-1.36969490080158	-2.70989927311083	-1.80351495636691	-0.871989369409245
-1.36285418961261	-2.65150913432945	-1.80047870662602	-0.861839228198857
-1.35601347842364	-2.68649318820599	-1.79368736364732	-0.859946997316571
-1.34917276723467	-2.70202379778438	-1.78540647460997	-0.887514212188065
-1.34233205604569	-2.66593334722399	-1.78093069194708	-0.869733291426639
-1.33549134485672	-2.6587517608081	-1.76886604562729	-0.840088274937167
-1.32865063366775	-2.63590015920498	-1.77505590684139	-0.838578064913186
-1.32180992247878	-2.64397377476674	-1.75980136649256	-0.824751318270364
-1.3149692112898	-2.61823765042662	-1.73836659104391	-0.862428197286347
-1.30812850010083	-2.63819436603566	-1.74967988551564	-0.83377495123755
-1.30128778891186	-2.5850083748881	-1.72556606358515	-0.837792117109831
-1.29444707772288	-2.60664189007552	-1.72192248787419	-0.815515710075583
-1.28760636653391	-2.5851722944044	-1.7175282198736	-0.829863007569988
-1.28076565534494	-2.56717869033121	-1.71099453504622	-0.775091281294912
-1.27392494415597	-2.56008137466683	-1.70933645381248	-0.821764072417097
-1.26708423296699	-2.56475210351231	-1.69603848063548	-0.770098605245639
-1.26024352177802	-2.53690749879483	-1.68185419855578	-0.764477498921018
-1.25340281058905	-2.53920197106187	-1.67592371396606	-0.788718953702408
-1.24656209940008	-2.51901052964031	-1.66319086676927	-0.776251154760259
-1.2397213882111	-2.47330069180454	-1.6591903034584	-0.775101591781234
-1.23288067702213	-2.49524295369624	-1.64694058119225	-0.765121581192851
-1.22603996583316	-2.45874674408415	-1.63909545812149	-0.745774999021031
-1.21919925464419	-2.49808954302847	-1.62872896418897	-0.736495757805516
-1.21235854345521	-2.46652785170145	-1.6292456478039	-0.749041967027659
-1.20551783226624	-2.4676567630918	-1.6232651987203	-0.765031787247732
-1.19867712107727	-2.42064409313801	-1.62133274178225	-0.750860773710765
-1.1918364098883	-2.44405800862028	-1.60483370600149	-0.730436179831079
-1.18499569869932	-2.42634019420641	-1.58953947320698	-0.708390620942395
-1.17815498751035	-2.39109959063382	-1.58292532792291	-0.728643146717199
-1.17131427632138	-2.41705906982431	-1.57103998475409	-0.707025729013879
-1.1644735651324	-2.39643467830428	-1.57413996995479	-0.675230667580237
-1.15763285394343	-2.39085161861897	-1.5578155176023	-0.686389860259727
-1.15079214275446	-2.39076110854664	-1.55571639767657	-0.710599988751757
-1.14395143156549	-2.36113718509833	-1.55460860245638	-0.680225392534233
-1.13711072037651	-2.34212845488312	-1.5399575823688	-0.706729733919976
-1.13027000918754	-2.31973371296412	-1.5374054944312	-0.682147247841034
-1.12342929799857	-2.3322633571225	-1.5317806439835	-0.689653476383465
-1.1165885868096	-2.33583861343573	-1.51483488560827	-0.660243642051881
-1.10974787562062	-2.32493526862968	-1.51088428416022	-0.681498747434358
-1.10290716443165	-2.30824174890641	-1.50884152114483	-0.644976576803597
-1.09606645324268	-2.28754588615706	-1.49219247782504	-0.632091950891185
-1.08922574205371	-2.27459958127436	-1.49846301318703	-0.629772964174625
-1.08238503086473	-2.27317504341552	-1.47516607098439	-0.615244100064614
-1.07554431967576	-2.27913381933823	-1.48020841177058	-0.629428954950452
-1.06870360848679	-2.2533755631507	-1.45473728246053	-0.645479471830112
-1.06186289729782	-2.2825672966366	-1.4632132209633	-0.617484771420556
-1.05502218610884	-2.25185938495199	-1.45354794977147	-0.603260768176005
-1.04818147491987	-2.24264299099948	-1.44789355202899	-0.60958625116144
-1.0413407637309	-2.22135773816095	-1.43303988407903	-0.623934668071652
-1.03450005254192	-2.20084216417167	-1.42593733941768	-0.58661263465959
-1.02765934135295	-2.18663725003895	-1.42051317981785	-0.587804058801678
-1.02081863016398	-2.19493225029135	-1.41048970898232	-0.606085201592071
-1.01397791897501	-2.16232469400589	-1.40507509492993	-0.571830109113689
-1.00713720778603	-2.17401713464946	-1.40086020073868	-0.578647531241279
-1.00029649659706	-2.14964901207067	-1.3845706918438	-0.572861871888633
-0.993455785408089	-2.13517869822009	-1.39446234671647	-0.567496796766547
-0.986615074219116	-2.14698505870447	-1.37772900399121	-0.560791981935719
-0.979774363030144	-2.10643301402406	-1.36272664274766	-0.563735937009712
-0.972933651841171	-2.1208976928636	-1.35351634586483	-0.566494469146044
-0.966092940652198	-2.1036512822628	-1.34615743814681	-0.539047941154035
-0.959252229463226	-2.09091259711798	-1.33478231192344	-0.522738679970994
-0.952411518274253	-2.09723132413269	-1.32460697983239	-0.515990276527909
-0.94557080708528	-2.09710096481414	-1.33003634915178	-0.533423502286694
-0.938730095896308	-2.05286890753937	-1.30930576974988	-0.542161928699595
-0.931889384707335	-2.06461365810077	-1.30487700311934	-0.504873704242245
-0.925048673518363	-2.04992561717237	-1.29597833975238	-0.523561099225495
-0.91820796232939	-2.0130278883542	-1.30318719761614	-0.508922670158082
-0.911367251140417	-2.02993070773063	-1.27840736173513	-0.4623087295917
-0.904526539951445	-2.0193870453948	-1.27994834411332	-0.474001016275393
-0.897685828762472	-2.02672809292068	-1.26924816002762	-0.495101985980603
-0.890845117573499	-2.01130242248135	-1.25170799626371	-0.482413920716796
-0.884004406384527	-1.98446058557383	-1.25500336835046	-0.494666371157755
-0.877163695195554	-1.97820729406908	-1.24302817752857	-0.489177080498714
-0.870322984006581	-1.96546362243064	-1.24125293315717	-0.454702459001373
-0.863482272817609	-1.93845595375184	-1.22161801424882	-0.449899452230205
-0.856641561628636	-1.95934218960788	-1.23065425554009	-0.451077223265588
-0.849800850439663	-1.92744400053663	-1.21788777453873	-0.430439178874097
-0.842960139250691	-1.92871593014457	-1.20851269229356	-0.429727547918511
-0.836119428061718	-1.90987975436801	-1.19428368692513	-0.430122068646559
-0.829278716872746	-1.88523239794156	-1.18276205263451	-0.444153341698953
-0.822438005683773	-1.89463405024741	-1.18611768125307	-0.404578586101155
-0.8155972944948	-1.86844983223692	-1.16745050440031	-0.411486137614524
-0.808756583305828	-1.87170794073487	-1.16178672637962	-0.427262088040352
-0.801915872116855	-1.87326057819268	-1.1595519825456	-0.396678917165533
-0.795075160927883	-1.84522549287087	-1.15128292630488	-0.409527275860826
-0.78823444973891	-1.85591818721025	-1.14133988519308	-0.413770703581308
-0.781393738549937	-1.84142511406842	-1.13322011391343	-0.392933121366937
-0.774553027360965	-1.84637930864983	-1.13309718889252	-0.409498140029189
-0.767712316171992	-1.81573512194078	-1.11980185289736	-0.373335115764932
-0.760871604983019	-1.84812331878921	-1.10030269745545	-0.336409335501872
-0.754030893794047	-1.79846114080285	-1.09863631296326	-0.354071345484155
-0.747190182605074	-1.81200306207263	-1.08949809942648	-0.384393128558076
-0.740349471416101	-1.75053559271883	-1.08399036454231	-0.34183158055158
-0.733508760227129	-1.77133937580204	-1.0785397634014	-0.327443382136402
-0.726668049038156	-1.76910915175805	-1.06957092787294	-0.322811821182799
-0.719827337849184	-1.76722385788701	-1.07255997223741	-0.328214997392913
-0.712986626660211	-1.76246072252821	-1.06154448092527	-0.336915623367937
-0.706145915471238	-1.72577265651989	-1.04646306188511	-0.313867512576693
-0.699305204282266	-1.74110970002115	-1.04047839149259	-0.306067219696683
-0.692464493093293	-1.71673324973492	-1.03456789547464	-0.293766474994598
-0.68562378190432	-1.72993292791703	-1.02757579033533	-0.275935726580856
-0.678783070715348	-1.69987963465436	-1.00865490380248	-0.284968035591564
-0.671942359526375	-1.6664039673633	-1.00951081323248	-0.290944506263187
-0.665101648337403	-1.66447972069738	-1.0066723217921	-0.274789820059392
-0.65826093714843	-1.67438817016157	-0.990762410376988	-0.281926137730031
-0.651420225959457	-1.64673472011438	-0.979452303111852	-0.271502297693843
-0.644579514770485	-1.62273742644735	-0.975418012515829	-0.248482326746529
-0.637738803581512	-1.63884065248503	-0.961130131160114	-0.258662952833457
-0.630898092392539	-1.6320673552062	-0.953395564266728	-0.262582374896308
-0.624057381203567	-1.63403933388068	-0.940535722321539	-0.244125559674267
-0.617216670014594	-1.61564221931056	-0.943133181101798	-0.223643994002906
-0.610375958825621	-1.62951142542902	-0.939626534949603	-0.225205019414362
-0.603535247636649	-1.59271604047206	-0.924489593788777	-0.209691601415889
-0.596694536447676	-1.58898302715143	-0.922594338113589	-0.204180930921389
-0.589853825258704	-1.58182740489774	-0.903513604235836	-0.221421263272805
-0.583013114069731	-1.5647683376172	-0.90804229173855	-0.196062929142763
-0.576172402880758	-1.55269316352	-0.899474088697701	-0.16781451412662
-0.569331691691786	-1.5564851891824	-0.887659793685555	-0.181557664942139
-0.562490980502813	-1.53301306143154	-0.884152531733339	-0.195752702205545
-0.55565026931384	-1.53517994782478	-0.866992841367206	-0.177275485041015
-0.548809558124868	-1.51773823087002	-0.864648747369811	-0.154632659163482
-0.541968846935895	-1.52811553914726	-0.858912161357109	-0.164599051605834
-0.535128135746922	-1.52545758752313	-0.855147774197682	-0.174697033263196
-0.52828742455795	-1.4955732352072	-0.844220802938146	-0.148761344109313
-0.521446713368977	-1.48619319323286	-0.832771352477604	-0.121769204629636
-0.514606002180005	-1.48239193872722	-0.817555736601247	-0.129445889287059
-0.507765290991032	-1.4887999147871	-0.802972793366224	-0.139787086496112
-0.500924579802059	-1.45546043050695	-0.818200208192491	-0.121888800130467
-0.494083868613087	-1.43644667649483	-0.800094732888192	-0.11221992902025
-0.487243157424114	-1.43603122067357	-0.80345159475294	-0.0775644603105763
-0.480402446235142	-1.43401008759329	-0.782599775673019	-0.0904485560842088
-0.473561735046169	-1.44195515641105	-0.777887593342386	-0.074227181369585
-0.466721023857196	-1.40870350534802	-0.767854482446552	-0.0935804447523295
-0.459880312668224	-1.39853913710024	-0.750804550895557	-0.113472988621613
-0.453039601479251	-1.39320777825894	-0.747213302867153	-0.0710664702005567
-0.446198890290278	-1.39919157455042	-0.74902567637813	-0.0754508263973039
-0.439358179101306	-1.37276916848087	-0.732082761828785	-0.0814871559504493
-0.432517467912333	-1.38026875434309	-0.720543978159787	-0.0515276563844985
-0.42567675672336	-1.37795478252537	-0.712303075241765	-0.0283826149133684
-0.418836045534388	-1.34620606217337	-0.7154789755435	-0.02449948038739
-0.411995334345415	-1.35654681502135	-0.700544945431495	-0.0231581069979145
-0.405154623156442	-1.31754222110153	-0.696850981409529	-0.0118931159428553
-0.39831391196747	-1.31940873560433	-0.695876028705675	-0.0271090719740198
-0.391473200778497	-1.31213876825306	-0.684203190097169	0.00106030635349452
-0.384632489589525	-1.30368074405699	-0.665894887303875	0.00826352148891452
-0.377791778400552	-1.30244644802077	-0.666295390193592	-0.00826918917334839
-0.370951067211579	-1.32250468524374	-0.657842825731534	0.0082656577080117
-0.364110356022607	-1.2577692164774	-0.646452942366595	0.0293077295461922
-0.357269644833634	-1.26716570183731	-0.63626696788592	0.0313147690038033
-0.350428933644662	-1.29028318248816	-0.634535187969441	0.0234525079319265
-0.343588222455689	-1.25685107374024	-0.613675365628601	0.0411230867454497
-0.336747511266716	-1.26633842557336	-0.624066503989567	0.0283644528352936
-0.329906800077744	-1.20091526513125	-0.601797408603808	0.0402237256479553
-0.323066088888771	-1.21229005564742	-0.597642482509995	0.0637319786753595
-0.316225377699798	-1.20620484553491	-0.590529377382655	0.0637455148039885
-0.309384666510826	-1.19428234043303	-0.573108578086682	0.0775396604959525
-0.302543955321853	-1.19064034680794	-0.584089368934428	0.0727047218745458
-0.29570324413288	-1.19595547889333	-0.568000594356386	0.102552300267956
-0.288862532943908	-1.17325127999801	-0.563111729699701	0.0973344106492864
-0.282021821754935	-1.16688864215027	-0.547076042447814	0.104148458175914
-0.275181110565963	-1.18766712293392	-0.541654730720521	0.119044286113659
-0.26834039937699	-1.16329229289551	-0.536397130351909	0.130876443618036
-0.261499688188017	-1.15826917569378	-0.521471862958968	0.132078413849246
-0.254658976999045	-1.13162143645664	-0.509463661750196	0.13125815108504
-0.247818265810072	-1.13233106594118	-0.511873982144196	0.161296095893841
-0.240977554621099	-1.13758537926675	-0.513763224828684	0.154291339538816
-0.234136843432127	-1.11778238603934	-0.500558702387876	0.152903339120784
-0.227296132243154	-1.11195243935357	-0.501445875370693	0.152195614635502
-0.220455421054181	-1.09385428568989	-0.480674558056572	0.172119610572492
-0.213614709865209	-1.07629631595076	-0.467838288817044	0.179414037808135
-0.206773998676236	-1.07249548044767	-0.476847793560854	0.178596494506806
-0.199933287487263	-1.09214965420426	-0.453612559562452	0.196136279247113
-0.193092576298291	-1.06380880225848	-0.446181410883901	0.220661186213661
-0.186251865109318	-1.04555022934972	-0.431708314898051	0.228297923719709
-0.179411153920346	-1.02846920833269	-0.427476179503023	0.213219648576028
-0.172570442731373	-1.04603130758917	-0.426778910347466	0.226738879225797
-0.1657297315424	-1.0240413048181	-0.416541262113152	0.215157818930766
-0.158889020353428	-1.02270373432355	-0.410958173944138	0.24003880519455
-0.152048309164455	-0.998958858285368	-0.399918858432507	0.256086917105588
-0.145207597975483	-1.00245130523682	-0.38517780873483	0.263201032759281
-0.13836688678651	-0.998279561879575	-0.381952833192113	0.280654433347858
-0.131526175597537	-0.993635186020108	-0.369794563335733	0.260302513735331
-0.124685464408565	-0.989191912720565	-0.365127575026563	0.283062817886124
-0.117844753219592	-0.993196371628353	-0.352847659932804	0.247859780474532
-0.111004042030619	-0.937157492340439	-0.350836780334463	0.307350081534032
-0.104163330841647	-0.956835874758904	-0.348717074139882	0.294133157615961
-0.097322619652674	-0.970069748849678	-0.330757760824119	0.31060886784075
-0.0904819084637014	-0.961584127790317	-0.323110851745762	0.314992049245645
-0.0836411972747289	-0.930266490598494	-0.314181664616017	0.300255296520646
-0.0768004860857561	-0.911720391968256	-0.317473636552823	0.332624409193382
-0.0699597748967835	-0.932896011076613	-0.301659423533535	0.32914612020872
-0.063119063707811	-0.918949007422127	-0.302221721734809	0.340112683598713
-0.0562783525188382	-0.93029322767988	-0.284836777472086	0.342294453186197
-0.0494376413298656	-0.873277703792349	-0.270997285508836	0.349317024421053
-0.042596930140893	-0.881570953867932	-0.267333272901689	0.395585493868111
-0.0357562189519203	-0.843695817713303	-0.255325951669812	0.371955332013214
-0.0289155077629477	-0.869031773334857	-0.260850181452057	0.388395644829837
-0.0220747965739752	-0.85104912531153	-0.240890237572677	0.372022943985509
-0.0152340853850024	-0.864147961207536	-0.240522240669066	0.38655037179388
-0.00839337419602981	-0.83958305575668	-0.228822201842229	0.406020034893609
-0.00155266300705725	-0.826072957384771	-0.216494359445394	0.420858878190749
0.00528804818191553	-0.824434244077156	-0.212205156531051	0.436999307884303
0.0121287593708881	-0.830408768057045	-0.190296301079624	0.424830378358294
0.0189694705598606	-0.816276158908269	-0.20033108592536	0.452195570267557
0.0258101817488334	-0.800929172817176	-0.197013324833795	0.453212264647267
0.032650892937806	-0.76930100404987	-0.171405954824645	0.45264644904087
0.0394916041267785	-0.777033182797407	-0.179079870729088	0.456329324131275
0.0463323153157513	-0.760143418381369	-0.16430861474273	0.454743775612873
0.0531730265047239	-0.77411653198507	-0.159848599355053	0.456974136632243
0.0600137376936964	-0.772715442391051	-0.143355056100895	0.482093281264721
0.066854448882669	-0.746950085977876	-0.141295259298522	0.491302409353068
0.0736951600716418	-0.755370443593449	-0.134671276702263	0.490396617426173
0.0805358712606143	-0.770831583712795	-0.126494679153645	0.512673505515758
0.0873765824495869	-0.749338111876902	-0.111067247273743	0.514785794058217
0.0942172936385597	-0.71041422920816	-0.10184331628363	0.525430076577366
0.101058004827532	-0.712372667108876	-0.104409348394401	0.536588272315697
0.107898716016505	-0.700561968577926	-0.0915906163441569	0.574774864826665
0.114739427205477	-0.695020668285684	-0.0828336624038882	0.545190469694605
0.12158013839445	-0.684887049669058	-0.083377185898712	0.538230395517445
0.128420849583423	-0.685167060272251	-0.0716472505047109	0.560276579491401
0.135261560772395	-0.711186651181981	-0.0606568428942159	0.560481395947349
0.142102271961368	-0.663657986773568	-0.0616305858533085	0.58691370538448
0.148942983150341	-0.67538993791948	-0.0507863217844119	0.57459786883248
0.155783694339313	-0.648425679724268	-0.0378070968660167	0.595082532610398
0.162624405528286	-0.639377301134221	-0.0308049604289253	0.585774142347337
0.169465116717259	-0.642687924395707	-0.0152929072174751	0.610914793476446
0.176305827906231	-0.645817189144932	-0.0162390647819959	0.634794862665766
0.183146539095204	-0.6202675949052	-0.00831919887288093	0.627762117552709
0.189987250284176	-0.60051376110625	0.00881671970981138	0.643702892280937
0.196827961473149	-0.589621868808868	-0.00352859578993951	0.666143792592335
0.203668672662122	-0.602679143296985	0.0106324164997266	0.649793174977307
0.210509383851095	-0.614147344107852	0.0204358392239632	0.682182694243685
0.217350095040067	-0.58977391176869	0.028521754633267	0.669116613959875
0.22419080622904	-0.600579776965519	0.0350905456866543	0.672170488815619
0.231031517418012	-0.590815916146222	0.0504250369542672	0.704408327072714
0.237872228606985	-0.582806609966541	0.0562759825269537	0.72829478271899
0.244712939795958	-0.559806792697836	0.0659397071591958	0.716108855190795
0.25155365098493	-0.557061018090912	0.0726007798547905	0.701801565378713
0.258394362173903	-0.5229484702544	0.0826310724285289	0.709346129548606
0.265235073362875	-0.549690500519906	0.0800746392764541	0.734964549195893
0.272075784551848	-0.534354060768159	0.0986880747843457	0.730772776124276
0.278916495740821	-0.538200899587091	0.0978259049758014	0.747812677441206
0.285757206929793	-0.51394808257904	0.116526388919797	0.75666375287284
0.292597918118766	-0.521966069594871	0.129856291499734	0.773636759289028
0.299438629307739	-0.514818534549151	0.129684039856644	0.77888813690501
0.306279340496711	-0.486210255543703	0.133718179516879	0.784410190042207
0.313120051685684	-0.489324019013767	0.147921488076129	0.774107409311625
0.319960762874656	-0.468718473506465	0.152167802091379	0.804356631470984
0.326801474063629	-0.476469036901743	0.147906027278269	0.796577702110633
0.333642185252602	-0.448381678930359	0.162887139863822	0.82178885982305
0.340482896441574	-0.462836593234425	0.186256724790009	0.83589559517877
0.347323607630547	-0.437768030813882	0.181979551943631	0.834891649343106
0.35416431881952	-0.452836684612541	0.187858134183828	0.838107784129465
0.361005030008492	-0.452448776167713	0.203163668499369	0.871850578411215
0.367845741197465	-0.42212346198851	0.210312150714854	0.876371138177311
0.374686452386438	-0.421782001123781	0.218018358155065	0.879363556138932
0.38152716357541	-0.425174606419617	0.214210193633843	0.886483663861859
0.388367874764383	-0.428965794439066	0.231679446060778	0.89967869132047
0.395208585953355	-0.428363924434522	0.239321693185267	0.889761170731223
0.402049297142328	-0.411238198083307	0.24541662833769	0.890420849860283
0.4088900083313	-0.370391667113908	0.255474085833993	0.898784216857967
0.415730719520274	-0.367936167579234	0.263335737571796	0.945045369508925
0.422571430709246	-0.382583673742101	0.268683870556045	0.932831801079512
0.429412141898219	-0.35833960440734	0.27898366821096	0.950453052948923
0.436252853087191	-0.354650293947009	0.289347472372149	0.96710257651886
0.443093564276164	-0.345121372882129	0.295203062318856	0.973273912528056
0.449934275465136	-0.333756365002578	0.300225621017053	0.964505622567005
0.456774986654109	-0.34724697798939	0.308218054791257	1.01227851935763
0.463615697843082	-0.359640141126433	0.319679094364618	0.967846796953456
0.470456409032054	-0.31728810385075	0.32432594406584	0.994493951780846
0.477297120221027	-0.335324260623428	0.335257917956838	1.01570438269666
0.48413783141	-0.316864487881538	0.338926509157973	1.02828394499657
0.490978542598972	-0.288414533141546	0.347642430551784	1.0521893422657
0.497819253787945	-0.28850900510617	0.356177101279773	1.02957932686979
0.504659964976918	-0.309865401174255	0.357334298992755	1.05312255691391
0.51150067616589	-0.328912515136151	0.372258700744255	1.04521329855249
0.518341387354863	-0.286324467993835	0.38596910030645	1.07627858460761
0.525182098543835	-0.274176969327623	0.387173051197354	1.0635882039502
0.532022809732808	-0.257183507380718	0.385028890794012	1.11034429119386
0.538863520921781	-0.277432923064189	0.390321453993729	1.0818129549064
0.545704232110753	-0.250509198596325	0.411545259390596	1.11109812010375
0.552544943299726	-0.232401537178312	0.420906644971795	1.12578807234942
0.559385654488699	-0.250627584641688	0.433530536756653	1.12587086057402
0.566226365677671	-0.249886681574392	0.434920175920256	1.13868669863656
0.573067076866644	-0.231878243781174	0.448367180568722	1.14786713826398
0.579907788055617	-0.213383275179829	0.46044662970238	1.15705293779475
0.586748499244589	-0.239759178329985	0.448231484685807	1.14633744554185
0.593589210433562	-0.21276205021509	0.472292330049866	1.17513628380053
0.600429921622534	-0.207371334744145	0.47601365213238	1.18101756392044
0.607270632811507	-0.20629185545751	0.485825403330118	1.19568225607828
0.61411134400048	-0.189720941762909	0.485780651258714	1.21788090592243
0.620952055189453	-0.189632806247499	0.500140887490056	1.18159000330775
0.627792766378425	-0.175356512045358	0.509215137982848	1.21585661679304
0.634633477567398	-0.164272919849889	0.516000559137888	1.23607290510546
0.64147418875637	-0.173965987641973	0.519491849908177	1.24877599466106
0.648314899945343	-0.154905412844948	0.524216700742998	1.25704378188864
0.655155611134315	-0.168759850928077	0.543831749579766	1.26276768525205
0.661996322323288	-0.137086993871492	0.546678493058073	1.27281097607811
0.668837033512261	-0.146619850146031	0.545611429184125	1.28068743849927
0.675677744701233	-0.112070671311691	0.571483969512991	1.28735684771449
0.682518455890206	-0.131119398462752	0.568168108994038	1.31055354899757
0.689359167079179	-0.143233378534591	0.575166919970379	1.29254659103255
0.696199878268151	-0.12652875805321	0.58395958077738	1.30920687515712
0.703040589457124	-0.117483733875949	0.586027099085905	1.29918230827216
0.709881300646097	-0.0935185801379379	0.594524059948891	1.32735067202239
0.716722011835069	-0.089257499303646	0.612866463861811	1.36064410150519
0.723562723024042	-0.0576530431573135	0.628502656695131	1.31613905996825
0.730403434213014	-0.0860981979870661	0.626694301332634	1.37234222031166
0.737244145401987	-0.107077274284534	0.645030676672063	1.37039197088279
0.74408485659096	-0.076561573806735	0.636414078643351	1.38659279630808
0.750925567779932	-0.0523696361513842	0.649170426667652	1.41926756210195
0.757766278968905	-0.0495845442721174	0.649198740458006	1.40560230252253
0.764606990157878	-0.0258996218276211	0.65644176317803	1.41975343398508
0.77144770134685	-0.0323116028205948	0.673671348284827	1.43062173863043
0.778288412535823	-0.0195287876073285	0.693910322890087	1.40540501495096
0.785129123724795	-0.0373968705414334	0.691988322265356	1.43118496332831
0.791969834913768	-0.0130082506181592	0.692563667183862	1.43342493037169
0.798810546102741	-0.0166511567461475	0.701148593990768	1.43809694416742
0.805651257291713	0.00320734417013551	0.7117624462512	1.47389446530491
0.812491968480686	-0.00887372649853035	0.71998015851875	1.47407750429837
0.819332679669659	0.0190235336725264	0.728521766000323	1.49477055449154
0.826173390858631	0.0129656743421284	0.732315902331236	1.51229759918592
0.833014102047604	0.00595457807789888	0.757106777583165	1.50168098670301
0.839854813236577	0.0318558078200008	0.757164629110381	1.51090407220309
0.846695524425549	0.0446813229719129	0.75385477523779	1.51877703421562
0.853536235614522	0.0451361350157029	0.770962026357128	1.54832103629097
0.860376946803494	0.0335459169111552	0.762388412769338	1.54474811941883
0.867217657992467	0.0458500021298699	0.78505206711874	1.55332730153
0.87405836918144	0.0393241759627285	0.787818654303712	1.57032429784067
0.880899080370412	0.0805784020566741	0.786661142736067	1.57885461578733
0.887739791559385	0.0467808778207879	0.808429267584815	1.59219257564564
0.894580502748358	0.0567393816943792	0.811990484599906	1.58708931110147
0.90142121393733	0.066020855104295	0.817412683562464	1.59014452007904
0.908261925126303	0.0859883715762226	0.832828015075885	1.64549244356379
0.915102636315276	0.0870441743702235	0.840863375774761	1.65703058950889
0.921943347504248	0.0751321015156767	0.841721103181519	1.66055067410724
0.928784058693221	0.10819132105895	0.859142342618719	1.65983951715937
0.935624769882193	0.0926623341041948	0.863979606552618	1.67098987532349
0.942465481071166	0.110623571353188	0.87104201970162	1.65326680195816
0.949306192260138	0.101526374977868	0.878829233416	1.6429995659241
0.956146903449111	0.129546537674934	0.887759505984687	1.66462764486219
0.962987614638084	0.120342575083421	0.893452408210361	1.71419180459051
0.969828325827057	0.146413114723575	0.910919688306716	1.72155534314372
0.976669037016029	0.134418399570843	0.910906279143066	1.72227452269177
0.983509748205002	0.119175576200861	0.929477741102646	1.72219959295451
0.990350459393974	0.152353822830777	0.916689398097345	1.73334835650207
0.997191170582947	0.166272688853225	0.937555504010937	1.75349733054695
1.00403188177192	0.164340243613299	0.953196991185608	1.75654449549568
1.01087259296089	0.140288941069286	0.95078866406809	1.77180410915294
1.01771330414986	0.192017251237064	0.945978682424896	1.76273551846534
1.02455401533884	0.161448252069108	0.960635742027624	1.79542287749282
1.03139472652781	0.167728555866279	0.966814493666283	1.78679086550364
1.03823543771678	0.190022496549167	0.976032727580534	1.80447399438125
1.04507614890576	0.185966348900841	0.992397504915142	1.79736616829141
1.05191686009473	0.202380878554961	0.996616701747032	1.82986945226299
1.0587575712837	0.198773558549462	1.01018805275479	1.82586179384756
1.06559828247267	0.204144117745185	1.01415509292572	1.83503495155072
1.07243899366165	0.215002540029531	1.01003712791414	1.84974029905214
1.07927970485062	0.212901536857197	1.01927865842105	1.84477284638796
1.08612041603959	0.253783685354408	1.03709472255159	1.88646214464336
1.09296112722856	0.239881268979059	1.04628212468426	1.88582547645296
1.09980183841754	0.231699612742668	1.04083026160784	1.89179724065668
1.10664254960651	0.258790309097932	1.06331793630385	1.89065363540978
1.11348326079548	0.231324366584198	1.05246851871888	1.92595150027358
1.12032397198445	0.253772882559661	1.07068034314239	1.92291559529779
1.12716468317343	0.269545199851238	1.08742873817415	1.93675532596507
1.1340053943624	0.255805273020411	1.07053383165468	1.93769147538265
1.14084610555137	0.266410647141106	1.10399121330451	1.98256900620629
1.14768681674034	0.322170281034343	1.09235408957567	1.97663000537493
1.15452752792932	0.279446078405583	1.11784695283088	1.96179965816114
1.16136823911829	0.276640754067117	1.11296036821162	1.96574202687274
1.16820895030726	0.275760115296133	1.12977011622343	2.00344410961282
1.17504966149624	0.319837605378636	1.15023229113858	1.99486680723604
1.18189037268521	0.308874075470987	1.15512144319265	2.02316614679351
1.18873108387418	0.324774055154301	1.16562038742167	2.01367443544169
1.19557179506315	0.337202374126764	1.16399350085143	2.05060347899458
1.20241250625213	0.350139671239426	1.17226712600218	2.05384620106787
1.2092532174411	0.331748066194765	1.18830671591864	2.0713478500718
1.21609392863007	0.356254501678159	1.18511736673816	2.05962672404248
1.22293463981904	0.354266532849295	1.20354397522237	2.06283065576345
1.22977535100802	0.349262647342417	1.19415641345415	2.06655937090251
1.23661606219699	0.363210785714357	1.21709761249263	2.10545673812053
1.24345677338596	0.357274839961515	1.21145095857114	2.08955987479473
1.25029748457493	0.383450670156164	1.2302096567237	2.11552558932728
1.25713819576391	0.390942011462599	1.22635886221498	2.13393024788074
1.26397890695288	0.384929171449839	1.24401524038898	2.157159196045
1.27081961814185	0.369170138593936	1.24728021442392	2.14139954551021
1.27766032933082	0.376602394203742	1.25990285122273	2.17174065561948
1.2845010405198	0.39770140852264	1.26416177738108	2.12579378579242
1.29134175170877	0.387635040049457	1.26581475698568	2.17207945663451
1.29818246289774	0.434400051480921	1.28292842766735	2.19809420616994
1.30502317408672	0.439132980677004	1.28614272860758	2.17939075400371
1.31186388527569	0.416413764926616	1.29989946532829	2.19062069343071
1.31870459646466	0.448118246631248	1.31985959489715	2.22176729166284
1.32554530765363	0.439492372005513	1.30945606920373	2.20354902807475
1.33238601884261	0.410782565512819	1.31408667782797	2.24935754954413
1.33922673003158	0.456856693394539	1.3427254108963	2.21676281241605
1.34606744122055	0.441751446948264	1.34380540651852	2.27239057705234
1.35290815240952	0.459319144247152	1.34309723244249	2.27857226034628
1.3597488635985	0.457937335201894	1.34364897365713	2.28085427743757
1.36658957478747	0.476794548381834	1.3576035635342	2.31172396599865
1.37343028597644	0.472811139858874	1.36671150586295	2.27083685427251
1.38027099716541	0.463534191155943	1.38245709859323	2.30947574137902
1.38711170835439	0.469428969925783	1.39490091500812	2.31766383881474
1.39395241954336	0.479091884269332	1.38437529196218	2.31358116785168
1.40079313073233	0.500347869608014	1.3990368041412	2.3364885239744
1.4076338419213	0.485437898128274	1.40643335253008	2.36111482325063
1.41447455311028	0.502165442112536	1.41614645695997	2.39289413624462
1.42131526429925	0.509434256122623	1.42179123863674	2.38431060148484
1.42815597548822	0.493919707177102	1.44639857590715	2.37768977410199
1.4349966866772	0.517952229611287	1.43731785234075	2.40368634851043
1.44183739786617	0.526716324864682	1.44633654806767	2.40226732985199
1.44867810905514	0.556620905430318	1.46260496107863	2.40819612306359
1.45551882024411	0.520568040387354	1.45226448423047	2.44585209450079
1.46235953143309	0.535340688504141	1.46393959891125	2.43954383602391
1.46920024262206	0.524416340725475	1.4891832821389	2.42817309800639
1.47604095381103	0.538089135431317	1.48153543599637	2.4767822552877
1.482881665	0.569115907939435	1.49829245333978	2.48178487259902
1.48972237618898	0.57119524554632	1.49176573984519	2.50527388518127
1.49656308737795	0.562027034699795	1.51804235773124	2.49335115209328
1.50340379856692	0.590965699868087	1.51883531245039	2.50965291530156
1.51024450975589	0.578013475942047	1.52410922673084	2.49336535738402
1.51708522094487	0.600235818259946	1.54175264795442	2.54051148828293
1.52392593213384	0.58671817000774	1.53628975249085	2.53335188619083
1.53076664332281	0.599082586217052	1.53868648477173	2.53598336451259
1.53760735451179	0.618738851892817	1.56147634914918	2.56757321128943
1.54444806570076	0.610805112109978	1.56676344471748	2.54623489002791
1.55128877688973	0.614088304649541	1.56807326520715	2.57692258140422
1.5581294880787	0.617227079454706	1.57975160199905	2.581072961654
1.56497019926768	0.61526803210632	1.58432772338154	2.60328242817783
1.57181091045665	0.637770694436055	1.5823720692004	2.6274542132311
1.57865162164562	0.639763213199275	1.60481046551017	2.64741676740185
1.58549233283459	0.659343009065071	1.6142122197715	2.61641955515346
1.59233304402357	0.642743111550863	1.62536556435312	2.64704839680852
1.59917375521254	0.660770080486265	1.63431358729542	2.60919314023139
1.60601446640151	0.661603995515926	1.65181955964469	2.67044783672585
1.61285517759048	0.638938482638785	1.64036740759775	2.66127957375177
1.61969588877946	0.676075709035827	1.64647521963312	2.68136297078061
1.62653659996843	0.696122054999326	1.65082513322697	2.68361277801379
1.6333773111574	0.671813058439228	1.66869966542679	2.70617275437682
1.64021802234637	0.683381899632479	1.67285871724942	2.74392247814541
1.64705873353535	0.696239942207704	1.68613619167285	2.75018006703381
1.65389944472432	0.699906300734074	1.70416955065265	2.69367215203395
1.66074015591329	0.718427315214319	1.70491791420648	2.74601610149506
1.66758086710227	0.70666711382673	1.71599464684372	2.76511313906866
1.67442157829124	0.730888031260465	1.70807151577012	2.79492569211936
1.68126228948021	0.696132174901519	1.71591514101782	2.77478901170957
1.68810300066918	0.744379515374471	1.75116384586689	2.76438635677472
1.69494371185816	0.727598961324836	1.72255760379121	2.80808341027307
1.70178442304713	0.737883521992573	1.7604607095002	2.80276827754348
1.7086251342361	0.75115298113156	1.74728745745003	2.80335536079481
1.71546584542507	0.727945339990209	1.7744066374133	2.85771497785605
1.72230655661405	0.722275885142518	1.77193181297138	2.83516772920359
1.72914726780302	0.749053010107902	1.78033350156722	2.80839822322543
1.73598797899199	0.778812121450892	1.78158714542063	2.8926876828973
1.74282869018096	0.762948467319242	1.80240266103708	2.87476578659021
1.74966940136994	0.757673255378933	1.80621862254152	2.88134901658369
1.75651011255891	0.769056668862081	1.82301420106814	2.87126671217315
1.76335082374788	0.756043985160114	1.8215829113191	2.93388300952063
1.77019153493685	0.780407704050313	1.82642727757859	2.93426381185366
1.77703224612583	0.776463001183623	1.84321756670942	2.91628367464891
1.7838729573148	0.813766196004336	1.83667664545274	2.94860707276707
1.79071366850377	0.770816154330692	1.85532998972824	2.92225355610007
1.79755437969275	0.7995373685112	1.85703648178502	2.93156855714169
1.80439509088172	0.805996294166565	1.86763213439549	2.93695370007721
1.81123580207069	0.831826760208304	1.87024325362191	2.97501427701569
1.81807651325966	0.790285606200838	1.87154526549692	2.96839543018338
1.82491722444864	0.83191968399364	1.89770269712728	3.00563750151684
1.83175793563761	0.816610581347326	1.90966230754501	3.00757561322101
1.83859864682658	0.829053876945433	1.90398758655415	3.00212574410159
1.84543935801555	0.829964443703225	1.91069801084293	3.02805046915887
1.85228006920453	0.863840793935194	1.93221728563482	3.06973612793867
1.8591207803935	0.860082336285737	1.9337249992733	3.03912053750166
1.86596149158247	0.883857963334028	1.94178445056292	3.04974898750249
1.87280220277144	0.853375586154115	1.94532452549358	3.06966637176983
1.87964291396042	0.864748553236728	1.95934002607652	3.07599540736427
1.88648362514939	0.834681343655994	1.95777348766653	3.09348510296906
1.89332433633836	0.879251883812471	1.96758172488804	3.1144846753114
1.90016504752733	0.899179718105656	1.99314463887329	3.12679396574695
1.90700575871631	0.894270820474632	1.97866919264069	3.12370161401741
1.91384646990528	0.895988562046249	1.99293173999728	3.14442125096692
1.92068718109425	0.903432795991246	1.99796468128683	3.15053928293738
1.92752789228323	0.877505124005985	2.01915958477566	3.13252453458475
1.9343686034722	0.903141062207273	2.02433128784401	3.18295852221603
1.94120931466117	0.926376095479766	2.03611969131875	3.19984988190279
1.94805002585014	0.878425832858414	2.03024729722655	3.17730177138992
1.95489073703912	0.922326665154258	2.04476289117211	3.21201194006258
1.96173144822809	0.9139911936517	2.04599286184744	3.23123944732774
1.96857215941706	0.920532143726502	2.0684952454793	3.21567160928329
1.97541287060603	0.936492582319957	2.05501855617394	3.25910336247477
1.98225358179501	0.969833556663897	2.08251211042924	3.25181525034186
1.98909429298398	0.924061380357434	2.08483537296435	3.26469569009161
1.99593500417295	0.939687653100746	2.09859420248527	3.24561889517705
2.00277571536192	0.920773814287746	2.11029060303323	3.29714885127891
2.0096164265509	0.983902030138901	2.10385988353968	3.31916323763655
2.01645713773987	0.932038469737755	2.11414138652655	3.28679418781158
2.02329784892884	0.944795794984792	2.12198651550365	3.30936471644155
2.03013856011781	0.964450340189083	2.11833740403532	3.31339354755952
2.03697927130679	0.975979254937921	2.13561645912886	3.32591587266873
2.04381998249576	0.987053677816013	2.14866758265213	3.34350297152052
2.05066069368473	0.985775338815279	2.16283597834861	3.3750117118184
2.0575014048737	0.99248658880652	2.17402781070051	3.35207690212897
2.06434211606268	0.995591792177515	2.16025757403601	3.36640754463099
2.07118282725165	0.990650950095934	2.16227056721315	3.38996526769509
2.07802353844062	1.02597199729321	2.17993494886332	3.4018245357038
2.0848642496296	1.02389817588954	2.19078310467919	3.3923868266117
2.09170496081857	1.02257367469791	2.21607396854932	3.39353740656482
2.09854567200754	1.07762962055551	2.19887675059264	3.44374143733034
2.10538638319651	1.03021196640608	2.20943051030815	3.44067802535832
2.11222709438549	1.02762067197123	2.22184590593901	3.45391126023966
2.11906780557446	0.99404409856418	2.22285986232382	3.46156124933383
2.12590851676343	1.04059457119427	2.23580608168857	3.45000896582416
2.1327492279524	1.06216245399119	2.24988621022032	3.48298629777715
2.13958993914138	1.03826286596884	2.23997927270311	3.47229008071023
2.14643065033035	1.04547813315519	2.26645416551449	3.53322607493224
2.15327136151932	1.01306437200412	2.27460678848622	3.51479666037146
2.16011207270829	1.03980356695278	2.27622377069192	3.52095033896737
2.16695278389727	1.06453997243767	2.29346489695503	3.56693774859969
2.17379349508624	1.05072647959287	2.286628651116	3.56494391822326
2.18063420627521	1.08518820434936	2.28456906433448	3.54200260682295
2.18747491746418	1.08992421033779	2.32266472687946	3.57314419260066
2.19431562865316	1.07341313117353	2.32349702653808	3.6033472792221
2.20115633984213	1.09450708813726	2.33362412712513	3.58799578250823
2.2079970510311	1.09365783229183	2.3303360058761	3.60607894141221
2.21483776222008	1.11314348532313	2.34217994343905	3.60828238675948
2.22167847340905	1.1020830908361	2.35750878460314	3.61057728961041
2.22851918459802	1.11545544215409	2.34960554032984	3.63444066334811
2.23535989578699	1.15464202040892	2.3579578289361	3.63964094118452
2.24220060697597	1.14356038729182	2.37797634612776	3.63092677560964
2.24904131816494	1.12263518637833	2.38405387671715	3.6685539132638
2.25588202935391	1.1547357785784	2.3914323884305	3.67255118376554
2.26272274054288	1.11144641672198	2.39529455915309	3.71426637518957
2.26956345173186	1.13875619582448	2.39634910489432	3.71142481337861
2.27640416292083	1.13573855245889	2.40721088210003	3.70145415894817
2.2832448741098	1.14966795199988	2.43401296334404	3.73450356493186
2.29008558529877	1.18478473056566	2.43558527997461	3.72795530007397
2.29692629648775	1.16533756897827	2.43323259316982	3.74968209579123
2.30376700767672	1.17220579869956	2.43547111848867	3.73706972721369
2.31060771886569	1.18479421989928	2.45721177074457	3.74197974169136
2.31744843005466	1.21054420199384	2.46871202225235	3.78787295871627
2.32428914124364	1.19038415223197	2.4713463850535	3.74790698475506
2.33112985243261	1.18596154444449	2.49404085814801	3.82349013278829
2.33797056362158	1.17942624149085	2.49917897537455	3.78716141663056
2.34481127481056	1.21846412210113	2.48770756548895	3.82290636345938
2.35165198599953	1.22191968993182	2.51388343117989	3.81212990318474
2.3584926971885	1.21127219047275	2.52290147955032	3.82177207794896
2.36533340837747	1.20862134628833	2.51101693275759	3.8851127102633
2.37217411956645	1.211391385875	2.52022567706033	3.86957708653247
2.37901483075542	1.25212798407256	2.52191497189613	3.88283858021276
2.38585554194439	1.23106614866867	2.53676472418343	3.8934681317485
2.39269625313336	1.23415759785378	2.55532092652629	3.89585539378475
2.39953696432234	1.26504018063179	2.55235046431292	3.90024448803248
2.40637767551131	1.26094494804134	2.55620905055512	3.90282684057089
2.41321838670028	1.24538762102807	2.57002420412127	3.9359329060271
2.42005909788925	1.26864001656212	2.57296902286414	3.92368603325908
2.42689980907823	1.27111865893329	2.58937828196934	3.92606670143692
2.4337405202672	1.23931962689998	2.58363299766193	3.96508801774734
2.44058123145617	1.29749326132154	2.61027874166083	3.93123731571987
2.44742194264514	1.24918439080685	2.61366418922993	3.99552779481948
2.45426265383412	1.25962386614984	2.61677810743644	3.97732341919851
2.46110336502309	1.29519121662133	2.62336418672687	4.01170800896256
2.46794407621206	1.28610370779801	2.63506101402286	4.00939081608653
2.47478478740104	1.28103037613583	2.6432917590511	4.04375442279748
2.48162549859001	1.24420428569242	2.65249417787186	4.02100034328882
2.48846620977898	1.29686813871044	2.65415065975096	4.07493120743503
2.49530692096795	1.30701896368372	2.66996526856908	4.04386260102408
2.50214763215693	1.32018225596636	2.66981266065947	4.0912830969019
2.5089883433459	1.28952919749337	2.68220921228756	4.07497324680283
2.51582905453487	1.35777955044132	2.70058591113401	4.08327843059767
2.52266976572384	1.35541835398064	2.69894262971078	4.10354837488613
2.52951047691282	1.31259184713875	2.70483429077888	4.11405861875388
2.53635118810179	1.34465408936499	2.7157259334426	4.14312326598298
2.54319189929076	1.33635695884946	2.72362783783611	4.12355537417518
2.55003261047973	1.36400803372845	2.72100103770474	4.15494930887951
2.55687332166871	1.35680088305173	2.73574370878144	4.12708399515958
2.56371403285768	1.36745164365861	2.74817658953231	4.20924115266487
2.57055474404665	1.36403405847393	2.76257473441208	4.19441534509045
2.57739545523562	1.32959721173273	2.76818777267569	4.1794302802576
2.5842361664246	1.36450954873007	2.77067142149992	4.23303554279069
2.59107687761357	1.39399753436427	2.77603145328793	4.2166905849294
2.59791758880254	1.38282361986971	2.78651636826417	4.23909017146012
2.60475829999152	1.37366366173614	2.80474859219727	4.25987505590126
2.61159901118049	1.38321696045262	2.80944092110407	4.25801176921085
2.61843972236946	1.39069081444875	2.81941499751892	4.24179481597731
2.62528043355843	1.39708023365574	2.81699156636875	4.29993707961877
2.63212114474741	1.39167916442393	2.82572716644007	4.29693074980133
2.63896185593638	1.40361373907612	2.82699836985269	4.27634064973962
2.64580256712535	1.43089957281032	2.82556272821473	4.32645572295872
2.65264327831432	1.43577800429211	2.8572380662066	4.29353563069757
2.6594839895033	1.41383207844271	2.84831163757269	4.32584930620363
2.66632470069227	1.42705146759796	2.8756445930182	4.31558150335613
2.67316541188124	1.47590790291405	2.87819755891416	4.33522975057455
2.68000612307021	1.42176914792261	2.87923503300403	4.31800663854454
2.68684683425919	1.45982768343259	2.88909062173432	4.33545416936435
2.69368754544816	1.47290459040397	2.89756665365575	4.41911738645632
2.70052825663713	1.4640876850258	2.9172317477349	4.39095897396013
2.7073689678261	1.45217704298205	2.90416875310565	4.35092908743984
2.71420967901508	1.46001275691167	2.91408674939939	4.4365652034657
2.72105039020405	1.44341910914857	2.93073052808766	4.41448389001703
2.72789110139302	1.5095281334564	2.91809354782511	4.41655775457958
2.734731812582	1.46134714171461	2.95773006797511	4.46186125767006
2.74157252377097	1.50572039886906	2.95501832128577	4.45633832176011
2.74841323495994	1.52702756262883	2.95875647013566	4.51330400678828
2.75525394614891	1.46959772577048	2.95419197100283	4.45414832707833
2.76209465733789	1.49611405227669	2.97313683726133	4.47621146643749
2.76893536852686	1.52127962333468	2.98749021625541	4.50235594583116
2.77577607971583	1.51249903466424	2.9976822354647	4.5048291867798
2.7826167909048	1.52824882341862	3.00807030046994	4.52060491067086
2.78945750209378	1.53329261063696	2.99856254298185	4.50978208994853
2.79629821328275	1.51309920168439	3.02255692050139	4.53737625621744
2.80313892447172	1.52803889169751	3.03051037606341	4.54038920887566
2.80997963566069	1.53205119855548	3.03498673160105	4.57328582272739
2.81682034684967	1.51823418251557	3.03523780482886	4.55375118837814
2.82366105803864	1.56364191007313	3.05457772788132	4.59106733393829
2.83050176922761	1.50256807906437	3.05416929628222	4.58224671097661
2.83734248041658	1.53992903815631	3.04060493255207	4.636835785458
2.84418319160556	1.57207745166288	3.06654026920484	4.66220772620047
2.85102390279453	1.60627802920113	3.08209923385651	4.6080433359868
2.8578646139835	1.60096055094423	3.09548125524072	4.61198345332948
2.86470532517248	1.55962347075821	3.11094060030531	4.65862382943785
2.87154603636145	1.59413244302311	3.09756023346145	4.62223562913888
2.87838674755042	1.58361627501101	3.12118409591747	4.67742805294662
2.88522745873939	1.56386764753417	3.11495833128969	4.70462627842327
2.89206816992837	1.57120869093317	3.13468459069845	4.71646331064243
2.89890888111734	1.59322273821735	3.13517870629687	4.73224230962827
2.90574959230631	1.58766988697202	3.15949316195984	4.72321792179804
2.91259030349528	1.57367946165547	3.1544317131949	4.73595932129219
2.91943101468426	1.59836702448599	3.15035724169144	4.73053154486592
2.92627172587323	1.64843848721958	3.16610449408599	4.75743119386488
2.9331124370622	1.60169123262043	3.18004057728988	4.73760947776865
2.93995314825117	1.64180301843124	3.18944425435547	4.77934386829905
2.94679385944015	1.63519704126578	3.19388241284781	4.8045511907253
2.95363457062912	1.60293091614559	3.18826628877765	4.75954968181091
2.96047528181809	1.63593092354669	3.19585383310108	4.78341945047926
2.96731599300706	1.59921749475108	3.21004498751638	4.84472789795471
2.97415670419604	1.64210476059415	3.20616160126241	4.80242630290715
2.98099741538501	1.64411954965881	3.23525047717082	4.81817589506171
2.98783812657398	1.66132336525122	3.23362513031486	4.86195658934776
2.99467883776296	1.66187710171968	3.25697451202698	4.85970848449253
3.00151954895193	1.67789610443258	3.24948162749555	4.8255422762063
3.0083602601409	1.69733758697806	3.26454529687808	4.89445565089368
3.01520097132987	1.66691032673201	3.26169631163305	4.8763135118354
3.02204168251885	1.66282870432277	3.27612427498274	4.89639836549029
3.02888239370782	1.67270785055829	3.27779514313477	4.88116073936096
3.03572310489679	1.68328544117651	3.29716797396729	4.92367101966386
3.04256381608576	1.69849545131692	3.3089694243318	4.93379350835798
3.04940452727474	1.73395845784972	3.3172429353555	4.94975796514192
3.05624523846371	1.6889544654273	3.32111111239962	4.9853233559293
3.06308594965268	1.70386358689319	3.3270783721182	4.94588636591816
3.06992666084165	1.72447455846323	3.34530921837762	4.9425985205329
3.07676737203063	1.69264673595621	3.34250843664419	4.9977467121031
3.0836080832196	1.7072785489035	3.3603872101486	4.99643617864181
3.09044879440857	1.72233147186979	3.36956291046757	5.0262334213955
3.09728950559754	1.72557763117733	3.37049463295728	5.02263384813994
3.10413021678652	1.7201575700724	3.37120483579048	5.05183505611813
3.11097092797549	1.73723651965228	3.3870032820975	5.03910798286052
3.11781163916446	1.71814431672792	3.39279909675858	5.06051850388367
3.12465235035344	1.74559846288482	3.40422810654636	5.0431029284033
3.13149306154241	1.76448922256595	3.40748772417242	5.0781605853628
3.13833377273138	1.74520445643972	3.41330061235311	5.09565216879692
3.14517448392035	1.77216050325251	3.42153324529044	5.12350201644107
3.15201519510933	1.7854083433548	3.42915356824618	5.09200240004095
3.1588559062983	1.75487787278245	3.45254170946955	5.13207130864529
3.16569661748727	1.75403907663083	3.43922428386637	5.12936711904606
3.17253732867624	1.81578024322797	3.45257209139542	5.14805031485414
3.17937803986522	1.79190657060764	3.45723909573368	5.15279878237041
3.18621875105419	1.79417434958927	3.47214099077351	5.15726361838993
3.19305946224316	1.78904613070235	3.48026425136687	5.14605242530346
3.19990017343213	1.78621196357442	3.48326769474801	5.20374933263681
3.20674088462111	1.78984327277121	3.48173092925115	5.22214239199051
3.21358159581008	1.80987224446573	3.50256342506804	5.19338789952997
3.22042230699905	1.80281731584409	3.51226172521464	5.21253067832716
3.22726301818803	1.85503533841805	3.5037009480701	5.22418401180002
3.234103729377	1.80088534520918	3.52005202187989	5.28539943913007
3.24094444056597	1.85494589853469	3.53334236184231	5.26036001948664
3.24778515175494	1.8243091384278	3.54662574527806	5.27525217495743
3.25462586294392	1.84042973346384	3.55360584882267	5.26623960245447
3.26146657413289	1.84416007709538	3.55806920354113	5.29434289537986
3.26830728532186	1.8481639976879	3.56366549634448	5.34961047667372
3.27514799651083	1.81430332752751	3.57398399069402	5.31377845507299
3.28198870769981	1.87608193264024	3.57950936635122	5.35267950943085
3.28882941888878	1.8433657457493	3.59356638535869	5.27562835647772
3.29567013007775	1.87220779332182	3.58414510944931	5.34129632442409
3.30251084126672	1.87354252325819	3.60708414444745	5.37524889800501
3.3093515524557	1.9224045496602	3.60993399661873	5.37618750930369
3.31619226364467	1.85763682646533	3.62994155374834	5.38506037287058
3.32303297483364	1.88970436325721	3.61505219581619	5.3879663862856
3.32987368602261	1.89026527595976	3.64865823913465	5.43446585634067
3.33671439721159	1.88679706159841	3.63534898361937	5.41337192224092
3.34355510840056	1.89590040957608	3.65625569470026	5.43452081934628
3.35039581958953	1.91447396978832	3.65756706732814	5.44264636635871
3.35723653077851	1.92514678586874	3.66990457955827	5.44880645190643
3.36407724196748	1.90345198622314	3.68501005058475	5.49085245122156
3.37091795315645	1.93479835706743	3.66762128753231	5.48329531080794
3.37775866434542	1.91805437838938	3.68937061417303	5.47664679376416
3.3845993755344	1.92423366628414	3.712513730553	5.48084175729898
3.39144008672337	1.96572173745202	3.69934004132949	5.51969469307005
3.39828079791234	1.91878718264812	3.70274033757251	5.50794176250152
3.40512150910131	1.96959324067922	3.72266100770343	5.49575556059492
3.41196222029029	1.98142948945555	3.72142080690043	5.49976480208096
3.41880293147926	1.96078846533278	3.74209568295373	5.52433923494234
3.42564364266823	1.99239074237949	3.75606665771838	5.56118154348335
3.4324843538572	1.93264085001105	3.76343943124587	5.56561921959361
3.43932506504618	1.97165734697235	3.77212236838344	5.5861458033855
3.44616577623515	1.98720408095295	3.77021712798259	5.61292680090482
3.45300648742412	1.97007029113196	3.77018536583764	5.61820660671476
3.45984719861309	1.93382308061027	3.76994418189617	5.6224972766833
3.46668790980207	1.98998993674099	3.7878972931343	5.60215261829679
3.47352862099104	1.98444071238575	3.79697559876193	5.61265674817299
3.48036933218001	1.96132887960154	3.80802656465067	5.66522197344034
3.48721004336899	2.00685946066698	3.80800494385872	5.67124402824001
3.49405075455796	1.98002958688204	3.82915537336906	5.70994475176433
3.50089146574693	2.03971258229693	3.84456860581719	5.65872547876358
3.5077321769359	2.0895045070012	3.84981036499248	5.70047258548809
3.51457288812488	2.03425001667046	3.8445986013818	5.68738411369438
3.52141359931385	2.00492177133636	3.85514636881273	5.70887835297698
3.52825431050282	2.02872808551819	3.85604602628896	5.72686956743002
3.53509502169179	2.03719019810541	3.87018939344668	5.72852057912167
3.54193573288077	2.04531132868743	3.88446625259638	5.71670309732219
3.54877644406974	2.06777456670331	3.87938772324708	5.74377951836602
3.55561715525871	2.00412534576443	3.90654851162079	5.74334861334876
3.56245786644768	2.05735057039168	3.90441790481011	5.78861419286604
3.56929857763666	2.0745448672514	3.92401821395179	5.8121121052547
3.57613928882563	2.04436007359778	3.90344866584428	5.82175723854533
3.5829800000146	2.08318246585328	3.92729601588952	5.79782166322954
3.58982071120357	2.07973166269162	3.93408733650426	5.84868671724991
3.59666142239255	2.09297214077978	3.93882334852346	5.82524033795955
3.60350213358152	2.07599007580862	3.96017612042378	5.87259045531948
3.61034284477049	2.05740167345579	3.96983558525375	5.83023466331258
3.61718355595947	2.11922492127215	3.96577390073658	5.86323539699794
3.62402426714844	2.10773367332992	3.97620129246102	5.90878674331082
3.63086497833741	2.07172659134629	3.98264979729901	5.89756574172644
3.63770568952638	2.14220007240371	3.99134843717536	5.93020968496471
3.64454640071536	2.11866797136813	4.01491726160306	5.92847684588825
3.65138711190433	2.11467926250294	4.00834206338847	5.95395680244285
3.6582278230933	2.14546958522462	4.02163287810873	5.92784367658778
3.66506853428227	2.13079249047425	4.02283973929208	5.91636279632319
3.67190924547125	2.1669698231944	4.03373857269087	6.01132107191997
3.67874995666022	2.10543454099065	4.04129999458021	5.98962936357628
3.68559066784919	2.17043522459146	4.03158625536253	5.956479434694
3.69243137903816	2.14172108682921	4.06072455874419	6.00650228958408
3.69927209022714	2.13617165348221	4.06785217002636	6.00753220115219
3.70611280141611	2.10847311018559	4.07374568154886	6.02103657260347
3.71295351260508	2.15847240115796	4.08523369240897	6.01468743640057
3.71979422379405	2.17764146795217	4.07564486373222	6.00573744062882
3.72663493498303	2.16137068643438	4.10153206008738	6.05749366888861
3.733475646172	2.16866985880399	4.10153725261571	6.04194110003397
3.74031635736097	2.161024488555	4.12568039178468	6.04776028604171
3.74715706854995	2.20622624530232	4.10196736507563	6.09172776845816
3.75399777973892	2.20644990532609	4.12249491661976	6.07573312879138
3.76083849092789	2.15283353152045	4.1297937165316	6.08419821867277
3.76767920211686	2.20133419287465	4.15157528386796	6.13288171013557
3.77451991330584	2.20002788503063	4.15115668407813	6.12682529701139
3.78136062449481	2.18363600247489	4.15615504090339	6.1018473488412
3.78820133568378	2.22740910362287	4.17493798613681	6.11468218515928
3.79504204687275	2.2109591552985	4.17076429560441	6.16930031698297
3.80188275806173	2.26129020319464	4.17886934829307	6.17948605919857
3.8087234692507	2.23751889761375	4.19194703724069	6.18975012443166
3.81556418043967	2.24061094344562	4.18165181979118	6.20119212051369
3.82240489162864	2.26196624721782	4.20518047040656	6.19071336334888
3.82924560281762	2.29275171898228	4.21844825227383	6.18715191785585
3.83608631400659	2.25140112168637	4.22050923455432	6.21171572324714
3.84292702519556	2.24415267077272	4.23727132566757	6.2098719479952
3.84976773638453	2.24621509965688	4.24643484744679	6.2352759998267
3.85660844757351	2.27754371714415	4.24298205410797	6.27703730379654
3.86344915876248	2.18362169399983	4.25760631806011	6.27673833757976
3.87028986995145	2.24742895605317	4.26972595305573	6.27726812882541
3.87713058114043	2.2937985935976	4.26178522324274	6.29810874578001
3.8839712923294	2.34924358622337	4.27622363292447	6.33891124590689
3.89081200351837	2.28674924327397	4.26179076355013	6.31458766809411
3.89765271470734	2.30293923179237	4.30206198883301	6.29934997901659
3.90449342589632	2.3017541584475	4.29310961909345	6.3528270848045
3.91133413708529	2.26638900146772	4.30662823360845	6.35793026912669
3.91817484827426	2.33600630535976	4.3046836992069	6.37049661151233
3.92501555946323	2.33588022049254	4.32042422783654	6.39563135795725
3.93185627065221	2.35193013152579	4.3258242659376	6.35186882774681
3.93869698184118	2.30298214572072	4.3497713008362	6.38329136569925
3.94553769303015	2.34302009507507	4.33813152197098	6.39078361377827
3.95237840421912	2.30461947212551	4.35725274121089	6.41682601218976
3.9592191154081	2.3438059898817	4.37593178891369	6.42415376906168
3.96605982659707	2.3318562589773	4.36966883853284	6.42078929304848
3.97290053778604	2.34136946842773	4.38906099140927	6.49602264858025
3.97974124897502	2.35100914933272	4.39257418095879	6.5010810317407
3.98658196016399	2.33518900016626	4.41040914787997	6.50414067200649
3.99342267135296	2.37360683111901	4.39746348487887	6.46709909915633
4.00026338254193	2.36450151119942	4.41982564559561	6.50217347199812
4.00710409373091	2.37599433108086	4.41412209070017	6.51003531844473
4.01394480491988	2.34508288986021	4.41485310705381	6.53675868252438
4.02078551610885	2.36453078921607	4.42544008440987	6.54308066477474
4.02762622729782	2.39400732263468	4.44361078582047	6.51268650570076
4.0344669384868	2.4229235979672	4.43486124745222	6.52160881119918
4.04130764967577	2.36715250812671	4.45485799521463	6.55784308622829
4.04814836086474	2.34011740537279	4.47952407297738	6.56184705388819
4.05498907205371	2.42533080549219	4.46466773542069	6.62659273324949
4.06182978324269	2.40590639792002	4.48863183167211	6.60809367006703
4.06867049443166	2.41316091327913	4.49593591368968	6.59518396502169
4.07551120562063	2.38860441981523	4.50584535976707	6.62201128211731
4.0823519168096	2.41234249129072	4.50754016150457	6.63275628892788
4.08919262799858	2.39820021792518	4.52474281428319	6.64858579726589
4.09603333918755	2.39122940530302	4.5087145189235	6.61995739423047
4.10287405037652	2.41145428534786	4.52733446643999	6.64974603809682
4.1097147615655	2.44064943963397	4.53369853466373	6.67182136521421
4.11655547275447	2.42723517148853	4.54740790427415	6.64979282521496
4.12339618394344	2.46612666195599	4.54659114230309	6.70431945348901
4.13023689513241	2.46707149646163	4.54798487266748	6.70576893547791
4.13707760632139	2.46300502175047	4.57632853957321	6.73011891662623
4.14391831751036	2.44172406132607	4.56643458140412	6.77478007261237
4.15075902869933	2.48403837913958	4.56472297883633	6.71023266789554
4.1575997398883	2.46075205852988	4.58686692645723	6.7549372838557
4.16444045107728	2.47340857017031	4.60693560482787	6.7793922598706
4.17128116226625	2.47861961056967	4.61856219366528	6.76443466699194
4.17812187345522	2.45770500287147	4.60173781366812	6.77959358657226
4.18496258464419	2.50607768715928	4.61857513008234	6.81625026617507
4.19180329583317	2.51553786082018	4.64001382690614	6.8094582865735
4.19864400702214	2.51384259748285	4.64930712754366	6.82020753853101
4.20548471821111	2.54229958181975	4.65215983170244	6.84907177872991
4.21232542940008	2.49031179932943	4.65029497797375	6.83769992575396
4.21916614058906	2.53198266556937	4.64492450662429	6.82930843736263
4.22600685177803	2.52685193315591	4.65475065588119	6.91784753274521
4.232847562967	2.55266381003686	4.67600229212142	6.85847056769662
4.23968827415598	2.50576611794036	4.68508356393522	6.87189837094524
4.24652898534495	2.49848927107951	4.71039100940374	6.91843342998215
4.25336969653392	2.5153328801471	4.7213926693021	6.92340069793931
4.26021040772289	2.53806044431284	4.72431912700797	6.94315107313894
4.26705111891187	2.53262283382649	4.71565486739211	6.93720870339787
4.27389183010084	2.54217459864635	4.72683767247783	6.95501970274024
4.28073254128981	2.55520065600147	4.74614381581833	6.97691697561385
4.28757325247878	2.55654470415074	4.7479083063472	6.9881248870591
4.29441396366776	2.57203085604368	4.73813000060129	6.94521981686799
4.30125467485673	2.5694427089066	4.75313065720027	6.97409936891883
4.3080953860457	2.59387390785907	4.77560378028482	6.96652480444243
4.31493609723467	2.62003345408364	4.76017940243064	7.01669828489084
4.32177680842365	2.62344251225851	4.79286518539284	6.99659151215816
4.32861751961262	2.61937987242827	4.81120531298631	7.05578788705539
4.33545823080159	2.61650272571209	4.81673266903001	7.11291001431591
4.34229894199056	2.61661161444656	4.80967731820783	7.08980905539431
4.34913965317954	2.60881087765131	4.80501378572876	7.07846690770216
4.35598036436851	2.64053208007022	4.82891870539085	7.08998686382264
4.36282107555748	2.65121035968092	4.82723957817947	7.0932738674043
4.36966178674646	2.64594509039322	4.83931858602515	7.09557527883653
4.37650249793543	2.62514833937254	4.83024077812976	7.1152675612159
4.3833432091244	2.66113014721884	4.85871493109448	7.14955155730296
4.39018392031337	2.65005348132191	4.85630741322225	7.17149829396393
4.39702463150235	2.67576683197781	4.86703239692277	7.11868232096788
4.40386534269132	2.62272515512418	4.87307626898811	7.20493185807797
4.41070605388029	2.6906850057981	4.88075118907685	7.16623488630546
4.41754676506926	2.66989293442472	4.88836507373859	7.20700548478525
4.42438747625824	2.63382875445439	4.88245777977636	7.18504671633052
4.43122818744721	2.63838515399246	4.90223498638852	7.17230547042645
4.43806889863618	2.64059038928216	4.93562255503424	7.16833282377163
4.44490960982515	2.71787218238142	4.91845211900061	7.23928750618973
4.45175032101413	2.69952198505224	4.92143962335675	7.22346619937379
4.4585910322031	2.70630725793843	4.94206486556531	7.25229040494322
4.46543174339207	2.69363640486935	4.94572833841154	7.22671613784185
4.47227245458104	2.71778792022618	4.96699530788281	7.2757854572439
4.47911316577002	2.69880958949779	4.95044176870842	7.33300083119896
4.48595387695899	2.67622452121392	4.9722736682224	7.30964790096775
4.49279458814796	2.6832246254774	4.98195121075497	7.27334086556083
4.49963529933694	2.75233851479484	5.00501078571313	7.26447781994945
4.50647601052591	2.70652549052657	5.0159833958019	7.29666005871169
4.51331672171488	2.68780227602344	5.01342254770297	7.30424663546467
4.52015743290385	2.7138188551522	5.01162700935904	7.34902902785361
4.52699814409283	2.71962777422806	5.01175940391383	7.40361387049965
4.5338388552818	2.73803801099377	5.02301784673063	7.35676256283351
4.54067956647077	2.73016542813809	5.04084947565952	7.40928154653386
4.54752027765974	2.79252339057549	5.04164751022907	7.36359405887436
4.55436098884872	2.7504262712041	5.03273900557762	7.38609822708061
4.56120170003769	2.793870936821	5.04960970343668	7.44727639475605
4.56804241122666	2.80059983397571	5.07056914976672	7.433381988521
4.57488312241563	2.79415187322347	5.06147092259733	7.47526223575639
4.58172383360461	2.77229403698603	5.0620654277872	7.42321220385021
4.58856454479358	2.76740514618	5.08322329814189	7.47001050930787
4.59540525598255	2.82664729783477	5.10990982180672	7.42413258133155
4.60224596717153	2.82552754306252	5.10225667039202	7.51577496979762
4.6090866783605	2.76102857482272	5.11640600849695	7.49078760078994
4.61592738954947	2.76330523648944	5.12729910090976	7.52169722948291
4.62276810073844	2.83623431041471	5.1274535398346	7.52485091295118
4.62960881192742	2.82995830837266	5.14121225241893	7.56239941131782
4.63644952311639	2.76333782037881	5.15249868841108	7.54177056104291
4.64329023430536	2.77682688467279	5.15283825575994	7.58418908452259
4.65013094549433	2.7895910078661	5.16565370957608	7.59690408664948
4.65697165668331	2.83254608012749	5.18677609891218	7.57265004310349
4.66381236787228	2.86400238105241	5.18338921587505	7.6126654823722
4.67065307906125	2.88952770206705	5.18323881326988	7.62323329770082
4.67749379025022	2.84779295861083	5.20734789004222	7.65321048296648
4.6843345014392	2.85936725767542	5.19985466445053	7.61764128354467
4.69117521262817	2.85977685646585	5.21542377652598	7.68250012813781
4.69801592381714	2.83005341756154	5.21946131574367	7.62670525559074
4.70485663500611	2.88942763946551	5.24309664995984	7.65467020065086
4.71169734619509	2.90411335857901	5.22478428703405	7.7224041298676
4.71853805738406	2.8809766501097	5.22887942039756	7.67723773217434
4.72537876857303	2.86561490353008	5.25318839887399	7.64459037580551
4.732219479762	2.9063244030072	5.23370229052483	7.67940153252338
4.73906019095098	2.89553086179267	5.25426175262716	7.71359003660455
4.74590090213995	2.8596966103706	5.27501870091113	7.6964331743958
4.75274161332892	2.87985414875848	5.27526390392091	7.72942483493881
4.7595823245179	2.85120602283176	5.27251612903271	7.74484816753069
4.76642303570687	2.87396775036665	5.294229865121	7.7777054891676
4.77326374689584	2.89395374185695	5.30639438651922	7.76609122476333
4.78010445808481	2.93164528630411	5.30041182780605	7.77962202243484
4.78694516927379	2.92559739688963	5.31165356453091	7.80143144575796
4.79378588046276	2.89107503141795	5.29788014362047	7.76077611348301
4.80062659165173	2.92733262770997	5.3497678945896	7.8338370313644
4.8074673028407	2.930266003648	5.32626858274964	7.88029561601452
4.81430801402968	2.91793734441064	5.34536038971905	7.81825845777414
4.82114872521865	2.89538470231656	5.36717504161198	7.88611625484913
4.82798943640762	2.94698135055985	5.38422049081084	7.84574404949507
4.83483014759659	2.97065231554742	5.37645759117559	7.84142956334645
4.84167085878557	2.96606466295778	5.38293295219631	7.90212772678218
4.84851156997454	2.94896773988388	5.38576053566924	7.91380269503549
4.85535228116351	2.9384013306142	5.38023882682347	7.92969790974162
4.86219299235248	2.96926856537777	5.4069300836407	7.9140842083699
4.86903370354146	2.943680865694	5.42121749324431	7.9287833479295
4.87587441473043	3.01094583679858	5.43528343517039	7.91618203388472
4.8827151259194	2.99069926312054	5.43039746603038	7.9639508195095
4.88955583710838	2.96075598808291	5.45480821592633	7.98979346927697
4.89639654829735	3.01511629600886	5.44735189035578	8.01756123803874
4.90323725948632	2.99272556000793	5.45935756066722	8.00257415988745
4.91007797067529	2.9910747036499	5.46283359966395	7.97543789481244
4.91691868186427	3.00289552589309	5.4833954771054	8.01899383459118
4.92375939305324	2.98826648798467	5.48469087854217	7.99168507746997
4.93060010424221	3.04404724839128	5.48534779169186	8.06458910377267
