"mitochan"	"lwrNorm"	"medNorm"	"uprNorm"
-1.90327037354145	-2.56890934246121	-2.28906507938619	-1.99032063083524
-1.89616204912226	-2.57779947639934	-2.2862043704089	-1.98815020901387
-1.88905372470308	-2.57441246004463	-2.28278221773242	-2.00804887954131
-1.88194540028389	-2.55495652344541	-2.26716916597309	-1.99133441052424
-1.8748370758647	-2.55102049332109	-2.2552862564926	-1.97014999301686
-1.86772875144552	-2.5568088307414	-2.25970813179802	-1.96059303438719
-1.86062042702633	-2.5454185768588	-2.25011572831616	-1.95076035062762
-1.85351210260715	-2.54710907370209	-2.24167351501951	-1.95036623216663
-1.84640377818796	-2.5246560257932	-2.23594280104337	-1.94665665973879
-1.83929545376877	-2.505819887949	-2.22667292962136	-1.91135330495911
-1.83218712934959	-2.51879284939929	-2.22466604266689	-1.92268572087166
-1.8250788049304	-2.50304373064023	-2.2066856296862	-1.91157178057077
-1.81797048051122	-2.50614150945528	-2.21348711851522	-1.91848852342639
-1.81086215609203	-2.50118991968594	-2.20694597101953	-1.9117987075789
-1.80375383167284	-2.48691741215588	-2.19222904766416	-1.90556136453399
-1.79664550725366	-2.49402423909478	-2.19427771669674	-1.9004317421241
-1.78953718283447	-2.47607178309391	-2.18197057973209	-1.89987028097422
-1.78242885841529	-2.45639116528524	-2.17626250436901	-1.87963870585389
-1.7753205339961	-2.46172397681566	-2.16526321069393	-1.85949722604814
-1.76821220957691	-2.4588512976566	-2.15827080047138	-1.86627875110328
-1.76110388515773	-2.45453861446362	-2.15337532987574	-1.86808847968882
-1.75399556073854	-2.44209143168292	-2.14037916263069	-1.85275867920774
-1.74688723631936	-2.41266269353358	-2.13904385728763	-1.84293769891014
-1.73977891190017	-2.42609099855752	-2.13276275597095	-1.82754295441985
-1.73267058748098	-2.43162184411316	-2.13067734276006	-1.84650986517555
-1.7255622630618	-2.40707428692999	-2.11900475360561	-1.82162999123798
-1.71845393864261	-2.39915570498989	-2.11122342703351	-1.81501523494172
-1.71134561422343	-2.3839424096993	-2.10223573549185	-1.83163590885045
-1.70423728980424	-2.40523392983238	-2.10123095348575	-1.80149283893572
-1.69712896538505	-2.37288733422398	-2.09328183479281	-1.79604827809112
-1.69002064096587	-2.36993408195123	-2.08853727560953	-1.78912845740897
-1.68291231654668	-2.36978307404185	-2.07079756236499	-1.78757485951784
-1.6758039921275	-2.37092958480258	-2.06563377908999	-1.77469453368094
-1.66869566770831	-2.34695036625367	-2.05699758295929	-1.77487353384629
-1.66158734328912	-2.34633559068447	-2.05662242827185	-1.7650993171229
-1.65447901886994	-2.33757554467075	-2.05397494593722	-1.76341884413406
-1.64737069445075	-2.3333418757418	-2.03440230249556	-1.73392069398464
-1.64026237003157	-2.32061939472325	-2.03529716879968	-1.73921165323607
-1.63315404561238	-2.3168431991184	-2.03062529147927	-1.74149827619684
-1.62604572119319	-2.30155304338607	-2.01522237042275	-1.72649431280542
-1.61893739677401	-2.2917139412965	-2.00576168535131	-1.7234694152406
-1.61182907235482	-2.29148536401961	-1.99575823824684	-1.69908716518347
-1.60472074793564	-2.28536532796616	-2.00193415643081	-1.72095845228322
-1.59761242351645	-2.27006422231363	-1.99596066084988	-1.70084659054186
-1.59050409909726	-2.27669050335248	-1.98044693724818	-1.69429724552692
-1.58339577467808	-2.26598271077988	-1.97768003433996	-1.68875988417585
-1.57628745025889	-2.24723363258369	-1.96792360432576	-1.68872067940289
-1.56917912583971	-2.24313346473215	-1.96580428857891	-1.66448870117011
-1.56207080142052	-2.25342204332995	-1.95887466878787	-1.65616048603429
-1.55496247700133	-2.22581267924882	-1.95220411694847	-1.6729168666892
-1.54785415258215	-2.2167541785324	-1.94283072475903	-1.66548994899659
-1.54074582816296	-2.2260640440714	-1.93644445929525	-1.64206650938741
-1.53363750374378	-2.21408925347062	-1.92467492218191	-1.64326111262399
-1.52652917932459	-2.19494956908835	-1.91579628563362	-1.63357621439338
-1.5194208549054	-2.19460287434555	-1.90806439996512	-1.60911124253774
-1.51231253048622	-2.18944530458959	-1.90724430223344	-1.60852694668915
-1.50520420606703	-2.1807397504733	-1.89907927692503	-1.61932490642358
-1.49809588164785	-2.17874607769494	-1.89380355385928	-1.60574596179812
-1.49098755722866	-2.15925530279475	-1.88683767226745	-1.60035568715988
-1.48387923280947	-2.17467651439769	-1.87321575595515	-1.59463961095076
-1.47677090839029	-2.15593857615507	-1.86776496070825	-1.57843075846193
-1.4696625839711	-2.14577468821326	-1.86280681067339	-1.5764683061446
-1.46255425955192	-2.15403761333328	-1.85086239229521	-1.55416505222557
-1.45544593513273	-2.13956176172196	-1.85343948728546	-1.5716202269066
-1.44833761071354	-2.14569677059942	-1.84803244022947	-1.55279032536253
-1.44122928629436	-2.11528244689423	-1.83070760996799	-1.54835623610922
-1.43412096187517	-2.10386440396304	-1.82831840183531	-1.54581477855232
-1.42701263745599	-2.12483531066276	-1.82284307258705	-1.53948595998573
-1.4199043130368	-2.09566161824986	-1.81580050244381	-1.51605118961617
-1.41279598861761	-2.09850575118619	-1.81170820969118	-1.50198188145453
-1.40568766419843	-2.09319735940648	-1.80262198882512	-1.52128699071462
-1.39857933977924	-2.07475941970379	-1.79953899736032	-1.50189854463777
-1.39147101536006	-2.05818629552054	-1.78827502426322	-1.50098993902739
-1.38436269094087	-2.06013729863771	-1.78378349039557	-1.50245338101722
-1.37725436652168	-2.06861586645565	-1.77418732228613	-1.47610974682077
-1.3701460421025	-2.04207748993035	-1.77071846094359	-1.47472224684807
-1.36303771768331	-2.05027516266454	-1.7604178615594	-1.46803807762059
-1.35592939326413	-2.0427722009667	-1.74926110634416	-1.46437339926082
-1.34882106884494	-2.02995141673338	-1.74660350217356	-1.46025473954932
-1.34171274442575	-2.02426810687612	-1.73992374617181	-1.45973620822238
-1.33460442000657	-2.01075649103111	-1.73057974003589	-1.43626463981606
-1.32749609558738	-2.00436331573146	-1.72742705230686	-1.43613913864004
-1.3203877711682	-2.02478022860532	-1.71834968430961	-1.4429561000705
-1.31327944674901	-1.9959503427645	-1.705928003784	-1.42076721281005
-1.30617112232982	-1.98284738600978	-1.70500541115678	-1.42196184645803
-1.29906279791064	-1.97878260992433	-1.69432429214371	-1.40635845875614
-1.29195447349145	-1.96694830103265	-1.68892528079544	-1.40760007907355
-1.28484614907227	-1.9627731732944	-1.67557118374739	-1.39146046149368
-1.27773782465308	-1.95420045303852	-1.67490084360849	-1.38282830851874
-1.27062950023389	-1.94609442868828	-1.66597885119757	-1.38265128965109
-1.26352117581471	-1.94101243600269	-1.66161755109562	-1.39045895007178
-1.25641285139552	-1.93809371345094	-1.65940380871121	-1.37004502211427
-1.24930452697634	-1.94436069977706	-1.64274178945063	-1.37094991114715
-1.24219620255715	-1.91848475239646	-1.63826405412841	-1.35978714325485
-1.23508787813796	-1.91430060661684	-1.63143117592097	-1.33865940150216
-1.22797955371878	-1.90059163313164	-1.62428689554045	-1.33384573578477
-1.22087122929959	-1.90227197309056	-1.61789766597974	-1.33035787164611
-1.21376290488041	-1.89836411074818	-1.61311085623696	-1.32732102199814
-1.20665458046122	-1.88358634006476	-1.59726669230108	-1.31540335726933
-1.19954625604203	-1.86158419651921	-1.60137786228507	-1.32284833916865
-1.19243793162285	-1.87436560692693	-1.59106918476899	-1.29476747427748
-1.18532960720366	-1.86755712597642	-1.58190133824046	-1.29690457793391
-1.17822128278448	-1.85911560301739	-1.575010993698	-1.28819985626473
-1.17111295836529	-1.85102389256688	-1.5668888812609	-1.28158544578514
-1.1640046339461	-1.8350058125056	-1.56375631614708	-1.27957541303078
-1.15689630952692	-1.84794610703104	-1.55468456670747	-1.27705877569706
-1.14978798510773	-1.84756824876309	-1.54481482446357	-1.27164081882835
-1.14267966068855	-1.82539551739212	-1.53437654504129	-1.24940024824737
-1.13557133626936	-1.81186175134865	-1.533768256829	-1.23729773128322
-1.12846301185017	-1.82490662851007	-1.53201085239363	-1.25003558986815
-1.12135468743099	-1.80031980427471	-1.51594805886712	-1.21912471095214
-1.1142463630118	-1.7992907485415	-1.51050555370819	-1.230841467237
-1.10713803859262	-1.7883918276826	-1.51414730588267	-1.21672971459882
-1.10002971417343	-1.7631282521389	-1.49025600679375	-1.21865437745692
-1.09292138975424	-1.7645254273423	-1.49081245358299	-1.21688680573257
-1.08581306533506	-1.7661935797982	-1.48091290161992	-1.19338724806624
-1.07870474091587	-1.76022473332747	-1.47699965133778	-1.18606432164555
-1.07159641649669	-1.74621613734702	-1.46914356156484	-1.188674069563
-1.0644880920775	-1.72783992707888	-1.46226293493039	-1.18328232028711
-1.05737976765831	-1.75857331041485	-1.46328556539584	-1.1777400483354
-1.05027144323913	-1.72587501022211	-1.44488512615462	-1.16839835057938
-1.04316311881994	-1.72922918101007	-1.4391084966751	-1.15243339602741
-1.03605479440076	-1.72476272944857	-1.43357452771234	-1.14364120235034
-1.02894646998157	-1.70205575915322	-1.42639232864122	-1.13604658085589
-1.02183814556238	-1.71021563234573	-1.41408412184772	-1.14969969535361
-1.0147298211432	-1.69871765113788	-1.41264405283876	-1.13238220849613
-1.00762149672401	-1.69506918288196	-1.41064817603417	-1.12607300782679
-1.00051317230483	-1.67255930304411	-1.40122593204432	-1.12489358172052
-0.99340484788564	-1.66777795527068	-1.38232349475687	-1.10008061830128
-0.986296523466454	-1.65857895047286	-1.38157453773737	-1.0885663109825
-0.979188199047268	-1.65036484300416	-1.37510562239408	-1.0972776750616
-0.972079874628082	-1.66603571957758	-1.36448451717191	-1.09487156707271
-0.964971550208896	-1.65524708754751	-1.36330777619452	-1.08185757830504
-0.95786322578971	-1.64133100859328	-1.35295567558239	-1.07691337965966
-0.950754901370524	-1.63755527316473	-1.35449772633284	-1.07154577647738
-0.943646576951338	-1.60781023869308	-1.34572608720783	-1.07487070295574
-0.936538252532152	-1.61194876832105	-1.3369820395392	-1.07007293731942
-0.929429928112966	-1.61485520293323	-1.32862897310503	-1.04210268881837
-0.92232160369378	-1.60888317901046	-1.32028436522861	-1.01962648554567
-0.915213279274594	-1.592901461182	-1.31460491550859	-1.02307587389602
-0.908104954855408	-1.5855398342054	-1.30724937870256	-1.01380029066938
-0.900996630436222	-1.58248826132177	-1.30273387954423	-1.03047890741462
-0.893888306017036	-1.56129323999366	-1.29500729098811	-1.00951193807229
-0.88677998159785	-1.57497278179706	-1.28599827555841	-1.01971197380161
-0.879671657178664	-1.56317526366544	-1.28297659461308	-0.997968542602299
-0.872563332759478	-1.55387855666462	-1.2716544866576	-0.974591453359983
-0.865455008340292	-1.53661895235451	-1.26751667219545	-0.981502589693335
-0.858346683921106	-1.53848114023085	-1.26288216813034	-0.971895871021579
-0.85123835950192	-1.51798390653762	-1.24942566496323	-0.965806059933146
-0.844130035082734	-1.53491612129519	-1.24001514600053	-0.961018986773997
-0.837021710663548	-1.50400904107287	-1.23146034313265	-0.962670497460159
-0.829913386244362	-1.53068536207001	-1.23463504288553	-0.949108257367898
-0.822805061825176	-1.49343196075427	-1.21228089206887	-0.93783066859541
-0.81569673740599	-1.48509489124641	-1.20912852990917	-0.931296970268361
-0.808588412986804	-1.48336211355985	-1.20418788030018	-0.916200655318338
-0.801480088567618	-1.46147143986581	-1.20147513309559	-0.922988988847051
-0.794371764148432	-1.47024127976545	-1.1885296144471	-0.902478053928058
-0.787263439729246	-1.480937740375	-1.18652566854737	-0.918838160711268
-0.78015511531006	-1.45900083018579	-1.17761617103843	-0.900401663966052
-0.773046790890874	-1.45398075454457	-1.17618848683388	-0.894933400905177
-0.765938466471688	-1.44413107510139	-1.15975441556351	-0.874505162859494
-0.758830142052502	-1.44593709734888	-1.15988678764327	-0.882566417864535
-0.751721817633316	-1.43010360148954	-1.14881612700626	-0.875688321393578
-0.74461349321413	-1.43151887120004	-1.14250294263331	-0.859996234720974
-0.737505168794944	-1.39889349677781	-1.13891055402648	-0.858229238081505
-0.730396844375758	-1.40688685361993	-1.13050050620665	-0.858647205830551
-0.723288519956572	-1.39066027433357	-1.12744745232965	-0.838462175492798
-0.716180195537386	-1.40420309259213	-1.11579594508657	-0.856460156032337
-0.7090718711182	-1.38642107468825	-1.10719197392071	-0.828397654901514
-0.701963546699014	-1.36529468183834	-1.09646081055998	-0.814069350771523
-0.694855222279828	-1.37091372739618	-1.09437889114825	-0.800294575602733
-0.687746897860642	-1.36373112307387	-1.08617873630483	-0.81269923859301
-0.680638573441456	-1.36060709721452	-1.07671552163882	-0.797728821576107
-0.67353024902227	-1.34106578900087	-1.0682232418529	-0.788999418425457
-0.666421924603084	-1.35225382584617	-1.06452009429387	-0.794695360801879
-0.659313600183898	-1.34926235870344	-1.06606826786902	-0.773577829538448
-0.652205275764712	-1.32763460663517	-1.0439028304607	-0.772613125745748
-0.645096951345526	-1.33160150399659	-1.04371775248663	-0.756157093347467
-0.63798862692634	-1.32901273605656	-1.0362049137334	-0.757173161536489
-0.630880302507154	-1.31394876164166	-1.03687542538706	-0.750866622714162
-0.623771978087968	-1.30680272032267	-1.0216812215675	-0.742981060399379
-0.616663653668782	-1.29082399181106	-1.01208284639814	-0.752805782775397
-0.609555329249596	-1.29618830798478	-1.00914337505635	-0.738189550224711
-0.60244700483041	-1.27642775902208	-1.00447400259961	-0.723362742809157
-0.595338680411224	-1.27016840196889	-0.998434273240554	-0.72466666526801
-0.588230355992038	-1.25955967797669	-0.990291720454735	-0.707407508376466
-0.581122031572852	-1.24805161476368	-0.98076101675794	-0.707968417005528
-0.574013707153666	-1.25991406636556	-0.970548723209523	-0.700838373018303
-0.56690538273448	-1.24271579980279	-0.973245855945854	-0.693973896099735
-0.559797058315294	-1.23322776289463	-0.958175015008857	-0.678759912590768
-0.552688733896108	-1.24226021274967	-0.956598871119212	-0.671261320495056
-0.545580409476922	-1.20717046960074	-0.949462770293769	-0.670860164967995
-0.538472085057736	-1.22228962752729	-0.944754784155851	-0.649734252283659
-0.53136376063855	-1.21229910585673	-0.928780323329487	-0.661986175593694
-0.524255436219364	-1.20244091969525	-0.926599833090949	-0.648776574026739
-0.517147111800178	-1.20460514442659	-0.924164843159938	-0.657602879681938
-0.510038787380992	-1.19120457920761	-0.911829532364817	-0.63708162145242
-0.502930462961806	-1.17696930624234	-0.897591544887409	-0.617840105046888
-0.49582213854262	-1.17977318349632	-0.902900149343831	-0.625066817532111
-0.488713814123434	-1.15889917876718	-0.890944716182859	-0.618621417924606
-0.481605489704248	-1.16445204983737	-0.887465338077953	-0.602568776759927
-0.474497165285062	-1.14789355504265	-0.875516713211287	-0.588706925081067
-0.467388840865876	-1.15528593549328	-0.876475003152281	-0.60205753589829
-0.46028051644669	-1.13183424144432	-0.866289016798694	-0.586784362478373
-0.453172192027504	-1.13143639385722	-0.849488251564261	-0.560652552772373
-0.446063867608318	-1.12421255328873	-0.858640806693552	-0.573303097956716
-0.438955543189132	-1.11682053640677	-0.839200780560407	-0.564312398224042
-0.431847218769946	-1.11513328089863	-0.826611875099285	-0.553161304596799
-0.42473889435076	-1.1024200920776	-0.818878916291049	-0.546167892105708
-0.417630569931574	-1.09781887496931	-0.813602678833628	-0.543852933335744
-0.410522245512388	-1.09022972365547	-0.805638974013062	-0.531783352734667
-0.403413921093202	-1.07895188172397	-0.813288270014562	-0.542573251148993
-0.396305596674016	-1.07334843176458	-0.790507311454555	-0.52386871779292
-0.38919727225483	-1.0653779445719	-0.787946058536791	-0.502082929088692
-0.382088947835644	-1.04532188586864	-0.783793165525821	-0.500524462563577
-0.374980623416458	-1.06456681229235	-0.772482129384729	-0.509232759593091
-0.367872298997272	-1.04178939589118	-0.768729823966874	-0.481530702239003
-0.360763974578086	-1.04723163878609	-0.760180419934921	-0.490055524701833
-0.3536556501589	-1.02372244466588	-0.755767498348481	-0.475593063805438
-0.346547325739714	-1.00813656162357	-0.749440366481811	-0.472586343788232
-0.339439001320528	-1.01799285378945	-0.736455655225805	-0.466669969801585
-0.332330676901342	-1.02359636686476	-0.730394224007902	-0.455050285350179
-0.325222352482156	-1.00738430530633	-0.726890735696592	-0.440242615321445
-0.31811402806297	-1.00070126305994	-0.718969359057355	-0.446081026107157
-0.311005703643784	-0.982172451699868	-0.715134494252273	-0.439476944218553
-0.303897379224598	-0.969984016766309	-0.705088581643038	-0.426559247568063
-0.296789054805412	-0.975285428266807	-0.70088893563794	-0.443631450593781
-0.289680730386226	-0.974478239165394	-0.693295382303434	-0.418104349932983
-0.28257240596704	-0.971916935601258	-0.687910038521734	-0.408466987741365
-0.275464081547854	-0.95740272451962	-0.673701377295052	-0.391212820057995
-0.268355757128668	-0.948365367897708	-0.675250133093148	-0.393284782522871
-0.261247432709482	-0.950312550292259	-0.670051694468424	-0.39494111449097
-0.254139108290296	-0.934781662542326	-0.65987425004993	-0.369326639451241
-0.24703078387111	-0.91787704205331	-0.648766999502703	-0.384689832778164
-0.239922459451924	-0.903677720300547	-0.645356818365706	-0.369928392548585
-0.232814135032738	-0.921477352079131	-0.635861996912568	-0.348059191406291
-0.225705810613552	-0.901165784264247	-0.621099701179403	-0.363925854031818
-0.218597486194366	-0.88823030404234	-0.617489152820057	-0.352958420750631
-0.21148916177518	-0.874796654716695	-0.612285987009287	-0.330880427784242
-0.204380837355994	-0.872216588598611	-0.613110312814079	-0.342696792463743
-0.197272512936808	-0.86957760977003	-0.599600598660879	-0.321602780579687
-0.190164188517622	-0.880956707448679	-0.599500387905787	-0.324662464993771
-0.183055864098436	-0.861324102770536	-0.588563542147742	-0.312099914704194
-0.17594753967925	-0.856718535830884	-0.581675195040584	-0.295037012726538
-0.168839215260064	-0.849604078504312	-0.571407699690994	-0.302715500928669
-0.161730890840878	-0.843121979008996	-0.569240917293294	-0.283394934819223
-0.154622566421692	-0.844527897694304	-0.55519307046724	-0.282655737191696
-0.147514242002506	-0.821661502040514	-0.542745233357536	-0.282514088707817
-0.14040591758332	-0.817634055917295	-0.551427963936378	-0.264474546841094
-0.133297593164134	-0.806807966068368	-0.536534149376471	-0.260390920891316
-0.126189268744948	-0.796496057081048	-0.532325678549866	-0.269176218869438
-0.119080944325761	-0.805271546216283	-0.529590816101188	-0.248986236276206
-0.111972619906576	-0.789428280360176	-0.523482231015278	-0.242395913101498
-0.10486429548739	-0.787575348548753	-0.503188353103471	-0.239837835533124
-0.0977559710682034	-0.780819986091138	-0.496866104375487	-0.229194036792806
-0.0906476466490176	-0.7880040508414	-0.488936434262711	-0.220178795761385
-0.0835393222298315	-0.75268055253066	-0.489283273397347	-0.216265088801464
-0.0764309978106454	-0.759328893334761	-0.485390582221321	-0.206806275317984
-0.0693226733914596	-0.745112596942586	-0.474654624189759	-0.188531212235471
-0.0622143489722735	-0.746699333192549	-0.461296103083268	-0.194718648516907
-0.0551060245530874	-0.728343862783812	-0.460335095723803	-0.188230751814831
-0.0479977001339016	-0.722813189785369	-0.445546990700247	-0.175982396728835
-0.0408893757147155	-0.712618374245949	-0.444950282944378	-0.172492238670156
-0.0337810512955294	-0.700618852622094	-0.430334365463279	-0.161553255523943
-0.0266727268763434	-0.698395761685001	-0.430389239649062	-0.161803528996035
-0.0195644024571575	-0.710573689647132	-0.424328262373028	-0.150752675253439
-0.0124560780379714	-0.700862201069632	-0.418636940448855	-0.141313135750941
-0.00534775361878537	-0.680657915245087	-0.41158426168386	-0.139810874874141
0.00176057080040048	-0.668953482441843	-0.400448167940235	-0.124402255063075
0.00886889521958656	-0.664487228243542	-0.393779608551209	-0.119184141546511
0.0159772196387726	-0.667195047628037	-0.386193165022188	-0.108610792565823
0.0230855440579585	-0.657750545064244	-0.381130256145467	-0.105057553466997
0.0301938684771446	-0.64838824448227	-0.376870452737283	-0.112361404429011
0.0373021928963306	-0.639143390188255	-0.367109059105031	-0.0985108922863905
0.0444105173155165	-0.643840233300655	-0.363530625707836	-0.0770347960020701
0.0515188417347026	-0.619681454819119	-0.353240268576515	-0.0815965006203283
0.0586271661538886	-0.617351803458824	-0.350401353675614	-0.0849092499984928
0.0657354905730747	-0.596287465406695	-0.33616952119138	-0.0639547130546971
0.0728438149922606	-0.607447697734221	-0.320640355785899	-0.0593658330845575
0.0799521394114466	-0.586337927718549	-0.321487710153306	-0.0612429552973335
0.0870604638306327	-0.586723463852524	-0.320498106672721	-0.0487253696448838
0.0941687882498186	-0.57785989391983	-0.316847261706977	-0.0466258712669126
0.101277112669004	-0.581615891357397	-0.301158070739847	-0.0280280986500719
0.108385437088191	-0.576556022472845	-0.297764947098016	-0.0282317569867192
0.115493761507377	-0.553703786456434	-0.294883378217634	-0.0224629001980477
0.122602085926563	-0.552565092635982	-0.284547275416919	0.00726222040906519
0.129710410345749	-0.548642610091127	-0.273928274352118	0.000845410974545386
0.136818734764935	-0.548088338208975	-0.274776094958482	-0.00430107553413357
0.143927059184121	-0.523656540669731	-0.261909424285846	0.0070434220236488
0.151035383603307	-0.524015713219971	-0.2588823020265	0.0129673254139473
0.158143708022493	-0.52949948431308	-0.247583514625097	0.0489022343453424
0.165252032441679	-0.508194176847543	-0.237691082839776	0.0368019488106722
0.172360356860865	-0.513796760875979	-0.237438229895522	0.0379069536405363
0.179468681280051	-0.510678598062461	-0.22215770654641	0.0415746171998594
0.186577005699237	-0.493721996534664	-0.213064141840292	0.0697131873472924
0.193685330118423	-0.48840238262154	-0.210607266652399	0.0567868488435857
0.200793654537609	-0.477645851256601	-0.201672523373417	0.0634108151241689
0.207901978956795	-0.484193563366801	-0.200725915068688	0.0836853714843221
0.215010303375981	-0.457949628532459	-0.183574060614271	0.0951276219841967
0.222118627795167	-0.45460814926735	-0.179116239595985	0.0995381563294252
0.229226952214353	-0.45875407583898	-0.182548396705991	0.0917477318490517
0.236335276633539	-0.439594209859781	-0.169585475442696	0.10543014017568
0.243443601052725	-0.440055207447611	-0.166783184977516	0.114938352556605
0.250551925471911	-0.424625300065454	-0.159955599831356	0.111001871938241
0.257660249891097	-0.413955318383534	-0.146396161267064	0.119120971321279
0.264768574310283	-0.404708387621738	-0.1380632997855	0.122150369802799
0.271876898729469	-0.404235134209771	-0.139286799733233	0.138153123343046
0.278985223148655	-0.405462816730703	-0.125139982073023	0.15083311880706
0.286093547567841	-0.397756408374239	-0.115904511808648	0.137795936937821
0.293201871987027	-0.388099704894557	-0.11558645619373	0.148923322415086
0.300310196406213	-0.384400172970941	-0.106825305670023	0.169883817559349
0.307418520825399	-0.376700405588418	-0.0992686371679841	0.17336434941298
0.314526845244585	-0.372325103694505	-0.0926397018526853	0.188549502347438
0.321635169663771	-0.356164839493556	-0.0792614304619172	0.174993933845827
0.328743494082957	-0.342834209590033	-0.073322084832397	0.19263395688665
0.335851818502143	-0.348592241580294	-0.0759130414280475	0.202074347499154
0.342960142921329	-0.345911379329446	-0.0602915375811945	0.202713519046524
0.350068467340515	-0.335030046987014	-0.060357243243546	0.209258547566127
0.357176791759701	-0.315655260561616	-0.056437543688704	0.218682127498702
0.364285116178887	-0.317621947427777	-0.0395560873379081	0.232498005203217
0.371393440598073	-0.310781141301626	-0.039001363310899	0.231102783862753
0.378501765017259	-0.280523081212646	-0.0283534642987288	0.243856317888363
0.385610089436445	-0.292124691497613	-0.0251844895443104	0.250949322148725
0.392718413855631	-0.282633691913323	-0.00807156518076502	0.254243177833921
0.399826738274817	-0.272615758310144	-0.00649738924160925	0.266890699371083
0.406935062694003	-0.261776407984949	-0.00116067392254842	0.270108586184828
0.414043387113189	-0.262744545222774	0.0100200723499152	0.28298530789309
0.421151711532375	-0.255558888936653	0.0115825449313864	0.283779300937029
0.428260035951561	-0.254438922347597	0.0181578070917462	0.290288736499442
0.435368360370747	-0.247972764791697	0.0294411836079769	0.309290959286034
0.442476684789933	-0.238057466685299	0.0297268651440803	0.297364593596137
0.449585009209119	-0.220966574260466	0.0439900254340007	0.312184878965388
0.456693333628305	-0.209286707784668	0.0485915476485762	0.334901094850787
0.463801658047491	-0.220569627296738	0.0663515424386228	0.335174967331896
0.470909982466677	-0.195726815293093	0.0637863274070311	0.322126226656397
0.478018306885863	-0.213903661369261	0.0736947264637732	0.338740595206063
0.485126631305049	-0.189091821678631	0.0711737970820831	0.338708563045422
0.492234955724235	-0.182196412663814	0.0845535746599253	0.356900844091669
0.499343280143421	-0.180194781380611	0.089663881875393	0.363908195368261
0.506451604562607	-0.180127846499984	0.0967659591751368	0.353624146989723
0.513559928981793	-0.165320695696801	0.10193049723591	0.371145659878672
0.520668253400979	-0.157969550261494	0.111313664619415	0.391320411687559
0.527776577820165	-0.166802069399322	0.114826464787216	0.411684756208134
0.534884902239351	-0.148820741413197	0.119854100186106	0.401344389495033
0.541993226658537	-0.129989953961924	0.126403319741572	0.40111104371452
0.549101551077723	-0.124412108855447	0.139710667435708	0.401763525247446
0.556209875496909	-0.119261609170263	0.145868473285011	0.40858453956737
0.563318199916095	-0.117548830533043	0.147295303461966	0.416732912684305
0.570426524335281	-0.105234744962571	0.162076946026993	0.434092408609713
0.577534848754467	-0.0994147547682521	0.166905430471705	0.442017939390143
0.584643173173653	-0.0992437533605716	0.180972262590773	0.440001465134682
0.591751497592839	-0.085571589893487	0.175802125447978	0.44559299886574
0.598859822012025	-0.0781644188201241	0.184886094882394	0.476595193824505
0.605968146431211	-0.0815781654622688	0.196823571033058	0.466314389522107
0.613076470850397	-0.0626460647061339	0.203670704115045	0.463330748879414
0.620184795269583	-0.0514646821317084	0.211600122690852	0.486345696937018
0.627293119688769	-0.0375912478799889	0.221099915560851	0.491998173973765
0.634401444107955	-0.042782121084267	0.21740854902053	0.49490950016606
0.641509768527141	-0.0359016273325009	0.236667504927546	0.496810020293967
0.648618092946327	-0.0330942932426717	0.242076708458865	0.513580026088181
0.655726417365513	-0.0204667086932438	0.243473660476366	0.508097447332807
0.662834741784699	-0.00970615987929914	0.258870423880112	0.520407386485851
0.669943066203885	-0.0158628030204043	0.260877202964142	0.544835993205963
0.677051390623071	0.00753648628125135	0.268596276384976	0.539660810969524
0.684159715042257	0.00276731898864317	0.2755855297566	0.556363772355413
0.691268039461443	0.00797142900415355	0.27865049059226	0.551668342522663
0.698376363880629	0.0114738814358929	0.296012911876277	0.568365890482311
0.705484688299815	0.0331668121556626	0.293078412303745	0.574715931341191
0.712593012719001	0.0189219061195344	0.301354093735883	0.572361418172196
0.719701337138187	0.0323006922009834	0.305996257393874	0.584068285951598
0.726809661557373	0.0505186347366447	0.31448287450736	0.585366831487556
0.733917985976559	0.0506542287046258	0.324872454051314	0.604194579555628
0.741026310395745	0.0704346192096757	0.344769370274415	0.602830153588761
0.748134634814931	0.0701673705134416	0.337444201892144	0.618317285051396
0.755242959234117	0.0712519118457813	0.345894413801412	0.61941764018085
0.762351283653303	0.0955659342021089	0.350721837122923	0.629023273389532
0.769459608072489	0.0973278643970901	0.358138557235531	0.63144149440735
0.776567932491675	0.0867878136980561	0.36190811013586	0.64166359030142
0.783676256910861	0.0941090406325831	0.3736016470936	0.625329975609787
0.790784581330047	0.122827204658621	0.379204505698672	0.653373212674543
0.797892905749233	0.11278793665816	0.382532082986108	0.644056716109453
0.805001230168419	0.127661370834946	0.395558677092853	0.655707831918868
0.812109554587605	0.12634113564022	0.395869070384966	0.665113974822299
0.819217879006791	0.148062234464554	0.405341351278534	0.683788093993644
0.826326203425977	0.144073435710538	0.416507726509362	0.689170344779333
0.833434527845163	0.149886766882604	0.429212663452395	0.701144170935662
0.840542852264349	0.155369534653515	0.428074588741351	0.700621426267426
0.847651176683535	0.182529615608594	0.440672735038304	0.69586056563234
0.854759501102721	0.174595282401637	0.44388469758037	0.719983900100402
0.861867825521907	0.169683410045586	0.452162259395735	0.719973402876222
0.868976149941093	0.178088426011407	0.45224518867612	0.72833430104037
0.876084474360279	0.195810739153911	0.466155064924217	0.737963575903392
0.883192798779465	0.19599864757395	0.466842898219873	0.733159777774054
0.890301123198651	0.213262760334147	0.477109017005124	0.744058670043337
0.897409447617837	0.217746237849264	0.486143090611539	0.756092559096975
0.904517772037023	0.218800015227487	0.485750386292106	0.770807999427756
0.911626096456209	0.241416705904652	0.504353083957297	0.774082943257624
0.918734420875395	0.244127289974837	0.512603531096612	0.791316107949511
0.925842745294581	0.251056123979025	0.513448716072798	0.784452619435433
0.932951069713767	0.249640393755328	0.519897482366851	0.785261660439779
0.940059394132953	0.25391763615338	0.531889333817924	0.790091134859622
0.947167718552139	0.271736310224345	0.53967244952996	0.804475377663633
0.954276042971325	0.275351590421731	0.549414759241401	0.8031658576537
0.961384367390511	0.279149749571722	0.550233908700763	0.818192582656485
0.968492691809697	0.288126490857794	0.552020982411008	0.816878390244074
0.975601016228883	0.30632925514879	0.564833297992978	0.830887793310963
0.982709340648069	0.284859438101927	0.566247546697083	0.85490964927588
0.989817665067255	0.309339210739772	0.579884222868427	0.841201422272148
0.996925989486441	0.303536803396968	0.577299011901202	0.843080916467954
1.00403431390563	0.311522037065015	0.587425359852887	0.859832053961591
1.01114263832481	0.330681514472691	0.599820320887793	0.865967917787505
1.018250962744	0.330871038322009	0.609267314138952	0.862317066501943
1.02535928716319	0.34295208982752	0.611384798801318	0.883231137300979
1.03246761158237	0.34921694095433	0.621665761649872	0.896429403104261
1.03957593600156	0.363719842800045	0.634220173170275	0.894507384033435
1.04668426042074	0.369811409003486	0.633977473378225	0.913842054821688
1.05379258483993	0.376465958893148	0.64705992920803	0.902314948422799
1.06090090925912	0.3860407109083	0.647916522032665	0.916758939166097
1.0680092336783	0.398157664928777	0.659704717626772	0.927126883866314
1.07511755809749	0.401492859513192	0.664694260103926	0.924618062914971
1.08222588251667	0.398176266173302	0.674809744012659	0.933685503468862
1.08933420693586	0.389901737001163	0.677409800923381	0.947332449749444
1.09644253135505	0.395714615413261	0.684905164117042	0.941927024065472
1.10355085577423	0.431612993715732	0.688692929658689	0.966008899479192
1.11065918019342	0.44020571140901	0.701301402975555	0.961340421275015
1.1177675046126	0.436208735320978	0.712669018803283	0.978347584590296
1.12487582903179	0.444441896099273	0.711375983061275	0.97773197559956
1.13198415345098	0.435621098679694	0.721880608102671	0.994257431953699
1.13909247787016	0.448600501192244	0.716587504379737	0.994661794648102
1.14620080228935	0.470060512728997	0.731462829619765	0.995403388067304
1.15330912670853	0.481970371816286	0.742824015163607	0.997809715778869
1.16041745112772	0.472568911260195	0.748291294943938	1.00778299115343
1.16752577554691	0.48468757691482	0.756832546111042	1.01219397158151
1.17463409996609	0.485294546508908	0.766037290268361	1.02127844318046
1.18174242438528	0.495525333777299	0.770017538496207	1.03522026330355
1.18885074880446	0.502403137401316	0.774514934431625	1.04977239660641
1.19595907322365	0.513818953108586	0.787087699364466	1.05409053796441
1.20306739764284	0.515809781756953	0.787857958608512	1.06067620579713
1.21017572206202	0.531484505354825	0.790862138751108	1.07222782318945
1.21728404648121	0.537376345513417	0.800805899581388	1.06685572397267
1.22439237090039	0.536447455983572	0.818500833592805	1.07697864989572
1.23150069531958	0.553319350257516	0.815452998386058	1.09300521470562
1.23860901973877	0.550781216510485	0.825120213371899	1.08320193896028
1.24571734415795	0.549419787197937	0.824641364905493	1.10503313389787
1.25282566857714	0.569364440651094	0.835677594711942	1.10756697973311
1.25993399299632	0.576846462377695	0.847267564277535	1.11236570475369
1.26704231741551	0.580101912500104	0.854009726836753	1.12271962607966
1.2741506418347	0.590813768345435	0.855412435625363	1.13867662425773
1.28125896625388	0.597785149225285	0.86633014566195	1.13438620569978
1.28836729067307	0.606971940508381	0.882543224252128	1.14806955992412
1.29547561509225	0.612701982486012	0.879791890917631	1.14898596428497
1.30258393951144	0.616560347572381	0.893635574923404	1.16325747370076
1.30969226393063	0.626843063978581	0.893731224402257	1.16227505091862
1.31680058834981	0.632572245359837	0.903307358901076	1.15955219310665
1.323908912769	0.642853079833459	0.912725252146947	1.17703846052469
1.33101723718818	0.655702730416541	0.914830630289197	1.19985439675539
1.33812556160737	0.649623400459598	0.922012300007506	1.18491105982263
1.34523388602656	0.6742959990917	0.931911026738032	1.18194255503985
1.35234221044574	0.670204812323805	0.934948972039878	1.21038320195697
1.35945053486493	0.673474757569806	0.943267371088095	1.21832451665728
1.36655885928411	0.686915642130079	0.955089341335989	1.22425087337595
1.3736671837033	0.692057505500451	0.956483460725582	1.24153594624674
1.38077550812249	0.703271354471387	0.965610505196575	1.23396674116263
1.38788383254167	0.710949389726842	0.977902579752073	1.2508383627541
1.39499215696086	0.708152752715613	0.979761866369844	1.25266025900827
1.40210048138004	0.731328179868199	0.98721191358071	1.25149556977431
1.40920880579923	0.726844165480085	0.999835901954714	1.25891106811636
1.41631713021842	0.726498787669157	0.999718882536776	1.26494188622268
1.4234254546376	0.744745378950952	1.00691721231777	1.27418778688757
1.43053377905679	0.745725917135043	1.01035893855515	1.2894047068648
1.43764210347597	0.749122506864439	1.02097086680048	1.28722592658285
1.44475042789516	0.76140440677008	1.02553831000731	1.28863761356618
1.45185875231435	0.750316944881222	1.03504620445384	1.31427036799937
1.45896707673353	0.758961554064164	1.04492266234437	1.31794231004153
1.46607540115272	0.778036696332045	1.05722799126192	1.32476151427992
1.4731837255719	0.788939683384772	1.05815245292439	1.31578548117589
1.48029204999109	0.794431382993286	1.06201552761291	1.32311792000707
1.48740037441028	0.810472138651793	1.075587070629	1.33241945943578
1.49450869882946	0.809179719794375	1.07528779706233	1.35620795034028
1.50161702324865	0.820890332739436	1.09040683260072	1.36195406354175
1.50872534766783	0.822748459442887	1.09711558176351	1.35599080484548
1.51583367208702	0.825432262889803	1.10158667247043	1.36065966208565
1.52294199650621	0.837954431294554	1.10991251845771	1.37063023968637
1.53005032092539	0.844574059960143	1.11567650602068	1.38572275120816
1.53715864534458	0.85306423761124	1.11602752071129	1.39114414648787
1.54426696976376	0.854862806537507	1.13007854201227	1.40456724772317
1.55137529418295	0.871344147223474	1.13713401708978	1.40548298605529
1.55848361860214	0.870082066803594	1.13938019462672	1.41261720490751
1.56559194302132	0.886268774709534	1.14947200617171	1.4188237881765
1.57270026744051	0.871371065508524	1.1586052884278	1.41959766102467
1.57980859185969	0.897841563240367	1.16956795669984	1.43767721482351
1.58691691627888	0.90227273849259	1.17204243863578	1.43357850985135
1.59402524069807	0.910309002396158	1.17692383582131	1.44735833986797
1.60113356511725	0.921975887609152	1.18180287728202	1.45684165038456
1.60824188953644	0.928003301484978	1.20456066175538	1.45247043116863
1.61535021395562	0.92007555725663	1.19501278758795	1.46852400686505
1.62245853837481	0.930827755959002	1.2017602669533	1.47723255571344
1.629566862794	0.941349880269947	1.20905948281277	1.48000559533702
1.63667518721318	0.944424125375494	1.21544371310088	1.49111358149798
1.64378351163237	0.970721959112182	1.22300889901947	1.48773672536515
1.65089183605155	0.970045590083184	1.23230334468926	1.50768403937922
1.65800016047074	0.969202129875808	1.24172619456748	1.49634592659027
1.66510848488993	0.980640905077525	1.25216820700221	1.50046881573994
1.67221680930911	0.976303780989228	1.25995438691813	1.5191491277761
1.6793251337283	0.992484444196812	1.26327856196884	1.5349803449732
1.68643345814748	0.983177813622394	1.26556784386406	1.53394383164248
1.69354178256667	1.00454791849681	1.27941338113693	1.54261653077006
1.70065010698586	1.01839138891827	1.27923811393681	1.54080179427989
1.70775843140504	1.02174695904806	1.29292047556853	1.55586305808418
1.71486675582423	1.03429392810914	1.29831823725427	1.56693296614528
1.72197508024341	1.03237567888323	1.30283700585893	1.56377700198865
1.7290834046626	1.05411553470485	1.31046500970168	1.56959731653015
1.73619172908179	1.05549517811559	1.32299277386437	1.58713787536238
1.74330005350097	1.04405574582086	1.32804440653971	1.59523216532565
1.75040837792016	1.069777891242	1.33269823383501	1.59791131253306
1.75751670233934	1.07381565385877	1.34402187134453	1.61531830188748
1.76462502675853	1.07650696655463	1.35534581774776	1.6209402792814
1.77173335117772	1.08936535659885	1.36051193855422	1.63141432142632
1.7788416755969	1.09221294340867	1.36610917342381	1.63538914445947
1.78595000001609	1.10579549554542	1.36548163913118	1.64908364971931
1.79305832443527	1.10806157639861	1.37381679662263	1.6512989811908
1.80016664885446	1.10642579391684	1.38090250676362	1.63849948326635
1.80727497327365	1.12059932331817	1.38533152073818	1.65935599500482
1.81438329769283	1.13765606782743	1.39218164685625	1.66202602879777
1.82149162211202	1.14423399206721	1.40619351266768	1.67116320238566
1.8285999465312	1.1514895742902	1.41533092689542	1.69265915270295
1.83570827095039	1.14795242026486	1.42085721264382	1.6884160511273
1.84281659536958	1.14840323523804	1.42038912199686	1.70186571470561
1.84992491978876	1.16782513422079	1.43365612877816	1.70215817981947
1.85703324420795	1.17737701606276	1.44037448443026	1.7090251780345
1.86414156862713	1.17778986539827	1.44390655071945	1.70980407291171
1.87124989304632	1.18046753336441	1.45724300642016	1.71854301415963
1.87835821746551	1.18973616310989	1.46011539680123	1.72594129412459
1.88546654188469	1.18865102879259	1.4616930089635	1.73342764761574
1.89257486630388	1.20229205254897	1.47495107895773	1.73932549877397
1.89968319072306	1.21016621860907	1.48046123849809	1.7600411733495
1.90679151514225	1.20806859330809	1.4835071394458	1.74491738815317
1.91389983956144	1.23735567386077	1.49692938991449	1.77365880614819
1.92100816398062	1.23519112115258	1.50219407190182	1.76704775796147
1.92811648839981	1.25006050787849	1.51556272819645	1.77055680295472
1.93522481281899	1.23409667763901	1.51802700531179	1.79197170245443
1.94233313723818	1.26307892780994	1.51945872289866	1.78531895502326
1.94944146165737	1.27073529640245	1.52668214432813	1.80686727433994
1.95654978607655	1.26537123797237	1.53526150256707	1.81558149115716
1.96365811049574	1.26821126796276	1.54619475602978	1.80171369463082
1.97076643491492	1.27388391209993	1.54697234409365	1.82832304515549
1.97787475933411	1.29378741384816	1.55814017759492	1.82642608297945
1.9849830837533	1.2953430326747	1.56441837987425	1.84219672242908
1.99209140817248	1.30407211457219	1.5696089526354	1.84243956312228
1.99919973259167	1.30638802331301	1.58223750707493	1.8543384383917
2.00630805701085	1.31476792046486	1.58276823850828	1.84399870029723
2.01341638143004	1.32110653842115	1.59280598948748	1.87312308734231
2.02052470584923	1.32571094698909	1.59986118358301	1.86740456354676
2.02763303026841	1.34053857517273	1.61307962429241	1.87849459213792
2.0347413546876	1.35417433288289	1.61473009954351	1.8842362496017
2.04184967910678	1.34660931101421	1.62001642335874	1.88873689401967
2.04895800352597	1.35755657251792	1.63381662685203	1.87967947983589
2.05606632794516	1.35840126725411	1.63307628012522	1.91378561339521
2.06317465236434	1.36528054616318	1.63819493883799	1.90933925485532
2.07028297678353	1.37754878395949	1.64935962096397	1.91068129795214
2.07739130120271	1.39584983202408	1.66284853685381	1.92430119307292
2.0844996256219	1.38255122863896	1.65874628680491	1.9329884433303
2.09160795004109	1.39791381079853	1.66651443827343	1.9401841519591
2.09871627446027	1.41952959445453	1.68117192699383	1.95522386056193
2.10582459887946	1.40935849421318	1.68910621746199	1.95303983375473
2.11293292329864	1.43535420326676	1.69090703765786	1.95508743293978
2.12004124771783	1.42694609189148	1.70015949259072	1.96306133530523
2.12714957213702	1.43213553050623	1.7040605069373	1.97883823235562
2.1342578965562	1.43992672500964	1.71741153499767	1.9849140956751
2.14136622097539	1.43850204908237	1.72296837524498	1.99117367998886
2.14847454539457	1.46560975051489	1.72734753134264	2.00745574969285
2.15558286981376	1.46221869777103	1.73500275933829	2.00351774054263
2.16269119423295	1.46778046394675	1.74448797390672	2.01341849805595
2.16979951865213	1.49518495921601	1.75069548202014	2.01373844127742
2.17690784307132	1.46452403402761	1.75865256189296	2.03961183123528
2.1840161674905	1.48822734855137	1.75640764750316	2.02655381538495
2.19112449190969	1.50762172581758	1.77245959809512	2.03249523547359
2.19823281632888	1.51905545910951	1.77925197742928	2.04962258520508
2.20534114074806	1.50437239552453	1.77950818884919	2.06749685646264
2.21244946516725	1.52787218687395	1.79288387874182	2.06230273833298
2.21955778958643	1.51998189724996	1.7871163767008	2.03907489756787
2.22666611400562	1.52956779854111	1.80827110068441	2.07562344682328
2.23377443842481	1.54504516185514	1.80800901427122	2.07640220964002
2.24088276284399	1.54647056881678	1.82375971861995	2.09488615714485
2.24799108726318	1.56167854653355	1.82127212142884	2.10284771120893
2.25509941168236	1.55949757317515	1.83369123723158	2.08978022224039
2.26220773610155	1.57789229754508	1.84581853732974	2.1248918553627
2.26931606052074	1.57432659075061	1.84455692739788	2.11194418351262
2.27642438493992	1.58698177408587	1.8524059177886	2.11775184985169
2.28353270935911	1.5950138584459	1.8653988082553	2.1274793968109
2.29064103377829	1.60009083296488	1.86941141084136	2.13913806155023
2.29774935819748	1.59784944254268	1.8736483073788	2.13952196129322
2.30485768261667	1.61323565408148	1.88115036902278	2.16474968649237
2.31196600703585	1.63188024227681	1.89336548532948	2.1770930634568
2.31907433145504	1.61735352897674	1.89864733743092	2.15767986877932
2.32618265587422	1.63438564753431	1.90469646045769	2.16084716704482
2.33329098029341	1.62875101147	1.90881481159217	2.17396153021061
2.3403993047126	1.64131379324396	1.91483652316962	2.18279118761594
2.34750762913178	1.63698383478498	1.92348087058723	2.20261658749338
2.35461595355097	1.66290191230595	1.92347641756033	2.19878628051147
2.36172427797015	1.66610781482105	1.94004037013054	2.21576974689209
2.36883260238934	1.68652758864117	1.95376056271807	2.23326165261871
2.37594092680853	1.68399397279082	1.9553367847883	2.21828252651859
2.38304925122771	1.69728769634291	1.96087829079993	2.23671369158803
2.3901575756469	1.70722685804825	1.97323987437574	2.24521164876915
2.39726590006608	1.70384337554202	1.9715290175915	2.23889816807249
2.40437422448527	1.71956116804903	1.97402595396734	2.26557292390631
2.41148254890446	1.71456262198846	1.9879559803936	2.25877514530037
2.41859087332364	1.72631018315993	1.99971284291479	2.26541213956513
2.42569919774283	1.7374810428555	2.00983847664925	2.27497936474229
2.43280752216201	1.7348887441855	2.01267637757221	2.28067152343432
2.4399158465812	1.74429135301902	2.01979353700457	2.27692336479561
2.44702417100039	1.74672496895028	2.02629822080239	2.28753444343764
2.45413249541957	1.76552892518244	2.02658251485921	2.29506351397014
2.46124081983876	1.76550059039741	2.0356185901667	2.30277790956053
2.46834914425794	1.76938883019267	2.04643912129537	2.32048598566485
2.47545746867713	1.79457337187381	2.05410001401527	2.32095195745675
2.48256579309632	1.78404033312872	2.06060945076795	2.33957367889124
2.4896741175155	1.81205866725447	2.07116972241976	2.34151091789019
2.49678244193469	1.79747023679294	2.07299763483	2.33645244632161
2.50389076635387	1.8052165968578	2.07437637744247	2.3536551559737
2.51099909077306	1.80586252591008	2.08183944445487	2.35560130963003
2.51810741519225	1.81868102486631	2.09260506095589	2.38075370653563
2.52521573961143	1.83048944582925	2.09572509427896	2.35779828050201
2.53232406403062	1.82415600266402	2.1044688720331	2.38364831491964
2.5394323884498	1.84713597293089	2.1192168969256	2.37216667656911
2.54654071286899	1.84838272086993	2.11979116594297	2.39263659545179
2.55364903728818	1.85781753802953	2.13694585174872	2.40195954663477
2.56075736170736	1.85922910994163	2.1353630134287	2.41030678210914
2.56786568612655	1.88930092302346	2.1439079372359	2.42117777274017
2.57497401054573	1.8812975169496	2.15282040554155	2.42103794024895
2.58208233496492	1.89157925902955	2.15817414628352	2.43588677096705
2.58919065938411	1.8913253611103	2.16498316036915	2.43280004217426
2.59629898380329	1.9083418655895	2.17926420190725	2.45421676139119
2.60340730822248	1.89884442351656	2.1738976204849	2.45978887095907
2.61051563264166	1.92778465935005	2.18655525786004	2.44955105673884
2.61762395706085	1.91680665655432	2.19160646618457	2.46879657333027
2.62473228148004	1.93607925118013	2.20585155316229	2.46310132503941
2.63184060589922	1.9395538718125	2.20931591981124	2.47406419895542
2.63894893031841	1.93707271091197	2.21114441094716	2.48476969357706
2.6460572547376	1.93624475665898	2.21749837145424	2.48574707148848
2.65316557915678	1.95229815882473	2.22948291350997	2.50936515352417
2.66027390357597	1.97093801637192	2.24067041708116	2.51153172832451
2.66738222799515	1.96259842467553	2.23816149938548	2.52980210442165
2.67449055241434	1.99151080909763	2.24950018252832	2.53174569444096
2.68159887683352	1.96972361486872	2.25835376633057	2.53359641142954
2.68870720125271	1.99132104772969	2.25910364503003	2.5417190201733
2.6958155256719	1.98895145615131	2.27062216958937	2.54725598763445
2.70292385009108	1.99730222968468	2.28067313527493	2.54828182257255
2.71003217451027	2.00306163361459	2.28073184142208	2.56658190831726
2.71714049892945	2.01366375516097	2.29770452502223	2.57139052874532
2.72424882334864	2.02137223281236	2.30348478073653	2.557442476543
2.73135714776783	2.02329097976581	2.30708606656952	2.58939757712112
2.73846547218701	2.04772669903048	2.31906267459916	2.58261713645407
2.7455737966062	2.04783955199003	2.32850763382818	2.59137188599872
2.75268212102538	2.05224509404892	2.32621962478505	2.58606160653234
2.75979044544457	2.05628063944123	2.33641674031296	2.60184915131672
2.76689876986376	2.07182260535433	2.344292102128	2.60801123122293
2.77400709428294	2.06161912394404	2.3444130562786	2.62938243745319
2.78111541870213	2.08877213873386	2.35781714499395	2.61749743622579
2.78822374312131	2.07743349607045	2.36110138586689	2.63356954789041
2.7953320675405	2.10464985027714	2.3671668805748	2.63996637080513
2.80244039195969	2.10421872287043	2.37360414587954	2.64871256396929
2.80954871637887	2.11680797216308	2.37819318077624	2.64152749521559
2.81665704079806	2.12593041397262	2.39192909625781	2.65343254541568
2.82376536521724	2.12611087944619	2.3980184748662	2.66756935777126
2.83087368963643	2.11814722351681	2.39733251457671	2.67834498172517
2.83798201405562	2.13973502694716	2.41619673009128	2.68031862219645
2.8450903384748	2.15081319187202	2.41858164477175	2.69747297804583
2.85219866289399	2.14671882938957	2.42623531824425	2.69668432018072
2.85930698731317	2.17175504623429	2.43423454849163	2.71201970664376
2.86641531173236	2.14882776609639	2.43927663774015	2.70236152444212
2.87352363615155	2.16957578634792	2.44693830709725	2.74102339797337
2.88063196057073	2.17727827427441	2.45411642222105	2.72425154234177
2.88774028498992	2.18872540752982	2.45836023781007	2.73645550555744
2.8948486094091	2.18349127951148	2.470510809596	2.74606261518959
2.90195693382829	2.19344467283384	2.47998687237727	2.74406211352173
2.90906525824748	2.19309605046863	2.47884985874409	2.75453145941164
2.91617358266666	2.22106598577635	2.49391881123623	2.76945458957503
2.92328190708585	2.22229174140272	2.49946988523325	2.77565880797875
2.93039023150504	2.23027231252711	2.49626734442626	2.77069124587135
2.93749855592422	2.23822555828356	2.51165327563455	2.78709282310688
2.94460688034341	2.23916233193874	2.51863559291476	2.78198288284047
2.95171520476259	2.25427554426989	2.52521892796526	2.80614572295431
2.95882352918178	2.25753494493031	2.53358103878213	2.82175257925866
2.96593185360096	2.24937693495306	2.53842336000646	2.81707593523943
2.97304017802015	2.28373594212875	2.54278859454485	2.82284721218952
2.98014850243934	2.26311562338551	2.5536049114375	2.82765004663469
2.98725682685852	2.28968897339117	2.56094825837	2.82718422396098
2.99436515127771	2.29369775112656	2.57064868025333	2.8349519243337
3.00147347569689	2.29478201776647	2.56728366196268	2.84199815937168
3.00858180011608	2.30080084159934	2.58117314122766	2.8442141360602
3.01569012453527	2.31316892129416	2.59411158611656	2.85222575216368
3.02279844895445	2.31675305062891	2.59900756723042	2.87943637439387
3.02990677337364	2.32715030582376	2.60616090944643	2.87175313486737
3.03701509779283	2.32139827999132	2.60701989973802	2.88015103898782
3.04412342221201	2.33515933623031	2.61558187479514	2.88791219238865
3.0512317466312	2.35340621635709	2.6246453442321	2.8887227326391
3.05834007105038	2.35461983654598	2.62283744862786	2.9038395501438
3.06544839546957	2.35991790563866	2.64108413490292	2.91258557006399
3.07255671988875	2.36933078199123	2.64345672424408	2.9257394243
3.07966504430794	2.36914724042647	2.64962403018716	2.9406884622563
3.08677336872713	2.3946089185923	2.67047733748674	2.93692994332022
3.09388169314631	2.38677527050773	2.66516009010127	2.93465791538029
3.1009900175655	2.41197411897814	2.67326193825865	2.94885530709912
3.10809834198468	2.39929255677628	2.67993716790486	2.95686968124195
3.11520666640387	2.40957708610311	2.68150048105669	2.95201622032353
3.12231499082306	2.41632163845276	2.68118459902579	2.957924354292
3.12942331524224	2.4219950355523	2.70059804547728	2.97893019827302
3.13653163966143	2.41690381076931	2.71289955104655	2.98175740087977
3.14363996408062	2.43757405285076	2.71817196049244	2.99729108370659
3.1507482884998	2.44053178733888	2.7182320847951	3.02046904755003
3.15785661291899	2.45483198994596	2.73281114501041	3.01157349586601
3.16496493733817	2.44435289309643	2.7385943113403	3.00507623178498
3.17207326175736	2.45625772131755	2.74789054910444	3.02488139154769
3.17918158617654	2.48496544380941	2.75297979446729	3.04014781268185
3.18628991059573	2.47600645201796	2.7650198060894	3.02861838589721
3.19339823501492	2.48268991895348	2.76357382282737	3.05145063258983
3.2005065594341	2.50841469430416	2.77180892657152	3.04399136083113
3.20761488385329	2.50207214725869	2.77203909393482	3.05614991005174
3.21472320827247	2.51549714010063	2.79230087655865	3.05911909969571
3.22183153269166	2.51272691890115	2.79555616591378	3.06365625039163
3.22893985711085	2.51639405471922	2.80374160452181	3.08380031212237
3.23604818153003	2.53721755815833	2.80685388769752	3.08359942142938
3.24315650594922	2.52706366578579	2.81852357706528	3.09174612257415
3.2502648303684	2.54232740339887	2.82058649792103	3.09154897832048
3.25737315478759	2.55699594006327	2.82819632794444	3.1238336936328
3.26448147920678	2.56419006374018	2.83548365763459	3.11787953298907
3.27158980362596	2.57249920640527	2.83782041982527	3.12083840456399
3.27869812804515	2.57069259871399	2.84460973092357	3.1150831667596
3.28580645246433	2.56909956597128	2.85910219227267	3.12539923428658
3.29291477688352	2.58862633224651	2.85999844512197	3.1404873125154
3.30002310130271	2.60499217221509	2.87439774575528	3.15888326768382
3.30713142572189	2.58921606623972	2.87476080973923	3.182518648579
3.31423975014108	2.60103244856766	2.8804513093012	3.16784093524675
3.32134807456027	2.60991610435458	2.89261911615687	3.17771507913534
3.32845639897945	2.61197109787629	2.89872883796152	3.18975654189655
3.33556472339864	2.62027039634936	2.9081356213587	3.18183391923612
3.34267304781782	2.64883537673304	2.91795484540313	3.19444652641946
3.34978137223701	2.6254159220501	2.92098240980256	3.19985248666576
3.3568896966562	2.64987012220008	2.93031527898312	3.21134309766887
3.36399802107538	2.656000242566	2.93550925423614	3.2069150096874
3.37110634549457	2.66580790905824	2.93758578283707	3.21869886563122
3.37821466991375	2.66842182209087	2.94619540424407	3.24122422806921
3.38532299433294	2.68626192497381	2.95578769977155	3.24794069334886
3.39243131875212	2.67678345952709	2.95948530172454	3.2401590285415
3.39953964317131	2.69559219908472	2.96635899964461	3.25213789872089
3.4066479675905	2.70135209108025	2.98209958729235	3.26447565008328
3.41375629200968	2.71116166039981	2.98045080105121	3.26406741692999
3.42086461642887	2.72252271718876	2.99209508125362	3.27508851369597
3.42797294084806	2.713965976904	3.00009968646529	3.2772005739198
3.43508126526724	2.73975378766442	3.00730417049049	3.29092131656628
3.44218958968643	2.74419790099236	3.01948882133907	3.28805939734028
3.44929791410561	2.73020758208256	3.01665977389841	3.29236860776331
3.4564062385248	2.74623017915353	3.02523189129167	3.30007215222527
3.46351456294399	2.74700541884515	3.03199837080728	3.31306984493781
3.47062288736317	2.7527483451131	3.03826826236272	3.33001666447922
3.47773121178236	2.77941021622939	3.04916835981336	3.33019765579477
3.48483953620154	2.77757791426343	3.0533789142964	3.32195330229511
3.49194786062073	2.79469515371973	3.0601946247351	3.34396472045269
3.49905618503991	2.79066733586934	3.06646747319609	3.34989385288429
3.5061645094591	2.80116609625753	3.08205888754221	3.35456444484582
3.51327283387829	2.80630461173573	3.08015913814605	3.37134787366019
3.52038115829747	2.82135932158525	3.08779637808834	3.36289360713603
3.52748948271666	2.82912843765546	3.09752979086884	3.38674293471253
3.53459780713585	2.82208720337271	3.10652950965347	3.38991562387534
3.54170613155503	2.82279049799431	3.11105705441806	3.39309501958393
3.54881445597422	2.84331057946542	3.11612213718698	3.39080769547375
3.5559227803934	2.85762037434109	3.12833326114309	3.41554182146372
3.56303110481259	2.84728066551004	3.13356264843334	3.40962120854377
3.57013942923178	2.86114264707756	3.13911869132532	3.42809159543657
3.57724775365096	2.86418688348667	3.15070175108222	3.42740120869603
3.58435607807015	2.87960001847997	3.15705586390338	3.42718336825649
3.59146440248933	2.88170581250058	3.166945595209	3.43624509110534
3.59857272690852	2.87380015758435	3.16866337608193	3.45505075655036
3.6056810513277	2.87715816208659	3.17191523424385	3.45579728879974
3.61278937574689	2.89242569623071	3.17516557769341	3.46116320522384
3.61989770016608	2.9001062123348	3.1885462214013	3.48772273374354
3.62700602458526	2.89874773752041	3.19020650201413	3.47077395568786
3.63411434900445	2.90187452669715	3.19942977779322	3.49553746787349
3.64122267342364	2.92730315854886	3.21088694773674	3.49698251244089
3.64833099784282	2.95539333954367	3.22720532497971	3.49375319640347
3.65543932226201	2.93525484711431	3.22346404182666	3.49451861132542
3.66254764668119	2.92782369890902	3.22316094820263	3.51926647919576
3.66965597110038	2.95126997759561	3.23850712060926	3.51989668257685
3.67676429551957	2.95392681773282	3.243005877008	3.54005177014675
3.68387261993875	2.97945548764529	3.25059817707414	3.52658993431207
3.69098094435794	2.96030175542169	3.25731312115832	3.53166736392694
3.69808926877712	2.98616151615611	3.27137230275877	3.54868574947279
3.70519759319631	2.98734425032144	3.26881441720025	3.55736272057558
3.7123059176155	2.99692268703689	3.28607516682303	3.56680964369733
3.71941424203468	2.98560599353406	3.28220909619756	3.57259701339233
3.72652256645387	3.00723732405445	3.29306413225086	3.58676632476152
3.73363089087305	3.0149382765073	3.30430112811201	3.57590600090707
3.74073921529224	3.01988333425968	3.29986529476159	3.58390393582603
3.74784753971143	3.03868082944464	3.31547721292651	3.60721378496352
3.75495586413061	3.03297140943665	3.31806351202579	3.61484105228542
3.7620641885498	3.05133076193211	3.3306794951398	3.61615424252174
3.76917251296898	3.04533488173739	3.33920368445026	3.62352146724372
3.77628083738817	3.06381602302182	3.34313550584277	3.63999292381131
3.78338916180736	3.07537246857079	3.35647755409675	3.63354994101151
3.79049748622654	3.07791183220961	3.35430446259513	3.62934310636276
3.79760581064573	3.08973691662871	3.35940389036709	3.64018861767765
3.80471413506491	3.09997390933776	3.3650321463839	3.64865841759584
3.8118224594841	3.08559652542309	3.37484596991432	3.65562685963581
3.81893078390329	3.10857032221223	3.38362915057384	3.66749842770939
3.82603910832247	3.11901859123516	3.40243144636371	3.68139804371133
3.83314743274166	3.10213338470079	3.39767336110608	3.67337566919597
3.84025575716084	3.12684333528642	3.40764738205938	3.69083365213986
3.84736408158003	3.12356162814983	3.4191840077861	3.69650946291255
3.85447240599922	3.13645475468448	3.41447511551815	3.70173753327101
3.8615807304184	3.14603047683758	3.43278715052606	3.70105368621925
3.86868905483759	3.16427001795666	3.44155347629446	3.73485987286393
3.87579737925677	3.1688421204664	3.44232747806087	3.73308708740202
3.88290570367596	3.1539673524483	3.45615866797502	3.74019827141647
3.89001402809515	3.18310218206102	3.45399077676825	3.73190420722776
3.89712235251433	3.16588428699255	3.46124515068335	3.75262741442868
3.90423067693352	3.18350602174786	3.4703250044101	3.7460214800042
3.9113390013527	3.16699714480033	3.47321344739126	3.76958323209907
3.91844732577189	3.19301398970967	3.48568544840966	3.76322395333408
3.92555565019108	3.20895468668598	3.49480721985801	3.77584741135503
3.93266397461026	3.2233700979034	3.50496266568669	3.78430873094825
3.93977229902945	3.21306964944882	3.50584114490423	3.77504139859858
3.94688062344863	3.23318632928238	3.51371950744578	3.80038059158148
3.95398894786782	3.23606276028795	3.52002393751986	3.81837248370552
3.96109727228701	3.24143228925141	3.52048231574277	3.80351090612453
3.96820559670619	3.23524574832211	3.52959053572773	3.8148143874757
3.97531392112538	3.26331970496419	3.54165033181617	3.82807182005718
3.98242224554456	3.2741900766505	3.55236366852643	3.8509104683152
3.98953056996375	3.27416765675684	3.55504678033287	3.83213491199855
3.99663889438294	3.26380638399947	3.56754214639187	3.8493992357164
4.00374721880212	3.2856473276334	3.57256821740102	3.85801609647122
4.01085554322131	3.3034793041214	3.58299899915334	3.87075068947777
4.01796386764049	3.3175698716697	3.58438133703299	3.88276582018894
4.02507219205968	3.31362772416992	3.59314029142739	3.88232135886429
4.03218051647887	3.30221204242267	3.59197884066278	3.8831777614185
4.03928884089805	3.3230748928491	3.60679371105031	3.90960978266425
4.04639716531724	3.32221410075746	3.60770585892328	3.89213617431424
4.05350548973642	3.33165358208365	3.61689322446194	3.92102400743501
4.06061381415561	3.32567802257445	3.6337872873367	3.92348024934526
4.0677221385748	3.33920751167455	3.63667999689813	3.91641069406709
4.07483046299398	3.3463532122833	3.63697547238886	3.92289331901123
4.08193878741317	3.35570990038114	3.65273595552369	3.93966533553831
4.08904711183235	3.37702372532475	3.65353316600683	3.92420763866195
4.09615543625154	3.36284202848921	3.65682113321365	3.95204431670456
4.10326376067073	3.39293774332978	3.66921015735235	3.96729482438734
4.11037208508991	3.40879996737486	3.6742956170244	3.95085288082219
4.1174804095091	3.39655651177081	3.67841325283129	3.96917197470002
4.12458873392828	3.38828274571329	3.68957787968618	3.96189827492536
4.13169705834747	3.40784670143111	3.6968287055814	3.99586846719655
4.13880538276666	3.40877787093677	3.70181023597863	3.97611058098518
4.14591370718584	3.42012857246753	3.70748065502301	3.98959988994706
4.15302203160503	3.43576719068214	3.72001322350719	4.01392590909449
4.16013035602421	3.44195646796347	3.72889099422651	3.9935927522428
4.1672386804434	3.44571928049792	3.72189349934972	4.01990589583152
4.17434700486259	3.44753967892646	3.73695361273767	4.0212958687101
4.18145532928177	3.46842431814559	3.74800566045596	4.02764260242414
4.18856365370096	3.48578956984266	3.75146971431916	4.06510448005695
4.19567197812014	3.4867392661045	3.76354123452096	4.05355848043861
4.20278030253933	3.48730206502944	3.77638690820568	4.05402284237784
4.20988862695852	3.48428654434315	3.77382451689	4.06476095764898
4.2169969513777	3.48966957323037	3.78302250904021	4.07719443320553
4.22410527579689	3.49418995680054	3.78830813435464	4.06413854947836
4.23121360021607	3.50512131173592	3.79900490662875	4.07981160134466
4.23832192463526	3.50707331760167	3.80531532032807	4.09992002457859
4.24543024905445	3.53899255832189	3.81810652408282	4.10985921212419
4.25253857347363	3.52373789965452	3.8170144034926	4.10362824028326
4.25964689789282	3.53428410865622	3.82188509416161	4.11052979888051
4.266755222312	3.55191554462974	3.83782256750315	4.12346622375146
4.27386354673119	3.54880363673507	3.83531764715822	4.12128905319114
4.28097187115038	3.55207804789376	3.83926613212044	4.12501142512215
4.28808019556956	3.56095524903096	3.85521482567503	4.14725838447777
4.29518851998875	3.57716201649876	3.86029259811424	4.1404082066742
4.30229684440793	3.57043115280344	3.85670752332802	4.14859085578374
4.30940516882712	3.58562920072801	3.8742057915219	4.16987860413077
4.31651349324631	3.58730333418475	3.8780236142149	4.17542897608932
4.32362181766549	3.59050136211602	3.89451026820126	4.18011719113856
4.33073014208468	3.59925840642115	3.89318606531512	4.20260102923734
4.33783846650386	3.6136096294414	3.90507939337964	4.18835257743461
4.34494679092305	3.60988574618632	3.90876336940082	4.2003025985809
4.35205511534224	3.62058578206406	3.9205001487367	4.21023638023215
4.35916343976142	3.62191229423363	3.92405970559698	4.20876145554124
4.36627176418061	3.64490662752049	3.92967445299151	4.21537060164604
4.37338008859979	3.63898535193418	3.93468400362898	4.23725601270048
4.38048841301898	3.63594217034264	3.94442034782551	4.24188477054438
4.38759673743817	3.66593731518568	3.94982346993063	4.23600244924864
4.39470506185735	3.66439667139983	3.95428422875737	4.26329492897627
4.40181338627654	3.66035874580826	3.96036117516898	4.252467522298
4.40892171069572	3.67652466827141	3.97055102105593	4.2489115821412
4.41603003511491	3.69049856769291	3.98681424754036	4.2939243427785
4.4231383595341	3.68790930448866	3.98084687063856	4.27017501113416
4.43024668395328	3.70140068415342	3.99278728764039	4.28725894847162
4.43735500837247	3.72304018777377	4.00234346238889	4.27235301846538
4.44446333279165	3.70535358664168	4.00769179665493	4.30056676570803
4.45157165721084	3.70446792254704	4.01703733701972	4.32060711248522
4.45867998163003	3.71870389929446	4.02248218456907	4.31057524791434
4.46578830604921	3.74450494712868	4.02481367163244	4.31731394601944
4.4728966304684	3.74783450114379	4.03671169989001	4.3217048731674
4.48000495488758	3.76097973231974	4.04300419387421	4.3391575306095
4.48711327930677	3.75363569727354	4.04509407927133	4.36001951920198
4.49422160372596	3.76332354365778	4.05492117804999	4.32826909245308
4.50132992814514	3.7696891759503	4.06452161994479	4.35659830069744
4.50843825256433	3.78372990800743	4.08126327231389	4.36541237356889
4.51554657698351	3.79997934534196	4.07818135089926	4.35411461104116
4.5226549014027	3.8012265281494	4.08399028995245	4.39278450737645
4.52976322582189	3.81172690623051	4.0927829360648	4.39211424507925
4.53687155024107	3.80933122323324	4.09629281741796	4.39609429971647
4.54397987466026	3.82712977692948	4.10577825924506	4.38944845930656
4.55108819907944	3.82367158499172	4.10982046100324	4.40634315750565
4.55819652349863	3.81443840354816	4.11813317375439	4.40914755417037
4.56530484791782	3.82519300641781	4.1282541155113	4.41599942841374
4.572413172337	3.84107568899536	4.13120245727141	4.423672154962
4.57952149675619	3.85262667687699	4.14033526603747	4.43777925557273
4.58662982117537	3.85479058431436	4.14509312282249	4.43992623160833
4.59373814559456	3.83561504037265	4.15690843083677	4.44213550277159
4.60084647001375	3.87113519589884	4.15870067593448	4.45069459094663
4.60795479443293	3.87160147115305	4.16687104815466	4.4532868348113
4.61506311885212	3.88602917008659	4.17633215267257	4.47277349334927
4.6221714432713	3.89530632133154	4.18067107536983	4.47795287510394
4.62927976769049	3.89174147429314	4.19078504381889	4.47612789487071
4.63638809210968	3.89936772879434	4.19367144030639	4.48455532191045
4.64349641652886	3.91113969430087	4.20405374257203	4.49985425596613
4.65060474094805	3.92565118580926	4.20825843917252	4.51018546675413
4.65771306536723	3.92587926592873	4.21411289973333	4.52109737622715
4.66482138978642	3.91866527172413	4.22315450094707	4.5218846272776
4.67192971420561	3.92991833348293	4.2390723022512	4.52802446664781
4.67903803862479	3.95660780920729	4.23953818097898	4.54003096499931
4.68614636304398	3.93958782862702	4.25098239296805	4.52897149673564
4.69325468746316	3.95442811251955	4.25056964526727	4.5420071874421
4.70036301188235	3.94990202419413	4.2617243711934	4.55825826675881
4.70747133630154	3.98732579677781	4.27093716781667	4.57518678502439
4.71457966072072	3.98855485227989	4.27558392535849	4.58158224280701
4.72168798513991	3.9831272066541	4.28511159468619	4.57945641132968
4.72879630955909	3.98910417439281	4.29024556086889	4.59660172789439
4.73590463397828	4.01087580791737	4.29644772151519	4.58558081458212
4.74301295839747	4.00262993502144	4.30821006824006	4.60592904602756
4.75012128281665	4.00077431846314	4.30290014897233	4.61021820996266
4.75722960723584	4.02672356537835	4.31815049147131	4.62666002544129
4.76433793165502	4.01147541495879	4.31748221056618	4.62314290689626
4.77144625607421	4.04047598287887	4.33892618394428	4.62429087993755
4.7785545804934	4.04008242804285	4.3411051453038	4.62385828686616
4.78566290491258	4.03972481893033	4.35477051653358	4.64901073913736
4.79277122933177	4.0609079523927	4.35574836900313	4.65988597101811
4.79987955375095	4.07630908433309	4.35997347717888	4.67387875526243
4.80698787817014	4.0782971654508	4.37117802438609	4.67802601269526
4.81409620258933	4.07814862039669	4.3749797009374	4.6955288128056
4.82120452700851	4.065704328	4.37580720312747	4.67819089106328
4.8283128514277	4.090945689176	4.38383240210108	4.7006049241241
4.83542117584688	4.10146007473239	4.39558735407468	4.71142312035107
4.84252950026607	4.10005429079521	4.39701483121307	4.70501099800115
4.84963782468526	4.12123379127963	4.41539071334502	4.72627875888174
4.85674614910444	4.12468244874988	4.41678043212452	4.70312741991509
4.86385447352363	4.1185138288504	4.42478092981754	4.71784043812315
4.87096279794281	4.1282373775513	4.4299122520558	4.74575044291153
4.878071122362	4.15130615730739	4.4446579705405	4.74158823991366
4.88517944678119	4.14752072392584	4.44926670598107	4.76860639103457
4.89228777120037	4.15177870404991	4.44808668037832	4.73999262390154
4.89939609561956	4.14958638519462	4.45898858988534	4.74929819999948
4.90650442003875	4.16904677879767	4.46973161007199	4.77884526347892
4.91361274445793	4.15926435474226	4.46788048201287	4.78967576638174
4.92072106887712	4.17546189932349	4.4833638106675	4.77358925511815
4.9278293932963	4.17849928117313	4.49098998549842	4.78955112475229
4.93493771771549	4.19303053322935	4.49304838624631	4.78184252214758
4.94204604213467	4.19937716824671	4.49847255751003	4.79664432243235
4.94915436655386	4.21400985510228	4.50911902925381	4.81582339495141
4.95626269097305	4.21437932662317	4.51192538219716	4.81771677446201
4.96337101539223	4.21741200936623	4.52214013652764	4.81052749590601
4.97047933981142	4.23255214083094	4.53545703986316	4.82684654449642
4.9775876642306	4.24398375562535	4.53937339621664	4.84555816195876
4.98469598864979	4.24618885470047	4.53697819538962	4.84236463699242
4.99180431306898	4.23342910705017	4.54660764306917	4.8492697918288
4.99891263748816	4.2578829300008	4.56005751663009	4.84179885772227
5.00602096190735	4.2671610933489	4.55631938572934	4.87383589497675
5.01312928632654	4.27660452586458	4.57645884232246	4.86409160741451
5.02023761074572	4.27018181776056	4.5836961010218	4.89300149347527
5.02734593516491	4.28006850571394	4.58453616500271	4.87647345319758
5.03445425958409	4.28722744450924	4.59540673130653	4.89969175924712
5.04156258400328	4.2981180416788	4.59996229506991	4.9069402937556
5.04867090842246	4.29051410482871	4.60804795445179	4.89938836366635
5.05577923284165	4.31444003195945	4.61231899757967	4.90927492223998
5.06288755726084	4.33407990022282	4.61926951659412	4.9198021431616
5.06999588168002	4.33192243591603	4.63482045037278	4.91848870620014
5.07710420609921	4.33565917562705	4.63398739797677	4.9346473902649
5.08421253051839	4.34508263438981	4.63997736795664	4.94726973722791
5.09132085493758	4.36047551266651	4.65007421248288	4.95962836695933
5.09842917935677	4.34866318875349	4.6591261068288	4.95650367217991
5.10553750377595	4.3647446788357	4.66345916880396	4.9642046228819
5.11264582819514	4.36845336298373	4.66763678047724	4.97848033913223
5.11975415261433	4.37701336338935	4.68381603293612	4.97792043111339
5.12686247703351	4.37941899837257	4.68240370175028	4.98420995434299
5.1339708014527	4.38223530591653	4.69049542783382	5.00258367223266
5.14107912587188	4.40272311165375	4.70106367438054	4.99535168078886
5.14818745029107	4.40249477568075	4.70868988203187	5.01439083062967
5.15529577471025	4.40568737279672	4.70824391247957	5.01387502784643
5.16240409912944	4.4246513958611	4.71895989822169	5.02827050693084
5.16951242354863	4.41646615023752	4.72996012358545	5.03264650528749
5.17662074796781	4.4338818160807	4.72670229566101	5.01486642409313
5.183729072387	4.43907546235582	4.74116599280997	5.04582506584158
5.19083739680618	4.43770206891999	4.74699333204104	5.0382854144409
5.19794572122537	4.45975377092585	4.75139585488507	5.0477415492151
