"mitochan"	"lwrNorm"	"medNorm"	"uprNorm"
-1.90327037354145	-3.68458865072088	-2.59687742739131	-1.42145975767433
-1.89706211451297	-3.64508843079972	-2.58761090878407	-1.44480271988007
-1.8908538554845	-3.63620981064078	-2.58709516035473	-1.42309552068488
-1.88464559645603	-3.64133085856154	-2.5768720038846	-1.42948279096628
-1.87843733742755	-3.65995015210136	-2.5770961114412	-1.40528858758333
-1.87222907839908	-3.63765476587129	-2.56378881472456	-1.4053742964313
-1.8660208193706	-3.61880018387058	-2.5620522306739	-1.41203534234599
-1.85981256034213	-3.62306698874644	-2.54019034584855	-1.41370070419847
-1.85360430131365	-3.60179195915415	-2.53611099970051	-1.40437961014327
-1.84739604228518	-3.58078413386669	-2.52350569153624	-1.3821279501223
-1.8411877832567	-3.57621799224911	-2.52576121670686	-1.38209194817764
-1.83497952422823	-3.56372386266222	-2.51613032846126	-1.36015469239376
-1.82877126519975	-3.54611837411068	-2.49474074500531	-1.36878086065094
-1.82256300617128	-3.57959315792285	-2.49916418551182	-1.36196886943817
-1.8163547471428	-3.55087552764509	-2.48728284599174	-1.32286984070367
-1.81014648811433	-3.52810254465219	-2.46924286382354	-1.33761399633615
-1.80393822908586	-3.53327492910797	-2.46156858943673	-1.32786814019266
-1.79772997005738	-3.50185920152954	-2.45387740558314	-1.33856818146112
-1.79152171102891	-3.50637812331485	-2.45635330190447	-1.33258788208075
-1.78531345200043	-3.49494464254422	-2.45046461143685	-1.29391890625448
-1.77910519297196	-3.46973888021708	-2.42471661278924	-1.32552674650193
-1.77289693394348	-3.50744758967158	-2.41887314409115	-1.32380649634261
-1.76668867491501	-3.44595478468439	-2.42071981781881	-1.26642621510688
-1.76048041588653	-3.42994459698854	-2.40943404341462	-1.32095447831453
-1.75427215685806	-3.40423884718285	-2.40178537846639	-1.28154391117357
-1.74806389782958	-3.4200322215933	-2.3882163682034	-1.29838450928537
-1.74185563880111	-3.41332317471199	-2.38898456009008	-1.27555657896982
-1.73564737977264	-3.39795854154443	-2.36847858421561	-1.26913945574085
-1.72943912074416	-3.36367599487289	-2.36387261465846	-1.24295303033992
-1.72323086171569	-3.36342036858097	-2.34983460982078	-1.2906425488369
-1.71702260268721	-3.3823746695834	-2.35064155982808	-1.26328276992661
-1.71081434365874	-3.31011197700896	-2.34682785331278	-1.25425751548253
-1.70460608463026	-3.33319924998086	-2.34036575023712	-1.24788432013051
-1.69839782560179	-3.34253513059612	-2.31178467650208	-1.21814675810679
-1.69218956657331	-3.31793083375329	-2.31282369282305	-1.22877952267915
-1.68598130754484	-3.30439119401934	-2.31100430396144	-1.23187723295246
-1.67977304851636	-3.29859967616396	-2.30195581006435	-1.21818219449998
-1.67356478948789	-3.29427868003816	-2.30709364535618	-1.17166554373267
-1.66735653045942	-3.27697459691696	-2.28867349365406	-1.23248277603474
-1.66114827143094	-3.2564320462338	-2.26659910890468	-1.19119227262436
-1.65494001240247	-3.26366514016009	-2.2619502600282	-1.18428923495337
-1.64873175337399	-3.22830182394225	-2.25401428245313	-1.1869427078198
-1.64252349434552	-3.21587278628413	-2.24739891595988	-1.18824192200859
-1.63631523531704	-3.21563910477485	-2.22946719319224	-1.20198606663656
-1.63010697628857	-3.21056920298593	-2.23088183585884	-1.15438329168922
-1.62389871726009	-3.23824582778734	-2.21484677259345	-1.1909314266365
-1.61769045823162	-3.1755451376615	-2.20590311249459	-1.15139272157449
-1.61148219920314	-3.18010805097804	-2.22340684140889	-1.16027410888019
-1.60527394017467	-3.17694962339515	-2.19673753008925	-1.14873707566216
-1.5990656811462	-3.11785291014378	-2.1760533812339	-1.1311197827426
-1.59285742211772	-3.16114765121669	-2.17802327947557	-1.17146711698514
-1.58664916308925	-3.13845201129591	-2.16180349363072	-1.16520868275278
-1.58044090406077	-3.15494856807017	-2.15149080058573	-1.13253931352268
-1.5742326450323	-3.0863725980146	-2.14393105633555	-1.09065540107715
-1.56802438600382	-3.08953500543427	-2.13714972181188	-1.12491766963379
-1.56181612697535	-3.06422832465294	-2.14001795967813	-1.07698704559076
-1.55560786794687	-3.09452891748798	-2.12096902914088	-1.08680492885481
-1.5493996089184	-3.06931505823553	-2.12028890925886	-1.11725721553139
-1.54319134988992	-3.0419321655953	-2.11357867575607	-1.0738199192261
-1.53698309086145	-3.04661099279512	-2.10691909850475	-1.12367034421571
-1.53077483183298	-3.01003738116873	-2.08225834860727	-1.07802510300115
-1.5245665728045	-2.9950155780005	-2.08731929165966	-1.08873592128392
-1.51835831377603	-3.00928135422274	-2.06856081557925	-1.03061491689893
-1.51215005474755	-3.02474256401648	-2.05597861280362	-1.02925384294114
-1.50594179571908	-2.9878165790308	-2.070079827611	-1.04369479784776
-1.4997335366906	-2.98985302115505	-2.05243084901737	-1.05400662481591
-1.49352527766213	-2.99721119349651	-2.02829350522069	-1.05380064741123
-1.48731701863365	-2.95503765612315	-2.03020700059185	-1.03039835181563
-1.48110875960518	-2.95242541032895	-2.02087650539437	-1.06354945256624
-1.4749005005767	-2.93400457908914	-2.01897592165502	-1.01278898019829
-1.46869224154823	-2.92017603418909	-2.00389337120877	-1.01505256151925
-1.46248398251975	-2.92402643724333	-1.98735045606687	-1.02337425685043
-1.45627572349128	-2.91289484494811	-1.99389082560771	-1.02185974492144
-1.45006746446281	-2.87838327740795	-1.97386266915059	-0.989252919192344
-1.44385920543433	-2.88414639691992	-1.96300165424219	-1.04286211768347
-1.43765094640586	-2.85632330899818	-1.96069518023896	-0.983324673840534
-1.43144268737738	-2.86673527632275	-1.94550664361069	-0.995747916112022
-1.42523442834891	-2.85011888886791	-1.93566907780237	-0.958063952787947
-1.41902616932043	-2.84397437300146	-1.93187750322546	-1.00686443758215
-1.41281791029196	-2.84498357576532	-1.93446920214557	-0.984515420241494
-1.40660965126348	-2.81351434390588	-1.92841483872026	-0.945885542680797
-1.40040139223501	-2.84504779486594	-1.89623654448004	-0.961982600403798
-1.39419313320653	-2.77157942016919	-1.89879574369606	-0.935643497274907
-1.38798487417806	-2.80345922331191	-1.89262528164932	-0.943325939448264
-1.38177661514959	-2.74217072026208	-1.89460890128932	-0.939124319947471
-1.37556835612111	-2.75786353174847	-1.87739865299687	-0.949906415378417
-1.36936009709264	-2.77410891424198	-1.85474142370611	-0.93026911536281
-1.36315183806416	-2.72213027323047	-1.86203732149582	-0.921591022163197
-1.35694357903569	-2.72402630197851	-1.85924526517724	-0.875747655090156
-1.35073532000721	-2.74895571333588	-1.83597853629194	-0.931230052483155
-1.34452706097874	-2.71079774752074	-1.85169109914767	-0.89413200191372
-1.33831880195026	-2.71778022523777	-1.83314470716881	-0.89938660408889
-1.33211054292179	-2.69992294180509	-1.81612464704418	-0.888638667139446
-1.32590228389331	-2.68912871293858	-1.79979851478018	-0.902533454439626
-1.31969402486484	-2.68696036829515	-1.79934658269013	-0.87611401047098
-1.31348576583637	-2.67028929774346	-1.7956186775839	-0.881827016031404
-1.30727750680789	-2.691563695832	-1.778588805485	-0.838137337270442
-1.30106924777942	-2.63186133516625	-1.77454333188642	-0.824656911912606
-1.29486098875094	-2.62197835919856	-1.76691712671818	-0.868496248265161
-1.28865272972247	-2.62778877965131	-1.75718064974053	-0.849941275523632
-1.28244447069399	-2.60452178220998	-1.75397499145941	-0.842797038565387
-1.27623621166552	-2.61145293446312	-1.75336116770198	-0.86702470057804
-1.27002795263704	-2.6160688581461	-1.72668858403537	-0.806676952086713
-1.26381969360857	-2.58439272338034	-1.73022265787962	-0.804510320736375
-1.25761143458009	-2.57304134548444	-1.71171819360748	-0.826708724201148
-1.25140317555162	-2.57247008274958	-1.71398814202834	-0.803965729081766
-1.24519491652315	-2.56347967687513	-1.70394056073332	-0.80239254499794
-1.23898665749467	-2.5291838703306	-1.69719250061995	-0.786163350598197
-1.2327783984662	-2.52313848274495	-1.68426248149473	-0.829506414540229
-1.22657013943772	-2.52527688602194	-1.68038499991231	-0.781017937744828
-1.22036188040925	-2.50097337480411	-1.66135094107144	-0.758912824079526
-1.21415362138077	-2.50397261863883	-1.65388573648387	-0.792098369529493
-1.2079453623523	-2.49038670871811	-1.64776595770828	-0.759859670255857
-1.20173710332382	-2.44323896397418	-1.63352334824037	-0.742492585761346
-1.19552884429535	-2.44920060141077	-1.64064883686956	-0.742404050520781
-1.18932058526687	-2.44233953141675	-1.62258509009703	-0.780206227465887
-1.1831123262384	-2.48138042928628	-1.62858144701355	-0.735777345210952
-1.17690406720992	-2.4249909695867	-1.61423767652524	-0.716825624774236
-1.17069580818145	-2.41931558279062	-1.6041163996802	-0.733427619689602
-1.16448754915298	-2.40908035763243	-1.58085527557757	-0.709953600263299
-1.1582792901245	-2.40691548621928	-1.58145602650604	-0.713967341655672
-1.15207103109603	-2.39786165893519	-1.56968825211531	-0.717576512998616
-1.14586277206755	-2.37515086033138	-1.56106729931543	-0.696382006080991
-1.13965451303908	-2.36785203444924	-1.55958021444741	-0.685626754725628
-1.1334462540106	-2.37288527860664	-1.54895391408955	-0.68555330445399
-1.12723799498213	-2.37889411319519	-1.54685959123094	-0.659178709630958
-1.12102973595365	-2.34069882524968	-1.52841454314778	-0.665101928471419
-1.11482147692518	-2.30221049112489	-1.52299873340222	-0.686490720886264
-1.1086132178967	-2.32847153364106	-1.49696063148871	-0.657389163675799
-1.10240495886823	-2.29541832026905	-1.50286367669652	-0.654314271292268
-1.09619669983976	-2.28660562491603	-1.50364700949427	-0.650290039526658
-1.08998844081128	-2.29605473131889	-1.49007824620714	-0.657936552037983
-1.08378018178281	-2.25813307792462	-1.47381866861879	-0.648405357250828
-1.07757192275433	-2.26539178662504	-1.46303991304675	-0.627193357354407
-1.07136366372586	-2.28004372423835	-1.46158871531043	-0.605299048160836
-1.06515540469738	-2.24372081731333	-1.46216497897192	-0.650274858284316
-1.05894714566891	-2.22255079716906	-1.44993872541783	-0.592806559700073
-1.05273888664043	-2.23923217710199	-1.43127783382059	-0.615077782398604
-1.04653062761196	-2.19797960970108	-1.44001741679859	-0.587675417998666
-1.04032236858348	-2.16713019000937	-1.42073805367467	-0.596623260250086
-1.03411410955501	-2.19178335336868	-1.41228214313643	-0.566255409135527
-1.02790585052654	-2.17607603238666	-1.40533544678295	-0.573956456864674
-1.02169759149806	-2.23291497718	-1.3905069995061	-0.579571602018119
-1.01548933246959	-2.15047192097759	-1.38707178925178	-0.535383436169188
-1.00928107344111	-2.15734166021082	-1.3711690510128	-0.539374440038114
-1.00307281441264	-2.13308021032011	-1.37365002355025	-0.511908097117637
-0.996864555384163	-2.14041558006933	-1.3577890710586	-0.547500214553008
-0.990656296355688	-2.12793021909227	-1.35264314756144	-0.538010486035381
-0.984448037327214	-2.11739062262632	-1.3456030669602	-0.529177864565388
-0.978239778298739	-2.10873154708	-1.33308658989918	-0.525620325991846
-0.972031519270264	-2.09622498059258	-1.32854021974422	-0.516673911172256
-0.96582326024179	-2.06936416266535	-1.31859849760778	-0.512539227494902
-0.959615001213315	-2.06831592524499	-1.30795117434614	-0.512131125044799
-0.953406742184841	-2.07021341641464	-1.29739928355904	-0.486017635148748
-0.947198483156366	-2.02627704148147	-1.2928929531398	-0.498916054415444
-0.940990224127892	-2.02250095037795	-1.28731837777534	-0.491043714374746
-0.934781965099417	-2.01052139442103	-1.2854911335839	-0.502916041843039
-0.928573706070942	-2.00874181912297	-1.27125994537193	-0.478808185046979
-0.922365447042468	-2.02887102924787	-1.26425143485328	-0.467072958515555
-0.916157188013993	-2.01221960988074	-1.24176479629274	-0.479779836520754
-0.909948928985519	-2.01705935069348	-1.2579219300351	-0.47428743205404
-0.903740669957044	-1.98764025974939	-1.2327869863344	-0.452710541861981
-0.89753241092857	-1.9711705531001	-1.22261501706019	-0.446159779160374
-0.891324151900095	-1.94207020435427	-1.22196231455236	-0.429620972980653
-0.88511589287162	-1.93456744567281	-1.20716939527985	-0.446163694172012
-0.878907633843146	-1.94569122887422	-1.19991653357848	-0.428785262845654
-0.872699374814671	-1.95494749083827	-1.19268895523807	-0.419330134698654
-0.866491115786197	-1.90131951732493	-1.18371552877953	-0.395520303094172
-0.860282856757722	-1.92968009378737	-1.16904389824069	-0.417074164297887
-0.854074597729248	-1.89374446404127	-1.17523506709572	-0.398128047240707
-0.847866338700773	-1.8957295629248	-1.16622733550729	-0.379310273464444
-0.841658079672299	-1.88409034044959	-1.15108798627392	-0.383480768415779
-0.835449820643824	-1.83412225486441	-1.14389664204233	-0.338808598329426
-0.82924156161535	-1.85487991557507	-1.13018453314628	-0.331233537413297
-0.823033302586875	-1.84733269454136	-1.1406209326035	-0.339854494460204
-0.8168250435584	-1.83768486792312	-1.11907473477997	-0.387354342990423
-0.810616784529926	-1.82825843887057	-1.10078733458395	-0.348624689065357
-0.804408525501451	-1.82035744462104	-1.10132490199981	-0.333692991597215
-0.798200266472977	-1.79930811940284	-1.09343062381624	-0.353601811444836
-0.791992007444502	-1.79762627676752	-1.08158796801347	-0.351553784064635
-0.785783748416027	-1.75141612323098	-1.0815829406538	-0.328413017814286
-0.779575489387553	-1.77463083065055	-1.06699306712974	-0.326162309237316
-0.773367230359078	-1.78824693026988	-1.05511487340554	-0.311348221224525
-0.767158971330604	-1.71742149776286	-1.04889160419387	-0.296048126714404
-0.760950712302129	-1.76815646081219	-1.03235607507475	-0.278337889240814
-0.754742453273655	-1.7368132765226	-1.02546642557006	-0.271611958011926
-0.74853419424518	-1.72929192347903	-1.01628247164579	-0.29379050917224
-0.742325935216706	-1.75593146402358	-1.00948817663893	-0.265611510481294
-0.736117676188231	-1.72200820406403	-1.00915205586896	-0.249532610848152
-0.729909417159756	-1.69155716779602	-1.00163215810056	-0.268355579118546
-0.723701158131282	-1.68058249248063	-0.98065511595973	-0.219589385356122
-0.717492899102807	-1.67325299328994	-0.979343817591936	-0.257281644957054
-0.711284640074333	-1.6699933838347	-0.97412359093319	-0.261605757565975
-0.705076381045858	-1.6673915943884	-0.969552250479074	-0.232180893160882
-0.698868122017384	-1.65084987110688	-0.954074696799983	-0.230853743034305
-0.692659862988909	-1.6206490487128	-0.95079376410894	-0.252193040985378
-0.686451603960434	-1.6182097768239	-0.935308415689142	-0.22685891418551
-0.68024334493196	-1.61846041406588	-0.922697473436643	-0.200293240230695
-0.674035085903485	-1.58606342669596	-0.914667120812027	-0.212489940334702
-0.667826826875011	-1.59089556234938	-0.915016671296082	-0.208047885065139
-0.661618567846536	-1.58144414200011	-0.902459068949555	-0.174976365304382
-0.655410308818062	-1.59123582997316	-0.89875813538098	-0.184578541949359
-0.649202049789587	-1.55566567395406	-0.883296794392137	-0.189501995278559
-0.642993790761113	-1.56445154255812	-0.861031662323487	-0.175453339380879
-0.636785531732638	-1.5667057893235	-0.877142772831937	-0.137525465944751
-0.630577272704163	-1.54270081758238	-0.865257222119832	-0.15907491007814
-0.624369013675689	-1.53279501345242	-0.853248416102311	-0.129242722948536
-0.618160754647214	-1.51648766787812	-0.851108777603508	-0.129363989373737
-0.61195249561874	-1.53472488411183	-0.831697513571259	-0.108643628878994
-0.605744236590265	-1.51498745995037	-0.831927996680157	-0.131011277402151
-0.59953597756179	-1.51127718815555	-0.816042912453187	-0.0921681484607017
-0.593327718533316	-1.49640887401444	-0.796489982146301	-0.115046385862118
-0.587119459504841	-1.47699273291676	-0.799674236757257	-0.114640412693403
-0.580911200476367	-1.46619979599052	-0.793055469287684	-0.0835058177627972
-0.574702941447892	-1.43534904217539	-0.789382186881472	-0.0891554147053395
-0.568494682419418	-1.4456659380092	-0.781798091448498	-0.0620062295694192
-0.562286423390943	-1.43950956702738	-0.770654700057938	-0.0921524417466743
-0.556078164362469	-1.43591460635899	-0.765412228187355	-0.0545972494293198
-0.549869905333994	-1.41222539847692	-0.755320979237048	-0.0444120139397685
-0.54366164630552	-1.40640602259636	-0.752386618041717	-0.0525488249128093
-0.537453387277045	-1.3714229024868	-0.739351103598552	-0.0608465254728708
-0.53124512824857	-1.38431676378607	-0.733245582159155	-0.0568619668619743
-0.525036869220096	-1.36532312549768	-0.71885671417503	-0.0232827271596012
-0.518828610191621	-1.37576267473044	-0.70217436285486	-0.0051686502164234
-0.512620351163147	-1.37837567641129	-0.700965803059589	-0.0182767850709308
-0.506412092134672	-1.33490978658625	-0.681374519748909	-0.00227711000246734
-0.500203833106198	-1.35068214147746	-0.681906907416532	0.00464968580876892
-0.493995574077723	-1.34641196865252	-0.678468150231889	0.0156760032930366
-0.487787315049248	-1.29999868598932	-0.669363467841586	0.0385443631184383
-0.481579056020774	-1.32032304188322	-0.658371908841841	-0.00211433859764871
-0.475370796992299	-1.30816114047108	-0.656575645176752	0.0281220660929947
-0.469162537963825	-1.29153914389383	-0.645163360014581	0.0288727505274895
-0.46295427893535	-1.31611189212874	-0.627231844625133	0.0299871014596312
-0.456746019906876	-1.30287828222519	-0.621061746162744	0.0140335903462307
-0.450537760878401	-1.27319201847109	-0.613646599012147	0.0771289493087226
-0.444329501849926	-1.24319797755216	-0.612139621830666	0.058395031612416
-0.438121242821452	-1.23215010625028	-0.599878978766531	0.0911408128276776
-0.431912983792977	-1.26401686521396	-0.599041846545701	0.0814654784288986
-0.425704724764503	-1.22565953401247	-0.586197046691638	0.100007340664308
-0.419496465736028	-1.21402355993592	-0.579976736081085	0.107207159186778
-0.413288206707554	-1.2047146184863	-0.560894151494047	0.10572820490977
-0.407079947679079	-1.21600376766952	-0.556162205255949	0.138709942756302
-0.400871688650605	-1.18429419750801	-0.545743537854677	0.0935950380371126
-0.39466342962213	-1.17274004330573	-0.540355658405399	0.114480104282769
-0.388455170593655	-1.14428499206315	-0.526967675189665	0.133750394975784
-0.382246911565181	-1.14873503590951	-0.527970148606043	0.132295784882528
-0.376038652536706	-1.14517788850898	-0.514468810558858	0.14159057940355
-0.369830393508232	-1.15910475344308	-0.51205673120819	0.135522051718992
-0.363622134479757	-1.15451354065746	-0.513910268030613	0.16648467475466
-0.357413875451283	-1.12048666724747	-0.493139304591565	0.190552042456391
-0.351205616422808	-1.11071887417768	-0.476383091510168	0.177271624533275
-0.344997357394333	-1.11419411426684	-0.481860678204733	0.189077882874929
-0.338789098365859	-1.09184849319447	-0.463230427164903	0.211454498469739
-0.332580839337384	-1.1038223017186	-0.455247931250489	0.208245979708855
-0.32637258030891	-1.09407461357144	-0.44937933124155	0.218904174629296
-0.320164321280435	-1.08502043028353	-0.440029044603657	0.205958591560301
-0.313956062251961	-1.07565456645928	-0.429613170409108	0.230073222420017
-0.307747803223486	-1.03053324090362	-0.428742367436761	0.230599403533607
-0.301539544195011	-1.02400107182811	-0.412652606778264	0.24244671050193
-0.295331285166537	-1.0294797848153	-0.405704366898356	0.258230638080801
-0.289123026138062	-1.02801425929041	-0.407719731249052	0.236484404934399
-0.282914767109588	-1.01657372679843	-0.392796255921134	0.25815591193895
-0.276706508081113	-1.00248428686246	-0.378962398059625	0.275311096281848
-0.270498249052639	-0.981563626350974	-0.371335643867752	0.292157903738127
-0.264289990024164	-1.00906034125222	-0.368543459265393	0.281649490356676
-0.25808173099569	-0.992292749832905	-0.3499158032542	0.277911249324961
-0.251873471967215	-0.974060900353326	-0.352103905186872	0.299796003817052
-0.24566521293874	-0.9860363152772	-0.34058738646913	0.344199808119139
-0.239456953910266	-0.959229030262921	-0.336407931659813	0.29213249573926
-0.233248694881791	-0.946679795538656	-0.31198995816064	0.311311935670412
-0.227040435853317	-0.938336128797648	-0.308084453930061	0.321385261119656
-0.220832176824842	-0.928668264795753	-0.300712633616849	0.331803260787485
-0.214623917796368	-0.914343856758334	-0.295779832294149	0.364148994463818
-0.208415658767893	-0.923256632824171	-0.288922177925276	0.340754751973656
-0.202207399739418	-0.886450725550631	-0.27363773646008	0.346910124129905
-0.195999140710944	-0.876860519925069	-0.264380884663794	0.35998434832716
-0.189790881682469	-0.882243903161783	-0.262952108434367	0.382448004952335
-0.183582622653995	-0.854507522036643	-0.251580336653275	0.388643734404768
-0.17737436362552	-0.848845184722686	-0.244151550946669	0.395101870759938
-0.171166104597046	-0.877682364202362	-0.235042246938786	0.40418805104849
-0.164957845568571	-0.849599957952033	-0.228297064958504	0.406847133972152
-0.158749586540097	-0.836639723056208	-0.215827748507574	0.431701416944104
-0.152541327511622	-0.834614267345888	-0.212099318148968	0.433319746031973
-0.146333068483147	-0.827177121643136	-0.204515511256153	0.443886077232037
-0.140124809454673	-0.80807730264485	-0.188245622637474	0.450548553269213
-0.133916550426198	-0.809595022459199	-0.194381358684328	0.489409824662206
-0.127708291397724	-0.783473292772991	-0.174312059023097	0.443819480994728
-0.121500032369249	-0.784295923914135	-0.162328282069355	0.463664714322829
-0.115291773340775	-0.780246010214743	-0.170921095421249	0.481336514697326
-0.1090835143123	-0.78135419565823	-0.15534083756202	0.485318702896465
-0.102875255283825	-0.754592767338649	-0.138832918957223	0.486034411568227
-0.0966669962553508	-0.72926371590137	-0.140406093598172	0.503429274814329
-0.0904587372268764	-0.754869598577954	-0.11720740665846	0.502041987219411
-0.0842504781984017	-0.750292438415876	-0.117430905200287	0.516655627702052
-0.0780422191699273	-0.727939490817555	-0.103121275302741	0.519473303555245
-0.0718339601414526	-0.722180851631393	-0.109487077134176	0.546461876434815
-0.0656257011129782	-0.697614095331156	-0.0954782092280747	0.547846495316743
-0.0594174420845035	-0.710914488220909	-0.0858973387872646	0.549742092534902
-0.0532091830560288	-0.708405028978436	-0.081770386793331	0.565434649183474
-0.0470009240275544	-0.696289634126894	-0.0588042619582974	0.572820949083518
-0.0407926649990797	-0.683787843784762	-0.0568726300353814	0.571055130886919
-0.0345844059706053	-0.688064251711901	-0.0363955146491501	0.56021210798685
-0.0283761469421306	-0.650410389906621	-0.0450110807462765	0.570196465266576
-0.0221678879136562	-0.657569375527948	-0.035832199417411	0.578092216866244
-0.0159596288851815	-0.62112797004162	-0.0264176506212452	0.610016459685667
-0.00975136985670688	-0.629442717663907	-0.0241695358437932	0.61555418349987
-0.00354311082823244	-0.620365758627012	-0.00460182939200664	0.63501651477284
0.00266514820024222	-0.586530539695476	0.00108010927122237	0.629844082135905
0.00887340722871666	-0.628456345828376	0.00648131287132368	0.622350942474125
0.0150816662571913	-0.583771023703997	0.0183823393789022	0.647339799401088
0.0212899252856658	-0.58815903583581	0.0222364405162772	0.658567541887956
0.0274981843141404	-0.602105090328477	0.0374917061046454	0.666028446025376
0.0337064433426151	-0.571458150718548	0.0416177990557925	0.683007061839456
0.0399147023710895	-0.552653669092636	0.0414841273572407	0.670893237660701
0.0461229613995642	-0.554991053181888	0.0538851277355664	0.67798393115519
0.0523312204280386	-0.55113408745046	0.0669122840105449	0.711864879260352
0.0585394794565133	-0.530239151955971	0.0622024150145791	0.688840739065703
0.0647477384849877	-0.534270387491137	0.0876825905608056	0.735210779913323
0.0709559975134624	-0.509109037570901	0.0883697993455723	0.683310639235548
0.0771642565419368	-0.531860275886779	0.101679603934788	0.7327890461128
0.0833725155704115	-0.545341873257778	0.115582936138935	0.74293970521075
0.0895807745988861	-0.490296378648819	0.12291078381699	0.732621725504719
0.0957890336273606	-0.511874138455366	0.144491161844747	0.737523094527045
0.101997292655835	-0.475619921742248	0.137496456513378	0.779710753020649
0.10820555168431	-0.453669513116146	0.147003999426723	0.773769497778745
0.114413810712784	-0.474056127645995	0.158657774181843	0.782658320238428
0.120622069741259	-0.460339478448021	0.161916347662042	0.789772010498583
0.126830328769733	-0.452705404144618	0.166823286817145	0.820150177400724
0.133038587798208	-0.431369464155943	0.173469681876054	0.792919792863315
0.139246846826683	-0.43330173941667	0.184136547149114	0.811994196251635
0.145455105855157	-0.431435950865466	0.188997934734768	0.854264278541476
0.151663364883632	-0.409159027793185	0.200758313274863	0.821020098886813
0.157871623912106	-0.40399115360132	0.212394832605899	0.857718788910507
0.164079882940581	-0.407501299456032	0.21753175424703	0.883442063881966
0.170288141969055	-0.407750053658541	0.227693190901124	0.871403883324453
0.17649640099753	-0.390857163954796	0.236614964663026	0.874672922577917
0.182704660026004	-0.370081386311376	0.243670722368122	0.873497860730725
0.188912919054479	-0.396201614779559	0.247037527114481	0.896749674590148
0.195121178082954	-0.356619130245446	0.260509148293673	0.898490892700571
0.201329437111428	-0.354075146330424	0.258471967738309	0.921466974855208
0.207537696139903	-0.350434788596996	0.279442577155777	0.884381556757465
0.213745955168377	-0.351843326768653	0.284692030208486	0.930195955534917
0.219954214196852	-0.328802394546078	0.301578317974944	0.955927921917016
0.226162473225326	-0.32498763914244	0.307795117861511	0.937340681560091
0.232370732253801	-0.317211492099079	0.316851031237818	0.950302926684612
0.238578991282276	-0.281526151208648	0.330906073163347	0.944858218472975
0.24478725031075	-0.317056731814719	0.329382109120195	0.959742412037101
0.250995509339225	-0.29682661285731	0.331469051555788	0.988519150188866
0.257203768367699	-0.277956456738765	0.354795661413388	0.976025291903268
0.263412027396174	-0.252478835387347	0.368105702003444	0.99944526247376
0.269620286424648	-0.274719585279237	0.363619065350128	1.00042012750245
0.275828545453123	-0.284898385486306	0.366155489748571	1.03035143853522
0.282036804481598	-0.257055802716422	0.377201216491408	1.04241279880683
0.288245063510072	-0.25244025896811	0.381316820434968	1.02438363818612
0.294453322538547	-0.235823745654518	0.406685587719587	1.07351801967206
0.300661581567021	-0.216834832060012	0.410051819826676	1.05680598396893
0.306869840595496	-0.206666242067361	0.426049830756412	1.06388126434249
0.31307809962397	-0.217291949742975	0.422584792154932	1.05432727752268
0.319286358652445	-0.222073234873124	0.436191970514125	1.07184405216415
0.325494617680919	-0.190581460253117	0.446387430511845	1.07017808642621
0.331702876709394	-0.187747219657772	0.439246665245969	1.09024578364859
0.337911135737869	-0.149840676711297	0.459027365309043	1.10072635595771
0.344119394766343	-0.186484352338873	0.468215131286678	1.11748559561092
0.350327653794818	-0.159646425076696	0.476013790679991	1.12057052154287
0.356535912823292	-0.150579618075996	0.482779879545819	1.12749948326597
0.362744171851767	-0.167452240628497	0.492983119206443	1.14336306971958
0.368952430880241	-0.156811167231292	0.501327507132592	1.13758609749978
0.375160689908716	-0.132314325968841	0.500901803929604	1.14218585738634
0.381368948937191	-0.151352660121577	0.520862306501448	1.1869925810278
0.387577207965665	-0.114928699586773	0.523821211147345	1.16266243798177
0.39378546699414	-0.136196355791373	0.533923971163566	1.20721893881855
0.399993726022614	-0.112149409291139	0.538328817890746	1.18529392083567
0.406201985051089	-0.092855639268324	0.553301132057761	1.18155431367343
0.412410244079563	-0.0772902337866435	0.552833723025296	1.21718526013
0.418618503108038	-0.059097587107143	0.564659622585111	1.21081451599951
0.424826762136512	-0.0727501677228189	0.580263608791695	1.2242366916041
0.431035021164987	-0.0637742913725894	0.581007668075773	1.23922952930096
0.437243280193462	-0.038234861374021	0.587017892437303	1.25100250667728
0.443451539221936	-0.0813948947053618	0.598526040444902	1.29579797521789
0.449659798250411	-0.040031984698138	0.613004195905774	1.25540415083973
0.455868057278885	-0.0378690644082756	0.620813013044375	1.27249202394996
0.46207631630736	-0.0138012104717016	0.619048114964654	1.29238547893685
0.468284575335834	-0.0327746053241388	0.643415978656629	1.32112683995269
0.474492834364309	-0.0246775607131072	0.657457279791897	1.32340523845638
0.480701093392784	-0.0378991215562851	0.654296667124798	1.33743032324794
0.486909352421258	-0.00456789685330358	0.660399008505523	1.3093156185309
0.493117611449733	-0.0292722516773559	0.66851882451164	1.34764920360868
0.499325870478207	-0.0112142787169116	0.678691620144868	1.35957756982909
0.505534129506682	0.0441584152001927	0.69097585656116	1.34075102981872
0.511742388535156	0.053077785569718	0.696437467071638	1.36820719409851
0.517950647563631	0.0189211404080463	0.706629597293591	1.39055725526104
0.524158906592105	0.0336646145181024	0.712251736519034	1.36532407371709
0.53036716562058	0.0574243422300761	0.718950645033827	1.41671884329359
0.536575424649055	0.0696337932936879	0.740316116436	1.3918815331077
0.542783683677529	0.0698984795733755	0.743488814463741	1.37400625352946
0.548991942706004	0.0727030120540791	0.744831273421232	1.45960671506869
0.555200201734478	0.0705540204751183	0.758107148557352	1.41228204596879
0.561408460762953	0.0908952701391107	0.765136219560101	1.43838312136558
0.567616719791427	0.0902270531536205	0.781674968333089	1.46155259750206
0.573824978819902	0.0609124624158365	0.775891177791643	1.45139186039274
0.580033237848376	0.0677001408153431	0.788138902038554	1.48650983265389
0.586241496876851	0.126310914524875	0.792686229443964	1.45480482491123
0.592449755905326	0.114009592098548	0.817109265468232	1.47083568155259
0.5986580149338	0.12678836391469	0.820979033349694	1.49403156704634
0.604866273962275	0.12151529672592	0.827982515816907	1.49526981943021
0.611074532990749	0.138226412036106	0.838935347449702	1.50404841927573
0.617282792019224	0.130529943004454	0.846344433210658	1.51786259068141
0.623491051047699	0.122298361184827	0.850006317919775	1.56221373040532
0.629699310076173	0.165472392906476	0.852566630893086	1.53484574044306
0.635907569104648	0.160378544920375	0.859231001555024	1.5755640378725
0.642115828133122	0.174235725225179	0.868105886936068	1.58468906072137
0.648324087161597	0.181417415232574	0.874008039730334	1.60602451886108
0.654532346190071	0.165875099167252	0.88031323788936	1.61616645845871
0.660740605218546	0.208360042762061	0.895753405261166	1.57745238514397
0.66694886424702	0.199970953627071	0.900026116425356	1.58104254142705
0.673157123275495	0.186050940801387	0.917848469099933	1.62629129131747
0.67936538230397	0.213483832214226	0.920115772661521	1.6516079215754
0.685573641332444	0.205103778023787	0.935710358525846	1.69125210122345
0.691781900360919	0.213947252370514	0.944542157712525	1.68290234426652
0.697990159389393	0.229162984562687	0.941774020314737	1.65356679947238
0.704198418417868	0.267998609409162	0.960181682511012	1.67865816316355
0.710406677446342	0.272131900655391	0.965442254521385	1.66899077748708
0.716614936474817	0.24731389288884	0.979260835267572	1.66540732673245
0.722823195503291	0.25513751113231	0.980559996926046	1.70831398346894
0.729031454531766	0.270735584414023	0.999000133670428	1.69602332962405
0.735239713560241	0.270479100064411	0.99715593685567	1.70859885773886
0.741447972588715	0.284312636667328	1.00871965816546	1.69730349396555
0.74765623161719	0.266662041837842	1.03075120142463	1.74023279432168
0.753864490645664	0.279129797443653	1.02152989143682	1.75179399652594
0.760072749674139	0.286836765573882	1.03318699013381	1.77271464005443
0.766281008702614	0.340741486527575	1.04062750418517	1.77448630571208
0.772489267731088	0.301471916678406	1.04585793166255	1.75024854432009
0.778697526759563	0.364844962495279	1.06880974053012	1.79338633399555
0.784905785788037	0.335991247608869	1.06402008816673	1.8068988098493
0.791114044816512	0.327196504051151	1.07440437944585	1.79267970028263
0.797322303844986	0.341770958126792	1.0907888309	1.80753694179154
0.803530562873461	0.332895750839986	1.08826044378997	1.80333834045076
0.809738821901935	0.325906040397812	1.10135348905624	1.79365503931835
0.81594708093041	0.346914621230225	1.11044339528155	1.8623637882466
0.822155339958885	0.380227122119014	1.11815248436025	1.88421830983905
0.828363598987359	0.348446997843415	1.1300842615712	1.88238088797469
0.834571858015834	0.358701088696627	1.13823355313967	1.9069323617042
0.840780117044308	0.39496122174851	1.14395155980184	1.89117961162543
0.846988376072783	0.402521154624931	1.15372689491571	1.90038415712665
0.853196635101257	0.373989612585985	1.16041298963323	1.90018219392526
0.859404894129732	0.391360594140072	1.16349380452029	1.91603993673717
0.865613153158206	0.420732113278288	1.17122376455705	1.91961202870689
0.871821412186681	0.430774946892045	1.18009353062156	1.95804079259934
0.878029671215156	0.419040057046348	1.19290691023861	1.93559133906753
0.88423793024363	0.423694262857222	1.20076619451952	1.95616676699535
0.890446189272105	0.432060603833558	1.20625227397433	1.96978102307822
0.896654448300579	0.43181928073368	1.21193002459352	1.96950906858373
0.902862707329054	0.477872546295559	1.23371708121132	1.98067328179506
0.909070966357528	0.473778979224994	1.2388790933455	1.98701924413394
0.915279225386003	0.448427207309823	1.24959041183807	1.99788093459342
0.921487484414477	0.467474947834215	1.24235167919328	2.0192570589999
0.927695743442952	0.462653518701157	1.25427534418717	2.0465921470291
0.933904002471427	0.496368099342155	1.26865035177022	2.04649401698107
0.940112261499901	0.500593049816827	1.27284534044896	2.03622665922042
0.946320520528376	0.494694778452793	1.30021754095524	2.02743888103263
0.95252877955685	0.514974542613175	1.29325690570933	2.06003947948068
0.958737038585325	0.518736046122969	1.31387050567921	2.08246211443849
0.9649452976138	0.522131904443553	1.31354899469864	2.05399043565662
0.971153556642274	0.534654683066948	1.31798166972993	2.08041699739625
0.977361815670748	0.524802105998168	1.32608701239888	2.09562053948296
0.983570074699223	0.499478122469619	1.33184914848123	2.0759089034118
0.989778333727698	0.549604527852173	1.34274777879533	2.15325722194318
0.995986592756172	0.561971357498316	1.35697123852494	2.1409739565522
1.00219485178465	0.563945600804619	1.3669995960151	2.15576373326113
1.00840311081312	0.576945535752278	1.36869247036853	2.1572036811502
1.0146113698416	0.576120345849485	1.37472527876649	2.16792309841254
1.02081962887007	0.586392569745223	1.37750397121152	2.16824749599956
1.02702788789855	0.587252385790465	1.39343040219967	2.20005900823238
1.03323614692702	0.56902956390733	1.3978865057234	2.1724796746477
1.03944440595549	0.595425439595994	1.40595569531916	2.22630295587854
1.04565266498397	0.584175361803761	1.42645406287502	2.20074830896987
1.05186092401244	0.595206228537616	1.4231469863245	2.239716633182
1.05806918304092	0.643569196733577	1.43761574991269	2.23678289477888
1.06427744206939	0.591884532082274	1.44614735170107	2.23856871653104
1.07048570109787	0.62297101713	1.45892680070028	2.25671671858044
1.07669396012634	0.633526548586677	1.46826077534164	2.24516379097062
1.08290221915482	0.607677763727931	1.46593137077102	2.26054069664089
1.08911047818329	0.674932965804986	1.48005456565988	2.28243279171705
1.09531873721177	0.658992322794806	1.49037625784332	2.32232219508099
1.10152699624024	0.667211500990806	1.4973723331927	2.28364954778529
1.10773525526871	0.674779402802424	1.5043628526788	2.35838190257292
1.11394351429719	0.693246604181613	1.51457566714582	2.31234288165773
1.12015177332566	0.691314940299523	1.52124714936332	2.3057210629343
1.12636003235414	0.69291867120772	1.5433303885575	2.34592186375724
1.13256829138261	0.701854652923469	1.53505970782784	2.37257704075292
1.13877655041109	0.691865785581575	1.54207515791798	2.37821279476867
1.14498480943956	0.720943548858875	1.56358746707857	2.39130979623515
1.15119306846804	0.701862732197431	1.57407101597334	2.39656754228509
1.15740132749651	0.74461918860437	1.58058186008728	2.40383448078734
1.16360958652499	0.72373811046962	1.585232524809	2.40727202605979
1.16981784555346	0.710531956922297	1.59780918200139	2.43180664530993
1.17602610458193	0.735303481007363	1.60698063382765	2.41327017480314
1.18223436361041	0.715560182411499	1.61188397223514	2.4406452743161
1.18844262263888	0.735860598795967	1.60679326670306	2.43903582976671
1.19465088166736	0.770258624078517	1.62859589526583	2.43124407280794
1.20085914069583	0.802064575447242	1.63776147677013	2.47038825392159
1.20706739972431	0.776317178179727	1.63992406287697	2.50668004600217
1.21327565875278	0.756643097787479	1.6451400208878	2.48356499746254
1.21948391778126	0.763882849685305	1.6499615987322	2.51432849997069
1.22569217680973	0.806091878902293	1.66606146564874	2.50331699496597
1.23190043583821	0.786308374468889	1.67627421035116	2.50761518773518
1.23810869486668	0.811635343598331	1.6842006253296	2.55221851461746
1.24431695389515	0.800100508474323	1.69298702767064	2.57300494259729
1.25052521292363	0.812528980170619	1.69791762885159	2.52701924539036
1.2567334719521	0.830978022519919	1.70200904438878	2.54743670072935
1.26294173098058	0.855394020564012	1.72110639570918	2.60520664915703
1.26914999000905	0.801455666575346	1.73196159166727	2.58909899755025
1.27535824903753	0.787802205605561	1.73281163822797	2.61850104068517
1.281566508066	0.833538006455152	1.74817831993984	2.61581302394335
1.28777476709448	0.870366753339686	1.75860989339212	2.63834211529407
1.29398302612295	0.843870963589452	1.76177665530109	2.61860551867033
1.30019128515143	0.837712224191872	1.77491414845359	2.65506560244305
1.3063995441799	0.901985773640266	1.77811102033867	2.66796834052141
1.31260780320838	0.84733692874631	1.8015167803922	2.66143656086205
1.31881606223685	0.899232818788116	1.80001872015906	2.67998420695714
1.32502432126532	0.848131383219695	1.8039768993439	2.68342331060026
1.3312325802938	0.877823610217769	1.81819015903015	2.68552339770772
1.33744083932227	0.898121232253377	1.8212775923314	2.68219754945167
1.34364909835075	0.896453812074667	1.83916006340891	2.72932050573332
1.34985735737922	0.929898842552538	1.8335106721166	2.699384179031
1.3560656164077	0.915999883314867	1.83479768645412	2.73858579276887
1.36227387543617	0.952192599708185	1.86155116112079	2.7624264190293
1.36848213446465	0.899680460328533	1.85850536290437	2.74514927068527
1.37469039349312	0.928936662131275	1.87807518584719	2.75376070525128
1.3808986525216	0.913740301051302	1.88012586815489	2.78271274558491
1.38710691155007	0.935582939676348	1.87776375833624	2.78551310375335
1.39331517057854	0.94058562072774	1.89698276138707	2.80735089152936
1.39952342960702	0.949792136402966	1.90380230004317	2.80546744673976
1.40573168863549	0.991925644066268	1.90357318063051	2.82602264691354
1.41193994766397	0.955155747708864	1.92515115228371	2.82240396566414
1.41814820669244	1.00580900260048	1.93171862045871	2.84160930362205
1.42435646572092	1.00105626952663	1.93273619035085	2.83621894364099
1.43056472474939	0.999801469773544	1.94391801689417	2.86574874874886
1.43677298377787	0.990238402133615	1.95476353809079	2.85935800409225
1.44298124280634	0.993036642547739	1.97795549109956	2.91589206533806
1.44918950183482	1.01914769565597	1.97167041743995	2.88880772751383
1.45539776086329	1.0148310550349	1.99001319669971	2.90682884112332
1.46160601989176	1.00763903980416	1.99171443167828	2.91595911279214
1.46781427892024	1.02396268631146	1.99771175565466	2.92553191068415
1.47402253794871	1.03996981792533	2.01318510574183	2.94282615256091
1.48023079697719	1.05210598739822	2.019764277069	2.91100692782437
1.48643905600566	1.06360546095489	2.01688798068452	2.98684128860389
1.49264731503414	1.00366806098452	2.03301523806534	2.98739121165208
1.49885557406261	1.0576101278305	2.04509010318936	2.96822634768238
1.50506383309109	1.04088360363594	2.04832061944195	2.95382432803869
1.51127209211956	1.01044380660921	2.06891120803551	2.97472359362999
1.51748035114804	1.09553688923783	2.07893412965442	2.99357958567382
1.52368861017651	1.05215574835857	2.06364676012446	2.99917742773864
1.52989686920498	1.10420481674963	2.08464134844257	3.03171932649046
1.53610512823346	1.08541321443234	2.08325770472834	3.06140533321474
1.54231338726193	1.09983064533121	2.09008572797196	3.02619125352103
1.54852164629041	1.10971969964329	2.10420703687523	3.0481094418351
1.55472990531888	1.08814396037151	2.11623315705441	3.07922121265762
1.56093816434736	1.09492189073488	2.12170224355608	3.08953314087316
1.56714642337583	1.12648002940426	2.13031971270089	3.10767030089886
1.57335468240431	1.08193827404527	2.1388259817004	3.10510813731483
1.57956294143278	1.14031781434344	2.16059165626715	3.11244060942157
1.58577120046126	1.1479899844038	2.15749970189873	3.14188141447639
1.59197945948973	1.13633693091719	2.16493209339662	3.14012622149124
1.59818771851821	1.13417641661477	2.18317934249904	3.13952614789409
1.60439597754668	1.14237494942973	2.17756292337839	3.13078540402754
1.61060423657515	1.15729271166231	2.20611112521975	3.17745159752867
1.61681249560363	1.1426542001211	2.21113487038242	3.21026098562478
1.6230207546321	1.14737751260391	2.20719840135598	3.17525779261408
1.62922901366058	1.15259231458544	2.21348627622694	3.20120574190062
1.63543727268905	1.20189312349141	2.22751564182571	3.21522193644278
1.64164553171753	1.19994486743857	2.23406105087626	3.21077088174034
1.647853790746	1.18466128287355	2.24549576291132	3.22103705871087
1.65406204977448	1.19144014738005	2.25222421674112	3.22271191628015
1.66027030880295	1.22310426552977	2.25239112604721	3.2381628361733
1.66647856783143	1.20139556111819	2.26346035851242	3.28087558337944
1.6726868268599	1.2137637113474	2.27836308073333	3.2654562914692
1.67889508588837	1.20789972933818	2.28161083980723	3.26858610725017
1.68510334491685	1.23553823862392	2.28660279722201	3.28631322252848
1.69131160394532	1.21972469648794	2.28820459799062	3.29831331620279
1.6975198629738	1.25623663114252	2.31955481579056	3.32367681363267
1.70372812200227	1.23359979803226	2.31518056132766	3.3210893649921
1.70993638103075	1.240195700644	2.32555972473082	3.34612071447921
1.71614464005922	1.22186462354461	2.32639898501021	3.3596126537954
1.7223528990877	1.28013253202537	2.35906303843775	3.34176305234211
1.72856115811617	1.27883493906896	2.3540641354125	3.39760259141641
1.73476941714465	1.24083119090563	2.36129000793655	3.40874886405885
1.74097767617312	1.26879694112497	2.37131440178086	3.37932315072805
1.74718593520159	1.32234161482703	2.36608516016494	3.37217144071987
1.75339419423007	1.26586006181541	2.39299421411601	3.42237762005597
1.75960245325854	1.29531493347696	2.40611680947638	3.44427126682753
1.76581071228702	1.31500839916382	2.39596706691326	3.4081802428327
1.77201897131549	1.29400187799256	2.41914493427583	3.43011809964692
1.77822723034397	1.28434235507571	2.40814283802246	3.43973937184374
1.78443548937244	1.33925532901145	2.42684939762899	3.44794991508256
1.79064374840092	1.32536639218158	2.43419096782258	3.45351792754035
1.79685200742939	1.33886242829079	2.44292520375053	3.50141770919786
1.80306026645787	1.34742265554302	2.46339239324312	3.50308517293723
1.80926852548634	1.33061284319549	2.46160868479575	3.54798549101245
1.81547678451481	1.33452010231352	2.46941005889312	3.52893282317103
1.82168504354329	1.34726490902997	2.48218924896971	3.52438610100428
1.82789330257176	1.337223626583	2.49172944863066	3.53953902664157
1.83410156160024	1.37732797518387	2.50432100441413	3.54805928642071
1.84030982062871	1.362099769055	2.49919903548838	3.5197526270868
1.84651807965719	1.35698645222876	2.5261046151552	3.55128044190231
1.85272633868566	1.3475752192898	2.50894277255101	3.59026556777241
1.85893459771414	1.40819202897145	2.54045695124365	3.60181833580227
1.86514285674261	1.3474373791041	2.53837754248841	3.63186978208166
1.87135111577109	1.40479171037161	2.56219327959121	3.60018351838418
1.87755937479956	1.39939414700779	2.55910082233459	3.62048396486395
1.88376763382804	1.41483407490794	2.54660570343601	3.63229047732727
1.88997589285651	1.42014760363894	2.56259555275494	3.67879483648471
1.89618415188498	1.39938195417178	2.58847593296923	3.6539731896196
1.90239241091346	1.45237628806963	2.60019773800515	3.66503980396429
1.90860066994193	1.41990505018257	2.59914768633628	3.66393125639364
1.91480892897041	1.45925196734158	2.59714740864258	3.68057827188143
1.92101718799888	1.4249782661087	2.60840768739458	3.71997248136563
1.92722544702736	1.44574854107272	2.60696861217175	3.72161502264995
1.93343370605583	1.45425469336387	2.62461741380718	3.71609506953561
1.93964196508431	1.5031982958776	2.64457028617724	3.70874876132607
1.94585022411278	1.4433947259765	2.65641942177694	3.76947673450204
1.95205848314126	1.47170356180908	2.66953245402721	3.7698687879737
1.95826674216973	1.46758058231314	2.65386742186793	3.80268532685171
1.9644750011982	1.47823070860333	2.67051645474993	3.76034603690213
1.97068326022668	1.45963394693293	2.6893419106484	3.78028127052787
1.97689151925515	1.51614757792106	2.70193081215014	3.77079580388754
1.98309977828363	1.46532471585309	2.71096760587655	3.82077453443483
1.9893080373121	1.48813675652943	2.71008413935407	3.84321395886454
1.99551629634058	1.52355684381922	2.72015609739437	3.87618898667251
2.00172455536905	1.52128512339852	2.72164535782678	3.81637368981777
2.00793281439753	1.52646147653988	2.7303666901564	3.86735001757101
2.014141073426	1.55657182172182	2.7401241308899	3.85633277136331
2.02034933245448	1.51534327529571	2.74777476713311	3.8461398007742
2.02655759148295	1.52368794575885	2.77297225423572	3.88776613353814
2.03276585051142	1.55442901089915	2.77543982080227	3.91712778216787
2.0389741095399	1.55912484685814	2.77310559500976	3.89564881980391
2.04518236856837	1.54432167928218	2.78115450127555	3.91919440117182
2.05139062759685	1.56039852865524	2.78119615725757	3.94304860393357
2.05759888662532	1.58382598031718	2.80648962864839	3.93827796900708
2.0638071456538	1.60384777404862	2.8022492633583	3.95704946617379
2.07001540468227	1.587415597202	2.82458264274772	3.97500157728364
2.07622366371075	1.59766916341403	2.8161551161047	3.99641916926324
2.08243192273922	1.57073285002502	2.82521554596307	3.96912802347415
2.0886401817677	1.54497208375942	2.836976044907	4.00234815008169
2.09484844079617	1.59702859603827	2.85582301807737	3.99325131126697
2.10105669982464	1.60514393647181	2.86081891204407	3.99637077755402
2.10726495885312	1.60612462335702	2.85654405012953	4.03590631109897
2.11347321788159	1.65778749931836	2.87759490379601	4.02270672867688
2.11968147691007	1.59002793453557	2.88416330140339	4.05223080192385
2.12588973593854	1.60395000232545	2.89814737386021	4.06191987707366
2.13209799496702	1.62568193927561	2.9157006471878	4.05853053932314
2.13830625399549	1.60368388873808	2.91487650208711	4.05582654723474
2.14451451302397	1.64614526925058	2.9205792876896	4.09388725760581
2.15072277205244	1.66741017302838	2.92799318327373	4.11603757471653
2.15693103108092	1.62773119951188	2.9338437213771	4.1156224204205
2.16313929010939	1.63633897826377	2.93301981930093	4.11228897510359
2.16934754913786	1.66985313727085	2.95431847307435	4.13407817208683
2.17555580816634	1.6664602196429	2.95810063020225	4.15615914973595
2.18176406719481	1.71148356697161	2.97073268680741	4.17004449156726
2.18797232622329	1.6988188371888	2.97568870195386	4.16938796615805
2.19418058525176	1.69201954232399	2.98583622245402	4.19065834294424
2.20038884428024	1.68623683114467	3.00179572578987	4.19082043859426
2.20659710330871	1.6422996336446	3.00728743670408	4.20295904235242
2.21280536233719	1.66934892512301	2.99884975245884	4.2396434029793
2.21901362136566	1.70004108830496	3.0241539506781	4.22720417940726
2.22522188039414	1.74475251363804	3.0273513475613	4.23264977004816
2.23143013942261	1.6863324688895	3.03615428699918	4.22521267158129
2.23763839845109	1.71635135488001	3.04217643910501	4.25639515212139
2.24384665747956	1.71816068383929	3.05661624881363	4.28835325018525
2.25005491650803	1.76473868229932	3.06101836621609	4.29620135600146
2.25626317553651	1.74887872442444	3.06943567828881	4.29107576635193
2.26247143456498	1.78212555698696	3.07774941677412	4.28503089663999
2.26867969359346	1.7686636606574	3.10087956589752	4.32614641473247
2.27488795262193	1.73471774046259	3.08960881836053	4.32262001959788
2.28109621165041	1.77533073857384	3.11131095516016	4.36130398012649
2.28730447067888	1.75752029992126	3.10871307858666	4.31975283095036
2.29351272970736	1.7483710325255	3.12873675908242	4.36902579877042
2.29972098873583	1.76872811816159	3.12742503763902	4.35962604077577
2.30592924776431	1.77198472199037	3.14782366973686	4.34985001728706
2.31213750679278	1.82371069828591	3.14275331379929	4.38536805998593
2.31834576582125	1.80642900794032	3.14628924518769	4.41343312580907
2.32455402484973	1.79964207564001	3.16674661253103	4.44173050564363
2.3307622838782	1.78168277499358	3.1753763193495	4.41591040988068
2.33697054290668	1.74580038210218	3.17881461263677	4.4617723104082
2.34317880193515	1.82791000005218	3.19137126445137	4.48645161266718
2.34938706096363	1.8356555309988	3.19382799775917	4.4464433664239
2.3555953199921	1.83632107930335	3.20474347604059	4.43215343275852
2.36180357902058	1.79235159044877	3.21012799589574	4.49934641962914
2.36801183804905	1.88328053487661	3.2248876033356	4.48933407866475
2.37422009707753	1.85006665179865	3.22462849412247	4.51143104871932
2.380428356106	1.83032718903513	3.24014180422328	4.47741485114717
2.38663661513447	1.881271135573	3.23563977214637	4.53320846104752
2.39284487416295	1.86135637821853	3.26281562242459	4.53580103096496
2.39905313319142	1.87506625469976	3.27153365044141	4.56413787556243
2.4052613922199	1.84186796277903	3.26718135178508	4.56807770264443
2.41146965124837	1.89451072380232	3.28052738589448	4.56219466822847
2.41767791027685	1.88497550131642	3.28761580926968	4.55495845652333
2.42388616930532	1.88404598575623	3.28711631579106	4.60276805828457
2.4300944283338	1.87824664531303	3.3191668092128	4.61334757780006
2.43630268736227	1.91962561539077	3.30750541820171	4.61555191825531
2.44251094639075	1.89506104457101	3.31819270867732	4.62955114355288
2.44871920541922	1.89371807822003	3.34129600383444	4.60557102529861
2.45492746444769	1.87155991711787	3.34332339969063	4.64118205555035
2.46113572347617	1.899896091564	3.34560665658188	4.68796797331175
2.46734398250464	1.93405692132771	3.37082452450215	4.68396272303181
2.47355224153312	1.93683578907566	3.36636347804196	4.66195374778207
2.47976050056159	1.94559042922277	3.36970283009212	4.66754283290053
2.48596875959007	1.94878569158517	3.38316823664753	4.72327241745032
2.49217701861854	1.91392135169852	3.39284500264644	4.74582006473606
2.49838527764702	1.94243705621608	3.40006039017999	4.7144264819895
2.50459353667549	1.94764797935693	3.40910277948971	4.73127502076154
2.51080179570397	1.95787739932674	3.41376730987057	4.75374512008816
2.51701005473244	2.01208767739655	3.41816765545173	4.74393714896429
2.52321831376092	1.98216458347363	3.43763788757269	4.74622370938286
2.52942657278939	2.01259625531523	3.44852329313111	4.81263533679562
2.53563483181786	2.02241606763833	3.45942887630518	4.79117603618702
2.54184309084634	2.02337745802276	3.44221715364271	4.81802922943405
2.54805134987481	2.01102493320128	3.46574088247225	4.79264017068554
2.55425960890329	1.99383147532159	3.46482853804952	4.84911561531317
2.56046786793176	2.02184903656571	3.47814474222318	4.84687567542374
2.56667612696024	2.03101006717331	3.50129303893412	4.80895084995556
2.57288438598871	2.02762827210525	3.49589784051465	4.8615313031693
2.57909264501719	2.03382718651418	3.51835091373301	4.89360758034873
2.58530090404566	2.02731819288889	3.52413743066384	4.87208656944631
2.59150916307414	2.02515227756935	3.5147944446754	4.90026942033328
2.59771742210261	2.0271922515443	3.54654528147729	4.89462437301847
2.60392568113108	2.04046943940666	3.52858446570441	4.93772127453902
2.61013394015956	2.0757180760697	3.55984924908948	4.91475730324474
2.61634219918803	2.03429634231891	3.55972761939208	4.90126376584792
2.62255045821651	2.04699018704713	3.56713410012859	4.95336256385424
2.62875871724498	2.06900375655864	3.56838360654697	4.99606787700699
2.63496697627346	2.06391108804991	3.58964904883283	4.93078770403469
2.64117523530193	2.0918241667633	3.58634682798328	4.98781879008707
2.64738349433041	2.13694373282593	3.60604168572159	5.00535357993331
2.65359175335888	2.12583036895841	3.61847558195593	4.9887567838489
2.65980001238736	2.10577124365788	3.61993432875929	5.05240315095919
2.66600827141583	2.09724955716963	3.62565425454219	5.0748311272108
2.6722165304443	2.11761543066427	3.6473281044638	5.05102011446874
2.67842478947278	2.14271003468197	3.634098730542	5.06411474554914
2.68463304850125	2.09007517565304	3.65219404494306	5.07166974393567
2.69084130752973	2.09663210846421	3.65831281189022	5.08736148933887
2.6970495665582	2.13528537434002	3.67709333165233	5.09375412397947
2.70325782558668	2.128417146335	3.67621973686771	5.07871861372842
2.70946608461515	2.12885707506557	3.69589268262295	5.1108344318748
2.71567434364363	2.13165060923879	3.70435985210911	5.09932408480291
2.7218826026721	2.1683801242597	3.69568036380356	5.14632327740056
2.72809086170058	2.15059222036936	3.72109556135205	5.10716679306777
2.73429912072905	2.18845840234173	3.72156092267573	5.16713065754191
2.74050737975752	2.17223059627149	3.73043473973155	5.14834993133888
2.746715638786	2.14545153449698	3.74039748103776	5.17991608507968
2.75292389781447	2.17661197865795	3.74353449896547	5.15154804596285
2.75913215684295	2.17719845956354	3.74610889819807	5.21294515605583
2.76534041587142	2.16796396237282	3.7711691780334	5.22487424073826
2.7715486748999	2.1788678268837	3.75498659168269	5.25607751021224
2.77775693392837	2.21034514503913	3.78579686800982	5.23190689985483
2.78396519295685	2.20972007471142	3.79798284711798	5.26087211185447
2.79017345198532	2.21341780779642	3.79946989948455	5.22664779981332
2.7963817110138	2.25343920851367	3.80373077023006	5.24985906876953
2.80258997004227	2.24255766346465	3.80229384229638	5.29258493489734
2.80879822907074	2.21686943984968	3.82485036525464	5.26769863471468
2.81500648809922	2.19026854439667	3.84418521715307	5.27075149087321
2.82121474712769	2.22190110498713	3.84066359203799	5.30033162625721
2.82742300615617	2.29708399324986	3.83401967087979	5.37041646709309
2.83363126518464	2.2416232141723	3.84825625830132	5.35235054126267
2.83983952421312	2.22019554031728	3.86507626170969	5.38675621777636
2.84604778324159	2.23185615244708	3.86333922407243	5.32942079704589
2.85225604227007	2.24573090394465	3.88708402677391	5.40694421571268
2.85846430129854	2.28500457703335	3.88937742598966	5.33707310281039
2.86467256032702	2.27897603128136	3.89763696887756	5.38106108524215
2.87088081935549	2.31003203630041	3.91289464657255	5.36558062092414
2.87708907838397	2.3122991787193	3.91456315900167	5.41563608307213
2.88329733741244	2.30599241408942	3.90768886090388	5.41792266404895
2.88950559644091	2.28015476745528	3.94224595812245	5.43598505544834
2.89571385546939	2.2948479144196	3.95433621281399	5.44282025515438
2.90192211449786	2.32130219466587	3.93595033476682	5.45999125288516
2.90813037352634	2.3075758898276	3.95574197119924	5.47773615556106
2.91433863255481	2.32628504674779	3.9676366887041	5.47681970699768
2.92054689158329	2.34052366860492	3.97034644039945	5.44783854419374
2.92675515061176	2.30844587619104	3.9982704000562	5.48606802442497
2.93296340964024	2.31876145831051	3.99110562296824	5.49769745339815
2.93917166866871	2.33448003609646	4.00683219298863	5.50468946740312
2.94537992769719	2.37569267368417	4.01272875868921	5.51903126849757
2.95158818672566	2.37587942364342	4.02148735956948	5.54889164745915
2.95779644575413	2.3979178750281	4.02802375921101	5.5540138592985
2.96400470478261	2.38564380166998	4.04107139179632	5.55398706183163
2.97021296381108	2.38799905091146	4.03647272321257	5.59351297496045
2.97642122283956	2.39274025290473	4.04825071702724	5.59105916846011
2.98262948186803	2.39915461822072	4.04930269785813	5.57402234972333
2.98883774089651	2.32724378534473	4.07213797176541	5.57435260363735
2.99504599992498	2.39287746989628	4.07924335212543	5.61261617184041
3.00125425895346	2.38978150816042	4.08535684382682	5.62299406837073
3.00746251798193	2.41989732560979	4.10724655838214	5.65520149514499
3.0136707770104	2.42518725891221	4.10492217220062	5.60839582627291
3.01987903603888	2.4205636930357	4.11398916765184	5.65647223626611
3.02608729506735	2.43394081680519	4.12173016023665	5.70742020033409
3.03229555409583	2.40598317442417	4.11135632350299	5.68791172728391
3.0385038131243	2.45750581092302	4.14193320626081	5.7125944508622
3.04471207215278	2.41391050860885	4.13933963813629	5.70667257262571
3.05092033118125	2.43903404460571	4.16606306211579	5.70946762111898
3.05712859020973	2.4605495611194	4.15792656157928	5.74992016534574
3.0633368492382	2.48431635436976	4.16283004612959	5.74786683907472
3.06954510826668	2.48166270008082	4.18404024695195	5.76532270816842
3.07575336729515	2.48872094815722	4.19968071168998	5.75581281128563
3.08196162632363	2.44709408859481	4.18209104070339	5.7583497890986
3.0881698853521	2.4452642715068	4.19810632828228	5.77644135233137
3.09437814438057	2.4734228454717	4.22032924128295	5.80174379705648
3.10058640340905	2.51922867736417	4.22699002475291	5.84095196832314
3.10679466243752	2.50139524302733	4.22130964576344	5.78295783596598
3.113002921466	2.52426996367704	4.24172211024403	5.81439716589681
3.11921118049447	2.50876057793413	4.23620280635859	5.81263034266724
3.12541943952295	2.50407639853713	4.26248571404484	5.89654537676049
3.13162769855142	2.53750748830658	4.25966053512852	5.83614372019915
3.1378359575799	2.5169350077554	4.26495519439653	5.89713205211768
3.14404421660837	2.54271113239321	4.28332681146959	5.88534553041408
3.15025247563685	2.54494270328789	4.27698141713287	5.91536014762013
3.15646073466532	2.54258979184398	4.29702643588937	5.89422522702388
3.1626689936938	2.57287202010883	4.31150628807684	5.89024983725125
3.16887725272227	2.54033087816882	4.31518050703504	5.93650244210559
3.17508551175074	2.57183514729614	4.31562697073433	5.90340925975796
3.18129377077922	2.60451320922167	4.32536133740206	5.9473489876849
3.18750202980769	2.536087807769	4.33274491911147	5.93840453918037
3.19371028883617	2.61650790352039	4.36347297370584	6.00929991351669
3.19991854786464	2.57883721610175	4.34958307948817	5.99216563576487
3.20612680689312	2.53202616476401	4.35819153574171	5.99215213424888
3.21233506592159	2.57547129562451	4.37044072684432	5.99111472156829
3.21854332495007	2.60046023362867	4.36935994923549	6.02750560243908
3.22475158397854	2.56649252894876	4.38811542601783	6.0192161507776
3.23095984300702	2.62636761049903	4.41158064345068	6.05626876398845
3.23716810203549	2.64433836243739	4.40410129849203	6.04442078632862
3.24337636106396	2.62996749427752	4.42213060683579	6.04666856168534
3.24958462009244	2.63708677869674	4.4266492727899	6.06871453313367
3.25579287912091	2.64978853393311	4.4299903790097	6.08637206189458
3.26200113814939	2.61505220381823	4.44342405260082	6.05290138991518
3.26820939717786	2.66514622913517	4.43596011072566	6.08918772346052
3.27441765620634	2.66824326602084	4.45355904744211	6.1021888378727
3.28062591523481	2.59915962815828	4.46956637663581	6.12178855198173
3.28683417426329	2.67420555343229	4.47258212139915	6.16531368020557
3.29304243329176	2.68623717187851	4.47966951018286	6.13311239641908
3.29925069232024	2.66048807083888	4.49194898762042	6.15176476223408
3.30545895134871	2.7110763587198	4.50021070150483	6.19824347686969
3.31166721037718	2.69673908189348	4.50091901066356	6.17064538006476
3.31787546940566	2.71250554013701	4.51325803937124	6.19425591324886
3.32408372843413	2.65998950958015	4.53026333625547	6.20061641948435
3.33029198746261	2.67543319574665	4.52064540714077	6.21701262017825
3.33650024649108	2.65055963988793	4.53222201512355	6.22489497078281
3.34270850551956	2.68905144004485	4.55771922336281	6.19466580869507
3.34891676454803	2.72540236751469	4.56377259933237	6.25518242314865
3.35512502357651	2.68425761803661	4.5701848867957	6.26810548221834
3.36133328260498	2.71335298225565	4.56917167440295	6.28993263468003
3.36754154163346	2.73613167280754	4.58319368348658	6.30457829305957
3.37374980066193	2.72227147030295	4.58153776055148	6.30596018202711
3.3799580596904	2.74955366139244	4.60405340824376	6.32019527918399
3.38616631871888	2.72720805618146	4.61484977693808	6.29674598338473
3.39237457774735	2.75399428370604	4.61088910732712	6.3495002709376
3.39858283677583	2.75700571119069	4.62402900525259	6.3818487550271
3.4047910958043	2.79206674711816	4.64082530942385	6.37576559952458
3.41099935483278	2.78575732100448	4.64268614300071	6.38937944611054
3.41720761386125	2.72361167018915	4.6495134926158	6.39135025204356
3.42341587288973	2.73162027247192	4.64809650031104	6.38507197926622
3.4296241319182	2.77731302375902	4.65855214885322	6.44425166936056
3.43583239094668	2.79663609218725	4.67013324576338	6.41305697466138
3.44204064997515	2.75328279591294	4.68958396300883	6.41353992754586
3.44824890900363	2.80878741086216	4.67098724494631	6.4239452943859
3.4544571680321	2.81835052644451	4.7009374320325	6.47875102806788
3.46066542706057	2.81925939917781	4.72458138048822	6.46237573137191
3.46687368608905	2.79662389757057	4.69722769683004	6.46546189779751
3.47308194511752	2.81438512712898	4.7373279191839	6.50939784259747
3.479290204146	2.85882069925855	4.73180881812057	6.52177958958896
3.48549846317447	2.83143816740304	4.733653589726	6.53984484604171
3.49170672220295	2.82883197096502	4.73558456949388	6.52361416418585
3.49791498123142	2.85730178821197	4.75716428992487	6.54582680971956
3.5041232402599	2.81889277260143	4.76714234277992	6.547463453412
3.51033149928837	2.83801186132436	4.76100773149983	6.55834492536471
3.51653975831685	2.91728189606363	4.77872292506016	6.56946610400039
3.52274801734532	2.90528725695973	4.79526288932041	6.5529609369344
3.52895627637379	2.87867499502535	4.81202510879542	6.62986757739665
3.53516453540227	2.83914060187632	4.79481407006328	6.55818811681647
3.54137279443074	2.91767402897659	4.8440278218368	6.61213550062585
3.54758105345922	2.90265566368287	4.84180159138134	6.60308003657394
3.55378931248769	2.84502390687445	4.83422933830441	6.6325407901561
3.55999757151617	2.88962519886535	4.86170179308635	6.67283622181981
3.56620583054464	2.90739575614904	4.85585961128993	6.63457455114667
3.57241408957312	2.85945813987325	4.85149488837167	6.66935004647839
3.57862234860159	2.92889747765963	4.88137778864737	6.64696606823443
3.58483060763007	2.90045791231517	4.86723130195345	6.66816479780652
3.59103886665854	2.91075659254218	4.89790646432537	6.72281376775397
3.59724712568701	2.94542289020615	4.89940853464847	6.70820321257301
3.60345538471549	2.96702169714242	4.89342889325502	6.74678025667464
3.60966364374396	2.9458902994034	4.91269906996527	6.77055421181734
3.61587190277244	2.90209298683788	4.91157573449556	6.71042062073792
3.62208016180091	2.8894218615605	4.9192586633094	6.73650647864996
3.62828842082939	2.97694189935407	4.92812724262687	6.77824689679083
3.63449667985786	2.92998416228205	4.94842316168654	6.78903047918975
3.64070493888634	2.99174076768324	4.95023140990419	6.76285312692629
3.64691319791481	2.95882241098881	4.96189187889516	6.80912941442493
3.65312145694329	2.98718294543686	4.97289471480233	6.80097592196327
3.65932971597176	2.98701029789851	4.98006823080462	6.80721280041242
3.66553797500023	2.98560701650485	4.97913793279149	6.80262223295378
3.67174623402871	2.96610708306483	5.00391012273185	6.80751598858845
3.67795449305718	3.03776724059996	5.00160693065943	6.83658117924278
3.68416275208566	3.01729981742335	5.02068136288813	6.86797360280735
3.69037101111413	3.05091801326961	5.0335399685612	6.86575982686808
3.69657927014261	2.98883052908835	5.02380236045064	6.86494748404031
3.70278752917108	3.01547509698814	5.03776383794606	6.92911152385594
3.70899578819956	2.99069210203754	5.06826571096212	6.87007791282527
3.71520404722803	3.00159886283285	5.06495406021275	6.8886436730703
3.72141230625651	3.03296956417175	5.07106703327558	6.98749044414166
3.72762056528498	3.04397597823082	5.07756564302857	6.91133728851173
3.73382882431346	3.02539568942606	5.0922509065599	6.97176923519349
3.74003708334193	3.0691428479024	5.08376344640988	6.98473556486485
3.7462453423704	3.05898003860947	5.10691210170912	7.02109570084698
3.75245360139888	3.08683236934424	5.11679729044013	6.98864748136487
3.75866186042735	3.07678615823987	5.12274678895088	6.97972363547609
3.76487011945583	3.08356471071962	5.12543061314229	7.01657340169415
3.7710783784843	3.10356221927856	5.12710831242649	6.98360621309986
3.77728663751278	3.03982909788025	5.14801976360597	6.95878952736581
3.78349489654125	3.10457798185263	5.15296884594777	7.01350107636879
3.78970315556973	3.09878520816295	5.13690878613335	7.083889027097
3.7959114145982	3.05257291635892	5.16421313079312	7.07331390982353
3.80211967362668	3.08421744536889	5.17863090099296	7.06377774283523
3.80832793265515	3.06914879607038	5.18781948380679	7.07193520419981
3.81453619168362	3.10815814689137	5.18685951557531	7.12191841297136
3.8207444507121	3.08660439496241	5.19403591315536	7.1344314973697
3.82695270974057	3.11790815227042	5.21176342145739	7.13392262048825
3.83316096876905	3.10927134658406	5.24234173334848	7.1426854056399
3.83936922779752	3.15737123850713	5.22849499175875	7.0951131877449
3.845577486826	3.1969949322528	5.25375426443319	7.14481497375193
3.85178574585447	3.11558674495953	5.24310954435813	7.15830874111963
3.85799400488295	3.21205027827288	5.24154844525414	7.16778504437758
3.86420226391142	3.15614780115536	5.27165600830255	7.19266587692695
3.8704105229399	3.15015320510404	5.26916354349379	7.2062015907763
3.87661878196837	3.18978011716078	5.27286403694718	7.21888632878257
3.88282704099684	3.20022352895616	5.28058252375546	7.19535012310933
3.88903530002532	3.13096916894172	5.28029854446916	7.23344848739981
3.89524355905379	3.19607644624912	5.31521381339216	7.23698566058468
3.90145181808227	3.23176888498984	5.30876045299383	7.2554985759306
3.90766007711074	3.20781156674299	5.31812986165932	7.27666630434277
3.91386833613922	3.22221809293406	5.3261743636511	7.30256284191822
3.92007659516769	3.22963742490661	5.335155900855	7.29812870378755
3.92628485419617	3.16967503749907	5.33884970917451	7.3142569794664
3.93249311322464	3.21558008332818	5.34076461799593	7.29257314704168
3.93870137225312	3.17827851250278	5.35886193085743	7.30309170015479
3.94490963128159	3.19644196129359	5.36277658927611	7.32614442815388
3.95111789031006	3.22650073576757	5.37673131368466	7.3206513657095
3.95732614933854	3.22276682133912	5.3946226603479	7.32602404142203
3.96353440836701	3.23454178365408	5.40534050834948	7.35142664379521
3.96974266739549	3.20645989848734	5.39609205799	7.34679339555869
3.97595092642396	3.26383119303084	5.40191345084498	7.3770399258397
3.98215918545244	3.30637122159759	5.42663301496727	7.44453732941502
3.98836744448091	3.25584293160164	5.41950359887715	7.43718721915034
3.99457570350939	3.28273860565369	5.43100616219057	7.41406888008688
4.00078396253786	3.29040397871175	5.43464397460161	7.47832749841791
4.00699222156634	3.3137339544659	5.46298036924286	7.4041986097
4.01320048059481	3.3112141113075	5.46255948018815	7.426669030797
4.01940873962329	3.27719204961964	5.4713600999363	7.44040213326934
4.02561699865176	3.27655393532486	5.46985373327555	7.47751866857507
4.03182525768023	3.31100286869473	5.49214158005348	7.5236955757246
4.03803351670871	3.34049694441185	5.50390053083155	7.56080063064364
4.04424177573718	3.34687051947054	5.51489895955811	7.44723445965297
4.05045003476566	3.30175250205364	5.50309732179816	7.51015341580316
4.05665829379413	3.35988367641953	5.51581779389169	7.53887278091746
4.06286655282261	3.32358594589398	5.54797402404056	7.52315663600672
4.06907481185108	3.31802149046333	5.5479908737638	7.5143220265775
4.07528307087956	3.37487901495836	5.54882118381909	7.57926293729121
4.08149132990803	3.34686430054115	5.56197233086907	7.57912816246201
4.08769958893651	3.34541750835803	5.56708997114954	7.64308611439813
4.09390784796498	3.34837561820809	5.57411241704277	7.60972339301474
4.10011610699345	3.38577727171903	5.58335251717834	7.5957946986624
4.10632436602193	3.4049098736928	5.58287585487441	7.63127946921154
4.1125326250504	3.37553357303354	5.60432863855405	7.59811069299965
4.11874088407888	3.41162319242604	5.61091071654072	7.6818792775808
4.12494914310735	3.40166206653189	5.61218581888118	7.62130259021676
4.13115740213583	3.39805031800426	5.6119607550183	7.69095337269105
4.1373656611643	3.36434112040656	5.61079120029678	7.67994455982422
4.14357392019278	3.33536630773383	5.64810387390037	7.70686973498085
4.14978217922125	3.44938472574787	5.64380557247774	7.70985121223838
4.15599043824973	3.44110122149617	5.64276477418872	7.71164548929217
4.1621986972782	3.43470996481978	5.66616541721749	7.69455543052311
4.16840695630667	3.4805483225868	5.67307942003552	7.72859005145852
4.17461521533515	3.45695386981338	5.67652366464057	7.70342274681096
4.18082347436362	3.42209808702897	5.68770218164744	7.76738877041585
4.1870317333921	3.47076671257599	5.70133464420942	7.7538663039102
4.19323999242057	3.41095003240236	5.69152147266094	7.78727747945514
4.19944825144905	3.46384775095754	5.70981973841356	7.78103324877363
4.20565651047752	3.44373413501591	5.70083657075603	7.82880809793074
4.211864769506	3.42624137369741	5.75253194309834	7.83127340479951
4.21807302853447	3.45798706287722	5.73590707512126	7.7976332613622
4.22428128756295	3.51063569366114	5.7339473427211	7.83848896399458
4.23048954659142	3.54759056777718	5.73976585929573	7.83358894006461
4.23669780561989	3.48341835442693	5.79588802314813	7.91171753356755
4.24290606464837	3.51512317080944	5.75331087922392	7.90565877448755
4.24911432367684	3.51876444258401	5.78029979160522	7.91487188891102
4.25532258270532	3.49025387120431	5.80018335232422	7.91631131670537
4.26153084173379	3.5466240111248	5.80005672588787	7.89382036834321
4.26773910076227	3.49972623036091	5.80564657381697	7.94212633533044
4.27394735979074	3.47622929225628	5.81296772205262	7.87978706393464
4.28015561881922	3.54700992186249	5.82210578550073	7.92429539745264
4.28636387784769	3.5533411057003	5.82224696785219	7.94079820383931
4.29257213687617	3.51027155569158	5.83149075610048	7.94960676899282
4.29878039590464	3.49378730164624	5.84655308717789	7.99462418521919
