"mitochan"	"lwrNorm"	"medNorm"	"uprNorm"
-1.88999910457734	-3.89358875082365	-2.7282358542553	-1.56141085249601
-1.88381087706544	-3.86706300019929	-2.75369408794526	-1.59443961485243
-1.87762264955355	-3.86749378184148	-2.71932516377268	-1.60885828154235
-1.87143442204165	-3.83888433810339	-2.72189220061556	-1.54956140279111
-1.86524619452975	-3.86651222421953	-2.70373357999422	-1.58918691344798
-1.85905796701786	-3.86252292902026	-2.71044312197944	-1.54265399931469
-1.85286973950596	-3.79960438826933	-2.68710673780862	-1.56034226077715
-1.84668151199407	-3.82212761417298	-2.67505881982556	-1.56082615189033
-1.84049328448217	-3.79034940386932	-2.68148721387683	-1.55446776931644
-1.83430505697027	-3.76567237186707	-2.65620500922408	-1.52775207944072
-1.82811682945838	-3.79715671238227	-2.64907517458666	-1.5228329324261
-1.82192860194648	-3.76549633364283	-2.64904583325653	-1.55639974348436
-1.81574037443459	-3.74920416758524	-2.62374947574202	-1.53863002253597
-1.80955214692269	-3.71363513650709	-2.61809547790001	-1.50825184021188
-1.80336391941079	-3.74035305286167	-2.61661237127686	-1.53235085128995
-1.7971756918989	-3.72646491633375	-2.5919625423495	-1.48880963734152
-1.790987464387	-3.73028058855099	-2.58711286823807	-1.52301141342938
-1.7847992368751	-3.68358767287482	-2.5895978202165	-1.48950057339237
-1.77861100936321	-3.6734996948237	-2.55959803918648	-1.47271947810089
-1.77242278185131	-3.725128711971	-2.58142918773344	-1.46741092959554
-1.76623455433942	-3.67415945221319	-2.56454170290541	-1.43982957568806
-1.76004632682752	-3.67373514510594	-2.5617589035924	-1.45262312159249
-1.75385809931562	-3.65179679501475	-2.54512806249416	-1.4709549712218
-1.74766987180373	-3.63548347985625	-2.53711998154482	-1.45377596441657
-1.74148164429183	-3.5852838170989	-2.52749069917241	-1.44247547217945
-1.73529341677994	-3.60182738622796	-2.52138422671295	-1.45011557054979
-1.72910518926804	-3.60358879425672	-2.5151407912379	-1.4375196896449
-1.72291696175614	-3.58176072944154	-2.50598230265545	-1.41688602708985
-1.71672873424425	-3.59970282744036	-2.47765523224562	-1.42049109190206
-1.71054050673235	-3.5790560715184	-2.48262287193214	-1.38765323892507
-1.70435227922046	-3.5678137402938	-2.46111998279234	-1.38733387940529
-1.69816405170856	-3.54269639076914	-2.46713946594323	-1.36920485498319
-1.69197582419666	-3.52236213621841	-2.44591704318825	-1.36287220027768
-1.68578759668477	-3.50873701769793	-2.43629982214747	-1.37112174569094
-1.67959936917287	-3.51533695012887	-2.43860408095166	-1.36903121829984
-1.67341114166098	-3.51489617536219	-2.43487720583294	-1.39369297379701
-1.66722291414908	-3.47651915769056	-2.41915140045051	-1.37342770466775
-1.66103468663718	-3.50136152463682	-2.41463477926567	-1.36235552173011
-1.65484645912529	-3.46310516023191	-2.4015742864746	-1.37689210338495
-1.64865823161339	-3.4398309819976	-2.40089160374523	-1.32774657102953
-1.6424700041015	-3.42050727197814	-2.38584153019721	-1.35923837188417
-1.6362817765896	-3.40175407886041	-2.37692495673049	-1.3057283078069
-1.6300935490777	-3.42009666662556	-2.36437479236985	-1.32210014845512
-1.62390532156581	-3.40926236683002	-2.35938359256049	-1.29408585158081
-1.61771709405391	-3.35948415761775	-2.35206172461613	-1.31968188046602
-1.61152886654201	-3.35640859333751	-2.34868730496005	-1.28665323974381
-1.60534063903012	-3.32200476276085	-2.3185008442574	-1.27191809052663
-1.59915241151822	-3.36653954602726	-2.30977844759557	-1.26914500349209
-1.59296418400633	-3.31757317193389	-2.30045426956567	-1.30251203116533
-1.58677595649443	-3.31559486726871	-2.29260474017696	-1.30692648217386
-1.58058772898253	-3.30954860118475	-2.28428710063561	-1.29884829992932
-1.57439950147064	-3.29830799921045	-2.27324731119332	-1.25811002684189
-1.56821127395874	-3.29228750916643	-2.27520893216616	-1.26487627963348
-1.56202304644685	-3.26318549037165	-2.26922924886163	-1.22703101754654
-1.55583481893495	-3.28913394050024	-2.25857063386463	-1.24023701998303
-1.54964659142305	-3.2460642762555	-2.24319457330816	-1.25125350576003
-1.54345836391116	-3.2378450069134	-2.24320360870886	-1.20735726343421
-1.53727013639926	-3.21427410843964	-2.21641491502332	-1.24040516761663
-1.53108190888737	-3.2348371530294	-2.20915103636549	-1.13676906996389
-1.52489368137547	-3.23090578708881	-2.20368744306916	-1.1989213516386
-1.51870545386357	-3.19449803509222	-2.19429117709672	-1.21008616623762
-1.51251722635168	-3.19076807042896	-2.1850542985812	-1.19111423499462
-1.50632899883978	-3.17982330934754	-2.18403622748866	-1.19165509687298
-1.50014077132789	-3.18040158319351	-2.15945293229276	-1.17602764930452
-1.49395254381599	-3.17072653486436	-2.15408785963269	-1.1896454683829
-1.48776431630409	-3.15717440333891	-2.14772167389832	-1.15366592976606
-1.4815760887922	-3.15645355190654	-2.13779238937866	-1.18293961541759
-1.4753878612803	-3.10671239229651	-2.12837838204809	-1.13706682694101
-1.46919963376841	-3.09385161961051	-2.13173830352372	-1.13036606711809
-1.46301140625651	-3.09992721672475	-2.11852412040099	-1.12148654477433
-1.45682317874461	-3.08487480685637	-2.09756684035069	-1.16496788995242
-1.45063495123272	-3.0565895994858	-2.10642521347486	-1.13627257554831
-1.44444672372082	-3.05378493399073	-2.10876366339208	-1.15807550036851
-1.43825849620893	-3.04751667269078	-2.07941550024636	-1.1262179391389
-1.43207026869703	-3.06937130913908	-2.05194376002977	-1.10005779589082
-1.42588204118513	-3.01987941781002	-2.05685553056373	-1.1232335952854
-1.41969381367324	-3.01321429291008	-2.06017911904426	-1.09201004162719
-1.41350558616134	-2.97785472368877	-2.05200456730834	-1.09140633256102
-1.40731735864944	-3.00705131713708	-2.03202918700336	-1.08572526399948
-1.40112913113755	-2.99023770899591	-2.01321737041161	-1.08605041142699
-1.39494090362565	-2.9371455546857	-2.01689737676003	-1.06225043389432
-1.38875267611376	-2.96586354118917	-2.00997987675173	-1.02318458941516
-1.38256444860186	-2.92467868922429	-2.00231551466045	-1.03197371251948
-1.37637622108996	-2.98928465808663	-1.98821550851203	-1.03242661902016
-1.37018799357807	-2.96921054972097	-1.97649355586794	-1.04738405985053
-1.36399976606617	-2.92565916496378	-1.97726908283622	-1.00911578919898
-1.35781153855428	-2.89055469171491	-1.9564846016733	-1.02833276623464
-1.35162331104238	-2.90835919864196	-1.95261546192792	-1.02942947355328
-1.34543508353048	-2.87597252435485	-1.95285954368926	-1.01782118718923
-1.33924685601859	-2.85486313982168	-1.93790115209141	-1.00113135960452
-1.33305862850669	-2.85918868379522	-1.93864455446808	-0.944999920535611
-1.3268704009948	-2.85009787667357	-1.91001963433649	-0.986145750087332
-1.3206821734829	-2.83405979074483	-1.91059530101929	-0.967656321549921
-1.314493945971	-2.82937192933434	-1.8905901745438	-0.974153583345269
-1.30830571845911	-2.81122494625405	-1.88267431565315	-0.960863398448022
-1.30211749094721	-2.81547802208535	-1.87854333243564	-0.96160222325777
-1.29592926343532	-2.78264087155161	-1.8763353733737	-0.958848563922564
-1.28974103592342	-2.77150195262165	-1.85751195528772	-0.953748128390497
-1.28355280841152	-2.76804226588772	-1.84189021231028	-0.93715278518421
-1.27736458089963	-2.73950611168115	-1.85036435269333	-0.922593624610424
-1.27117635338773	-2.75695148575699	-1.82938578143686	-0.933117707787694
-1.26498812587584	-2.75250234395459	-1.8156804910779	-0.915060773227096
-1.25879989836394	-2.70291355742133	-1.81416760212494	-0.922296197234125
-1.25261167085204	-2.73995750885583	-1.79594544452399	-0.901742560600067
-1.24642344334015	-2.70694053093296	-1.80038666699655	-0.898433519464935
-1.24023521582825	-2.70486539278117	-1.79099824826204	-0.89392541415613
-1.23404698831636	-2.67119328823821	-1.76529077019651	-0.883533350342279
-1.22785876080446	-2.68813050552437	-1.77946437218434	-0.888224092014297
-1.22167053329256	-2.63644747414783	-1.75613269929528	-0.876285579047189
-1.21548230578067	-2.60447787289529	-1.74261999214854	-0.860608262942592
-1.20929407826877	-2.67057173541908	-1.73998870927552	-0.871412833429808
-1.20310585075687	-2.62838245850123	-1.74314644772406	-0.867403520758606
-1.19691762324498	-2.60281509673234	-1.72178749791413	-0.848471455125179
-1.19072939573308	-2.59602311555277	-1.70944209295237	-0.850261500960056
-1.18454116822119	-2.59471814806475	-1.70759308621606	-0.822184292690106
-1.17835294070929	-2.56181340309496	-1.69660485692389	-0.824951013892079
-1.17216471319739	-2.55973925418203	-1.68883352568087	-0.819523694443038
-1.1659764856855	-2.57103069084209	-1.67557221284015	-0.826239833361337
-1.1597882581736	-2.55615769921562	-1.67846040508277	-0.813230764439093
-1.15360003066171	-2.50586761637515	-1.66240768967267	-0.793290283000265
-1.14741180314981	-2.53634564975535	-1.658480288615	-0.817848977557509
-1.14122357563791	-2.49753601426169	-1.62553873134787	-0.79918306293538
-1.13503534812602	-2.50690738695381	-1.63112749445111	-0.747849735509347
-1.12884712061412	-2.49887482850697	-1.60110091669788	-0.760281172931823
-1.12265889310223	-2.49370635409028	-1.60777932159667	-0.780925849788915
-1.11647066559033	-2.46274681733969	-1.59454853533265	-0.781362384000667
-1.11028243807843	-2.46460542908693	-1.60354828852695	-0.739118876289008
-1.10409421056654	-2.42734349558083	-1.57628740508597	-0.737247581708302
-1.09790598305464	-2.41402717797558	-1.57119670377244	-0.751657941927358
-1.09171775554275	-2.41491767775508	-1.55882166904579	-0.728183378469396
-1.08552952803085	-2.4441661843042	-1.55757428656671	-0.719711408231533
-1.07934130051895	-2.36040819941562	-1.54259008909457	-0.701652161338384
-1.07315307300706	-2.38287919781409	-1.54102781899703	-0.736925982695105
-1.06696484549516	-2.36614245668622	-1.52258444489428	-0.70632415047647
-1.06077661798327	-2.36714558624072	-1.51570807348043	-0.707916144366611
-1.05458839047137	-2.34324474845216	-1.50924411676582	-0.680791087881912
-1.04840016295947	-2.35258609865479	-1.5054968956524	-0.701640175926728
-1.04221193544758	-2.32989988540113	-1.49384652658207	-0.676857985179099
-1.03602370793568	-2.33044211853032	-1.47891063958332	-0.651002806445195
-1.02983548042379	-2.30803702142276	-1.48577425226726	-0.632922221933083
-1.02364725291189	-2.30262249787666	-1.46447022583008	-0.642650963233663
-1.01745902539999	-2.2749232371957	-1.45101818956644	-0.652479647007289
-1.0112707978881	-2.278370866143	-1.46162076257751	-0.649212900967284
-1.0050825703762	-2.25010311960423	-1.43405041070166	-0.637847481072738
-0.998894342864305	-2.2487026300361	-1.43150227722948	-0.622161487698425
-0.992706115352409	-2.24119565690813	-1.40875776700119	-0.585611065249228
-0.986517887840513	-2.22100383283993	-1.41510103039396	-0.575199866329752
-0.980329660328616	-2.24157632836755	-1.39887429991231	-0.604947376143957
-0.97414143281672	-2.20331601403191	-1.3899436313395	-0.609889300607752
-0.967953205304824	-2.20784537748038	-1.38436535677239	-0.555514121120946
-0.961764977792928	-2.19729477472377	-1.37688952332119	-0.546087412448472
-0.955576750281032	-2.17927434721478	-1.3594917567826	-0.562459026176846
-0.949388522769136	-2.14501527610286	-1.36061740894176	-0.570356654662298
-0.94320029525724	-2.14141408930579	-1.3379544678071	-0.560679790832115
-0.937012067745344	-2.10693960785853	-1.33486118208551	-0.54585971279357
-0.930823840233448	-2.12206948221004	-1.32320393715003	-0.543059084418383
-0.924635612721552	-2.11906511607136	-1.3155075224647	-0.5216531138177
-0.918447385209656	-2.1205982306209	-1.31671669487091	-0.531099616553078
-0.91225915769776	-2.11385994201501	-1.2922521663589	-0.50101982111314
-0.906070930185864	-2.0926508179136	-1.29242111677804	-0.500880717089139
-0.899882702673968	-2.0844961615963	-1.27608325252546	-0.496126187858708
-0.893694475162072	-2.05208878264413	-1.27737380160912	-0.511468548442248
-0.887506247650176	-2.06706260187335	-1.26978237950202	-0.495151417433561
-0.88131802013828	-2.02937593395915	-1.25809736850748	-0.458925635393924
-0.875129792626383	-2.0509523083354	-1.2349087138451	-0.475861599813426
-0.868941565114487	-2.02760726608438	-1.23343691539215	-0.458444187964999
-0.862753337602591	-2.01953055368069	-1.23802739616347	-0.48308716395209
-0.856565110090695	-1.9962823573316	-1.21244475683923	-0.43697427345166
-0.850376882578799	-1.96181512054526	-1.20984314165289	-0.449486425115058
-0.844188655066903	-1.98756658865697	-1.19609443529811	-0.419694574244861
-0.838000427555007	-1.97769088717672	-1.17760536229865	-0.42568671490968
-0.831812200043111	-1.93946078208428	-1.17564199304329	-0.424650905335496
-0.825623972531215	-1.94534946971835	-1.16960206435622	-0.413940680531227
-0.819435745019319	-1.91929105721307	-1.15221341018856	-0.408465839625508
-0.813247517507423	-1.92415245103185	-1.15418876829299	-0.389135682836174
-0.807059289995527	-1.92940719306586	-1.14353297265875	-0.389111873592164
-0.800871062483631	-1.89033286596025	-1.12378824727785	-0.423778995437995
-0.794682834971735	-1.87867275312245	-1.13944191074346	-0.390468114137561
-0.788494607459838	-1.87619718956629	-1.11203534992513	-0.340514130751507
-0.782306379947942	-1.86492477037061	-1.11584404131303	-0.379892889612472
-0.776118152436046	-1.87318161622099	-1.09757784598012	-0.351804632339821
-0.76992992492415	-1.85944299367694	-1.08018137887826	-0.352536093428272
-0.763741697412254	-1.84890124403593	-1.07737569182381	-0.340760528955111
-0.757553469900358	-1.83945919557418	-1.07150571485076	-0.31428812454701
-0.751365242388462	-1.83755824587398	-1.05213023375125	-0.307021379306826
-0.745177014876566	-1.8005280963804	-1.05176284621295	-0.299644918695918
-0.73898878736467	-1.80175563433599	-1.05262781672431	-0.30043976441429
-0.732800559852774	-1.81260142044055	-1.04473071983726	-0.328782861939663
-0.726612332340878	-1.7849706975279	-1.02295794808686	-0.292682566141154
-0.720424104828982	-1.77775074691638	-1.02794075729892	-0.301181391161899
-0.714235877317086	-1.77147305341414	-1.00612500940363	-0.275538829059414
-0.70804764980519	-1.74252718847287	-1.00594837983694	-0.248973543943137
-0.701859422293294	-1.72559356502815	-0.989617980481288	-0.2652817524219
-0.695671194781398	-1.71415789489398	-0.977608348414488	-0.263113504004695
-0.689482967269502	-1.73947182532247	-0.980651834745924	-0.242866473967445
-0.683294739757605	-1.71034334929852	-0.964503722923236	-0.239313490777342
-0.677106512245709	-1.71216498028782	-0.945286525466518	-0.226086051138496
-0.670918284733813	-1.68616957212141	-0.943745319446802	-0.234724288736672
-0.664730057221917	-1.68999659961854	-0.935212487844632	-0.227728648825632
-0.658541829710021	-1.65472727733408	-0.921869178875394	-0.208088978009459
-0.652353602198125	-1.64955511621222	-0.911411162740991	-0.205588892723869
-0.646165374686229	-1.63079103110006	-0.903338827508316	-0.197123754435953
-0.639977147174333	-1.64249085107019	-0.902372154806708	-0.21488632151295
-0.633788919662437	-1.60843831858634	-0.885816825448848	-0.163381602351386
-0.627600692150541	-1.6162151343175	-0.881778622602131	-0.198128425384987
-0.621412464638645	-1.63777970828282	-0.861163883449936	-0.186256191520692
-0.615224237126749	-1.5891687656847	-0.871005413005316	-0.159247503234346
-0.609036009614853	-1.56561889241022	-0.847299814280972	-0.145943929391754
-0.602847782102957	-1.57988342739716	-0.848101343349198	-0.138657887676949
-0.59665955459106	-1.55509359381322	-0.840029575119095	-0.152584205484091
-0.590471327079164	-1.52630224653485	-0.816589606921702	-0.139737733072324
-0.584283099567268	-1.48944693683161	-0.814698093844954	-0.125809694471812
-0.578094872055372	-1.52091999768489	-0.799108242290409	-0.110842674677329
-0.571906644543476	-1.503656187353	-0.802670250493845	-0.112286675406108
-0.56571841703158	-1.49596553816314	-0.79227166217	-0.0885803463156406
-0.559530189519684	-1.48853666172503	-0.77534438755055	-0.0815661326342786
-0.553341962007788	-1.49383288344262	-0.770910157856332	-0.106315659072734
-0.547153734495892	-1.49258203308635	-0.762886089559832	-0.0961550857068333
-0.540965506983996	-1.44763313570789	-0.747436682350537	-0.042021259304418
-0.5347772794721	-1.45929540786029	-0.73433948943903	-0.0693217264291189
-0.528589051960204	-1.4521171973528	-0.726649323795031	-0.0471737097506106
-0.522400824448308	-1.4137268448465	-0.72479543042359	-0.0656561061655712
-0.516212596936412	-1.44017792180497	-0.719381783203379	-0.0511030973898636
-0.510024369424516	-1.42273691927272	-0.696940278964889	-0.0255691070851704
-0.50383614191262	-1.40617651621101	-0.685921216373647	-0.017020753473752
-0.497647914400724	-1.36307743243773	-0.684820110366733	-0.0150634272157678
-0.491459686888827	-1.36570512564858	-0.682439959490655	-0.0131663696137928
-0.485271459376931	-1.37942254738198	-0.674252566241312	0.00039115253409611
-0.479083231865035	-1.35564305476085	-0.655719554690682	0.00332100984433638
-0.472895004353139	-1.33369825688328	-0.644922956602803	0.0445039756949983
-0.466706776841243	-1.32661150465527	-0.634468941020601	0.0225650004707051
-0.460518549329347	-1.32314619204482	-0.630494418985762	0.013865165274661
-0.454330321817451	-1.31225417863987	-0.615423792568744	0.0548562715969455
-0.448142094305555	-1.31004923814937	-0.621655488711931	0.0326847788325822
-0.441953866793659	-1.28622137637694	-0.602208282570616	0.0719653647153134
-0.435765639281763	-1.27789911848481	-0.59386800355164	0.0537953969990116
-0.429577411769867	-1.29833702404726	-0.587215352984447	0.0883489318492858
-0.423389184257971	-1.25322497232139	-0.582433510829459	0.0909277679947337
-0.417200956746075	-1.23989360371793	-0.567257255327966	0.083035432675179
-0.411012729234179	-1.23366817600442	-0.565133984325666	0.0955276239614008
-0.404824501722282	-1.25492559007458	-0.553191252225889	0.112532543929795
-0.398636274210386	-1.23666695215095	-0.539375294068593	0.111455942184066
-0.392448046698491	-1.23703396761372	-0.520725404258199	0.112830053126004
-0.386259819186594	-1.17621065667391	-0.529548711739267	0.105326488124774
-0.380071591674698	-1.20580364934865	-0.513084775413012	0.146116936838876
-0.373883364162802	-1.18220336901611	-0.506492095276525	0.157995359325882
-0.367695136650906	-1.18645026830937	-0.485836446369435	0.125534797360992
-0.36150690913901	-1.17124431106722	-0.48573535294247	0.162837206716139
-0.355318681627114	-1.17510217901028	-0.483165078123085	0.166189705089994
-0.349130454115218	-1.12662126501119	-0.466756544831207	0.195848602736118
-0.342942226603322	-1.14890200317399	-0.464346265834602	0.184259288503676
-0.336753999091426	-1.14002764476542	-0.448908330319874	0.178352015334725
-0.33056577157953	-1.12095208507059	-0.444672872263631	0.216612939732466
-0.324377544067634	-1.11232288965879	-0.431866006705437	0.208381161410719
-0.318189316555738	-1.11003138561517	-0.423524762035173	0.235357017704036
-0.312001089043842	-1.08313710451265	-0.409947609089424	0.225436114975683
-0.305812861531946	-1.07925663352161	-0.418323839715064	0.22614223217584
-0.299624634020049	-1.02155253695671	-0.39652456374861	0.226826865106914
-0.293436406508153	-1.04350003126545	-0.390138509577598	0.229181109091358
-0.287248178996257	-1.0450770648519	-0.369706332010559	0.285122985595825
-0.281059951484361	-1.05047183609618	-0.359730858660872	0.257577615410327
-0.274871723972465	-1.01740692459309	-0.354659748144224	0.260918183755455
-0.268683496460569	-1.00600750035781	-0.355651768559973	0.266208311978784
-0.262495268948673	-1.02061920257164	-0.334850835460372	0.319561218108493
-0.256307041436777	-1.00613702248037	-0.331096525498673	0.28966596713104
-0.250118813924881	-0.97798951303185	-0.321157539270603	0.323925001531216
-0.243930586412985	-0.980804546629481	-0.307456043606991	0.315264520070707
-0.237742358901089	-0.97669775077826	-0.304960835458521	0.327872596018475
-0.231554131389193	-0.949222869259414	-0.299349702485439	0.33180386710904
-0.225365903877297	-0.980517413034359	-0.282456041494002	0.359857165149398
-0.219177676365401	-0.922155975304243	-0.277191914285887	0.349443966103292
-0.212989448853505	-0.919696297094267	-0.269530411338031	0.358624644953463
-0.206801221341609	-0.925199566393962	-0.25805811259163	0.368743793475445
-0.200612993829713	-0.914654760946378	-0.255228871629426	0.368388457134281
-0.194424766317816	-0.9218015835065	-0.241341649033058	0.400706600632555
-0.18823653880592	-0.915062624464598	-0.221730974656227	0.390614830037395
-0.182048311294024	-0.874906316102242	-0.222229578096817	0.426170432970813
-0.175860083782128	-0.8764104127589	-0.217243122280425	0.415316810760436
-0.169671856270232	-0.848519500667563	-0.200239338733212	0.42003634808998
-0.163483628758336	-0.855357060661034	-0.201234575024376	0.435418234361174
-0.15729540124644	-0.818289168619457	-0.18042559600735	0.426036469381357
-0.151107173734544	-0.853167581423609	-0.187962856959656	0.462249382838766
-0.144918946222648	-0.814490464035685	-0.178796547693012	0.447584008777013
-0.138730718710752	-0.79444887541858	-0.160376534451142	0.457033803422474
-0.132542491198856	-0.804645626384132	-0.14336180146332	0.448305571859962
-0.12635426368696	-0.827112717218344	-0.130875716291657	0.489671938886123
-0.120166036175064	-0.783294512051434	-0.119126082079336	0.487412154860727
-0.113977808663168	-0.77214922231282	-0.126093515096378	0.526414671036949
-0.107789581151271	-0.749324735280694	-0.122694921809616	0.507863035917659
-0.101601353639375	-0.732989067740008	-0.10741556352515	0.506511011149662
-0.0954131261274793	-0.7385586119268	-0.0960116243180896	0.486157065690988
-0.0892248986155832	-0.740604152898966	-0.0850835657766257	0.539316856515171
-0.0830366711036872	-0.722085083333162	-0.073577245755472	0.529960033074444
-0.0768484435917911	-0.72009849633557	-0.0773928761339109	0.54104073127246
-0.070660216079895	-0.707662872880974	-0.0526921000282797	0.534884637002864
-0.064471988567999	-0.686317614613927	-0.0501091596320715	0.574458362628794
-0.0582837610561029	-0.685535655788501	-0.0252173252355926	0.578490819665345
-0.0520955335442068	-0.661857205617948	-0.0271711389290426	0.600137295676898
-0.0459073060323107	-0.685140492977651	-0.0246532114105466	0.593780685270142
-0.0397190785204149	-0.634548671295494	-0.0192923464887065	0.595357197028935
-0.0335308510085188	-0.646679176817409	-0.0109443898210378	0.609749749746626
-0.0273426234966228	-0.654440831695515	0.00785539945100566	0.646119551795443
-0.0211543959847267	-0.633077054077583	0.0153700984740959	0.613297793014525
-0.0149661684728306	-0.622254971984561	0.0227958962966142	0.647032008767545
-0.00877794096093454	-0.612956041845439	0.0436953153293912	0.662654312209603
-0.00258971344903847	-0.614289948175224	0.0403034984056853	0.67832540433047
0.0035985140628576	-0.602266449055431	0.0561591496613711	0.651862387497047
0.00978674157475368	-0.58102478558924	0.0578756954225723	0.660542863996166
0.0159749690866497	-0.555563257345187	0.0654252662847041	0.688809588058924
0.0221631965985458	-0.542116507080864	0.0786880159109809	0.671584633745886
0.0283514241104419	-0.56061567119527	0.0871433483100717	0.708341959501448
0.034539651622338	-0.578744218476488	0.0978977513263974	0.674074250196319
0.040727879134234	-0.53126016297396	0.104437873150621	0.729180209816503
0.0469161066461301	-0.532335778246825	0.115342778777033	0.739156530617407
0.0531043341580262	-0.542294532569884	0.127455917800437	0.72613738820692
0.0592925616699223	-0.527336101958319	0.141632596243624	0.758872698755766
0.0654807891818183	-0.484492518932932	0.147039194031835	0.750502888977572
0.0716690166937144	-0.513672870205043	0.16116271578708	0.766571692425947
0.0778572442056105	-0.474150515706904	0.154197603212863	0.75129790762611
0.0840454717175065	-0.478617129929719	0.169012474668085	0.760328108829209
0.0902336992294026	-0.486453609661446	0.18678144309738	0.803114365350621
0.0964219267412987	-0.444600375495693	0.189909537237615	0.83151090999042
0.102610154253195	-0.422107811660684	0.204531641804894	0.814314695043731
0.108798381765091	-0.446445896768425	0.197935818883187	0.807524092680282
0.114986609276987	-0.453235266667248	0.220649389279906	0.802820959397741
0.121174836788883	-0.425056422170506	0.218092099194029	0.866008708178943
0.127363064300779	-0.407832040277553	0.23288848736756	0.849686320803622
0.133551291812675	-0.405124003252864	0.244776540662546	0.863410708298986
0.139739519324571	-0.401398341001521	0.244436778576182	0.86894086798519
0.145927746836467	-0.383857806684025	0.260685041140873	0.864793206352759
0.152115974348363	-0.403641860376518	0.265409294852878	0.884314071488721
0.158304201860259	-0.392116879991595	0.291766276175319	0.904565702366099
0.164492429372155	-0.38197749911611	0.284691473521939	0.903891976246332
0.170680656884052	-0.344541419582011	0.288157451403816	0.897408890177369
0.176868884395947	-0.345407544487196	0.310134501708793	0.92541212118065
0.183057111907844	-0.344686447657262	0.318739165874941	0.913369279679771
0.18924533941974	-0.315982441586332	0.315879814225668	0.938918208965381
0.195433566931636	-0.311194846641556	0.332241952329788	0.932293757343534
0.201621794443532	-0.326594993612159	0.347421054668663	0.954537662944261
0.207810021955428	-0.267493300753113	0.348099811902571	0.96869144436879
0.213998249467324	-0.295689516752128	0.355682820750593	0.986873593111444
0.22018647697922	-0.273098425556908	0.373726426272104	0.989881603114329
0.226374704491116	-0.275043166628093	0.383609447209386	0.993893472257306
0.232562932003012	-0.222540050848191	0.384787293997089	1.00264223483892
0.238751159514908	-0.271176032894319	0.404638794278566	1.04186543903486
0.244939387026804	-0.251444572672692	0.399560863099773	1.005147617926
0.2511276145387	-0.219514869091642	0.417391879341937	1.02872842024187
0.257315842050596	-0.215454875488218	0.422979772890761	1.05255191158146
0.263504069562492	-0.241173157147137	0.435874788843936	1.07984238777021
0.269692297074388	-0.204425748730061	0.450629533920201	1.10302977829443
0.275880524586285	-0.196541840447715	0.462030726432588	1.06006281290247
0.28206875209818	-0.180612231768147	0.468927967053806	1.08216237321084
0.288256979610077	-0.178798581422291	0.472733956453112	1.09165771697063
0.294445207121973	-0.189095766139467	0.471236020957272	1.10574775930699
0.300633434633869	-0.171830498512137	0.488680489172874	1.14419429809274
0.306821662145765	-0.12483080394557	0.495465024666925	1.11721244022258
0.313009889657661	-0.132338576222061	0.507699547509894	1.14592635714341
0.319198117169557	-0.142758563858291	0.514496035078504	1.15388564237681
0.325386344681453	-0.114040932931478	0.525766023841678	1.18148412418878
0.331574572193349	-0.128546470097816	0.5336720192395	1.17955878887825
0.337762799705245	-0.1421889043036	0.526700811512871	1.15226984901892
0.343951027217141	-0.0990327056000045	0.562383369107973	1.19424935476295
0.350139254729037	-0.0884220801270437	0.568893804882028	1.19787321822497
0.356327482240933	-0.0658607442384521	0.55926659182616	1.19873245734665
0.36251570975283	-0.0843231527305312	0.580113991146429	1.20384896575056
0.368703937264725	-0.0763199983371707	0.581824165556066	1.22493080603977
0.374892164776622	-0.0696588813249247	0.595684446844029	1.23156081665094
0.381080392288518	-0.0376123347380981	0.612602387461651	1.23198113850021
0.387268619800414	-0.0211852253139869	0.620661307031432	1.273828253727
0.39345684731231	-0.0174544803999124	0.631392158743824	1.26508241227701
0.399645074824206	-0.0157033347881058	0.639576095215601	1.26741924543273
0.405833302336102	-0.0177434793835226	0.646013761654644	1.27961414518962
0.412021529847998	-0.0276676833757423	0.650887430508099	1.31010189104085
0.418209757359894	0.00604084786236907	0.663581099017678	1.27344301264364
0.42439798487179	-0.0296317768471138	0.680951831689254	1.30399204926015
0.430586212383686	-0.00305420966063307	0.683473020606158	1.31743887860428
0.436774439895582	0.0103508860835387	0.693724713435789	1.33096141758267
0.442962667407478	0.0336585349074211	0.691492845548316	1.37817645198244
0.449150894919374	0.0335204849566924	0.707476785301393	1.36088060695096
0.45533912243127	0.0393383582884567	0.711951434304289	1.36053732530916
0.461527349943166	0.05625304072632	0.730527879495806	1.35957083200545
0.467715577455063	0.0276517699783905	0.738344898868308	1.39826589633358
0.473903804966958	0.0892774624209233	0.745607985468064	1.40529658323773
0.480092032478855	0.0879822331224755	0.7532931399079	1.41738971499845
0.48628025999075	0.0549205825224941	0.764111912592368	1.4074226220576
0.492468487502647	0.0887245666667578	0.778848790135562	1.41164652102827
0.498656715014543	0.114767892933243	0.789869833568095	1.46034103607582
0.504844942526439	0.0899083115142622	0.787054411743747	1.46091370494623
0.511033170038335	0.102056663327818	0.801263331393024	1.46815341354028
0.517221397550231	0.120974331480397	0.807353141810065	1.48553058844618
0.523409625062127	0.121580269242448	0.822348545841859	1.47483364229458
0.529597852574023	0.161939971179447	0.827106500153202	1.48475575135482
0.535786080085919	0.151608699721008	0.846113773282391	1.4986490946284
0.541974307597815	0.186732296441759	0.859270663382837	1.52995996900543
0.548162535109711	0.180435412467846	0.85991955645671	1.51992773608952
0.554350762621608	0.177275299814333	0.867675494306003	1.54206169242454
0.560538990133503	0.183394379603291	0.873718210612744	1.56562641089374
0.5667272176454	0.196823659608254	0.883931436057912	1.5524700254312
0.572915445157296	0.195637672861571	0.900877975127322	1.5805668850105
0.579103672669191	0.216295073702188	0.902869178559185	1.6019544828136
0.585291900181088	0.211143762662021	0.903237420995755	1.58243900110749
0.591480127692984	0.218238466724111	0.906898712408002	1.60804657897133
0.59766835520488	0.236291716700164	0.91763733887349	1.60878608391532
0.603856582716776	0.239596721468718	0.938507464871146	1.62001581255916
0.610044810228672	0.261075215503731	0.939902747740652	1.64346466933107
0.616233037740568	0.27292713051834	0.95465914957588	1.67306911491364
0.622421265252464	0.267843898052782	0.960973449164289	1.67040726686001
0.62860949276436	0.294590007905009	0.962193314297	1.63039016155344
0.634797720276256	0.247065602778086	0.984904154545634	1.69825387363216
0.640985947788152	0.299769760273567	1.00061025814876	1.69108980019627
0.647174175300048	0.312359026141078	0.994702419234306	1.69902303182078
0.653362402811944	0.333062455150299	1.0192973798083	1.685870695666
0.65955063032384	0.300860524312879	1.0082223671893	1.72435047910737
0.665738857835736	0.337476121703662	1.03420868750452	1.72766158885063
0.671927085347633	0.325945782941624	1.04967484869338	1.77398982813672
0.678115312859529	0.329775561158923	1.0489935832781	1.75718310285178
0.684303540371425	0.346410199303446	1.05476574777666	1.77023989231091
0.690491767883321	0.349667210972165	1.06123961627224	1.77204341687052
0.696679995395217	0.364163608727952	1.06820294158914	1.77509173334949
0.702868222907113	0.347751700933136	1.08044244725076	1.78357790356287
0.709056450419009	0.380970459226412	1.09192704566714	1.79335561375987
0.715244677930905	0.37424873277403	1.09603188896835	1.8008803666879
0.721432905442801	0.401930639472008	1.11417228284288	1.80775545363126
0.727621132954697	0.400783299565027	1.11751160240725	1.82250209950255
0.733809360466593	0.377816338529823	1.12659115209246	1.84154000563875
0.739997587978489	0.440636641108764	1.13330817479388	1.87375979979487
0.746185815490386	0.41738836437808	1.15256638720063	1.85075539796288
0.752374043002281	0.445732395325505	1.15570064745971	1.89485922078153
0.758562270514177	0.453417396192659	1.15325586306972	1.88067354852377
0.764750498026074	0.432433703628016	1.1946021439966	1.90369017594196
0.770938725537969	0.459904068750239	1.19211253101418	1.9236541082443
0.777126953049866	0.471975544779724	1.18366661193483	1.9207445332299
0.783315180561762	0.46717275080347	1.1998240367002	1.92224823751588
0.789503408073658	0.480601255094266	1.21468157310297	1.94994225782284
0.795691635585554	0.480205331967085	1.22520052567991	1.94334814723501
0.80187986309745	0.488926648780671	1.22953956096551	1.9375020984601
0.808068090609346	0.480685019006538	1.24248301645997	1.95909468185193
0.814256318121242	0.488082560660223	1.25261544289262	1.95038233856051
0.820444545633138	0.520542544252119	1.2548422971414	1.98813366774265
0.826632773145034	0.531030497501771	1.2621010542828	2.00391051268356
0.83282100065693	0.523074143579981	1.27260309274421	2.01849674897495
0.839009228168826	0.5215008243427	1.2790238237322	2.04095146130528
0.845197455680722	0.55851311172412	1.29868103428236	2.04022240474966
0.851385683192619	0.559322697657212	1.3043509088615	2.07002924470155
0.857573910704514	0.553485710818469	1.30723919355303	2.06065641368931
0.863762138216411	0.563198855642619	1.31269158903266	2.08494778018793
0.869950365728307	0.599169732011248	1.33528226779386	2.07435067430867
0.876138593240203	0.592125811226588	1.33533181504374	2.12375245203866
0.882326820752099	0.618738944186351	1.35168033047415	2.08859208546212
0.888515048263995	0.601887749590833	1.35716266144928	2.11496274788322
0.894703275775891	0.595158079490638	1.36622176527823	2.13744845683625
0.900891503287787	0.634679932124408	1.36645916982289	2.13373305566369
0.907079730799683	0.595046996036282	1.38115222332228	2.1646048831011
0.913267958311579	0.664998415473928	1.39462048285068	2.18129770872872
0.919456185823475	0.639942953637963	1.4055881154474	2.17543109185458
0.925644413335371	0.676633422543667	1.40756080413705	2.19434402487357
0.931832640847267	0.658529235788279	1.42756970203832	2.20341188962689
0.938020868359163	0.670501577859023	1.43369751445021	2.21468409938189
0.944209095871059	0.66824369437269	1.44812113866705	2.20409404235671
0.950397323382955	0.670666053305519	1.4426487418864	2.22072786993907
0.956585550894852	0.71378097389806	1.46111724989695	2.25167850557587
0.962773778406747	0.720643549778988	1.47477987482649	2.25655610191863
0.968962005918644	0.667684812557897	1.47720967361251	2.25568499003266
0.97515023343054	0.683497346240855	1.4894645027956	2.30697775463234
0.981338460942436	0.711830725367918	1.47912331941253	2.31589387914391
0.987526688454332	0.740985215088164	1.50642565793279	2.2928218538938
0.993714915966228	0.719999463983939	1.5076833312274	2.29493791505131
0.999903143478124	0.735548782962458	1.52352289891656	2.33703556101267
1.00609137099002	0.740155244825702	1.52111955169178	2.33657408910328
1.01227959850192	0.735605878165737	1.54016340882533	2.3434078289398
1.01846782601381	0.769749777752383	1.54274192291138	2.3202828087338
1.02465605352571	0.754951472578553	1.56554409711906	2.35533129088748
1.0308442810376	0.807569067264785	1.56309049735339	2.34866087429031
1.0370325085495	0.797887375444576	1.57947097194636	2.38196845566145
1.0432207360614	0.812451250234434	1.58005931132518	2.36450522889147
1.04940896357329	0.781438298204091	1.59247229260811	2.40399707791719
1.05559719108519	0.822428187417941	1.610979169901	2.44917025432829
1.06178541859708	0.817277720442469	1.60086946852515	2.42623622408632
1.06797364610898	0.849621879787146	1.63174367998113	2.43340614773439
1.07416187362088	0.803054049443918	1.63299313713836	2.43246388449626
1.08035010113277	0.8530335284024	1.64055511765657	2.47654637518384
1.08653832864467	0.837523290239725	1.6592763042737	2.4736649527928
1.09272655615657	0.845091705273197	1.66913805649977	2.48791353246996
1.09891478366846	0.865353967901997	1.67194379536802	2.49906015343197
1.10510301118036	0.882301233833067	1.67443387248125	2.5113105923191
1.11129123869225	0.871246382613315	1.67666138917251	2.48363430791729
1.11747946620415	0.893937991922216	1.68395602047342	2.54634841215705
1.12366769371605	0.892198907571886	1.70007356733126	2.51771236382573
1.12985592122794	0.921830049388659	1.72050728548041	2.55752082728557
1.13604414873984	0.897965881909224	1.71964059297015	2.54300639807765
1.14223237625173	0.92840071976114	1.74181974289788	2.58310116345903
1.14842060376363	0.932155163258345	1.72420334414645	2.59325731574967
1.15460883127553	0.93640245349483	1.75322948348369	2.62480541679209
1.16079705878742	0.91413872022094	1.75700741912219	2.63585646637436
1.16698528629932	0.950213846489642	1.76885708571102	2.62030575196772
1.17317351381121	0.924286066212705	1.76939390024463	2.61927225037652
1.17936174132311	0.971118630455865	1.78018356421636	2.61553373198805
1.18554996883501	0.984333640826397	1.78623103912383	2.66059401089444
1.1917381963469	0.966750581614907	1.79675353786344	2.63383324747699
1.1979264238588	0.979620679058433	1.82487448679972	2.66856380832745
1.20411465137069	0.970376756324681	1.82739762102035	2.68085755212395
1.21030287888259	0.962730396385646	1.82287165463159	2.69953564113154
1.21649110639449	1.00881788577002	1.83300341679094	2.71021079569548
1.22267933390638	1.01446994904828	1.84181711288464	2.71272735043242
1.22886756141828	0.984395680365814	1.86952724455148	2.71935995215631
1.23505578893017	1.02545264191402	1.87333229307315	2.73888538356566
1.24124401644207	1.03538790512486	1.87523636223607	2.7540218624505
1.24743224395397	1.0483482555032	1.89048640804519	2.7487201919308
1.25362047146586	1.06711171789851	1.89235106035267	2.7702404849651
1.25980869897776	1.03141692725716	1.9044113609353	2.79649666370189
1.26599692648965	1.02073066274392	1.91425908110584	2.78237921118045
1.27218515400155	1.06094161750892	1.92805022956343	2.81339310962722
1.27837338151345	1.07159350734997	1.92389395820409	2.83744453859548
1.28456160902534	1.06566505497322	1.93346188403004	2.8363220443165
1.29074983653724	1.10527833416539	1.95061637154081	2.85132806302869
1.29693806404913	1.08120128919539	1.96930155242879	2.88501684681888
1.30312629156103	1.11098624035369	1.95868691866785	2.89940304934642
1.30931451907293	1.08484399521875	1.98932902893344	2.85123933885691
1.31550274658482	1.12323124846051	1.97728420803605	2.88718025564136
1.32169097409672	1.11459343391657	1.98308602137337	2.88981389826882
1.32787920160862	1.13201585981513	2.01725440972085	2.91209999044772
1.33406742912051	1.11340821305931	2.01272015253306	2.94540828185068
1.34025565663241	1.12900168092592	2.01322733958684	2.92104859606007
1.3464438841443	1.13353501683667	2.03032364441277	2.94707731861678
1.3526321116562	1.15386966815315	2.03445335154991	2.9690196721893
1.3588203391681	1.14761747852004	2.05333041417526	2.99847275060021
1.36500856667999	1.19005209296329	2.06053534802116	2.96766474222576
1.37119679419189	1.16051068171073	2.06422373138966	2.99760932565376
1.37738502170378	1.20473114653408	2.08542630499138	3.011932633425
1.38357324921568	1.1628392185218	2.07690292455305	2.99667814286036
1.38976147672758	1.18890576520717	2.09824926131676	3.03029304723966
1.39594970423947	1.21231261617249	2.09391030781387	3.00305843439731
1.40213793175137	1.19619961469945	2.1047944735065	3.03383715786874
1.40832615926326	1.23910744954001	2.12137134247339	3.04751978169794
1.41451438677516	1.2196737056284	2.1332529806081	3.07685806895526
1.42070261428706	1.24618559830884	2.12736757995941	3.09380843121661
1.42689084179895	1.23225119657345	2.14753304298029	3.0868655771678
1.43307906931085	1.23593626404831	2.15275248434345	3.09928085279319
1.43926729682274	1.23363078843168	2.15244749143812	3.10296473678594
1.44545552433464	1.22559230965604	2.18803498606959	3.12000110216006
1.45164375184654	1.27814656086085	2.18161477301225	3.14598629199087
1.45783197935843	1.25281432843446	2.19155104083127	3.13581646376222
1.46402020687033	1.31468594056403	2.1969879961599	3.15615811605369
1.47020843438222	1.28736012359133	2.21020380003478	3.18579747581287
1.47639666189412	1.31235214410971	2.21708788560994	3.1886493858424
1.48258488940602	1.29968148113251	2.2336640949858	3.20017788200829
1.48877311691791	1.30536194942038	2.23953865546391	3.2090862366137
1.49496134442981	1.31310514423814	2.23971237735315	3.2067204920911
1.5011495719417	1.29209256426683	2.27240661382393	3.20613954228078
1.5073377994536	1.30503238851717	2.25446971195064	3.26987368530526
1.5135260269655	1.3465083957944	2.27520346261594	3.23822217888114
1.51971425447739	1.31333534775354	2.29001061424047	3.29444966969902
1.52590248198929	1.36187867919288	2.28612416186172	3.27199134684002
1.53209070950119	1.35719044374186	2.2989773367291	3.2954322603366
1.53827893701308	1.3466116442695	2.30062415654322	3.34225275173693
1.54446716452498	1.35903203844495	2.3086749871453	3.31980561860205
1.55065539203687	1.33293253989343	2.32411522375374	3.29382758797426
1.55684361954877	1.39390229845435	2.34881662468803	3.31227403224144
1.56303184706067	1.40921762020853	2.34546959406502	3.35551776011654
1.56922007457256	1.39353096961409	2.35038769130643	3.35703169262716
1.57540830208446	1.41655249668454	2.36419072497564	3.37882026955588
1.58159652959635	1.39263859158765	2.36945470282242	3.3878392378785
1.58778475710825	1.39993267342975	2.38350252433146	3.3931916409623
1.59397298462015	1.45327691757767	2.40851867635498	3.41701830098478
1.60016121213204	1.42909254606095	2.39300510867985	3.40983272792132
1.60634943964394	1.42234529175326	2.42512595225793	3.45658204925189
1.61253766715583	1.44868000212989	2.41870659918116	3.46473433366298
1.61872589466773	1.42827047896895	2.43980073548778	3.45991454155601
1.62491412217963	1.4463738886731	2.44731612898668	3.44209837445587
1.63110234969152	1.45460546517235	2.46237074335628	3.45460894778336
1.63729057720342	1.46707685762399	2.46381112885625	3.45631821599983
1.64347880471531	1.47869862947957	2.47684332376412	3.52055535094828
1.64966703222721	1.47115538707537	2.47745170056816	3.51454386591119
1.65585525973911	1.47833732012705	2.48677001829493	3.51749502004735
1.662043487251	1.48650005782189	2.48462376408932	3.51478299621938
1.6682317147629	1.49366071283266	2.50587096861731	3.53543498314243
1.6744199422748	1.50351273074068	2.51767088120304	3.54289585462785
1.68060816978669	1.51856969621335	2.53132290397124	3.55836661930223
1.68679639729859	1.52102004043308	2.5342686014187	3.57896610857328
1.69298462481048	1.52719004157282	2.53861703569351	3.60023288689439
1.69917285232238	1.56845703965708	2.55039309266755	3.6036315894744
1.70536107983428	1.57856776490438	2.56513390536428	3.6092416097425
1.71154930734617	1.54810699161333	2.55749919833749	3.62182115082029
1.71773753485807	1.56273364137043	2.57548846307928	3.66883620695989
1.72392576236996	1.55181003729669	2.58602139490972	3.64199083174249
1.73011398988186	1.55693481583694	2.59539170818548	3.63049524757231
1.73630221739376	1.55731993518707	2.60551865489837	3.70267772861987
1.74249044490565	1.58637808994436	2.62669122684654	3.70321585602632
1.74867867241755	1.58990393822287	2.62217193663032	3.72934245789828
1.75486689992944	1.59510592688263	2.62513199695526	3.72433027097475
1.76105512744134	1.59302600409543	2.65056250660459	3.72511880937689
1.76724335495324	1.60554992112623	2.64968390945585	3.72999206606949
1.77343158246513	1.61385210320566	2.6549334954802	3.76116285762184
1.77961980997703	1.60759505234935	2.66249952694251	3.76844576742291
1.78580803748892	1.64077960985116	2.67425945665133	3.76174787249522
1.79199626500082	1.63569316596757	2.69181070115367	3.77635154999258
1.79818449251272	1.62886146162334	2.70749348724864	3.80392852540951
1.80437272002461	1.65795694507585	2.70911559963198	3.80096335726659
1.81056094753651	1.6442566499374	2.71170133983806	3.82590393227083
1.8167491750484	1.69015159110835	2.71322099341325	3.79477236109541
1.8229374025603	1.68628826598222	2.72837299038771	3.83324287454815
1.8291256300722	1.67405877825349	2.73990839996997	3.85677692655964
1.83531385758409	1.67578080273694	2.75368205648846	3.87598038862146
1.84150208509599	1.67981667851066	2.76736623299019	3.87727328242435
1.84769031260788	1.71410757075404	2.77033935865731	3.89771747286121
1.85387854011978	1.70322232335903	2.7705663809292	3.87991562205102
1.86006676763168	1.72255894488957	2.7870010646514	3.90182945640804
1.86625499514357	1.70780485897951	2.79351339694332	3.95051403707628
1.87244322265547	1.70804925474072	2.80637797429216	3.97237155507302
1.87863145016737	1.74326783216278	2.81304662333917	3.97774528493534
1.88481967767926	1.72660972037622	2.83325276476542	3.97702583687296
1.89100790519116	1.78778093974812	2.83246341627511	3.97636938799358
1.89719613270305	1.76510050907285	2.84220233992931	3.92578790689238
1.90338436021495	1.76911173019183	2.83050676669269	3.97576053937383
1.90957258772685	1.75922157867754	2.86714506575752	4.02920784896262
1.91576081523874	1.79296930520959	2.86512777524498	4.02128116623452
1.92194904275064	1.76137663155771	2.87266183965516	4.02558402958313
1.92813727026253	1.75638195331722	2.89029793591272	4.0165290143034
1.93432549777443	1.79876542160298	2.89060960836632	4.04084684408919
1.94051372528633	1.7792622464399	2.90993466716987	4.08166765412434
1.94670195279822	1.77498725754496	2.90891961641704	4.08135114567034
1.95289018031012	1.79769540028755	2.92741837001578	4.10390777919168
1.95907840782201	1.77529104709058	2.93442674879291	4.09324100535712
1.96526663533391	1.82987933186208	2.93390025018937	4.08496045740756
1.97145486284581	1.82825003310594	2.9399991862492	4.10635730835926
1.9776430903577	1.82337813485251	2.96508623731984	4.1039263618492
1.9838313178696	1.83574246454647	2.96458284285432	4.14111006549376
1.99001954538149	1.84245784136091	2.97395873582666	4.1475227072243
1.99620777289339	1.8527468315626	2.9971693918952	4.18325205142217
2.00239600040529	1.85963816270767	2.99666341186328	4.22167171649104
2.00858422791718	1.85490793030852	3.00539528903879	4.21228034482063
2.01477245542908	1.87220916766078	3.01241950651422	4.21150222587151
2.02096068294097	1.87902012547411	3.02292933692178	4.20244370456694
2.02714891045287	1.90004402744531	3.024615499409	4.24272991728832
2.03333713796477	1.86952976841172	3.03838823896821	4.2230767912242
2.03952536547666	1.87341116877906	3.04434189585097	4.2432239939324
2.04571359298856	1.88913480803139	3.05316788472885	4.26170883024973
2.05190182050045	1.91467708022491	3.08357509849593	4.28561348033409
2.05809004801235	1.90935266235052	3.06717275165598	4.30479596603494
2.06427827552425	1.933811640301	3.08201374976482	4.27545062872078
2.07046650303614	1.91511833875876	3.08141408341563	4.29054085914207
2.07665473054804	1.95535154634091	3.10323101883864	4.30654898179794
2.08284295805994	1.96776626926194	3.1143962165156	4.33526450010214
2.08903118557183	1.96074894967128	3.12451549097158	4.30933141671662
2.09521941308373	1.96592444509955	3.12918491403271	4.35172314657208
2.10140764059562	1.97451885623396	3.13633998029532	4.37409874524938
2.10759586810752	1.96099723047704	3.15433287724807	4.40299059998162
2.11378409561942	1.94017035320819	3.16407302131359	4.41340816484878
2.11997232313131	1.97332652540925	3.16473566547148	4.3946699061859
2.12616055064321	2.01413117615587	3.17346024060808	4.40695488239465
2.1323487781551	1.98887212430782	3.16481176631905	4.42099075549415
2.138537005667	2.0078187917854	3.18470788218169	4.48805316154884
2.1447252331789	2.01621951968342	3.19442107144054	4.46442137257076
2.15091346069079	1.99939052758391	3.20945697949955	4.47709466318264
2.15710168820269	2.02344169969478	3.20880816709874	4.42937288522345
2.16328991571458	2.0532756717009	3.22703091585786	4.46330352875132
2.16947814322648	2.00011360939505	3.23448707037956	4.51931457528875
2.17566637073838	1.99881493405202	3.24430573247156	4.51112645484187
2.18185459825027	2.06585294240621	3.26421241525225	4.53947577699753
2.18804282576217	2.04822707246499	3.27053507381017	4.52149302364583
2.19423105327406	2.0657681307885	3.28593105464856	4.5351269507956
2.20041928078596	2.0584918221727	3.29460088606638	4.54728179499378
2.20660750829786	2.07059256277634	3.30906845041115	4.57822903315772
2.21279573580975	2.05086077117754	3.29609458144117	4.50988357418449
2.21898396332165	2.04821728580177	3.3314946707145	4.58719305642577
2.22517219083354	2.10963768537101	3.32699384500779	4.58398309916289
2.23136041834544	2.09735747756171	3.34375013800799	4.64800205804978
2.23754864585734	2.11883622385567	3.33769119071483	4.6800121193578
2.24373687336923	2.12430513803425	3.36725720956239	4.62342329319623
2.24992510088113	2.12982740499276	3.35747520164872	4.60446560641572
2.25611332839303	2.12565590817721	3.37328877169516	4.64928209154707
2.26230155590492	2.09155941506933	3.36143250593618	4.6908114852512
2.26848978341682	2.12354075103239	3.38749184943107	4.73718680132688
2.27467801092871	2.11390592603857	3.41171393448005	4.696683777596
2.28086623844061	2.15801750469521	3.3946836609758	4.71185200853464
2.2870544659525	2.16868664183289	3.41578081435827	4.73804377556098
2.2932426934644	2.16477844773334	3.42457804871654	4.744206104313
2.2994309209763	2.13772321381124	3.4273211118711	4.74773995052028
2.30561914848819	2.13037663469652	3.44543773260603	4.76496560365963
2.31180737600009	2.20087067169561	3.45191535528664	4.72337282492704
2.31799560351199	2.17749778368797	3.45512017154125	4.7991833003294
2.32418383102388	2.23305598586847	3.45782747034058	4.76204371026538
2.33037205853578	2.19513027371411	3.47060821468622	4.84230592167031
2.33656028604767	2.19093146430957	3.48436534737274	4.80151064712493
2.34274851355957	2.20798468704648	3.49386104111451	4.83587934170583
2.34893674107147	2.2141464351787	3.5001333957129	4.79334750402739
2.35512496858336	2.19840740349367	3.51487427482517	4.87609703589893
2.36131319609526	2.24180651589633	3.51084505069993	4.92084662459515
2.36750142360715	2.21597973168588	3.52223436976582	4.83804007727515
2.37368965111905	2.23482292922738	3.53572372654019	4.93132590023093
2.37987787863095	2.22976431245585	3.54834479358095	4.8769042008857
2.38606610614284	2.26066306680476	3.56032269938812	4.93079929861205
2.39225433365474	2.25458958790393	3.56823019351577	4.95562210075683
2.39844256116663	2.23040815215182	3.57097511582247	4.96088503721675
2.40463078867853	2.32018433647989	3.58771563934378	4.90916422436494
2.41081901619043	2.30852822764997	3.59640656875431	4.98112022453541
2.41700724370232	2.27324837184668	3.59449259485725	4.96908686325952
2.42319547121422	2.32311831189439	3.59741147328783	4.9792318185256
2.42938369872611	2.29942028552178	3.62082938372631	5.02941100041732
2.43557192623801	2.30829560774032	3.63214028995792	5.02990757957876
2.44176015374991	2.29087085607732	3.64010496020719	5.05247719160288
2.4479483812618	2.29590294732616	3.6225610842776	5.05065417999432
2.4541366087737	2.3326792621071	3.66359274888208	5.06714388299005
2.4603248362856	2.33810176891137	3.67383546301307	5.08040448267109
2.46651306379749	2.33948585328448	3.66837084520118	5.09116703613993
2.47270129130939	2.37164114892102	3.70187348417698	5.07629409287295
2.47888951882128	2.34998044789469	3.69318603416455	5.08420035861157
2.48507774633318	2.3515342771146	3.71594798061326	5.08352589762376
2.49126597384508	2.33078211765736	3.72154670315126	5.09690334781234
2.49745420135697	2.35731003828303	3.70889082827588	5.13300742563056
2.50364242886887	2.36399130161931	3.73456048825907	5.1703476803339
2.50983065638076	2.36723270241838	3.74493563663461	5.14596773203788
2.51601888389266	2.39052147025451	3.75061547456414	5.14057987418067
2.52220711140456	2.38122560247888	3.75910801353293	5.21662607970403
2.52839533891645	2.39948328795776	3.77113530701155	5.21478234423684
2.53458356642835	2.40999911670608	3.77642339238771	5.26868702830405
2.54077179394024	2.43530298960107	3.76724720760743	5.19532557489226
2.54696002145214	2.40645122804737	3.79756157643927	5.24685067508643
2.55314824896404	2.46580421997787	3.79154149194552	5.25922101430479
2.55933647647593	2.44121172836548	3.82543476670576	5.26012968508483
2.56552470398783	2.43405149543632	3.80823515025599	5.24123147766016
2.57171293149972	2.46032330472163	3.8226630423654	5.27147362628938
2.57790115901162	2.42884452611071	3.84564783908057	5.29569093131829
2.58408938652352	2.45405339145761	3.84500952861164	5.31364909176896
2.59027761403541	2.4241214714005	3.85214473428562	5.30670098971152
2.59646584154731	2.47967301562826	3.85912261571524	5.33126161419666
2.6026540690592	2.44103558325162	3.87268723958728	5.35727240884304
2.6088422965711	2.48773180709431	3.88341400969151	5.34084450184267
2.615030524083	2.48098988196439	3.89620790076259	5.32587258750051
2.62121875159489	2.50750892708575	3.91455882615789	5.3897838939956
2.62740697910679	2.53722634673197	3.91510870183656	5.38159861043746
2.63359520661868	2.471691252493	3.9151799635455	5.39019684662101
2.63978343413058	2.52457077955019	3.93783192933091	5.46314936382885
2.64597166164248	2.51479313975456	3.93410767232602	5.41206313141092
2.65215988915437	2.50322730236371	3.95291143535883	5.42018736561369
2.65834811666627	2.53717708656764	3.95599694097211	5.48590470472335
2.66453634417817	2.50003559671314	3.95583051795735	5.39138288976782
2.67072457169006	2.56409004384913	3.9799464853432	5.48790432692361
2.67691279920196	2.57542161172264	3.99510700422764	5.4689261338643
2.68310102671385	2.55070505882225	3.99208458617184	5.50467119504544
2.68928925422575	2.59066784594391	3.99542181781679	5.51241914592349
2.69547748173765	2.56139224009855	4.01393142971798	5.54998469443727
2.70166570924954	2.55890263536402	4.01408599032211	5.57687169163096
2.70785393676144	2.55620836258435	4.0330532239838	5.47583284020911
2.71404216427333	2.53257233837898	4.03190609592506	5.52898889023199
2.72023039178523	2.58667894287896	4.03769579448972	5.53189430486106
2.72641861929713	2.5878977074054	4.06424258281716	5.55208809556509
2.73260684680902	2.65005353673875	4.07451106036578	5.53825327094339
2.73879507432092	2.59203064438685	4.0776429415113	5.62519350180053
2.74498330183281	2.6299800886072	4.09221926429674	5.62257649007775
2.75117152934471	2.61660150679949	4.09626337362321	5.66545562808175
2.75735975685661	2.59800308333941	4.09789913823582	5.62711609147124
2.7635479843685	2.62993700343994	4.11160707425629	5.66093665203708
2.7697362118804	2.62740267336097	4.107855689686	5.67622681318439
2.77592443939229	2.62752698111898	4.13221240185854	5.66189873626424
2.78211266690419	2.64258428315193	4.1452489694924	5.69004855392561
2.78830089441609	2.6366254859206	4.12376841343571	5.74516651079209
2.79448912192798	2.69061551465304	4.1620716128584	5.65476995367585
2.80067734943988	2.66736103320268	4.16334074971218	5.72383651197645
2.80686557695177	2.69773859194514	4.18108913130304	5.68958503588811
2.81305380446367	2.6711489479041	4.1923063837714	5.7750412576983
2.81924203197557	2.70332713141699	4.19177097780696	5.7657723827965
2.82543025948746	2.66419847502921	4.21511590326623	5.78373016927786
2.83161848699936	2.72407747595274	4.19751983223681	5.78113932875017
2.83780671451125	2.7124973594638	4.21451106800441	5.77677212273471
2.84399494202315	2.70248424099421	4.23539228414467	5.80849157633262
2.85018316953505	2.69479859427821	4.23568110567248	5.8480050452473
2.85637139704694	2.71705903773289	4.23779792447281	5.83576678232225
2.86255962455884	2.74766670405493	4.25537288653946	5.83065033102118
2.86874785207074	2.73543824474554	4.26298937308276	5.85318441308079
2.87493607958263	2.77942130910386	4.27272299862956	5.90350137458167
2.88112430709453	2.72450137824148	4.28888603697758	5.87992512434579
2.88731253460642	2.75978682212109	4.30717565547767	5.91200922566652
2.89350076211832	2.81280771891275	4.30047024210968	5.91347316028124
2.89968898963022	2.77029567837523	4.31058437480572	5.88019360608825
2.90587721714211	2.79542867893044	4.31582788089247	5.94254412681432
2.91206544465401	2.74511932232871	4.33786348506927	5.92627426388472
2.9182536721659	2.78510708486736	4.33997064211514	5.97133101602313
2.9244418996778	2.75472141151332	4.34931221459619	5.93493527284577
2.9306301271897	2.80262986312824	4.35832816651275	6.01570874029293
2.93681835470159	2.83312785094206	4.36876996415423	5.98342783389247
2.94300658221349	2.83984174393688	4.36726174077781	6.00182040999446
2.94919480972538	2.77879347026037	4.39581085439512	5.99430066452653
2.95538303723728	2.83345489798709	4.38071648619572	6.06121309888938
2.96157126474918	2.82756705648896	4.38070449691335	6.05142803237672
2.96775949226107	2.86563736320301	4.41806490146352	6.04410740054451
2.97394771977297	2.83403680743858	4.42749287415045	6.08235305671592
2.98013594728486	2.82315337283145	4.43290146267718	6.03791863041724
2.98632417479676	2.83023590435883	4.42433472190614	6.07995262993416
2.99251240230866	2.8765368119796	4.44105911109999	6.07734705392711
2.99870062982055	2.87326989537272	4.44401000125906	6.12609857944629
3.00488885733245	2.88087515276192	4.4700048590456	6.07136993719321
3.01107708484434	2.86077766890877	4.48604548196323	6.1189442108092
3.01726531235624	2.88220443258589	4.49465583124256	6.16778214098842
3.02345353986814	2.9049163476688	4.49967713273826	6.17950626324597
3.02964176738003	2.92456458650321	4.48137119326425	6.12919482204452
3.03582999489193	2.89218940776362	4.51427932059468	6.16531783591583
3.04201822240383	2.92379943027634	4.5180502490517	6.19743090231286
3.04820644991572	2.87747536478096	4.51616231651371	6.20073225022402
3.05439467742762	2.96680971439379	4.52406215238983	6.19602344776594
3.06058290493951	2.93771046552722	4.53418723036434	6.21388730615855
3.06677113245141	2.98804476713408	4.55111492135845	6.24135950285866
3.0729593599633	2.95631957965699	4.55705149672122	6.24307514438946
3.0791475874752	2.93729036193067	4.5829940728444	6.27335777319527
3.0853358149871	2.95428788391526	4.59804035007086	6.24364355780074
3.09152404249899	2.97447855139968	4.57891822482758	6.30831132604528
3.09771227001089	2.95365896844013	4.58610253040439	6.30837465465763
3.10390049752279	3.01865337449002	4.61059553077047	6.3290512702996
3.11008872503468	3.02508197774514	4.61415772177059	6.31392892540617
3.11627695254658	2.98966381837837	4.62205088593986	6.33127730772237
3.12246518005847	3.00453481854086	4.63229198117493	6.34582245675047
3.12865340757037	3.04738422236977	4.64202947826995	6.38900384083802
3.13484163508227	3.00279703470014	4.64989198436434	6.36585248122873
3.14102986259416	3.04392244561557	4.66727284502912	6.4130345317399
3.14721809010606	3.04475795699905	4.69525591834746	6.40215401198737
3.15340631761795	3.00996958611622	4.68105911429588	6.44159947436795
3.15959454512985	3.05765295137416	4.71317657941733	6.42463634214251
3.16578277264175	3.0410006127211	4.70550998430008	6.4187471608066
3.17197100015364	3.05089686251637	4.69989197897281	6.4080751783575
3.17815922766554	3.03844862801762	4.73165573037334	6.49907937531139
3.18434745517743	3.05097310926708	4.71830114243969	6.49580775631466
3.19053568268933	3.07993942845442	4.73156173715941	6.53805191889168
3.19672391020123	3.04844538611326	4.75143293173075	6.46934811141239
3.20291213771312	3.0473636127186	4.76224962643351	6.4958442341684
3.20910036522502	3.07875217446827	4.75718660120512	6.55944423085437
3.21528859273691	3.09044300900538	4.75892605792093	6.55286597504256
3.22147682024881	3.06769225041134	4.76848483362155	6.51278935282008
3.22766504776071	3.10868265731304	4.79780240786507	6.57938616558717
3.2338532752726	3.12183264177339	4.80193702876453	6.5581587765378
3.2400415027845	3.14597926518868	4.79605486357486	6.53123977213196
3.2462297302964	3.10848251128258	4.8291326523036	6.62060654907525
3.25241795780829	3.13119677450312	4.83980794896332	6.59442304526521
3.25860618532019	3.14312463854236	4.82683324908259	6.60234275543617
3.26479441283208	3.17930130862642	4.84543365444142	6.63833099067565
3.27098264034398	3.13858105439218	4.84797632917594	6.65358106994731
3.27717086785588	3.16727668904861	4.83341252107041	6.64049883736813
3.28335909536777	3.13271212557646	4.86940479609191	6.67314357949858
3.28954732287967	3.18291271769738	4.8714807658553	6.68997545063976
3.29573555039156	3.19233719801327	4.89368322029495	6.65082385483726
3.30192377790346	3.19503923480776	4.87982009519336	6.69996554682665
3.30811200541536	3.17673027758177	4.93832287524194	6.71339060717648
3.31430023292725	3.24395553195274	4.91766683376679	6.7218127260341
3.32048846043915	3.2081773410201	4.91178899232887	6.71459491134744
3.32667668795104	3.25285222420414	4.92335825464655	6.70562258635776
3.33286491546294	3.24525496408775	4.94850549747085	6.79962938236547
3.33905314297484	3.19515949289044	4.95286232142433	6.76647779382313
3.34524137048673	3.23121985834439	4.97036705980001	6.77265738494886
3.35142959799863	3.22772851772795	4.96836317455925	6.8305233865416
3.35761782551052	3.19079219254571	4.99315357300436	6.81515896755488
3.36380605302242	3.25848351769455	4.9929087457786	6.77047047491605
3.36999428053432	3.23651197289769	5.00699436431296	6.8460172725969
3.37618250804621	3.28073105727929	5.01302202725472	6.8264059201529
3.38237073555811	3.24665056687251	5.01442321460846	6.86186540036088
3.38855896307	3.25149273048857	5.01622616876133	6.81688981293528
3.3947471905819	3.28399414082852	5.02993294431819	6.86180852882518
3.4009354180938	3.32940491765268	5.0494711888425	6.90624514617227
3.40712364560569	3.30199585117931	5.05348763361225	7.01059622659697
3.41331187311759	3.31856286083715	5.06671804800588	6.94098702509061
3.41950010062948	3.31122388447319	5.06513905854393	6.98479756395887
3.42568832814138	3.3399841759997	5.06602956765892	6.93526563015216
3.43187655565328	3.34003246795085	5.07860175049019	6.97629550026116
3.43806478316517	3.3196934924579	5.09735800698318	6.99227283449643
3.44425301067707	3.27973667467837	5.11111457482147	6.98932171458395
3.45044123818897	3.32574239262697	5.12148813907066	7.03654319765357
3.45662946570086	3.34613635359313	5.1410196394297	7.01286702200636
3.46281769321276	3.36725759670938	5.1285825233253	7.01290831958639
3.46900592072465	3.35166446415712	5.15914348567111	7.01002302907349
3.47519414823655	3.37159366441644	5.14858848566514	6.99167926644881
3.48138237574845	3.36578396900492	5.15319831728805	7.05535370023757
3.48757060326034	3.392950361501	5.16049648347945	7.09199535961741
3.49375883077224	3.38106655344475	5.19563849521778	7.09431983427948
3.49994705828413	3.41760067069498	5.18743620898654	7.0860791162532
3.50613528579603	3.37769206933666	5.19560339702213	7.08801554690767
3.51232351330793	3.42882806397797	5.22166501118667	7.13045050456455
3.51851174081982	3.35729478605545	5.2037939015572	7.1051259644964
3.52469996833172	3.4399579828114	5.22990843111287	7.16099332282097
3.53088819584361	3.41423256163194	5.22175986159383	7.1440199036265
3.53707642335551	3.4300433774238	5.23856335520199	7.14672209439957
3.54326465086741	3.39150526034564	5.27147711031011	7.20227708785458
3.5494528783793	3.40613704665813	5.26663127307225	7.19743476797603
3.5556411058912	3.43652675884782	5.26408644765147	7.15741218667082
3.56182933340309	3.47677422740479	5.28591089138107	7.26487435159328
3.56801756091499	3.4830518241781	5.29329628219452	7.21301318084473
3.57420578842689	3.47374477062749	5.30544936408598	7.23657427367466
3.58039401593878	3.44337844603525	5.33055436120802	7.25784974177766
3.58658224345068	3.4612416003231	5.3204050444422	7.24211041765613
3.59277047096257	3.47794857188473	5.3430117786381	7.27883125315957
3.59895869847447	3.47157546103316	5.34411531634448	7.27819157702992
3.60514692598637	3.49536277379633	5.34091268533952	7.2940887023459
3.61133515349826	3.49792650824347	5.34996953900566	7.26701172973569
3.61752338101016	3.49729891018834	5.36338787493262	7.32003104278429
3.62371160852205	3.48573745489746	5.38556122911264	7.29829242126903
3.62989983603395	3.52942573901381	5.37857743486753	7.34150783626317
3.63608806354585	3.52496258459746	5.39463328279407	7.40315036969528
3.64227629105774	3.53033855815002	5.39763751905422	7.32917298514332
3.64846451856964	3.5196259054705	5.40648662299912	7.42783141764431
3.65465274608154	3.47278378393513	5.42291928022213	7.4289648429282
3.66084097359343	3.54659382479961	5.44861795638455	7.38570866755619
3.66702920110533	3.56246293610921	5.42586010496332	7.37505057534455
3.67321742861722	3.57952709744204	5.44001874208547	7.42419784532016
3.67940565612912	3.57902601309925	5.45936773488163	7.42291362477598
3.68559388364102	3.5761295523759	5.45793895000759	7.4478709904567
3.69178211115291	3.58212363946064	5.4719833265338	7.43809622917667
3.69797033866481	3.64329088643488	5.47651670785203	7.49822728347841
3.7041585661767	3.61279683029826	5.48483701085177	7.50425642033737
3.7103467936886	3.57143098995783	5.50634308850572	7.5123503441384
3.7165350212005	3.59848796631681	5.50830391824468	7.57293616944832
3.72272324871239	3.59530882281206	5.52028463901193	7.53214836713272
3.72891147622429	3.60293896315396	5.51389779114726	7.52363077625025
3.73509970373618	3.62252054312678	5.52296461690126	7.57605889714261
3.74128793124808	3.5765491247357	5.55457426225564	7.51086899979676
3.74747615875998	3.66809406775032	5.56227354873711	7.580617340957
3.75366438627187	3.6094742603772	5.5515522039296	7.58771088254882
3.75985261378377	3.64901456149389	5.55637123284462	7.55304110000763
3.76604084129566	3.64515658367613	5.58350030514009	7.64554920750176
3.77222906880756	3.62570769297979	5.60344911584801	7.60779959353593
3.77841729631946	3.66797780819062	5.5796288761517	7.67225727796768
3.78460552383135	3.65683935468502	5.60053676966815	7.61260079692196
3.79079375134325	3.73654790283213	5.61974306698808	7.69934694406425
3.79698197885514	3.69083081441394	5.62676874550124	7.64978372976787
3.80317020636704	3.66523390644246	5.63479550475735	7.66563261651303
3.80935843387894	3.7104018961027	5.63940250969311	7.70099665125761
3.81554666139083	3.68409515923393	5.64777351439398	7.72613608322053
3.82173488890273	3.73618938412564	5.67397265129106	7.73166303250328
3.82792311641463	3.7444772140697	5.68790864309936	7.73748790904424
3.83411134392652	3.71141246940434	5.67401767025497	7.73082384733598
3.84029957143842	3.72909390205214	5.66554741540343	7.75154849284952
3.84648779895031	3.73775426747006	5.69612747292742	7.77087650358224
3.85267602646221	3.77806233723715	5.71880591776723	7.81036104922762
3.85886425397411	3.73581437629062	5.7285890420828	7.77549756858397
3.865052481486	3.76654231248832	5.7248662531366	7.84390210981631
3.8712407089979	3.74840113152961	5.74891601725361	7.86914676236855
3.87742893650979	3.74127433877267	5.74638664328782	7.83791540726796
3.88361716402169	3.82081651534609	5.77349288263946	7.84533843475707
3.88980539153359	3.76553723691072	5.75689880443505	7.86116859494043
3.89599361904548	3.82859955560704	5.76866744035167	7.86024076411926
3.90218184655738	3.78994916803391	5.77768302951522	7.88818605558375
3.90837007406927	3.79059722791849	5.79949678440758	7.90779676062274
3.91455830158117	3.77376797645185	5.81307020842172	7.91720121305224
3.92074652909307	3.7844010294585	5.8024172294667	7.93148429124749
3.92693475660496	3.83662244535307	5.79422348270693	7.91132235663732
3.93312298411686	3.84038457335722	5.8246260467989	7.92350372472594
3.93931121162875	3.83945060179728	5.84467736022408	7.98889177022611
3.94549943914065	3.81708105618306	5.84295263189393	7.94748397382253
3.95168766665255	3.85294478696143	5.84776546406988	7.94849568859193
3.95787589416444	3.83044193660246	5.85597846440347	8.0008161033061
3.96406412167634	3.80439195709229	5.8658722270156	8.02857040665028
3.97025234918823	3.84490205981089	5.86451792078684	8.0340230254971
3.97644057670013	3.86073656341436	5.88310344973218	8.0030294580613
3.98262880421203	3.87740281675414	5.91407391080265	8.0124587237272
3.98881703172392	3.92478177751155	5.90472845413321	7.99871874088413
3.99500525923582	3.93230880824618	5.91371768910263	8.06576467397391
4.00119348674771	3.86171784617209	5.9294609227627	8.08283921787562
4.00738171425961	3.87642611381924	5.94905204473128	8.04867453128866
4.01356994177151	3.90491405815924	5.93854514161235	8.10440381539342
4.0197581692834	3.93543472103364	5.9327763767583	8.09751706322314
4.0259463967953	3.90574386198649	5.95531433321952	8.07532251086244
4.0321346243072	3.97327539109335	5.97139943766672	8.12644277664798
4.03832285181909	3.92586566189499	5.98115086397385	8.18528588330038
4.04451107933099	3.95317790401073	5.99913638515089	8.13258852227273
4.05069930684288	3.94839696687083	5.99812558605899	8.17042354332185
4.05688753435478	3.99848575470376	6.00847859337825	8.17490915260209
4.06307576186668	3.92762911216276	6.03258077895692	8.21989703150755
4.06926398937857	3.9938942801045	6.01536075434411	8.19245777744325
4.07545221689047	3.919477901259	6.05980844680686	8.12969800597411
4.08164044440236	3.99928129590391	6.03919334241318	8.21269224683512
4.08782867191426	3.95256215293976	6.0334717422813	8.28157440351014
4.09401689942616	3.96181441934563	6.06843424014836	8.22716116130989
4.10020512693805	4.05536791588777	6.07100095829441	8.20096970315148
4.10639335444995	3.97391084878579	6.0732211444274	8.25750170528667
4.11258158196184	3.97484963665932	6.09266134111842	8.29903670769028
4.11876980947374	4.06244579532302	6.11093146729499	8.31578288051207
4.12495803698564	4.01661923802727	6.10396800598269	8.29153520811491
4.13114626449753	3.99515191571473	6.11683766971717	8.30342315062753
4.13733449200943	4.05138781464196	6.12253902733733	8.37975953157729
4.14352271952133	4.02647247135525	6.12751921063945	8.32303937156425
4.14971094703322	4.012598293972	6.15130734685196	8.36565390400609
4.15589917454512	4.0377815517746	6.16175553979032	8.37403761776236
4.16208740205701	4.06662064680255	6.17660204295369	8.35078203009194
4.16827562956891	4.02293903085189	6.17658921021272	8.42023029092626
4.1744638570808	4.06200792844946	6.19384803604262	8.39917601691604
4.1806520845927	4.08626196248879	6.16827790299016	8.39962376236675
4.1868403121046	4.06965432722057	6.19226669259681	8.4706576379094
4.19302853961649	4.08462857637157	6.1900095897692	8.39132051435533
4.19921676712839	4.03946017068999	6.21046052357847	8.4406033405419
4.20540499464028	4.09878925020405	6.21251216652721	8.4693972101667
4.21159322215218	4.09277851356231	6.23384486394657	8.4418081166467
4.21778144966408	4.08733071443267	6.23979355478231	8.53456615300537
4.22396967717597	4.11624506162176	6.24665086064921	8.53955312200653
4.23015790468787	4.08330385923337	6.27091560016935	8.55570177768311
4.23634613219977	4.07860543367605	6.26836454233977	8.56393349924081
4.24253435971166	4.11654416893925	6.25628612720589	8.53586229697649
4.24872258722356	4.13491328453419	6.29236350319361	8.62279307284488
4.25491081473545	4.15985952329697	6.29489398027467	8.57707563346572
4.26109904224735	4.1246380645834	6.28550917734021	8.55440946032543
4.26728726975925	4.17891413295348	6.32678458934808	8.60377738496152
4.27347549727114	4.15400340518131	6.33404743812831	8.60766333174328
4.27966372478304	4.12674220805608	6.33448499318616	8.65247693286084
4.28585195229493	4.16029459701568	6.33718789911428	8.57957748701999
4.29204017980683	4.2007316091397	6.36320711380819	8.72112614795327
