"mitochan"	"lwrNorm"	"medNorm"	"uprNorm"
-1.90327037354145	-3.77399397709267	-2.67373845525689	-1.49925090452779
-1.89677163120065	-3.77868742231336	-2.67338040783089	-1.53428897456224
-1.89027288885985	-3.77958035318976	-2.65630214883225	-1.49269360216602
-1.88377414651905	-3.76929066369209	-2.64868086739967	-1.48347538287822
-1.87727540417826	-3.71389201491131	-2.64455175459137	-1.45926045736414
-1.87077666183746	-3.73436584766074	-2.62031684528363	-1.45238402827403
-1.86427791949666	-3.7252970857474	-2.62163278982204	-1.49707678753605
-1.85777917715586	-3.71985307221819	-2.60770804103285	-1.50601684352932
-1.85128043481507	-3.67889893649298	-2.59974879365536	-1.47209473710183
-1.84478169247427	-3.67835525569058	-2.59296036531092	-1.47381960306555
-1.83828295013347	-3.65876105481304	-2.58655272051071	-1.48582848508895
-1.83178420779267	-3.66565065270526	-2.56656741729283	-1.42865762550385
-1.82528546545187	-3.63823531503952	-2.57590250495053	-1.44388150761279
-1.81878672311108	-3.65621901050892	-2.55982508259565	-1.43152802014155
-1.81228798077028	-3.62229880385064	-2.55554331626959	-1.43840512554568
-1.80578923842948	-3.62886931217285	-2.53770082898236	-1.40778125400589
-1.79929049608868	-3.62853485220403	-2.53473049368009	-1.46963534264766
-1.79279175374788	-3.60683600859152	-2.53873163451175	-1.4231014166184
-1.78629301140709	-3.57814874026404	-2.52042551648414	-1.40472501905101
-1.77979426906629	-3.55626819761115	-2.50463058099809	-1.38359703558233
-1.77329552672549	-3.58037245418263	-2.49738526573261	-1.40404699208212
-1.76679678438469	-3.56847574475918	-2.49300524583915	-1.34783391486955
-1.76029804204389	-3.4860995860583	-2.49786638975741	-1.38633300720624
-1.7537992997031	-3.50478781820885	-2.47763234390061	-1.37688195620028
-1.7473005573623	-3.49705548368107	-2.46957320075344	-1.36206834383049
-1.7408018150215	-3.51256802918068	-2.46873892755811	-1.35025146426123
-1.7343030726807	-3.47052805525584	-2.44722452468948	-1.35686434256639
-1.7278043303399	-3.46065963965906	-2.43121517949271	-1.36814392355391
-1.72130558799911	-3.46261412236272	-2.43642676112788	-1.35941974010409
-1.71480684565831	-3.4907795571861	-2.42924558860552	-1.3171689712164
-1.70830810331751	-3.45124950751404	-2.41054532215265	-1.37035796678782
-1.70180936097671	-3.43656454453884	-2.41107424653085	-1.35418293565374
-1.69531061863591	-3.42035973979876	-2.39752646877761	-1.35289871240407
-1.68881187629512	-3.44807709751992	-2.38288249002551	-1.32104595080205
-1.68231313395432	-3.3900143402876	-2.37908461660616	-1.32351240574949
-1.67581439161352	-3.38177577376465	-2.38522001274412	-1.32458459797409
-1.66931564927272	-3.36221809281634	-2.36596390564793	-1.32565005695777
-1.66281690693192	-3.4071489673723	-2.35906791077349	-1.29338426679551
-1.65631816459113	-3.34576951560384	-2.35316710609373	-1.27353822347256
-1.64981942225033	-3.33629084521036	-2.33411941827231	-1.23932186585863
-1.64332067990953	-3.33485767809754	-2.337702444467	-1.2791086387334
-1.63682193756873	-3.31683518827972	-2.32031727809977	-1.29674810680209
-1.63032319522793	-3.30825507920007	-2.31598797254129	-1.27936869958755
-1.62382445288714	-3.34130439000454	-2.31455767072101	-1.3055172362777
-1.61732571054634	-3.30871116968651	-2.30444124525397	-1.24898038516997
-1.61082696820554	-3.27219368746505	-2.30194871503259	-1.24854492590546
-1.60432822586474	-3.28706841634641	-2.28523487028458	-1.24727302475316
-1.59782948352394	-3.26058694403361	-2.26985512149627	-1.21143719713135
-1.59133074118315	-3.23779354210652	-2.25475325878982	-1.2417460519907
-1.58483199884235	-3.22979745402321	-2.253046881299	-1.25250222663555
-1.57833325650155	-3.24310483394942	-2.23337452645106	-1.22717509809733
-1.57183451416075	-3.22380719129391	-2.24446596824721	-1.21263774148575
-1.56533577181995	-3.20964614914251	-2.2270632600519	-1.2129219152001
-1.55883702947916	-3.18092591918265	-2.22669425167755	-1.21080825868902
-1.55233828713836	-3.20233062121162	-2.21242689729403	-1.2155962112575
-1.54583954479756	-3.16545803079718	-2.20588572313476	-1.18134543244465
-1.53934080245676	-3.17836498891402	-2.18762792485189	-1.18747587431799
-1.53284206011596	-3.12927682276357	-2.18281303986552	-1.17398721207396
-1.52634331777517	-3.10853431451241	-2.17613453470761	-1.18114107432683
-1.51984457543437	-3.13121361807712	-2.1754809310912	-1.17624449112201
-1.51334583309357	-3.13559974006861	-2.17264098867949	-1.17824944941695
-1.50684709075277	-3.09823804965735	-2.14881207463925	-1.13903756894129
-1.50034834841197	-3.09633876781906	-2.14709449438377	-1.15906394367084
-1.49384960607118	-3.08871080235947	-2.1391153391458	-1.13755274817625
-1.48735086373038	-3.0892247303304	-2.13274137972562	-1.1349522944497
-1.48085212138958	-3.03569637364465	-2.11823151717134	-1.11608079819223
-1.47435337904878	-3.06182910305967	-2.1022906730374	-1.13449522001251
-1.46785463670798	-3.06325359100142	-2.10104779329611	-1.12501550540938
-1.46135589436719	-3.03011359725517	-2.08516206138193	-1.13443476406513
-1.45485715202639	-3.04055118348386	-2.08279758026555	-1.09133407110806
-1.44835840968559	-3.00910435792817	-2.07562931852871	-1.10454809233315
-1.44185966734479	-2.99423500610776	-2.06077947955421	-1.09985589796775
-1.43536092500399	-2.96545572083651	-2.06028267373483	-1.10726612175415
-1.4288621826632	-2.97672778581048	-2.05738820011715	-1.09638733136368
-1.4223634403224	-2.93115465852926	-2.04445965820011	-1.09818525137396
-1.4158646979816	-2.94213596915845	-2.03615620382354	-1.05747278141701
-1.4093659556408	-2.94279263376034	-2.0267586418926	-1.07129774802847
-1.4028672133	-2.93989433050197	-2.02130290030899	-1.05620458431457
-1.39636847095921	-2.9302871292641	-2.00237729545063	-1.09814268958482
-1.38986972861841	-2.90880615908442	-1.99865733057388	-1.01637811864502
-1.38337098627761	-2.90728886574289	-1.99712493823191	-1.05373838968602
-1.37687224393681	-2.87642961860042	-1.99640539978289	-1.05058223117382
-1.37037350159601	-2.87125162188344	-1.98147786628462	-1.02894796686635
-1.36387475925522	-2.87905647227337	-1.96324598393008	-1.02754966236004
-1.35737601691442	-2.86075379866995	-1.96143664583218	-1.01451046280117
-1.35087727457362	-2.86566382186552	-1.94184251262004	-1.00610154727109
-1.34437853223282	-2.8210678208136	-1.95098103358675	-1.01451133504284
-1.33787978989202	-2.8048003629026	-1.92994825093012	-1.01362727480962
-1.33138104755123	-2.8002210895072	-1.92649957677707	-1.00572156511049
-1.32488230521043	-2.800282546379	-1.92162813880674	-0.996411311867006
-1.31838356286963	-2.79562355898764	-1.8986222934402	-0.956806398272022
-1.31188482052883	-2.77016307612943	-1.89504653371972	-0.999284156485312
-1.30538607818804	-2.76834859847228	-1.88681374967516	-0.964250621721148
-1.29888733584724	-2.76565671545268	-1.87386911118439	-0.958293680721985
-1.29238859350644	-2.77185703596193	-1.87482125732958	-0.967401748376178
-1.28588985116564	-2.72317903610845	-1.86422932024685	-0.941421721878591
-1.27939110882484	-2.69759515069677	-1.85987970715246	-0.932227421882207
-1.27289236648405	-2.71648895963226	-1.84438374124271	-0.957686733200773
-1.26639362414325	-2.68222784768103	-1.8336639056449	-0.942066168396347
-1.25989488180245	-2.69540428291992	-1.83061720670868	-0.894374533817067
-1.25339613946165	-2.68090815903037	-1.82020895370616	-0.925115968813763
-1.24689739712085	-2.666019989642	-1.80410979363665	-0.907243118827849
-1.24039865478006	-2.65914476531922	-1.80051653253703	-0.89972033597779
-1.23389991243926	-2.65577530384196	-1.80221125406616	-0.926798689652744
-1.22740117009846	-2.62234466771216	-1.78540290273389	-0.920495717137498
-1.22090242775766	-2.63300425230529	-1.77858210161347	-0.917879476888026
-1.21440368541686	-2.59285761563593	-1.78183924960056	-0.879536848017354
-1.20790494307607	-2.5925193339181	-1.75586422742124	-0.90233309124042
-1.20140620073527	-2.58121295958614	-1.7537213464528	-0.89612812864515
-1.19490745839447	-2.56698506801534	-1.74396441891283	-0.873184135439076
-1.18840871605367	-2.58080476566225	-1.73003016006079	-0.86170716855829
-1.18190997371287	-2.55521730221688	-1.7315825000425	-0.851696096663168
-1.17541123137208	-2.53826061510169	-1.71119857823501	-0.851532080798332
-1.16891248903128	-2.54196937433753	-1.70932487123432	-0.858847677383832
-1.16241374669048	-2.51463205496316	-1.70308723322645	-0.859391277843197
-1.15591500434968	-2.52760656764083	-1.68771681364874	-0.826282285671896
-1.14941626200888	-2.49362509151356	-1.69450761642195	-0.818067873068238
-1.14291751966809	-2.49432735514093	-1.66947322881252	-0.811832448310701
-1.13641877732729	-2.50413082919782	-1.6625119479755	-0.819349582212518
-1.12992003498649	-2.50577567783226	-1.65962688680322	-0.806479793982539
-1.12342129264569	-2.45287485742836	-1.6529429200794	-0.808455871294516
-1.11692255030489	-2.47457761163445	-1.64207864195968	-0.844239526315632
-1.1104238079641	-2.46451496840753	-1.63456534034298	-0.813208868382685
-1.1039250656233	-2.42477342319888	-1.62779690479587	-0.779731435751146
-1.0974263232825	-2.43455703116582	-1.60635416795094	-0.808438727122155
-1.0909275809417	-2.40951179999849	-1.60677541434224	-0.771684927672065
-1.0844288386009	-2.40621883687356	-1.60174568476444	-0.751214732320265
-1.07793009626011	-2.41642400810944	-1.58621813134382	-0.773964515526722
-1.07143135391931	-2.38130377601647	-1.58035413319791	-0.770486975976158
-1.06493261157851	-2.37931558197727	-1.5655079975993	-0.784645575527505
-1.05843386923771	-2.32719678718579	-1.56803612384958	-0.759411785690743
-1.05193512689691	-2.36627884955224	-1.56100029946575	-0.764141276025711
-1.04543638455612	-2.34952694461602	-1.55752375469117	-0.71043801329008
-1.03893764221532	-2.32150672532719	-1.5518018958047	-0.720304284155717
-1.03243889987452	-2.31355198043096	-1.54414084274608	-0.726954633988929
-1.02594015753372	-2.32947305938502	-1.52067735124958	-0.724532517085629
-1.01944141519292	-2.29747919759069	-1.51513039455938	-0.691905296746004
-1.01294267285213	-2.29368817313554	-1.50784896157495	-0.710161875580641
-1.00644393051133	-2.27559256725945	-1.496289885329	-0.72106571539625
-0.99994518817053	-2.30173749440644	-1.49148418042292	-0.675407897827468
-0.993446445829732	-2.25238485650551	-1.47253056773812	-0.674015519941794
-0.986947703488934	-2.22309088211586	-1.47382350413096	-0.676697117612927
-0.980448961148136	-2.21122271979983	-1.46737576988963	-0.679295616970181
-0.973950218807338	-2.24471095078625	-1.45574410250065	-0.674654830924674
-0.96745147646654	-2.23746780231245	-1.44132387513106	-0.671346132606538
-0.960952734125742	-2.20414997366533	-1.43261269932516	-0.65618496994252
-0.954453991784944	-2.20550651968142	-1.42537740919573	-0.617088960500692
-0.947955249444146	-2.20855209805212	-1.42190125170736	-0.664878758281018
-0.941456507103348	-2.1828981292743	-1.408783344281	-0.627563476331625
-0.93495776476255	-2.19213654932094	-1.40281932869599	-0.643028988696887
-0.928459022421752	-2.1382996431291	-1.39012091229922	-0.595454327813232
-0.921960280080954	-2.1440320255942	-1.3985738708534	-0.622551036055866
-0.915461537740156	-2.14758160460828	-1.3806800130812	-0.599987472364171
-0.908962795399358	-2.12991343400459	-1.37128782104098	-0.601494532240656
-0.902464053058561	-2.11741200415778	-1.36205773739455	-0.622565228981063
-0.895965310717763	-2.09965918547525	-1.34606177453112	-0.571663771599843
-0.889466568376964	-2.10014477095625	-1.34209863066882	-0.572679582702053
-0.882967826036167	-2.09208239468566	-1.32751254739095	-0.557018312458976
-0.876469083695369	-2.0777620326199	-1.33446495919745	-0.571424009868044
-0.86997034135457	-2.07623227955163	-1.3137163668574	-0.556492299646659
-0.863471599013773	-2.04550025833231	-1.31730634877554	-0.545606330295029
-0.856972856672975	-2.0431654676461	-1.30275127688418	-0.544771555159946
-0.850474114332177	-2.02885992589017	-1.280573480926	-0.539271140529489
-0.843975371991379	-2.02222412209427	-1.29775967196027	-0.559003875128542
-0.837476629650581	-2.02526177488368	-1.26956588104535	-0.527184754007424
-0.830977887309783	-1.99631128416525	-1.27086490575511	-0.535857719147905
-0.824479144968985	-1.99585179690848	-1.25544928085808	-0.501138174440562
-0.817980402628187	-1.98592762606342	-1.25821621820598	-0.462700161080572
-0.811481660287389	-1.97385501459657	-1.24041427696502	-0.521375245044153
-0.804982917946591	-1.9809890363777	-1.24076131915	-0.49326181957619
-0.798484175605793	-1.97888097690175	-1.23135549044034	-0.516818989306063
-0.791985433264995	-1.91074444094176	-1.21409642998363	-0.45230356620448
-0.785486690924197	-1.95495315412294	-1.20828016551513	-0.488703895769104
-0.778987948583399	-1.92920558016148	-1.19543244836569	-0.494880446031982
-0.772489206242601	-1.92418898610526	-1.19090204665108	-0.466428146519167
-0.765990463901803	-1.93173907634684	-1.18914510302188	-0.47635464854598
-0.759491721561005	-1.88366027092324	-1.16910124314651	-0.452233776016167
-0.752992979220207	-1.87544035807926	-1.14655073389368	-0.449211917614319
-0.746494236879409	-1.87045888948193	-1.16281538247303	-0.436123140212237
-0.739995494538611	-1.85956164613067	-1.15545760712132	-0.425520718712706
-0.733496752197813	-1.85644723252146	-1.14954649799889	-0.432701894738201
-0.726998009857015	-1.83044297693972	-1.1284643044839	-0.412841767108793
-0.720499267516217	-1.8424295248461	-1.12842380015933	-0.407302155506977
-0.714000525175419	-1.84391426413522	-1.11493329011539	-0.397440525236947
-0.707501782834621	-1.80806004023395	-1.10807774948417	-0.405498467933274
-0.701003040493823	-1.77886975829006	-1.09261460542692	-0.406184097686729
-0.694504298153025	-1.78982448397964	-1.08444567290476	-0.381140568613497
-0.688005555812227	-1.77778005167089	-1.07494202922914	-0.381101733806564
-0.681506813471429	-1.77093794688073	-1.06183183196793	-0.366858936019985
-0.675008071130631	-1.7596903352863	-1.05759164896198	-0.364093734306976
-0.668509328789833	-1.75107885431259	-1.0496498098175	-0.374234470275617
-0.662010586449035	-1.75210917448522	-1.04626256333814	-0.36851297243352
-0.655511844108237	-1.70770085760931	-1.04354571686829	-0.338320530010623
-0.649013101767439	-1.69430542162549	-1.0174622396118	-0.33714836353889
-0.642514359426641	-1.68624700818908	-1.01168208358898	-0.307578198367457
-0.636015617085844	-1.71220284735701	-1.00805128371003	-0.312735249289034
-0.629516874745045	-1.66575316682687	-1.00728508570123	-0.346158823873743
-0.623018132404247	-1.64853860103472	-0.98202698456214	-0.292663044529248
-0.61651939006345	-1.66680371909079	-0.984792740475617	-0.300970553994089
-0.610020647722652	-1.69586303080865	-0.973385232217931	-0.289462997293043
-0.603521905381853	-1.63610724795191	-0.972399437891444	-0.28691410960013
-0.597023163041056	-1.65148650569797	-0.963914943125967	-0.258451077318001
-0.590524420700258	-1.62159390497118	-0.944096138430308	-0.285417084352042
-0.58402567835946	-1.62659180273988	-0.942123207520055	-0.262479294625467
-0.577526936018662	-1.62451308228196	-0.92151549393376	-0.268305481556665
-0.571028193677864	-1.60924518720221	-0.936283176578008	-0.254252626531955
-0.564529451337066	-1.58570292251234	-0.927478225975214	-0.251846683525331
-0.558030708996268	-1.57910568631397	-0.914865317697835	-0.219892260769788
-0.55153196665547	-1.54974861696092	-0.902925071618839	-0.242579572448493
-0.545033224314672	-1.58091910936664	-0.899574252380031	-0.202378837610786
-0.538534481973874	-1.55966485528103	-0.882625405260317	-0.196897448125746
-0.532035739633076	-1.51677550922444	-0.871884568026791	-0.210956161461565
-0.525536997292278	-1.52311520821722	-0.866846682123765	-0.198776382069258
-0.51903825495148	-1.51865275649644	-0.856135014472893	-0.210893014827241
-0.512539512610682	-1.53985395657211	-0.848789899866583	-0.158979422065354
-0.506040770269884	-1.46944432344566	-0.838015348806734	-0.163724716448298
-0.499542027929086	-1.48260844860245	-0.832226588268204	-0.16974632528393
-0.493043285588288	-1.4919320089912	-0.829957191912365	-0.147888015421754
-0.48654454324749	-1.4913830516054	-0.806240777843312	-0.158919617856552
-0.480045800906692	-1.46700111647275	-0.804923412332339	-0.135624697168884
-0.473547058565894	-1.46985747735701	-0.800751910608796	-0.155598454905162
-0.467048316225096	-1.4328074976336	-0.774837027909576	-0.14089523824462
-0.460549573884298	-1.42656633937157	-0.791998968896064	-0.114417048009122
-0.4540508315435	-1.4399075463707	-0.771890758613783	-0.104178769282887
-0.447552089202702	-1.42751141884511	-0.758501588198231	-0.111640064071031
-0.441053346861904	-1.38482698023562	-0.749846019192279	-0.116967997671825
-0.434554604521106	-1.40989020532382	-0.733184639736979	-0.0750787849616047
-0.428055862180308	-1.38843780676335	-0.742008526076272	-0.113191739675186
-0.42155711983951	-1.3810539384766	-0.71444619308804	-0.0861168169267536
-0.415058377498712	-1.38397140796413	-0.716235481179054	-0.059528333956564
-0.408559635157914	-1.37450344474386	-0.704376665810709	-0.0556167170290996
-0.402060892817116	-1.33471334659551	-0.696438460328425	-0.0462599560979645
-0.395562150476318	-1.31925375990096	-0.684881324051795	-0.0276557917352398
-0.38906340813552	-1.34942117405031	-0.685696350962579	-0.0460751278965498
-0.382564665794722	-1.31795988559987	-0.67469506337391	-0.0296221153040015
-0.376065923453924	-1.30491911272669	-0.667016298544587	-0.0104850085898203
-0.369567181113126	-1.29344960092266	-0.645548013006462	-0.0137373812667172
-0.363068438772328	-1.291362642053	-0.650395460780289	-0.019021051406441
-0.35656969643153	-1.29476836613507	-0.637510020375787	0.00115741402414096
-0.350070954090733	-1.25024907809083	-0.634727296868993	0.0066049191077739
-0.343572211749934	-1.29069584351108	-0.624052780062504	0.0328863625889975
-0.337073469409136	-1.25792260790677	-0.611216520326288	0.0106044541412871
-0.330574727068339	-1.23749103273161	-0.604668525292956	0.0221686474435107
-0.32407598472754	-1.24798283343142	-0.601516604352662	0.0248351457030068
-0.317577242386743	-1.24240749713477	-0.589416182612868	0.0256554127360379
-0.311078500045945	-1.23261643162612	-0.577140272009696	0.0597766912467336
-0.304579757705147	-1.22899349040023	-0.575579239475204	0.0466744501301694
-0.298081015364349	-1.20828680417179	-0.557987508104728	0.063068627388144
-0.291582273023551	-1.1865013460611	-0.558449564941301	0.074890501479408
-0.285083530682753	-1.21050254912025	-0.548879426916533	0.0802255905010234
-0.278584788341955	-1.14729179686096	-0.545313331782343	0.0576826262054707
-0.272086046001157	-1.17095260598017	-0.526542589827552	0.0868718407999438
-0.265587303660359	-1.15573567175872	-0.513913634086648	0.103040149527608
-0.259088561319561	-1.16661357308442	-0.503185058590006	0.101649553663928
-0.252589818978763	-1.14348741200552	-0.514814292463159	0.117523152329434
-0.246091076637965	-1.12965716125003	-0.495796497316341	0.135266542701097
-0.239592334297167	-1.10759469043636	-0.490876284840627	0.149346736334094
-0.233093591956369	-1.12594029585351	-0.468008161120525	0.152488624736981
-0.226594849615571	-1.08468427029075	-0.474178597471487	0.141855161184012
-0.220096107274773	-1.06813904378701	-0.453403990690743	0.128739546587775
-0.213597364933975	-1.0916495982295	-0.449753793105907	0.145556245471625
-0.207098622593177	-1.07418165301719	-0.453524292687145	0.196703286562039
-0.200599880252379	-1.06624321397376	-0.434071049099224	0.189317118995146
-0.194101137911581	-1.0442300763547	-0.4273510672794	0.205677379069777
-0.187602395570783	-1.05831515934149	-0.422767637468428	0.203078910517369
-0.181103653229985	-1.01835943782537	-0.39890549748139	0.182705036407476
-0.174604910889187	-0.990656742059243	-0.39459974591068	0.207712921775474
-0.168106168548389	-1.01301309083843	-0.393375646533714	0.184528658584441
-0.161607426207591	-1.03221458657403	-0.391137375229615	0.224252487407966
-0.155108683866793	-1.027475360144	-0.372393575690965	0.244508966829325
-0.148609941525995	-1.00472664726505	-0.3638811687155	0.240983400919572
-0.142111199185197	-0.960300486146138	-0.355935383920359	0.233439604706314
-0.135612456844399	-0.95298971696972	-0.355693615829508	0.257459780762987
-0.129113714503601	-0.947284559823066	-0.347837747831961	0.277790822455309
-0.122614972162803	-0.971524661249814	-0.329761074635765	0.282086112911388
-0.116116229822005	-0.948181429623302	-0.329069592183485	0.256464823821855
-0.109617487481207	-0.941892240366149	-0.311293770516844	0.293345607218982
-0.103118745140409	-0.932126225716085	-0.302915925385088	0.309447365436387
-0.0966200027996114	-0.929716672192464	-0.303378510027236	0.305901844371137
-0.0901212604588133	-0.927071652381313	-0.295842551242821	0.307130040828956
-0.0836225181180155	-0.904018991040834	-0.277218491498897	0.307625145656526
-0.0771237757772174	-0.909700285545982	-0.27766620139861	0.336626734718116
-0.0706250334364196	-0.910143850022676	-0.264230095344947	0.324099301463544
-0.0641262910956215	-0.883573885222096	-0.249664347619147	0.357642933775486
-0.0576275487548235	-0.878597571625322	-0.241812309776544	0.353549824016079
-0.0511288064140256	-0.866300315942327	-0.234626116870904	0.360144422467514
-0.0446300640732276	-0.838330552785896	-0.228153363978517	0.371751033715606
-0.0381313217324295	-0.861461372586654	-0.221029037274067	0.379670387087411
-0.0316325793916317	-0.821836823489568	-0.213446690348116	0.377247044824179
-0.0251338370508336	-0.829357326386506	-0.210544979844737	0.413056741963094
-0.0186350947100355	-0.805561923893218	-0.196509144338274	0.405435375306978
-0.0121363523692377	-0.813699932167703	-0.195852714244804	0.419268772394018
-0.00563761002843965	-0.808611988535319	-0.185037527760414	0.417439802884982
0.000861132312358182	-0.7871778204023	-0.161267884226453	0.432502681739252
0.00735987465315624	-0.790451166106106	-0.16187559260931	0.455638534962984
0.0138586169939543	-0.752643608702858	-0.152678413125279	0.45066721788343
0.0203573593347521	-0.771531406867799	-0.145361007251412	0.451299333443897
0.0268561016755502	-0.736574685816962	-0.140894590675264	0.47589779976156
0.0333548440163483	-0.751655201569387	-0.126970927723729	0.494148145904745
0.0398535863571461	-0.745128613455991	-0.111458126251468	0.472819480542063
0.0463523286979441	-0.761715494109878	-0.107652333364458	0.493564837478474
0.052851071038742	-0.712428968888232	-0.102486003953698	0.470602703770755
0.05934981337954	-0.713592654433722	-0.0956840698477546	0.495092007092661
0.0658485557203381	-0.718000168383308	-0.0965890841540415	0.493402177776849
0.0723472980611359	-0.72587629991756	-0.0783305267797655	0.509894235432373
0.078846040401934	-0.700649218604701	-0.0610561065944548	0.53968851549883
0.085344782742732	-0.673306335577055	-0.0652325627742923	0.520810572338828
0.0918435250835299	-0.673251279325901	-0.0577884409119105	0.558229827454605
0.0983422674243277	-0.654448664489346	-0.0437268620697329	0.553556701478619
0.104841009765126	-0.662307535263211	-0.0407688209473746	0.539733710295379
0.111339752105924	-0.668038057820954	-0.0255771382380052	0.564452165276039
0.117838494446722	-0.63440780503561	-0.0250197014295094	0.583383426452016
0.12433723678752	-0.662737008744258	0.00218208761933609	0.604834583495229
0.130835979128318	-0.634403377772852	-0.00354078024653373	0.616311195569874
0.137334721469116	-0.614092383787918	0.00377608304188625	0.628957148117278
0.143833463809914	-0.601600429849775	0.0116965054866616	0.595849855536096
0.150332206150712	-0.629303118552254	0.0315317478341761	0.625047541110147
0.15683094849151	-0.603849475092026	0.0333011265552868	0.628169507601503
0.163329690832308	-0.58998500587148	0.0404736685133754	0.626213649715725
0.169828433173106	-0.563519275439305	0.047168856879705	0.664506205365529
0.176327175513904	-0.54970619814192	0.0604527104830616	0.669723207095136
0.182825917854702	-0.582401824903927	0.0667420247052076	0.658308343713507
0.1893246601955	-0.574189652075948	0.0884840096978288	0.68499485684456
0.195823402536297	-0.560535500874601	0.0811897679224619	0.672038753026408
0.202322144877096	-0.56006600822568	0.0877857945719724	0.701420365245268
0.208820887217894	-0.531899600033549	0.0965847838173652	0.710777509432517
0.215319629558691	-0.546617118260709	0.104943696222356	0.734988155598071
0.221818371899489	-0.513890079243483	0.12306967122467	0.726074885105474
0.228317114240288	-0.514922430772487	0.1264723875677	0.710509136602587
0.234815856581085	-0.509974521729966	0.133360575001829	0.733419818959979
0.241314598921883	-0.495378073470754	0.135663359591532	0.735236389694714
0.247813341262682	-0.477488440549465	0.141466356207103	0.784024989953458
0.254312083603479	-0.480484096573024	0.16167552971209	0.768192330291449
0.260810825944277	-0.474058578804278	0.164446120705948	0.765221738451833
0.267309568285075	-0.451669870886459	0.178163114835716	0.793371619864309
0.273808310625873	-0.474627537715399	0.188916890789402	0.799050112127773
0.280307052966671	-0.451612168136472	0.193258289254516	0.795501446792506
0.286805795307469	-0.432465724338425	0.208564965759666	0.81169859393505
0.293304537648267	-0.427643956932596	0.212623839951446	0.842112216328657
0.299803279989065	-0.421527254304229	0.225787069596142	0.831297616139161
0.306302022329863	-0.418434674001415	0.231050043538622	0.859512426063174
0.312800764670661	-0.432904695387238	0.239640188480763	0.848963473314476
0.319299507011459	-0.411942854215845	0.246016140031125	0.86375631023147
0.325798249352257	-0.389166377986877	0.260745084952047	0.874846357905585
0.332296991693055	-0.424328189971568	0.268654636436422	0.861471661650932
0.338795734033853	-0.397638836163838	0.267667222833231	0.870890507662004
0.345294476374651	-0.381547482269819	0.276952928361801	0.896850466573253
0.351793218715449	-0.364336289367989	0.295929312023909	0.914406051545918
0.358291961056247	-0.375214683683964	0.288759297358821	0.913197987453477
0.364790703397045	-0.34742489462777	0.302539394862482	0.935309206146457
0.371289445737843	-0.350114668758133	0.310851146899228	0.922150468821159
0.377788188078641	-0.337410692281804	0.317848937170288	0.941129492895189
0.384286930419439	-0.344025231171618	0.337221196152039	0.949053800450077
0.390785672760237	-0.315697743149178	0.339366419815756	0.961387023459888
0.397284415101035	-0.313076144001762	0.345767116610551	0.95679032134519
0.403783157441833	-0.297136090325258	0.353618495616454	0.987506457876035
0.410281899782631	-0.287921529794342	0.367018576492254	0.999787444884162
0.416780642123429	-0.281559672650982	0.37530291454611	0.988361146155897
0.423279384464227	-0.298455788242605	0.372758158096592	1.0047437346693
0.429778126805025	-0.251788407323199	0.39099822344402	0.998785590257853
0.436276869145823	-0.246139783776736	0.402591255842408	1.01413013586563
0.442775611486621	-0.270702754822938	0.412556605494235	1.06864398633954
0.449274353827419	-0.275257846657587	0.42058022879463	1.03606329086688
0.455773096168217	-0.272563403274978	0.423044474209664	1.04545519152809
0.462271838509015	-0.252705031464239	0.426856085922637	1.04981207353976
0.468770580849812	-0.236481633475984	0.440759799393088	1.06793217272617
0.475269323190611	-0.213765058881499	0.451439335849565	1.08341460241583
0.481768065531408	-0.228006631454922	0.457187396941464	1.10140534829086
0.488266807872206	-0.218615391321313	0.469891202897596	1.106371684508
0.494765550213005	-0.186193369060459	0.480775516509526	1.10939373276683
0.501264292553802	-0.189645067344853	0.49461323052854	1.11838736787213
0.5077630348946	-0.181000426464246	0.505986110984052	1.12011922076217
0.514261777235399	-0.191600584783442	0.50323818924962	1.12611188719806
0.520760519576196	-0.139907794055995	0.501132501871896	1.14619536531129
0.527259261916994	-0.165608193249964	0.518123210694498	1.15979699011691
0.533758004257793	-0.144470614316433	0.515884152900406	1.15595938273134
0.54025674659859	-0.165196499968031	0.535755541942226	1.16042560351172
0.546755488939388	-0.147559523753779	0.552272780964954	1.17250849994244
0.553254231280186	-0.12714872156245	0.566411892062495	1.19396124660587
0.559752973620984	-0.151101846077049	0.554339276258043	1.20228192094478
0.566251715961782	-0.0953931539168663	0.581112815822976	1.19194435956783
0.57275045830258	-0.117273024937319	0.56530866738037	1.23842819431807
0.579249200643378	-0.102951355610364	0.585692036295171	1.24967410623073
0.585747942984176	-0.0744021043337389	0.597858491053575	1.23502189543504
0.592246685324974	-0.077922425867539	0.600442987926864	1.24938110659343
0.598745427665772	-0.0975773957236063	0.613897511123584	1.25849340642043
0.60524417000657	-0.0752414088187136	0.623337141913319	1.27778671730033
0.611742912347368	-0.07490205326749	0.62161830004662	1.31691861357481
0.618241654688166	-0.056544931774851	0.641226354312346	1.31447468449963
0.624740397028964	-0.0534280464983102	0.644430490932948	1.32189157589907
0.631239139369762	-0.0590389896790544	0.64916615942863	1.32242161490137
0.63773788171056	-0.0355926665292783	0.660160826052953	1.3072968957567
0.644236624051358	-0.0601039150107856	0.675115432825207	1.3446396822941
0.650735366392156	-0.0113005674723372	0.678802224262906	1.33982251992361
0.657234108732954	-0.0135303067346499	0.694291521413052	1.33711468347816
0.663732851073752	-0.0112361930386552	0.689612226714121	1.35414042230481
0.67023159341455	-0.0098586680082261	0.693326806026678	1.35511550049881
0.676730335755348	0.0071314793951313	0.710653704598733	1.38087937413547
0.683229078096146	0.0255856742889348	0.721745010364509	1.37451571639319
0.689727820436944	0.010813443752863	0.727002816418135	1.38305066651646
0.696226562777742	0.0102140211705807	0.73865520712256	1.40965907144892
0.70272530511854	0.0296659037781336	0.743695901209303	1.4106331551626
0.709224047459338	-0.0076999049828839	0.762002004611219	1.42280737000025
0.715722789800136	0.0564902308496233	0.766474071927862	1.43802367795236
0.722221532140934	0.0486948279831031	0.769343267252616	1.47608603971318
0.728720274481732	0.052282067620895	0.773647039971974	1.45632454395859
0.735219016822529	0.0795459249807461	0.794488813343392	1.44828086667302
0.741717759163328	0.0664824985343378	0.80244059315334	1.46123659208305
0.748216501504126	0.0712182864647068	0.803262854985833	1.49383342535729
0.754715243844923	0.0973085554455978	0.822682524392569	1.50742187135596
0.761213986185722	0.094384894983881	0.816237036818234	1.52827533305755
0.76771272852652	0.0782787490310551	0.828259589524608	1.55549575258888
0.774211470867317	0.086204733867021	0.827109172840947	1.51865897871961
0.780710213208116	0.0940085320575393	0.842487676188318	1.56496315012628
0.787208955548913	0.12139876336784	0.869143225158915	1.58575137097171
0.793707697889711	0.120020379794358	0.882951324285039	1.55201791448183
0.80020644023051	0.139878763836031	0.880848795831679	1.59753155859265
0.806705182571307	0.125406915428319	0.881179224080257	1.57842449087898
0.813203924912105	0.158816566762111	0.898405872731574	1.62016098840653
0.819702667252904	0.13480785021612	0.88700220057116	1.60615480803945
0.826201409593701	0.165444382751871	0.910506452212566	1.60887120133223
0.832700151934499	0.170712410513581	0.910023222713593	1.63916636887496
0.839198894275297	0.203551524300836	0.929057551978712	1.62847207680845
0.845697636616095	0.190634506208898	0.936351262268847	1.64292280983807
0.852196378956893	0.181389543448788	0.948146743953001	1.65262670861969
0.858695121297691	0.173782718171183	0.956201293943764	1.67125946997751
0.865193863638489	0.201636793183116	0.960620428787274	1.67233565224482
0.871692605979287	0.207868451903435	0.97335946854326	1.68489456524797
0.878191348320085	0.226045354510726	0.976759894544951	1.69703370249768
0.884690090660883	0.22294988681194	0.990547366373566	1.71991228251531
0.891188833001681	0.230662144501507	0.982315322965321	1.72886372612069
0.897687575342479	0.225323395225633	1.00087248136472	1.74177564632378
0.904186317683277	0.238686469402992	1.01581726426515	1.75587791946176
0.910685060024075	0.253097507670285	1.00907930012015	1.75835691297947
0.917183802364873	0.26881032396904	1.01936667899038	1.7450597072716
0.923682544705671	0.266085105750273	1.03499663170339	1.78615951845545
0.930181287046469	0.291063800069037	1.03655762932229	1.79816203043033
0.936680029387267	0.283064806291835	1.05243326797305	1.7861783999073
0.943178771728065	0.299099660545413	1.06705723578767	1.79502463801077
0.949677514068863	0.277741178392782	1.06804045025155	1.82638972426582
0.956176256409661	0.279143614625355	1.06855521516132	1.8112413801224
0.962674998750459	0.288688467488961	1.07945293074048	1.82788236563055
0.969173741091257	0.316595911234819	1.09708186665056	1.81715157033884
0.975672483432055	0.289943190561887	1.11297243827803	1.83463554518479
0.982171225772853	0.325003093605735	1.10593961191433	1.83070683155476
0.988669968113651	0.351252392851058	1.1146834489169	1.89597885261459
0.995168710454449	0.332385863530628	1.11870664286145	1.87148767991261
1.00166745279525	0.327734202337419	1.14550975519379	1.89724275806799
1.00816619513604	0.322723632053799	1.14316310834676	1.91900806681397
1.01466493747684	0.350988925705345	1.14783438478587	1.93764208610194
1.02116367981764	0.375935005334773	1.16467420615182	1.94053537254454
1.02766242215844	0.390197086509683	1.16322518154006	1.91746223132334
1.03416116449924	0.370235304391685	1.18690472080908	1.94620353430446
1.04065990684003	0.385675316863542	1.19801394390931	1.975411533224
1.04715864918083	0.382079875896653	1.19779703749847	1.95768907879774
1.05365739152163	0.381763942037207	1.20471750544937	1.97100935188867
1.06015613386243	0.388778641160596	1.22187023553839	2.00344603004485
1.06665487620323	0.429955700670803	1.22568731912252	1.99354277282094
1.07315361854402	0.417084331087036	1.22224724760392	1.99883340184405
1.07965236088482	0.374376827726588	1.23669243403678	2.04004701149472
1.08615110322562	0.424370983278384	1.25352342264357	2.0423171950773
1.09264984556642	0.439715675695972	1.26397611912991	2.04033226274928
1.09914858790722	0.480616159165712	1.26064698949085	2.08664185597816
1.10564733024801	0.446046586295149	1.27446773471409	2.07954420268291
1.11214607258881	0.441772703179435	1.28535016336844	2.0743967396796
1.11864481492961	0.460029771239302	1.29859049604119	2.10783059016044
1.12514355727041	0.477758328489822	1.302318719613	2.09101796745389
1.13164229961121	0.465152354077175	1.31172241895115	2.12129596632634
1.138141041952	0.467246330833966	1.3261913320961	2.14245727868307
1.1446397842928	0.462600297740909	1.33384365598969	2.14937820365718
1.1511385266336	0.502090990329407	1.33747157442032	2.14958961236335
1.1576372689744	0.486257388553045	1.34599739207861	2.14648843715031
1.1641360113152	0.501082105019487	1.35390248884634	2.14432401567887
1.17063475365599	0.492280626434077	1.3634310560228	2.17965993215608
1.17713349599679	0.512639455216661	1.36238967437365	2.19478180241569
1.18363223833759	0.517207927534877	1.37192546863299	2.18380276068411
1.19013098067839	0.515433491909448	1.38654740654024	2.20859884333336
1.19662972301919	0.561561425027083	1.38788102253908	2.19141000746289
1.20312846535998	0.535405648958672	1.40229463944363	2.25373969398058
1.20962720770078	0.527589754435956	1.41472586208142	2.22945357364562
1.21612595004158	0.53578669092565	1.42651847185807	2.21334603271531
1.22262469238238	0.565042771943813	1.43242473739243	2.24672624055066
1.22912343472318	0.557505507811902	1.43393497423335	2.26173611508518
1.23562217706397	0.57254956038148	1.44108095972947	2.27529118002617
1.24212091940477	0.569402902212298	1.46595441835104	2.30883379829894
1.24861966174557	0.547577294401505	1.46737928045813	2.32235062037115
1.25511840408637	0.600167355354598	1.4598422942072	2.33338289481257
1.26161714642717	0.581628928266846	1.5007830546355	2.32049262130633
1.26811588876796	0.600879065474287	1.48954254398409	2.34023579955675
1.27461463110876	0.612170085904914	1.49900174607482	2.31590111285856
1.28111337344956	0.627422704207671	1.50446331447235	2.33463106037436
1.28761211579036	0.622862084041732	1.50542426589195	2.36660706643947
1.29411085813116	0.620862799110087	1.5150615025491	2.36538809234986
1.30060960047195	0.639289817157026	1.53487589732695	2.37810546424305
1.30710834281275	0.611621114638879	1.54263200918592	2.37798717946682
1.31360708515355	0.657649166012966	1.56218116241196	2.41794253826123
1.32010582749435	0.645574471966108	1.55300712585002	2.40088913187094
1.32660456983515	0.648675430034406	1.5585197428873	2.4519392079597
1.33310331217594	0.678000656651537	1.58546880552893	2.4334893310277
1.33960205451674	0.711001825869511	1.5741275615714	2.45959278272883
1.34610079685754	0.689063300317382	1.59146125262456	2.46447031848027
1.35259953919834	0.696881752031919	1.61262932038157	2.49204994360332
1.35909828153914	0.70390810328898	1.59955727236813	2.47593139294229
1.36559702387993	0.721085726167145	1.60301820863044	2.48977388596121
1.37209576622073	0.727353662694864	1.61711299645427	2.48902459321676
1.37859450856153	0.702693632184248	1.63107206260049	2.52565860724743
1.38509325090233	0.732812521220259	1.64603761281936	2.52726039830985
1.39159199324313	0.741293551625712	1.65828836962014	2.5595782714493
1.39809073558392	0.725422878270844	1.65121984812894	2.54844663313449
1.40458947792472	0.7156727783314	1.67405531572558	2.55176432614212
1.41108822026552	0.765465168469968	1.67564599461546	2.56042703911314
1.41758696260632	0.767175575213967	1.68948009266778	2.57416370952529
1.42408570494712	0.760632597186751	1.68922700292496	2.60052600248396
1.43058444728791	0.762761157668697	1.69553457770504	2.61973007642481
1.43708318962871	0.748335339587556	1.69946683084397	2.61921128258596
1.44358193196951	0.765006490872426	1.70666734926922	2.62214784766693
1.45008067431031	0.757779294820463	1.7357763690397	2.64392536729679
1.45657941665111	0.810715445658401	1.73918481928679	2.66244393902023
1.4630781589919	0.77247945996035	1.73991356018389	2.63172378950093
1.4695769013327	0.779700875693406	1.75588080216729	2.65180622237568
1.4760756436735	0.789987767486492	1.76667495854371	2.70551365430977
1.4825743860143	0.814389753448334	1.76880648051675	2.68866536527154
1.4890731283551	0.82563755555793	1.78103388302289	2.70100239982756
1.49557187069589	0.836792425270586	1.79037008691572	2.70885575379362
1.50207061303669	0.810566835551104	1.78447826792178	2.73796096018749
1.50856935537749	0.861190888414029	1.80496756141771	2.74258386780899
1.51506809771829	0.844091891866687	1.81674228621472	2.74437006367098
1.52156684005908	0.844179812358085	1.83210175590932	2.76018875162674
1.52806558239988	0.830126487913887	1.82234919439087	2.75383458396217
1.53456432474068	0.851770146568947	1.84431146368609	2.79228093259634
1.54106306708148	0.875698554610041	1.83745370584494	2.79610667746151
1.54756180942228	0.840954667465709	1.84869390049766	2.80229644623769
1.55406055176307	0.865146005048877	1.86236319277531	2.80343127525204
1.56055929410387	0.865978256369177	1.87067709735773	2.82134635273699
1.56705803644467	0.888439294797238	1.88580698164833	2.82895207488287
1.57355677878547	0.883985388408282	1.88965600897823	2.8414742794784
1.58005552112627	0.871044286376291	1.88896614744065	2.84616849971385
1.58655426346706	0.907068009811891	1.90925007701779	2.86041878426007
1.59305300580786	0.910646963331909	1.91772587374295	2.90247015200401
1.59955174814866	0.904911293482473	1.92110392811123	2.86472359325034
1.60605049048946	0.912171556988194	1.94299995790541	2.90165669986366
1.61254923283026	0.939930522968367	1.93841935055579	2.92076231051979
1.61904797517105	0.928438152720816	1.95265578936165	2.94427198416079
1.62554671751185	0.921285956248805	1.95680996865923	2.92930184052652
1.63204545985265	0.946033635732494	1.96100948700002	2.93252189259745
1.63854420219345	0.95738969204047	1.97255903107975	2.93587564370255
1.64504294453425	0.953434819071396	1.9903666076204	2.97145864653229
1.65154168687504	0.953762210028925	1.99403556455684	2.97400100643153
1.65804042921584	0.97510467520103	1.99911510465336	3.00929884637608
1.66453917155664	0.977446144935398	2.01166838679876	3.01247807848188
1.67103791389744	0.97344990001211	2.0102635691939	3.00685023583937
1.67753665623824	0.962473055159123	2.02886587413659	3.01763739317325
1.68403539857903	0.99596187785833	2.02879472405537	3.00144035442783
1.69053414091983	1.00084131113133	2.02606551737168	3.04691687174734
1.69703288326063	0.975428687012324	2.05006541981734	3.05055764453938
1.70353162560143	1.02133326951649	2.04815368319485	3.09090676355778
1.71003036794223	1.02366877305736	2.07724627436798	3.08152422855628
1.71652911028302	1.04265121830969	2.07913001590373	3.08548630667509
1.72302785262382	1.03529963106864	2.08153955628125	3.12206420934981
1.72952659496462	1.00312176862468	2.10364105192298	3.09667357943368
1.73602533730542	0.995127738832561	2.10220374590263	3.09715462136218
1.74252407964622	1.05955235525865	2.11649991261656	3.12949820411938
1.74902282198701	1.03114217561259	2.11175196285999	3.13910881488125
1.75552156432781	1.07280293032677	2.13182581681458	3.15000986988949
1.76202030666861	1.07751835630799	2.13143751707644	3.15341443877761
1.76851904900941	1.04803902836379	2.15203007222347	3.15909705590434
1.77501779135021	1.04769162976468	2.15857942307965	3.21222365974573
1.781516533691	1.04531540909735	2.16125506868738	3.18231735288669
1.7880152760318	1.10501676267198	2.16273032491029	3.19436413733484
1.7945140183726	1.08164529998685	2.19734850037306	3.23243412557049
1.8010127607134	1.06716013179055	2.18306322731484	3.21278292804841
1.8075115030542	1.0771327683304	2.20027839190019	3.25178596244509
1.81401024539499	1.12181689299491	2.20429429224201	3.26822403688042
1.82050898773579	1.12788714661868	2.20448570721626	3.27140668193068
1.82700773007659	1.10710005680521	2.21826635500186	3.22720274502902
1.83350647241739	1.10286392976755	2.24107009787463	3.28539840306408
1.84000521475819	1.15103994182756	2.22788386539117	3.29575021983626
1.84650395709898	1.13039983388339	2.25374424718472	3.31778571720253
1.85300269943978	1.16024108262971	2.25892708719763	3.28593877056192
1.85950144178058	1.11768003795211	2.26917095975457	3.35562812563999
1.86600018412138	1.14666112146267	2.2878326327126	3.34233180547223
1.87249892646218	1.17839600197728	2.28982705613657	3.35337553614253
1.87899766880297	1.18852446184752	2.28584867348267	3.38524480224713
1.88549641114377	1.15970273696359	2.296074969703	3.3822362877042
1.89199515348457	1.17712756892382	2.30446807150273	3.39021050967283
1.89849389582537	1.19306722432815	2.30929103015897	3.41014965610903
1.90499263816617	1.20645724153801	2.33329394963527	3.43395029125868
1.91149138050696	1.18837867097782	2.32175071383051	3.40952091800733
1.91799012284776	1.21146413307619	2.33899090873071	3.43701918827806
1.92448886518856	1.1981839144403	2.35196342188094	3.45108007888467
1.93098760752936	1.20787889194196	2.36532655525456	3.4357934272113
1.93748634987016	1.2014897615235	2.35573629339353	3.47131467721688
1.94398509221095	1.2228003515094	2.38139109582068	3.48592026168513
1.95048383455175	1.22139693132974	2.39531213264596	3.41831437662953
1.95698257689255	1.25700318868907	2.39422568487212	3.48392058493179
1.96348131923335	1.26054707307508	2.3988779418146	3.50355921622876
1.96998006157415	1.24439635017631	2.40787908018504	3.52141783773853
1.97647880391494	1.25266706158542	2.43045870778737	3.52221929749102
1.98297754625574	1.2679431355876	2.42718964262386	3.54828494520117
1.98947628859654	1.27529486050515	2.44186021995488	3.57386568764268
1.99597503093734	1.30265500067034	2.43584783069885	3.5301481804752
2.00247377327814	1.2690196378144	2.45343853459096	3.57497885598196
2.00897251561893	1.25234675686381	2.45863164190087	3.56916566185618
2.01547125795973	1.28221808768816	2.47270512991904	3.59881588422428
2.02197000030053	1.31098136731701	2.47339169566438	3.59398266912563
2.02846874264133	1.29396048393837	2.49624300263411	3.61518988586976
2.03496748498213	1.30126346645493	2.48743531956142	3.65114419399801
2.04146622732292	1.30720026426249	2.50611610107586	3.65552159765411
2.04796496966372	1.29938809070586	2.51179580036012	3.66368984250693
2.05446371200452	1.31123282123175	2.52305820657326	3.65403885705299
2.06096245434532	1.32450515333577	2.53620143765427	3.69304267420831
2.06746119668611	1.32564447668374	2.54306594216539	3.67435124576147
2.07395993902691	1.33490946855584	2.54125348302033	3.72277779513464
2.08045868136771	1.33318765020424	2.55171340593931	3.69080541485387
2.08695742370851	1.36624982937046	2.56819445776878	3.74239577944387
2.09345616604931	1.39374192668559	2.56644911955224	3.74227828248304
2.0999549083901	1.35183790819425	2.57715705679154	3.75897052847661
2.1064536507309	1.34897338095084	2.59203239174307	3.76855021364045
2.1129523930717	1.37235097573211	2.60487425666136	3.74302612730206
2.1194511354125	1.36611521177197	2.59616268226173	3.74396339960134
2.1259498777533	1.37606496977709	2.60758471533707	3.78039278095531
2.1324486200941	1.34883692569326	2.61618955788858	3.82714111793275
2.13894736243489	1.35819331015652	2.63672872192325	3.83301368909513
2.14544610477569	1.37076669400917	2.63534242830148	3.80415991084886
2.15194484711649	1.41018344737508	2.65331794636874	3.8356943117527
2.15844358945729	1.39331984709242	2.64936447488873	3.80000041684184
2.16494233179808	1.4180975103973	2.66276697977301	3.83597392967919
2.17144107413888	1.44051264770519	2.67270663131364	3.81897951133089
2.17793981647968	1.43294119448542	2.68660310762561	3.89089381691463
2.18443855882048	1.42949007074036	2.67432655168961	3.9042063368613
2.19093730116128	1.41166901451469	2.69040687483413	3.88569618087834
2.19743604350207	1.4505749500368	2.70920653557986	3.89373576046171
2.20393478584287	1.46892922303854	2.71895434054832	3.90372110811937
2.21043352818367	1.39969876690095	2.73800854509134	3.95664786146838
2.21693227052447	1.4729058236903	2.72501206092181	3.97109621143714
2.22343101286527	1.45723971450186	2.7469333960688	3.91450372192872
2.22992975520606	1.46104127733221	2.74618791045375	3.97090573062876
2.23642849754686	1.46862180643514	2.75099485163381	3.97038291653969
2.24292723988766	1.47928966255983	2.77286515158639	4.02490419735435
2.24942598222846	1.46211155688875	2.78339698352221	4.00946550373681
2.25592472456926	1.49043581149169	2.78773601411129	4.01674686761444
2.26242346691005	1.46522718450435	2.78429996944835	4.03002170953293
2.26892220925085	1.50425796379412	2.79134219258427	4.02417678743168
2.27542095159165	1.52569155444679	2.80440631527502	4.05295792604806
2.28191969393245	1.52183682190072	2.80747915871197	4.05387909422976
2.28841843627325	1.5489462558044	2.83482689287283	4.05569295408396
2.29491717861404	1.53086431156754	2.84118993545287	4.06238763769245
2.30141592095484	1.52089553393544	2.82976499205653	4.09582374858648
2.30791466329564	1.55485895080839	2.85015203376517	4.11070153680467
2.31441340563644	1.5457474393113	2.85640758279675	4.12736779075569
2.32091214797724	1.51760294002439	2.85960369815283	4.11120072614087
2.32741089031803	1.51633938761685	2.88698225330995	4.14559433908488
2.33390963265883	1.55284656800202	2.87937233451601	4.17985270779421
2.34040837499963	1.58277920135549	2.89790028909692	4.14601754054936
2.34690711734043	1.55925281846618	2.91636522987654	4.18144521096528
2.35340585968123	1.57352088644233	2.91301057750684	4.16987485376242
2.35990460202202	1.62099545187216	2.9149691547589	4.16555495598419
2.36640334436282	1.57302598911914	2.92261858826442	4.19509255991763
2.37290208670362	1.59046798121086	2.9380946943581	4.21150035749501
2.37940082904442	1.60424188116701	2.94771099213328	4.19567410065601
2.38589957138522	1.62234411231754	2.95602316605321	4.27834972816562
2.39239831372601	1.58891713859269	2.95652827588721	4.21779230959153
2.39889705606681	1.63316686266979	2.97897883721049	4.27022990909076
2.40539579840761	1.63283767063842	2.9666593744631	4.26013567349215
2.41189454074841	1.6141640964411	2.98344996428816	4.28135702915834
2.41839328308921	1.64991080843252	2.99354139515759	4.27645335061729
2.42489202543	1.66957626623831	3.00191963001888	4.34207076170719
2.4313907677708	1.65029469059953	3.02286655078298	4.29381818231944
2.4378895101116	1.65347683615829	3.02458043909597	4.30817480732526
2.4443882524524	1.66017339339093	3.02081318015633	4.35925592102926
2.4508869947932	1.63147168608462	3.05084678617307	4.35766763937093
2.45738573713399	1.66698054562692	3.060045416627	4.37845779862736
2.46388447947479	1.68308448026069	3.06359818848512	4.35824427906398
2.47038322181559	1.71156953058652	3.05157782150713	4.36548895516517
2.47688196415639	1.66861709773421	3.07398947501622	4.40049957779635
2.48338070649719	1.66422690361564	3.08491150904402	4.40046952482606
2.48987944883798	1.69289380104878	3.10087024602299	4.43201004302091
2.49637819117878	1.66735866031616	3.10184222437516	4.43463751625386
2.50287693351958	1.69572644808867	3.10063217216432	4.47095447394835
2.50937567586038	1.72580028281511	3.11595059179657	4.42307285368517
2.51587441820118	1.67929322378802	3.11624166202524	4.45070643338447
2.52237316054197	1.7547247660127	3.13221982418049	4.46362331850536
2.52887190288277	1.72344962450152	3.14636191173475	4.46090759239448
2.53537064522357	1.74167440186169	3.14218515410641	4.47586818059159
2.54186938756437	1.72467812535758	3.16259932396995	4.50129545416622
2.54836812990517	1.72565338512541	3.17220279710259	4.51749722037717
2.55486687224596	1.74277691533873	3.16109477695412	4.5207735743119
2.56136561458676	1.75627952189841	3.18321390367309	4.52253301682556
2.56786435692756	1.77880144683344	3.19531422493155	4.5794667626627
2.57436309926836	1.77725826582971	3.20092326832102	4.57333055581756
2.58086184160915	1.79735029771565	3.21524726743705	4.59410275903906
2.58736058394995	1.74990870740539	3.2270176997091	4.57123901446778
2.59385932629075	1.7805714007268	3.23016442728663	4.5910732399149
2.60035806863155	1.76553901733927	3.22223588021733	4.59764075124249
2.60685681097235	1.78579575813346	3.24520091226224	4.59081957320798
2.61335555331314	1.79274972736608	3.25799316992921	4.62020554354782
2.61985429565394	1.81435771197815	3.26041940910677	4.64545041566138
2.62635303799474	1.81124607644371	3.26614989024318	4.63032264168762
2.63285178033554	1.81652057651946	3.26944058722868	4.66913879804302
2.63935052267634	1.80828622937208	3.28639142484254	4.66386483446361
2.64584926501714	1.81429766972223	3.30492817522523	4.71394780366294
2.65234800735793	1.8570102975079	3.29051383539828	4.71166584629483
2.65884674969873	1.86799101136484	3.31087898491774	4.70741284800069
2.66534549203953	1.85650843961715	3.32074634393034	4.72231488202646
2.67184423438033	1.85148191279744	3.32686134990714	4.7389724309281
2.67834297672112	1.86374811482789	3.35160742797112	4.71502513314641
2.68484171906192	1.84644480039495	3.34995529238706	4.73809011005289
2.69134046140272	1.86318615852654	3.37103250936539	4.74369779810079
2.69783920374352	1.85119421651605	3.3631819581397	4.78005378649906
2.70433794608432	1.89940320819549	3.36414658224678	4.76581959689223
2.71083668842511	1.90930055783799	3.37885227436545	4.80303601832792
2.71733543076591	1.8929882456292	3.39186302775063	4.79026900187014
2.72383417310671	1.86700756814332	3.41381898603136	4.81316525729722
2.73033291544751	1.92820578527158	3.4087955661766	4.84156208002218
2.73683165778831	1.91587339335378	3.41287022307505	4.866202109646
2.7433304001291	1.89970799543547	3.41992693878168	4.8742626749302
2.7498291424699	1.90028132411537	3.43253881888158	4.89505335538856
2.7563278848107	1.96649905198365	3.44452130028571	4.86943434266419
2.7628266271515	1.93900698609991	3.45649833731281	4.9027039141754
2.7693253694923	1.9435781145189	3.46036330485807	4.92227124878185
2.77582411183309	1.96493191487088	3.45842133031782	4.92073571634306
2.78232285417389	1.95846475508332	3.47999053080694	4.89263618758609
2.78882159651469	1.92188670762619	3.49250600365217	4.9068873872093
2.79532033885549	1.95884958998405	3.49731735528754	4.93972528862839
2.80181908119629	1.98360797256463	3.50052431541058	5.00220666953055
2.80831782353708	1.95234991852258	3.52661839533731	4.96539715938533
2.81481656587788	1.97426185292058	3.51892727007505	4.98450396134346
2.82131530821868	1.97241546239123	3.51268253452111	5.01383173290291
2.82781405055948	2.03030182044982	3.55063338326414	5.04459101501902
2.83431279290028	1.97260607855919	3.53988326960032	5.03633235649164
2.84081153524107	1.94112617050153	3.56446011188398	5.02442442448138
2.84731027758187	2.00278001728362	3.53935546022685	5.04689469682543
2.85380901992267	1.98924734412913	3.57205730535716	5.07152238234428
2.86030776226347	1.98571013690484	3.58432490669527	5.05344694289558
2.86680650460427	1.98665251623008	3.58611522569923	5.03163118258031
2.87330524694506	2.0363562869806	3.59327142309856	5.06226654506037
2.87980398928586	2.01791989528919	3.61020617646341	5.09922311703055
2.88630273162666	2.01537941170037	3.60603034037854	5.08487514758221
2.89280147396746	2.0667527244033	3.62492578861357	5.10579387044437
2.89930021630826	2.05637854036819	3.62285760467232	5.12373750192007
2.90579895864905	2.0702323023872	3.63472055415511	5.12806375608654
2.91229770098985	2.09422365649959	3.65154588312092	5.15702493132712
2.91879644333065	2.0743635512161	3.65955530085973	5.16348520267312
2.92529518567145	2.07211803659219	3.67737253768896	5.1919062312011
2.93179392801225	2.03433089914376	3.6681814691249	5.16564347001965
2.93829267035304	2.03080757495959	3.68007362761277	5.22892621675456
2.94479141269384	2.06687329385252	3.69264284873386	5.22619048796857
2.95129015503464	2.07097625881276	3.68616070354053	5.21175347315833
2.95778889737544	2.08237076245089	3.69688250391493	5.24506430110388
2.96428763971624	2.11055705192001	3.71642082555061	5.24051038473986
2.97078638205703	2.10416604853055	3.71602659530227	5.24249829436229
2.97728512439783	2.08457898619339	3.72283155551962	5.2591959425097
2.98378386673863	2.14627167744936	3.75286627395265	5.28532310107409
2.99028260907943	2.13373555326763	3.74408148001405	5.23775619543402
2.99678135142023	2.12275383248825	3.75987773898165	5.2901415570412
3.00328009376102	2.09327258726879	3.77842619979291	5.2841923057633
3.00977883610182	2.12498525080055	3.76498456337012	5.33897157208431
3.01627757844262	2.14922502536702	3.77041890753265	5.32556828845347
3.02277632078342	2.120668401836	3.79282200290531	5.37732351964454
3.02927506312422	2.18807138512949	3.80809595984595	5.33481259692183
3.03577380546501	2.15001370520392	3.80009262726663	5.36062556146352
3.04227254780581	2.15451619292784	3.80168525794952	5.3691261072332
3.04877129014661	2.17487651491748	3.79585520177898	5.36478093099792
3.05527003248741	2.12879375672869	3.82573118416452	5.40286319457743
3.06176877482821	2.19494701494817	3.8387404565911	5.4246126012957
3.068267517169	2.19977397360892	3.84203578159454	5.40591545655878
3.0747662595098	2.20862778237772	3.86350148941879	5.38026172437129
3.0812650018506	2.16812932929686	3.85909137393768	5.4404119146496
3.0877637441914	2.17743540240342	3.86813598638414	5.43349191130958
3.0942624865322	2.23575870087091	3.87084430746359	5.46216456575291
3.10076122887299	2.22722488658993	3.89965666376903	5.47219533704026
3.10725997121379	2.21661841861046	3.89654240797111	5.4934861018758
3.11375871355459	2.24489270753123	3.92852286251172	5.53049252668853
3.12025745589539	2.21200315868402	3.91612562842181	5.52860140237475
3.12675619823618	2.23656939564621	3.93327796863524	5.50960076032038
3.13325494057698	2.26542324417828	3.92869617075022	5.55499608550613
3.13975368291778	2.26271523353922	3.94685888780467	5.58775957706552
3.14625242525858	2.27778282347829	3.95569423514352	5.52661406337555
3.15275116759938	2.26193932067689	3.96190370922514	5.57700419307614
3.15924990994018	2.24689536549283	3.97387158417017	5.56409494186188
3.16574865228097	2.27994664474308	3.97623926096079	5.58671446382476
3.17224739462177	2.25241814162921	3.98658694031461	5.59200360556632
3.17874613696257	2.31114870246523	3.98901803126723	5.58209133283151
3.18524487930337	2.22771107610852	4.00074195315125	5.62247151588465
3.19174362164416	2.26023594195601	3.99476802639899	5.60753888566652
3.19824236398496	2.28281772208511	4.01006207831298	5.6156656370643
3.20474110632576	2.24066370964057	4.04356915960169	5.64149944237865
3.21123984866656	2.28603055837355	4.04243741086968	5.65770552684564
3.21773859100736	2.29263927889516	4.05046360638478	5.7019077874605
3.22423733334815	2.30969740220912	4.0487511832128	5.7189024430091
3.23073607568895	2.29470976155813	4.04885233853137	5.70537608355969
3.23723481802975	2.34387168884513	4.05995893645698	5.70128595286645
3.24373356037055	2.34072667745588	4.086435577255	5.69754616833754
3.25023230271135	2.29073188902789	4.08796010284432	5.72170259731534
3.25673104505214	2.3448990912554	4.10588121735786	5.7584796117787
3.26322978739294	2.35089644692075	4.10231895304203	5.78197430441616
3.26972852973374	2.33158342466096	4.11001799744251	5.75117936181137
3.27622727207454	2.37149548687849	4.11938267540515	5.79288966383902
3.28272601441534	2.35000006866355	4.12844789048187	5.82980149715738
3.28922475675613	2.37320756706455	4.14395248920287	5.81748078082588
3.29572349909693	2.35113400358544	4.14869541825309	5.79460931260597
3.30222224143773	2.39952241880976	4.16316569051488	5.83785696663398
3.30872098377853	2.38451959165596	4.15544925896473	5.78882726332086
3.31521972611933	2.36658902620266	4.18355555427574	5.85731210140627
3.32171846846012	2.38494699042511	4.17220610113421	5.85074268543084
3.32821721080092	2.40922642826219	4.16785551046447	5.84301719318259
3.33471595314172	2.41061302620063	4.1996797775082	5.94180332713732
3.34121469548252	2.43864665378696	4.20339491888907	5.92335829755089
3.34771343782332	2.3681205794307	4.20162072101341	5.91564905219709
3.35421218016411	2.40960462772939	4.22003295783157	5.93742778234272
3.36071092250491	2.46364428044389	4.24540048901761	5.88996905768583
3.36720966484571	2.40868809348191	4.23997166070804	5.95051894362662
3.37370840718651	2.42698173676649	4.26562142777823	5.98329712495542
3.38020714952731	2.42980304699328	4.25422581315959	5.94109738401783
3.3867058918681	2.46511623583995	4.26545822831769	5.96473419185872
3.3932046342089	2.46148703171995	4.26910639859794	5.95943763547911
3.3997033765497	2.45593824034073	4.2802913079181	6.00575760215857
3.4062021188905	2.46873239070424	4.2814496128476	5.99011944295845
3.4127008612313	2.43293239300593	4.2974638049248	6.03602830680392
3.41919960357209	2.45108084425277	4.31017394352218	6.00578708465309
3.42569834591289	2.4786776738355	4.32002183548053	6.01664109174858
3.43219708825369	2.48289285250107	4.31371480318261	6.07896323522726
3.43869583059449	2.53113483579514	4.32638158259694	6.10290707899536
3.44519457293529	2.52891868515753	4.34932776040031	6.09011907471773
3.45169331527608	2.50426557746347	4.36347106548727	6.12067166574052
3.45819205761688	2.53608086872111	4.36171928490325	6.12948266068227
3.46469079995768	2.49753165606021	4.3649902554493	6.1374948273983
3.47118954229848	2.46740407795798	4.38062338796487	6.11218320346046
3.47768828463928	2.50561823987104	4.37396596877757	6.14548240845589
3.48418702698007	2.50382855339045	4.39511544493636	6.14306226198475
3.49068576932087	2.4959002304598	4.3993096904959	6.17173160528205
3.49718451166167	2.51936968908844	4.4218451049988	6.14638237290367
3.50368325400247	2.5613466651109	4.42471591409437	6.19395271903907
3.51018199634327	2.509734155497	4.43352897433381	6.21347345591984
3.51668073868406	2.49720228568432	4.43941953901168	6.17632233410458
3.52317948102486	2.53744532002123	4.46117178487877	6.22602839102425
3.52967822336566	2.56603470213979	4.45887340998325	6.24073353221805
3.53617696570646	2.57915550794736	4.45326864556365	6.21945584509059
3.54267570804726	2.61453560204712	4.48056679090544	6.22853797844234
3.54917445038805	2.60021013016175	4.47307769506843	6.2242341688441
3.55567319272885	2.5470033531002	4.4839060991395	6.3027290139431
3.56217193506965	2.57130912923878	4.49462557405551	6.26789877367464
3.56867067741045	2.61185414001982	4.50221286769475	6.30133970486355
3.57516941975125	2.59172257775988	4.51269601448016	6.29443260317664
3.58166816209204	2.62929236074378	4.52982076958241	6.32865135395416
3.58816690443284	2.61962839818683	4.54056446876331	6.32908896377199
3.59466564677364	2.62460593593915	4.55531880321237	6.37817597294175
3.60116438911444	2.62889952702691	4.54600171717146	6.38046490507147
3.60766313145524	2.61872849228047	4.56194083841682	6.3883444609619
3.61416187379603	2.66374923882154	4.56982915483167	6.36640059238678
3.62066061613683	2.68239094119492	4.56801042166875	6.40138511295017
3.62715935847763	2.63780656914354	4.58649913217937	6.39571588267787
3.63365810081843	2.65666547711798	4.58523682242676	6.3838929060566
3.64015684315922	2.65842995573104	4.6088648146134	6.41994112029698
3.64665558550002	2.64671613864193	4.60517195224662	6.41662337307349
3.65315432784082	2.66757401178728	4.60639112290279	6.46155809815639
3.65965307018162	2.68058472063286	4.62355504116065	6.46863580460698
3.66615181252242	2.68080344469122	4.6246562851875	6.46342177432957
3.67265055486322	2.73074660232965	4.6400909076192	6.50194118043789
3.67914929720401	2.73652043245695	4.65711569405295	6.52774943108239
3.68564803954481	2.69608961338883	4.66021421342251	6.58360224084363
3.69214678188561	2.69239140510979	4.67938806690866	6.52512376781472
3.69864552422641	2.70616055710729	4.70196642478528	6.52438995507649
3.7051442665672	2.68124451139498	4.68890288725894	6.54769952702989
3.711643008908	2.69151901641379	4.70132993421529	6.56233920234605
3.7181417512488	2.74205020752213	4.68871832180927	6.54995440139612
3.7246404935896	2.69104964227248	4.70705994137972	6.54995063580562
3.7311392359304	2.7392929604947	4.7128711430005	6.60228896680272
3.73763797827119	2.72977284782523	4.7333935385481	6.59784297195189
3.74413672061199	2.72813051879957	4.72911213795128	6.58492419693039
3.75063546295279	2.70591481113344	4.74697348152015	6.60090838272188
3.75713420529359	2.70837638342118	4.75404993556591	6.61995240359014
3.76363294763439	2.76476248380343	4.7752575337894	6.6508410298024
3.77013168997519	2.78711044798916	4.79221067058447	6.69369053268368
3.77663043231598	2.78473077229448	4.79366994888328	6.68454128034367
3.78312917465678	2.74419031387137	4.7942980418834	6.69089300792198
3.78962791699758	2.75225319375756	4.80572711583628	6.66910086111324
3.79612665933838	2.80164148240768	4.79459860887705	6.71414566700176
3.80262540167917	2.76986336802937	4.82285207168185	6.71240651262388
3.80912414401997	2.79783550612078	4.83451485292833	6.69126633471952
3.81562288636077	2.78522101246821	4.82487422660529	6.73606334316384
3.82212162870157	2.80177780212067	4.83973182900624	6.71427999309278
3.82862037104237	2.81110470745239	4.83538527730438	6.71042106547042
3.83511911338316	2.80865252095707	4.86342779537465	6.773895929367
3.84161785572396	2.79374004862728	4.8485692172163	6.7630543820461
3.84811659806476	2.81352169098136	4.86837403948498	6.74170387052083
3.85461534040556	2.84589769889939	4.89077711934089	6.77561708922783
3.86111408274636	2.83306124768264	4.91056451130102	6.80110171068305
3.86761282508715	2.83983884477939	4.90421896573484	6.76344073017005
3.87411156742795	2.86203299823062	4.90740520073807	6.81934998750199
3.88061030976875	2.85961677849531	4.92012985113074	6.82525029764654
3.88710905210955	2.89873777743174	4.92972938617586	6.85204017180245
3.89360779445035	2.83655007929819	4.95557098023327	6.88569776435542
3.90010653679114	2.94504005093643	4.94442893533855	6.93622056176571
3.90660527913194	2.87344763085609	4.95479250936922	6.89847528361471
3.91310402147274	2.84624066200473	4.97245499091141	6.90511486667168
3.91960276381354	2.89299186401493	4.95498965569168	6.95238731174369
3.92610150615434	2.87550772349501	4.98669112774096	6.94867223080522
3.93260024849513	2.88669209162456	4.99260225529908	6.93093883922712
3.93909899083593	2.88040423316435	4.99267804762844	6.94281559247416
3.94559773317673	2.93072108574985	4.9959855565596	6.95958246579576
3.95209647551753	2.93287756220202	4.99778464853666	6.96617886305443
3.95859521785833	2.95234423772066	5.02638939218739	6.9876631505634
3.96509396019912	2.96907871450752	5.03418395256155	6.97357775213106
3.97159270253992	2.91275086761012	5.0497344810188	6.94909796028272
3.97809144488072	2.89896046966734	5.05964711737841	7.02165854036217
3.98459018722152	2.94003742684759	5.0681596179574	7.00207970058622
3.99108892956232	2.91952759765367	5.05951998290064	7.03593674629984
3.99758767190311	2.93636919654511	5.06700546773917	7.03797450114571
4.00408641424391	2.93951868481972	5.08348752826465	7.04261478197008
4.01058515658471	2.94947051029587	5.09542776916333	7.09592765850318
4.01708389892551	2.94885061871456	5.09155415441031	7.07813860546277
4.0235826412663	2.9682965085251	5.11075753969681	7.12875593905156
4.0300813836071	2.95287524000189	5.12485398353347	7.11117582613668
4.0365801259479	3.00269822909396	5.12419873981047	7.1477057445985
4.0430788682887	3.04609905208988	5.12706754782626	7.15146343703285
4.0495776106295	3.02370919131392	5.1420755896069	7.15424327157039
4.0560763529703	3.00292271191218	5.16133700126943	7.14441941985049
4.06257509531109	2.97860848634739	5.1530832356844	7.14126257372314
4.06907383765189	2.99578528849966	5.18102282300217	7.16153781482533
4.07557257999269	3.01051178510999	5.17747934790454	7.18915627308224
4.08207132233349	3.05583442362802	5.1756459848206	7.21076346237734
4.08857006467429	3.03713082012356	5.19447738360046	7.28049458977087
4.09506880701508	3.02764333690721	5.1907027639368	7.2299157999049
4.10156754935588	3.03387616487916	5.19974752268677	7.25936215156779
4.10806629169668	3.00465798059215	5.21114870900242	7.23593794058157
4.11456503403748	3.08290844546733	5.21970972618441	7.29879361756088
4.12106377637827	3.06276717847348	5.24508228752721	7.22100642452325
4.12756251871907	3.06703621279437	5.23912440679604	7.28593872474199
4.13406126105987	3.05810013859264	5.25411052386532	7.35520501234883
4.14056000340067	3.06295827992241	5.26327620380692	7.31984531553447
4.14705874574147	3.0418827755085	5.2638408734875	7.29088346949119
4.15355748808227	3.02167813692954	5.28625233495303	7.31813444090083
4.16005623042306	3.08368856088298	5.26721196850893	7.34925439735505
4.16655497276386	3.06071042239469	5.29312469404	7.33447304933611
4.17305371510466	3.12357115697984	5.31427712677868	7.33298285525454
4.17955245744546	3.0895373603524	5.30054340046333	7.40088706842686
4.18605119978626	3.10479185260448	5.30953908478621	7.35192810923657
4.19254994212705	3.07998418005203	5.31457171432721	7.38938258623752
4.19904868446785	3.10516293335185	5.34465556951051	7.4044357728799
4.20554742680865	3.12321690303943	5.34217726880938	7.44193105902961
4.21204616914945	3.10902518831399	5.35313738812929	7.44814365662516
4.21854491149024	3.08061493035085	5.37364297116297	7.48492869109046
4.22504365383104	3.13004958866973	5.36525616843066	7.43615099796531
4.23154239617184	3.19278917430084	5.37724281200772	7.48081372692484
4.23804113851264	3.19093040301556	5.37672780037793	7.46723090373038
4.24453988085344	3.15333732576329	5.36677308846168	7.49405620548139
4.25103862319424	3.15778375915429	5.4165437361236	7.51095027016272
4.25753736553503	3.12970873004388	5.41449068591203	7.55770699433581
4.26403610787583	3.15584177356227	5.44135349501422	7.5201832739754
4.27053485021663	3.14257823735085	5.45138373362114	7.52128019954778
4.27703359255743	3.20097327292921	5.43188536094063	7.5109672511001
4.28353233489823	3.17922389959191	5.43003321786058	7.54642029803997
4.29003107723902	3.16987738112715	5.44480584664842	7.5557774236636
4.29652981957982	3.17735777446512	5.4647354945879	7.55762806763107
4.30302856192062	3.18050380705762	5.48002484765851	7.58587408401471
4.30952730426142	3.17899641254502	5.48496627469444	7.64806978466879
4.31602604660221	3.27222110597643	5.49230471207799	7.59739170372846
4.32252478894301	3.19187219470645	5.50850588300514	7.6673111268859
4.32902353128381	3.17972154854265	5.50245524314405	7.66886712923162
4.33552227362461	3.17327518096926	5.50792950570471	7.65857504294912
4.34202101596541	3.2157738187739	5.50797539467012	7.67289422114549
4.3485197583062	3.25121629489928	5.53316887813611	7.65814006827773
4.355018500647	3.2763484904849	5.54360707435166	7.68542950401994
4.3615172429878	3.26363165728707	5.54420880461775	7.68343701921573
4.3680159853286	3.27466226216876	5.55289594811572	7.66380094068206
4.3745147276694	3.27492242077612	5.56512176128535	7.64576814131412
4.38101347001019	3.28406503001241	5.57798376165101	7.69896489771678
4.38751221235099	3.28080467318757	5.58993982630494	7.76730833859262
4.39401095469179	3.27145561556629	5.5929500203484	7.76420565496072
4.40050969703259	3.2919921328795	5.60540234629039	7.80284222235612
4.40700843937339	3.28099329091665	5.59717710318005	7.8153582126182
4.41350718171418	3.26921638018326	5.62572515460477	7.80570324541846
4.42000592405498	3.30920762135838	5.61719824887783	7.80475869390405
4.42650466639578	3.33770711531194	5.62672231537936	7.80425811608407
4.43300340873658	3.30190250421709	5.65447032729232	7.81224624570537
4.43950215107738	3.31853673621655	5.64626835594827	7.83016949993266
4.44600089341817	3.34330984079213	5.65847224666907	7.86295481316801
4.45249963575897	3.29252815388154	5.6730509332424	7.85725961185787
4.45899837809977	3.35927446734529	5.66971900902905	7.8724892105756
4.46549712044057	3.25026660723556	5.68787390539593	7.85106233140504
4.47199586278137	3.3094336559675	5.70399042141756	7.90526033219842
4.47849460512216	3.391306690129	5.70349021129938	7.90234230461465
4.48499334746296	3.33556503645933	5.71789877782435	7.9091636410871
4.49149208980376	3.33796334936525	5.71992477587871	7.94300688717071
4.49799083214456	3.40438646910145	5.74068403888096	7.92753468449129
4.50448957448536	3.39428093495161	5.7415072809805	7.97010741234486
4.51098831682615	3.4244350026825	5.75621333423647	7.95314528349697
4.51748705916695	3.38641849207981	5.75460066557314	8.00476610760967
4.52398580150775	3.36935806213823	5.75478749809206	7.98729437737468
4.53048454384855	3.37990859070515	5.76683686710774	8.01018174547869
4.53698328618935	3.40451238611688	5.7755002606985	8.04079350786137
4.54348202853014	3.38374841788717	5.78427472502913	8.02287571684081
4.54998077087094	3.42830256389358	5.79815596057594	8.0386542470864
4.55647951321174	3.3501556780246	5.79292712112184	8.0772399991785
4.56297825555254	3.35790907009685	5.82816486047635	8.05319028152222
4.56947699789334	3.38207157559715	5.82517205336243	8.06336892554584
4.57597574023413	3.44365482543307	5.83921507659774	8.08911441582802
4.58247448257493	3.43543232572759	5.83557690499911	8.09575841770438
4.58897322491573	3.44481290904851	5.84541947765211	8.08487752813365
