"mitochan"	"lwrNorm"	"medNorm"	"uprNorm"
-1.90327037354145	-2.7495136406189	-2.44351131097778	-2.14107225850509
-1.89642966235248	-2.75922096333469	-2.44279269143126	-2.11353104312224
-1.8895889511635	-2.72937110559161	-2.42021179023853	-2.11979488192154
-1.88274823997453	-2.73762442080394	-2.41486392435408	-2.09542660579516
-1.87590752878556	-2.7252209400369	-2.40709362893516	-2.10406173623288
-1.86906681759659	-2.709378544811	-2.39839846076526	-2.10936548743956
-1.86222610640761	-2.70774758933517	-2.39204680002133	-2.07961326707911
-1.85538539521864	-2.69666359218229	-2.38856757473467	-2.0711224715483
-1.84854468402967	-2.6904323763928	-2.37484286063167	-2.06150191044917
-1.8417039728407	-2.666760461771	-2.36448350961105	-2.05004941957552
-1.83486326165172	-2.67389236513725	-2.35295130254859	-2.04891476811929
-1.82802255046275	-2.67918158536904	-2.35304489804795	-2.05765193199278
-1.82118183927378	-2.65592891861291	-2.34220932053671	-2.03563670201188
-1.8143411280848	-2.64762509064583	-2.33080134500408	-2.02721204822889
-1.80750041689583	-2.65638318614989	-2.32920629155736	-2.00780303743902
-1.80065970570686	-2.61006389674104	-2.31255235635184	-2.00593554680004
-1.79381899451789	-2.63945695693405	-2.30043385782989	-1.99571596647411
-1.78697828332891	-2.60362573189602	-2.29901311230793	-2.0022520258678
-1.78013757213994	-2.60619609637128	-2.28486814608455	-1.9897501428297
-1.77329686095097	-2.6081273261126	-2.28140981419906	-1.96445854452273
-1.766456149762	-2.5748336186787	-2.27938260086666	-1.97272307374186
-1.75961543857302	-2.59123462029964	-2.26909064158523	-1.95988252943464
-1.75277472738405	-2.56537029176546	-2.25637087255545	-1.96856546192974
-1.74593401619508	-2.56942453278106	-2.24538789581438	-1.94304130348214
-1.73909330500611	-2.56697785572261	-2.23697865675198	-1.94308637348475
-1.73225259381713	-2.54985059104449	-2.22727527814766	-1.94134586110939
-1.72541188262816	-2.53085740688575	-2.22222783618093	-1.93003612284637
-1.71857117143919	-2.5277887040983	-2.21893900152142	-1.89126051153244
-1.71173046025022	-2.52282293428337	-2.20931838821243	-1.8928520038985
-1.70488974906124	-2.52145770306375	-2.19636222080145	-1.88744022545551
-1.69804903787227	-2.49354516962691	-2.19450378229157	-1.90479938290356
-1.6912083266833	-2.50537730990656	-2.17917513404595	-1.87490959868754
-1.68436761549432	-2.48153077752649	-2.17572195681162	-1.8729400219195
-1.67752690430535	-2.49158040050419	-2.16534094146058	-1.86318856639177
-1.67068619311638	-2.460638247191	-2.15583648104202	-1.84521401874574
-1.66384548192741	-2.45192754227943	-2.14401877790281	-1.8489937698739
-1.65700477073843	-2.44499751110556	-2.13106139180243	-1.83680985156727
-1.65016405954946	-2.44460720783052	-2.13309816411872	-1.83056792309966
-1.64332334836049	-2.42691794306642	-2.12599128221402	-1.821746896763
-1.63648263717152	-2.42680124953609	-2.10700272824016	-1.80812534173943
-1.62964192598254	-2.41836656114985	-2.1122117984983	-1.79915540229885
-1.62280121479357	-2.39866924899782	-2.10043377968998	-1.79909506773836
-1.6159605036046	-2.39677734309581	-2.09016854682162	-1.78346287304421
-1.60911979241563	-2.38377444982715	-2.08659239790983	-1.76689991717554
-1.60227908122665	-2.38667736405705	-2.06924112726911	-1.75876830874043
-1.59543837003768	-2.37116254421205	-2.06344948202207	-1.78000526612627
-1.58859765884871	-2.36660871764681	-2.05534964660754	-1.77172231663849
-1.58175694765974	-2.35662327002247	-2.04816950512546	-1.74659240269765
-1.57491623647076	-2.35478965125548	-2.04535507558657	-1.72392989717713
-1.56807552528179	-2.32129376081067	-2.03726446613308	-1.72862322844728
-1.56123481409282	-2.33119467924889	-2.0235316747898	-1.71715219191738
-1.55439410290384	-2.30228671022113	-2.01354598562402	-1.69459320199705
-1.54755339171487	-2.31487407236844	-2.00831531282764	-1.69957716135022
-1.5407126805259	-2.30248734502569	-1.99662801640359	-1.69758253124229
-1.53387196933693	-2.28980973838081	-1.98475154055819	-1.69792832943834
-1.52703125814795	-2.2834857377042	-1.97882851695555	-1.68334652171002
-1.52019054695898	-2.27226272304752	-1.97082863103813	-1.67705483741221
-1.51334983577001	-2.26957907860161	-1.96734728946082	-1.67612905120932
-1.50650912458104	-2.2636959321953	-1.95163834690192	-1.66590564102503
-1.49966841339206	-2.24556939212405	-1.93763460786222	-1.66018467331228
-1.49282770220309	-2.23379902025205	-1.93715733397475	-1.64240663836391
-1.48598699101412	-2.22641582699157	-1.92640698176118	-1.60760503922952
-1.47914627982515	-2.23640507278253	-1.91933780990617	-1.63524654293177
-1.47230556863617	-2.21332753794735	-1.91281621453813	-1.62512857383293
-1.4654648574472	-2.20854382280501	-1.91031397325354	-1.60534111619601
-1.45862414625823	-2.20466114372947	-1.89497358566318	-1.60713015413307
-1.45178343506926	-2.19793487809233	-1.88556440628794	-1.57622206290679
-1.44494272388028	-2.17624431294043	-1.88140638332152	-1.58702576501781
-1.43810201269131	-2.17359909886495	-1.87225847075177	-1.58764741160641
-1.43126130150234	-2.1632463151774	-1.85891121753511	-1.56133203821956
-1.42442059031336	-2.14528851698576	-1.85654845326385	-1.56026838193555
-1.41757987912439	-2.13216890278967	-1.85108254575681	-1.5511409388408
-1.41073916793542	-2.14055589190484	-1.84175262327319	-1.53525607789326
-1.40389845674645	-2.12063376137969	-1.83485082189759	-1.53742957393825
-1.39705774555747	-2.12183645008452	-1.82305788054355	-1.52161610180374
-1.3902170343685	-2.1184478453338	-1.81363247306633	-1.53575977037834
-1.38337632317953	-2.10297867340262	-1.80456303230435	-1.50735047297182
-1.37653561199056	-2.10113309169971	-1.7856407290464	-1.50225194128608
-1.36969490080158	-2.1006019598763	-1.78696507381151	-1.49770184857073
-1.36285418961261	-2.08389630468352	-1.77009850461223	-1.4934285146666
-1.35601347842364	-2.06629854152967	-1.77411905909105	-1.48161500481152
-1.34917276723467	-2.05567914818862	-1.76402582053124	-1.47639471569524
-1.34233205604569	-2.04376287077213	-1.75981202512407	-1.45773436824503
-1.33549134485672	-2.03655015764897	-1.74581840212677	-1.43796947763729
-1.32865063366775	-2.03284177126956	-1.74127617949622	-1.44403344784846
-1.32180992247878	-2.02674300304129	-1.73573179265333	-1.44036833969946
-1.3149692112898	-2.02635980371764	-1.71926428135826	-1.42875062131127
-1.30812850010083	-1.9972048052464	-1.70875557106089	-1.41670950037052
-1.30128778891186	-2.0011173387685	-1.71650478643262	-1.40570239389125
-1.29444707772288	-1.98526856374284	-1.69446909502528	-1.4001116971824
-1.28760636653391	-1.99147188887265	-1.68133300308513	-1.39250793748361
-1.28076565534494	-1.97628589187589	-1.67773206013079	-1.38286422106022
-1.27392494415597	-1.95907135658211	-1.66467643749994	-1.38508654336581
-1.26708423296699	-1.95436864341795	-1.6570548517125	-1.37221882749879
-1.26024352177802	-1.97005699826267	-1.65188504992951	-1.36976951633566
-1.25340281058905	-1.93034312255246	-1.64667356646504	-1.34561967937858
-1.24656209940008	-1.93903461315552	-1.6394509513545	-1.35985124331155
-1.2397213882111	-1.92410282712053	-1.62384026912055	-1.33020622968573
-1.23288067702213	-1.91590035457684	-1.62296623252315	-1.32243924218356
-1.22603996583316	-1.90728479135149	-1.61690049430062	-1.33512518518336
-1.21919925464419	-1.90328480073791	-1.60222707689182	-1.32267191332308
-1.21235854345521	-1.87600234423882	-1.59787771704466	-1.31604323203906
-1.20551783226624	-1.86888935312553	-1.58405826646807	-1.29552113866923
-1.19867712107727	-1.86672548002464	-1.56919765569267	-1.29209922133273
-1.1918364098883	-1.86791597232504	-1.57473859610528	-1.27874353642129
-1.18499569869932	-1.84720483077404	-1.56887442129551	-1.26626899842108
-1.17815498751035	-1.87334068697495	-1.54774247134154	-1.2686471891855
-1.17131427632138	-1.8286676876435	-1.54081123887344	-1.24780329773034
-1.1644735651324	-1.83351222300331	-1.53641795629153	-1.23053000926763
-1.15763285394343	-1.80726410315259	-1.51937422105336	-1.24449468557085
-1.15079214275446	-1.80829367080478	-1.51661431693585	-1.23411671803777
-1.14395143156549	-1.79593971036734	-1.50058672099506	-1.23501161039799
-1.13711072037651	-1.79146580890823	-1.50341237214613	-1.24013840287747
-1.13027000918754	-1.78424524403432	-1.49819006923571	-1.21796321338146
-1.12342929799857	-1.77525183863676	-1.48331165468027	-1.20230870900829
-1.1165885868096	-1.76626827456064	-1.47396186366027	-1.20311464820285
-1.10974787562062	-1.76857927969212	-1.4665366587719	-1.18938276091761
-1.10290716443165	-1.75510955001616	-1.46142326736897	-1.16857736960414
-1.09606645324268	-1.73491775794565	-1.45245098898031	-1.16563440340031
-1.08922574205371	-1.74878087784948	-1.44253423728017	-1.1744431921329
-1.08238503086473	-1.73162997009495	-1.43237346606507	-1.16919813496367
-1.07554431967576	-1.71166999556616	-1.4246350462615	-1.14682088518086
-1.06870360848679	-1.71607729378732	-1.41507601944887	-1.11501647963639
-1.06186289729782	-1.68441088007434	-1.40852341263795	-1.1136930926544
-1.05502218610884	-1.68541088938102	-1.40167563463615	-1.11561469772848
-1.04818147491987	-1.66034237186866	-1.38859466824812	-1.11078979835087
-1.0413407637309	-1.68185204603848	-1.38226301656107	-1.09489543549515
-1.03450005254192	-1.67328887929029	-1.37733890245137	-1.09005117993273
-1.02765934135295	-1.64433755695726	-1.37027573006622	-1.09312375555093
-1.02081863016398	-1.64179568861829	-1.3625555958428	-1.07326747921838
-1.01397791897501	-1.63226810129613	-1.35626463255815	-1.06272912711164
-1.00713720778603	-1.62298815742672	-1.34445319366694	-1.05531807019813
-1.00029649659706	-1.62534867904399	-1.33645146790691	-1.04607007130722
-0.993455785408089	-1.60243288451594	-1.32800196518214	-1.03612814915583
-0.986615074219116	-1.60227568073647	-1.32089619918633	-1.02676246267167
-0.979774363030144	-1.59204311085013	-1.30920887627794	-1.03197315086689
-0.972933651841171	-1.58431178817876	-1.29767359332744	-1.01344789392132
-0.966092940652198	-1.58021266714541	-1.29295000077824	-1.01778495436879
-0.959252229463226	-1.57428531991139	-1.28633529394872	-1.00016020703047
-0.952411518274253	-1.57923609310851	-1.27159854298806	-0.994038610327117
-0.94557080708528	-1.55418716486816	-1.26769588380526	-0.985449295553351
-0.938730095896308	-1.54797722768313	-1.25405358350908	-0.990881260874214
-0.931889384707335	-1.53222805207593	-1.24599980583981	-0.970073259220137
-0.925048673518363	-1.54168237597625	-1.24043893716121	-0.949850698528311
-0.91820796232939	-1.51300969251007	-1.23215497311691	-0.959772435478918
-0.911367251140417	-1.510894218325	-1.23023317529309	-0.938741303649816
-0.904526539951445	-1.50830983600552	-1.21910881617716	-0.933014284789133
-0.897685828762472	-1.49677217275358	-1.21420102825618	-0.922242285227317
-0.890845117573499	-1.48900014301559	-1.19632481520522	-0.926180450600674
-0.884004406384527	-1.46922982831838	-1.19944359458629	-0.912512946753649
-0.877163695195554	-1.46321094550614	-1.18284206440401	-0.901592302887185
-0.870322984006581	-1.46151715619312	-1.17123310171758	-0.887239709235617
-0.863482272817609	-1.44992114322058	-1.17101462039665	-0.894784967879957
-0.856641561628636	-1.43239290431815	-1.15640250723919	-0.873109180385845
-0.849800850439663	-1.43154663175501	-1.15240066891036	-0.866114519045043
-0.842960139250691	-1.42146850010952	-1.14492760073914	-0.857480571374318
-0.836119428061718	-1.41730387215601	-1.13537580920565	-0.850218883326178
-0.829278716872746	-1.40067827288059	-1.12475534038342	-0.840513561498858
-0.822438005683773	-1.38639138947274	-1.1176395350017	-0.831033137545501
-0.8155972944948	-1.3885472635318	-1.10726920898407	-0.83316573116213
-0.808756583305828	-1.38997351895041	-1.09352120146122	-0.8282758974937
-0.801915872116855	-1.37228423996709	-1.08871095107683	-0.8260171996221
-0.795075160927883	-1.37752399997839	-1.0804854521769	-0.813782338997558
-0.78823444973891	-1.34612171483764	-1.06821142127267	-0.797613067331144
-0.781393738549937	-1.34539062677869	-1.07066266978293	-0.793324994117912
-0.774553027360965	-1.34108644629429	-1.05457963969533	-0.787638132632996
-0.767712316171992	-1.32652945557036	-1.05062340306464	-0.75874797632698
-0.760871604983019	-1.31054184184412	-1.03925898375097	-0.76475369720095
-0.754030893794047	-1.32958338402518	-1.03598699396228	-0.771425434410703
-0.747190182605074	-1.31503557522502	-1.03152370800243	-0.755848470577446
-0.740349471416101	-1.30978705994711	-1.02307906130787	-0.758541438704362
-0.733508760227129	-1.29590006720097	-1.00492011437968	-0.742248492291576
-0.726668049038156	-1.28145735278365	-0.999004194177097	-0.728624905558723
-0.719827337849184	-1.27573565303163	-0.989297595707138	-0.705619857876145
-0.712986626660211	-1.26363502556089	-0.97324850669729	-0.699756237512273
-0.706145915471238	-1.27310558420227	-0.971489118894501	-0.69771849757841
-0.699305204282266	-1.24774027220778	-0.970988011176234	-0.695077477362442
-0.692464493093293	-1.24533034563108	-0.958866621998558	-0.670465950997793
-0.68562378190432	-1.21732854283595	-0.947418157554924	-0.672573646948873
-0.678783070715348	-1.23474892066831	-0.939341994780948	-0.670046116790856
-0.671942359526375	-1.20763011460283	-0.933939350476957	-0.656092775110332
-0.665101648337403	-1.19375580719827	-0.923749920746053	-0.647290001639315
-0.65826093714843	-1.19579959069234	-0.91277599788772	-0.643292619547618
-0.651420225959457	-1.17875750962595	-0.898284525468583	-0.631739638432207
-0.644579514770485	-1.17582793658002	-0.908462405611494	-0.62577850787748
-0.637738803581512	-1.17014651111887	-0.89598603162854	-0.613955336146731
-0.630898092392539	-1.14932341283256	-0.881606962962857	-0.62987915306907
-0.624057381203567	-1.15296999275895	-0.877104162075929	-0.591303103248075
-0.617216670014594	-1.15036432264372	-0.862177314734516	-0.599098981217062
-0.610375958825621	-1.14152331755288	-0.8559703564772	-0.573926223592371
-0.603535247636649	-1.11277749671239	-0.848794505133602	-0.569039328049455
-0.596694536447676	-1.10688919190092	-0.840236449907223	-0.561228337196228
-0.589853825258704	-1.10560902797122	-0.826973754370458	-0.544314600688779
-0.583013114069731	-1.09072857307491	-0.823363869417473	-0.540946610192585
-0.576172402880758	-1.07596961422258	-0.809665307555691	-0.542995782361347
-0.569331691691786	-1.08185597442609	-0.805624895533099	-0.533823345391037
-0.562490980502813	-1.07271734467821	-0.793373507342962	-0.520208030336824
-0.55565026931384	-1.07407167679728	-0.795533694200721	-0.510811039065434
-0.548809558124868	-1.06000200278592	-0.778652651367902	-0.518949809212926
-0.541968846935895	-1.03957623412715	-0.784675421912408	-0.521946561167467
-0.535128135746922	-1.0501097340472	-0.768579728682823	-0.484350783840349
-0.52828742455795	-1.03580356286898	-0.755669801463508	-0.496461034818181
-0.521446713368977	-1.02671737830328	-0.746968498770162	-0.480433274831328
-0.514606002180005	-1.0044572475577	-0.74059001043421	-0.457678813156408
-0.507765290991032	-1.01239195910752	-0.731360233271821	-0.450420390345471
-0.500924579802059	-1.01492900697994	-0.720285794094438	-0.45852855793291
-0.494083868613087	-0.995402773870045	-0.710813200098026	-0.440817498804234
-0.487243157424114	-0.972939048792434	-0.706929630919483	-0.429218774992118
-0.480402446235142	-0.970446430967311	-0.692145851981386	-0.414804413990767
-0.473561735046169	-0.95977515761804	-0.690514651277595	-0.413780482974929
-0.466721023857196	-0.946594786512194	-0.679013317489927	-0.417700727965606
-0.459880312668224	-0.957670734645645	-0.6683658645755	-0.397407471193702
-0.453039601479251	-0.936604137040914	-0.664256433339016	-0.384285530599916
-0.446198890290278	-0.929836090482848	-0.6597854358904	-0.38620128461392
-0.439358179101306	-0.924614982919844	-0.650331998120538	-0.368544236457737
-0.432517467912333	-0.909677059774725	-0.637557266301295	-0.372960023054794
-0.42567675672336	-0.902987338841208	-0.631476986233608	-0.365839970502283
-0.418836045534388	-0.895517385634164	-0.623642978489141	-0.344524229431948
-0.411995334345415	-0.880854443944117	-0.610060161988607	-0.339776983148451
-0.405154623156442	-0.875179819030039	-0.605081414750514	-0.339647782940758
-0.39831391196747	-0.877564606156124	-0.602212880600376	-0.329715011416031
-0.391473200778497	-0.868603901916105	-0.582956392895688	-0.320189865031908
-0.384632489589525	-0.858002571435791	-0.580902726360188	-0.308496238325198
-0.377791778400552	-0.845195592008768	-0.57304567283	-0.303996653601787
-0.370951067211579	-0.817110889534508	-0.562377170942768	-0.29852628296835
-0.364110356022607	-0.826136874510238	-0.553676236027279	-0.292939331564808
-0.357269644833634	-0.822386640258318	-0.54591482389813	-0.267428118756053
-0.350428933644662	-0.82377015884951	-0.537104451141786	-0.263875837782485
-0.343588222455689	-0.81676810919723	-0.526110932311636	-0.259794721654681
-0.336747511266716	-0.795263272853267	-0.522947748734661	-0.252880407458742
-0.329906800077744	-0.77253143233605	-0.506107733810253	-0.239993287424311
-0.323066088888771	-0.762563361208932	-0.508285246464668	-0.238033355966435
-0.316225377699798	-0.7617107317577	-0.492225326254349	-0.218766498217938
-0.309384666510826	-0.756794953266713	-0.48500332426378	-0.218337263165059
-0.302543955321853	-0.756915008335874	-0.486425720323149	-0.214386986169931
-0.29570324413288	-0.730453285398702	-0.472660813039072	-0.212338182088759
-0.288862532943908	-0.717857726442758	-0.464245542715822	-0.185614572775093
-0.282021821754935	-0.720775669475446	-0.451878594407899	-0.193344841171918
-0.275181110565963	-0.729868562286736	-0.446876588280769	-0.173632023299316
-0.26834039937699	-0.706421151943515	-0.439383489650117	-0.153317761710108
-0.261499688188017	-0.691059053714828	-0.431638079687958	-0.151398465700401
-0.254658976999045	-0.690948536676976	-0.426070152571033	-0.153851079033771
-0.247818265810072	-0.690730198674279	-0.413611629922686	-0.138407853926517
-0.240977554621099	-0.670526231384489	-0.405278373262366	-0.129463641918027
-0.234136843432127	-0.660168248887969	-0.396982889644504	-0.126993281201968
-0.227296132243154	-0.651195689453785	-0.385968054451594	-0.122508831810771
-0.220455421054181	-0.650268192696367	-0.376525830505039	-0.112056737658169
-0.213614709865209	-0.641543639674359	-0.372037051828237	-0.108434757419714
-0.206773998676236	-0.628739626497415	-0.356495716889824	-0.0903017345511001
-0.199933287487263	-0.613033237242552	-0.353134988644571	-0.0847185586668749
-0.193092576298291	-0.615126354279729	-0.348691886658358	-0.0866448124419439
-0.186251865109318	-0.597711285915331	-0.336279217897302	-0.0809216952896841
-0.179411153920346	-0.604436711242456	-0.332464563462045	-0.0658970025845136
-0.172570442731373	-0.589944094517355	-0.320659167431769	-0.0474772985625106
-0.1657297315424	-0.587732276963485	-0.313797061881696	-0.0435400873863286
-0.158889020353428	-0.56688867217832	-0.309613424227006	-0.0268895629071502
-0.152048309164455	-0.56242698929427	-0.293582046799944	-0.0351673660811929
-0.145207597975483	-0.549121847671432	-0.288762770167488	-0.0351310307428045
-0.13836688678651	-0.550701741633097	-0.275060804827146	-0.014009240852738
-0.131526175597537	-0.548765162612627	-0.269608047408984	0.0035923808289068
-0.124685464408565	-0.532580395293886	-0.262062058666917	0.00372845071284958
-0.117844753219592	-0.527467419725611	-0.259490435701756	0.00812199505824419
-0.111004042030619	-0.50257608258398	-0.247065120791863	0.0186263501480169
-0.104163330841647	-0.495543155527222	-0.238232302206083	0.0270051911835259
-0.097322619652674	-0.493435191386554	-0.226881564911891	0.0403769633052343
-0.0904819084637014	-0.4872499905937	-0.213434587314596	0.0510935588609503
-0.0836411972747289	-0.474811552482361	-0.21774352293385	0.048988596325281
-0.0768004860857561	-0.457299219943416	-0.198354983857258	0.0540570074686906
-0.0699597748967835	-0.441884322083627	-0.192304767540119	0.0613330794830265
-0.063119063707811	-0.442043199329381	-0.191922916063828	0.0515769370034022
-0.0562783525188382	-0.436336672376445	-0.174125770228088	0.0840975136321169
-0.0494376413298656	-0.429126506182286	-0.162444895387347	0.0992740609761679
-0.042596930140893	-0.42361368854617	-0.158397965004691	0.105120984115943
-0.0357562189519203	-0.424334851209328	-0.150860592529869	0.111419998594622
-0.0289155077629477	-0.408174435930749	-0.14057717843767	0.113465559255989
-0.0220747965739752	-0.394581153879523	-0.135531953768231	0.127075088848743
-0.0152340853850024	-0.381662411677329	-0.128152118676185	0.126258552973762
-0.00839337419602981	-0.384924833888372	-0.125094442180686	0.133824735670151
-0.00155266300705725	-0.37825020841858	-0.111896504630793	0.135851551087514
0.00528804818191553	-0.371750145030365	-0.0963715383413028	0.149499678223447
0.0121287593708881	-0.359973281217176	-0.099454084343506	0.161811685368537
0.0189694705598606	-0.352884422329426	-0.0829553010225506	0.186364794852781
0.0258101817488334	-0.344019147154041	-0.0803685025075369	0.193000368758526
0.032650892937806	-0.326134489396068	-0.0691602298085485	0.195820097153928
0.0394916041267785	-0.33616388481477	-0.0591608894105056	0.196836161270323
0.0463323153157513	-0.32087164210971	-0.0483696921851589	0.21132320172601
0.0531730265047239	-0.305728958564176	-0.0408478163131598	0.210470109388807
0.0600137376936964	-0.30061589167999	-0.0433417649423996	0.225640879397412
0.066854448882669	-0.289082721125944	-0.0214674604489524	0.24714200352451
0.0736951600716418	-0.286042649491817	-0.0125642591372545	0.249984245862428
0.0805358712606143	-0.279659615345644	-0.0140723130851124	0.249810728076452
0.0873765824495869	-0.241090148044617	0.00422380640993877	0.261815712200275
0.0942172936385597	-0.251158795177395	0.00302407112298368	0.265681057022151
0.101058004827532	-0.255406275088603	0.0164629329215397	0.264256449949321
0.107898716016505	-0.248100391107232	0.0208877214181552	0.275219921103061
0.114739427205477	-0.231952948390218	0.0347283889093956	0.291275320760426
0.12158013839445	-0.215120292730905	0.0385041811429122	0.288017711380867
0.128420849583423	-0.217955964752273	0.0447398494664975	0.31488322643232
0.135261560772395	-0.217139563597005	0.0633234302948967	0.30793432097742
0.142102271961368	-0.185715938608596	0.0673603992677035	0.317719491819141
0.148942983150341	-0.177691672307721	0.0797859631390911	0.335740878815636
0.155783694339313	-0.171221999525415	0.0811607160645029	0.348625693342529
0.162624405528286	-0.170286045715307	0.0928349452415737	0.359710652080219
0.169465116717259	-0.15983396404403	0.0952081178074938	0.347384130848854
0.176305827906231	-0.133103290073414	0.100157706160097	0.36971116276149
0.183146539095204	-0.135699737077684	0.112789468122052	0.36257170040188
0.189987250284176	-0.139698417352025	0.126999324099318	0.390549245643515
0.196827961473149	-0.12672779958071	0.133077918946333	0.39583960436441
0.203668672662122	-0.100650984154137	0.142372811183508	0.411430164967828
0.210509383851095	-0.11698331016042	0.142997303785221	0.396068326607108
0.217350095040067	-0.109469231918835	0.161626472284518	0.419616069285547
0.22419080622904	-0.0896648506142633	0.169377721092746	0.418641696574978
0.231031517418012	-0.0850637883249791	0.176621150257047	0.427568748535309
0.237872228606985	-0.0782816072237622	0.179827963960308	0.43133724618053
0.244712939795958	-0.0758286905785414	0.192123734797027	0.438747224256329
0.25155365098493	-0.0544762876115048	0.19604029370703	0.460747881232616
0.258394362173903	-0.0562297906820434	0.211177190898372	0.460336346587498
0.265235073362875	-0.0415209422341703	0.218200598001904	0.484696844885109
0.272075784551848	-0.0311467514508246	0.226496740016613	0.487789737512687
0.278916495740821	-0.0337819974040509	0.229770596249959	0.48481796756534
0.285757206929793	-0.0245871252495443	0.243736223166719	0.496647982712166
0.292597918118766	2.77203624789089e-05	0.253070073998963	0.511953395150699
0.299438629307739	-0.00512150498619683	0.259646856901003	0.509200247732544
0.306279340496711	0.00578780449888092	0.264301553468079	0.52849176230382
0.313120051685684	0.00689475842067794	0.27248306538433	0.547242334346234
0.319960762874656	0.0192421854548946	0.285988511934147	0.537084347676058
0.326801474063629	0.0428846249032546	0.291042022979176	0.546807069020511
0.333642185252602	0.0407933058398424	0.303012457402053	0.545566583178931
0.340482896441574	0.0450619237369526	0.308871167413461	0.579924327164099
0.347323607630547	0.0705389645313855	0.321350321717639	0.586511730370205
0.35416431881952	0.0786098079996275	0.328553417007801	0.590055280892795
0.361005030008492	0.079451467197568	0.335031800120476	0.591107193181032
0.367845741197465	0.0864998599081894	0.345650662074975	0.590215033854069
0.374686452386438	0.0840609521253795	0.349849202497328	0.598342105895092
0.38152716357541	0.106716669679725	0.35380559161522	0.605834597030294
0.388367874764383	0.11834807105077	0.374730489222399	0.616281920929173
0.395208585953355	0.121780232084826	0.376688025828325	0.62368763610315
0.402049297142328	0.121732981329737	0.384288837300606	0.647694719599382
0.4088900083313	0.121061882648158	0.392504921483943	0.636808936674548
0.415730719520274	0.155374976721606	0.395515598606119	0.651188479564197
0.422571430709246	0.172603604976486	0.4131130562209	0.670630336679938
0.429412141898219	0.167534221817581	0.419117626231206	0.664940154034722
0.436252853087191	0.1725229666921	0.426310033044293	0.687962604212528
0.443093564276164	0.179345851150231	0.434898545896134	0.686808078858941
0.449934275465136	0.182973846374492	0.439061341607105	0.708834321406482
0.456774986654109	0.212422331311435	0.449957312969897	0.725744025619012
0.463615697843082	0.197630484369357	0.454997051028329	0.714740715480209
0.470456409032054	0.216090285619538	0.469498038189322	0.712143694465541
0.477297120221027	0.22526701145023	0.478794798798626	0.724534918145709
0.48413783141	0.223239428431105	0.481491055185985	0.743564639577128
0.490978542598972	0.248172707098216	0.487050328866178	0.756661170596505
0.497819253787945	0.253056449142023	0.50149466702587	0.749478006213278
0.504659964976918	0.253106754543894	0.510289094722009	0.755203286062465
0.51150067616589	0.273715798761754	0.515706108098126	0.778684988553617
0.518341387354863	0.26428995979787	0.520243558988814	0.76444734569552
0.525182098543835	0.288946945688188	0.533680354391322	0.794650962241556
0.532022809732808	0.281804385774842	0.540769052160525	0.783418090784949
0.538863520921781	0.29625469021122	0.555462573276774	0.801433648843431
0.545704232110753	0.312807671852646	0.560184668268416	0.80699158138053
0.552544943299726	0.314851014489123	0.565942885184246	0.801273991525957
0.559385654488699	0.331883976120324	0.575123330578205	0.820413113384156
0.566226365677671	0.345184132288012	0.583097404666137	0.832303758956976
0.573067076866644	0.336936854431699	0.584639989160878	0.854490716944859
0.579907788055617	0.339083386213045	0.600510271623818	0.848677056815388
0.586748499244589	0.35856241085403	0.611516256904187	0.863881147068467
0.593589210433562	0.386802343785452	0.620202683539257	0.86808165564186
0.600429921622534	0.368881358079828	0.622282351293471	0.873533377265164
0.607270632811507	0.387634766302936	0.636691581450547	0.891902153194423
0.61411134400048	0.38898588340212	0.639609439535198	0.895725350525199
0.620952055189453	0.401832505530947	0.649636484658452	0.917702803151241
0.627792766378425	0.415289515697954	0.666182058231621	0.924307840717091
0.634633477567398	0.414882330036754	0.671929282372311	0.919208589986884
0.64147418875637	0.419470537961125	0.68191055265821	0.930300265046337
0.648314899945343	0.440090442920924	0.68478811539076	0.929353632998177
0.655155611134315	0.452558936897974	0.698327895236273	0.951984088041207
0.661996322323288	0.448575956297093	0.696295510258654	0.950148296315335
0.668837033512261	0.467109265129794	0.712400994173848	0.965743414077687
0.675677744701233	0.465426612813272	0.720197773360715	0.971612034911131
0.682518455890206	0.46063938891342	0.731943807340172	0.97629539765669
0.689359167079179	0.495590332239817	0.738761954278143	0.986034534686635
0.696199878268151	0.488181262071995	0.744079958925197	0.986793681366019
0.703040589457124	0.504199881910685	0.756104034746341	0.986391259263737
0.709881300646097	0.496598200661296	0.76108845223619	1.01238968272394
0.716722011835069	0.509523243832845	0.769303736950913	1.02206333373539
0.723562723024042	0.517713682806354	0.781274786197291	1.02500414575977
0.730403434213014	0.534781202869952	0.79079032314416	1.03475418657023
0.737244145401987	0.534319056845561	0.796738318207654	1.04985588363231
0.74408485659096	0.543859897352246	0.804533418559612	1.05439364697233
0.750925567779932	0.563093554916931	0.8119952821255	1.05953388320483
0.757766278968905	0.565075338803572	0.821599186980685	1.07157977976384
0.764606990157878	0.572518147962746	0.827474512881009	1.08242853393286
0.77144770134685	0.58548007080137	0.839007735964282	1.09151606953846
0.778288412535823	0.579281260856989	0.841474823993758	1.09544540083695
0.785129123724795	0.594303138641962	0.860783653690904	1.10574488525791
0.791969834913768	0.61672638292074	0.864554366052424	1.1104941860307
0.798810546102741	0.627797569572042	0.868341185998224	1.10585854267921
0.805651257291713	0.633577566196639	0.878356164953212	1.13118552242392
0.812491968480686	0.638945062867884	0.886707356664818	1.13982427665647
0.819332679669659	0.645264339627916	0.892505133872388	1.14480200129683
0.826173390858631	0.655474810479414	0.905415877675559	1.15878830592535
0.833014102047604	0.672401656692822	0.911016842573297	1.15387111877552
0.839854813236577	0.664340396628798	0.916919946155384	1.18847799834957
0.846695524425549	0.680888082868149	0.928384352293712	1.18835023231587
0.853536235614522	0.687451950092824	0.939967651076947	1.19322543389509
0.860376946803494	0.701337236965545	0.943895426222823	1.20512611160904
0.867217657992467	0.708781229103546	0.950122894621567	1.19903859857835
0.87405836918144	0.705903849423542	0.958391649473685	1.20012168784835
0.880899080370412	0.726103460450705	0.969955466162491	1.21266088418251
0.887739791559385	0.743472601268857	0.981700037697605	1.23851375042716
0.894580502748358	0.731248403078869	0.982807663840618	1.23567469299896
0.90142121393733	0.745813606443025	0.998232357553278	1.24523766468199
0.908261925126303	0.75796214756642	1.00102631418015	1.24441142628017
0.915102636315276	0.757615805387822	1.01445879314364	1.26317700114754
0.921943347504248	0.786198147606751	1.02340079383198	1.25561466627858
0.928784058693221	0.782718340158338	1.03003652800697	1.27388394846912
0.935624769882193	0.779382605922109	1.0369936911144	1.28211997416262
0.942465481071166	0.799611117853276	1.04770617376318	1.29642755822919
0.949306192260138	0.806656675725024	1.05689951665664	1.30217421937045
0.956146903449111	0.830714338371413	1.06377364870366	1.2990020834496
0.962987614638084	0.812717162712734	1.07066281288022	1.31418078410267
0.969828325827057	0.834647888435247	1.08596942721309	1.32475404433766
0.976669037016029	0.828101389128697	1.08871311043094	1.32199670549609
0.983509748205002	0.846104470624533	1.09655094674354	1.34343399322442
0.990350459393974	0.860053862139351	1.11002159454786	1.36288522612769
0.997191170582947	0.865011657859038	1.11430903754252	1.37042848405287
1.00403188177192	0.865492908253487	1.11921197666899	1.36331473634823
1.01087259296089	0.874417165444502	1.12845187425631	1.38281205228171
1.01771330414986	0.88816073588632	1.14177000273481	1.3899584646694
1.02455401533884	0.899494976788181	1.15060294347581	1.38362532559093
1.03139472652781	0.904304994535073	1.15279305415403	1.38411230412704
1.03823543771678	0.929262036265974	1.16538897775463	1.42262575959691
1.04507614890576	0.920627464770083	1.17164020155422	1.41638582918571
1.05191686009473	0.928843532746276	1.18003721792788	1.42574369906625
1.0587575712837	0.951089015182912	1.19409092443285	1.42950019405525
1.06559828247267	0.950129244382181	1.19128771169185	1.43444416764065
1.07243899366165	0.968453448389192	1.2076382800578	1.44577926517303
1.07927970485062	0.965316055522596	1.21881446086692	1.45764154871583
1.08612041603959	0.985822683866623	1.22368849846093	1.47998692349155
1.09296112722856	0.974637587728471	1.22838662302869	1.47557342984439
1.09980183841754	0.98758286107979	1.23675517992373	1.48987579805746
1.10664254960651	0.99571240294	1.24747245140248	1.49791056840958
1.11348326079548	1.00606752458096	1.25025404852137	1.48818362750326
1.12032397198445	1.00813594677401	1.25641627185333	1.51310896143332
1.12716468317343	1.02528426777528	1.26976730976186	1.52208128835067
1.1340053943624	1.02513969408176	1.27975694505936	1.52695048594574
1.14084610555137	1.057967837317	1.29083895004824	1.54050401654284
1.14768681674034	1.05778106087436	1.29792695534818	1.54333171756337
1.15452752792932	1.05638274419279	1.30547143449753	1.55280316321625
1.16136823911829	1.07089638804642	1.31433840693351	1.54463842782729
1.16820895030726	1.07614393405954	1.32627522763748	1.57236969157867
1.17504966149624	1.08550801897117	1.33151645686791	1.5766695214134
1.18189037268521	1.08962449704823	1.33661432029179	1.57517088240945
1.18873108387418	1.11062231499039	1.34870195104209	1.58832225818883
1.19557179506315	1.11262858029167	1.35583198861073	1.58694011037078
1.20241250625213	1.11561896027911	1.36983186626097	1.5943299434129
1.2092532174411	1.12595911335228	1.37640244250105	1.6155405784236
1.21609392863007	1.13842450920878	1.38397627091614	1.6272363567401
1.22293463981904	1.14646442926553	1.39159117743654	1.62352274955864
1.22977535100802	1.16068915995312	1.40044570798512	1.63486347307386
1.23661606219699	1.16262693199932	1.40850465777584	1.64904987928106
1.24345677338596	1.17131873546138	1.41871218805659	1.66901051001695
1.25029748457493	1.18235906911289	1.42497665073317	1.66670147718277
1.25713819576391	1.17380922591535	1.43020733278728	1.67887973545782
1.26397890695288	1.19485461371234	1.43775171459715	1.68364672910054
1.27081961814185	1.202117104746	1.44954458460999	1.6972683126617
1.27766032933082	1.21761899256718	1.45693366683477	1.71046634341632
1.2845010405198	1.22373541846129	1.46541512904225	1.71473302743079
1.29134175170877	1.23041825284578	1.47541479572089	1.72825267807808
1.29818246289774	1.24687076273006	1.48191820148839	1.74298677973515
1.30502317408672	1.24274022993192	1.49299976386586	1.72970778246475
1.31186388527569	1.26848716095718	1.50188936700597	1.74536217330102
1.31870459646466	1.26064062115759	1.50965208152346	1.74470288166918
1.32554530765363	1.26532816456125	1.51224549545759	1.76503662116208
1.33238601884261	1.28057734257747	1.52532929785811	1.7824238949213
1.33922673003158	1.29490522020888	1.53321392060136	1.7805115828772
1.34606744122055	1.29034653187302	1.53994310800878	1.77765000052311
1.35290815240952	1.30644263142736	1.54749981395211	1.79253564478531
1.3597488635985	1.30953585881246	1.55510006945666	1.80330293534133
1.36658957478747	1.30596495393995	1.56338279190918	1.80807228480397
1.37343028597644	1.33811138723258	1.57456487421733	1.81110330328607
1.38027099716541	1.34822870316226	1.58252915628205	1.83504557789118
1.38711170835439	1.33902539231907	1.58845776474971	1.83334058455884
1.39395241954336	1.35941525025024	1.60397530261159	1.8354985914688
1.40079313073233	1.37329226384929	1.6111067360629	1.84998232994518
1.4076338419213	1.35853532646847	1.61487933311279	1.86773430047554
1.41447455311028	1.38685597578446	1.62503314603013	1.86229584169176
1.42131526429925	1.40706695333411	1.63396971604294	1.86971716053299
1.42815597548822	1.40658647552934	1.64387876443369	1.88912111798362
1.4349966866772	1.41081082347259	1.65055133021001	1.8937057139806
1.44183739786617	1.41492987710334	1.65749092059871	1.90236851204498
1.44867810905514	1.43749345916568	1.67300293187969	1.91786275169976
1.45551882024411	1.43512955347755	1.67960907654544	1.91440745727994
1.46235953143309	1.44118167983683	1.68535875682821	1.93093486859734
1.46920024262206	1.45307995179208	1.69742742610588	1.93490490327544
1.47604095381103	1.45195713463507	1.69777743321607	1.95651036441045
1.482881665	1.4676195810462	1.71403790764907	1.95523107959091
1.48972237618898	1.47769874468588	1.71608856794595	1.95441109901542
1.49656308737795	1.4682931640939	1.72445249589981	1.96497971349765
1.50340379856692	1.48577518744442	1.73586694146754	1.97513334732796
1.51024450975589	1.49438362806612	1.74255197321561	1.98584741266098
1.51708522094487	1.5122051022319	1.75246385235651	2.00106001160454
1.52392593213384	1.51756067360664	1.76026705170387	2.00323610594231
1.53076664332281	1.51566125263586	1.76769882202984	2.01444309327608
1.53760735451179	1.53968179640537	1.77340094310889	2.02253700005313
1.54444806570076	1.54201872635191	1.78164223360079	2.04304280638496
1.55128877688973	1.54305151546673	1.79840193615984	2.03518366087269
1.5581294880787	1.55894250599282	1.80195843750637	2.04953890388037
1.56497019926768	1.56319512450875	1.81117796283387	2.05587841528811
1.57181091045665	1.57251360527021	1.8218722689981	2.06358934006652
1.57865162164562	1.59758374966888	1.82889008587555	2.0626255940175
1.58549233283459	1.58629311763849	1.83324115288767	2.08150738333618
1.59233304402357	1.60174268432562	1.84071008249708	2.07339415106077
1.59917375521254	1.61037962169266	1.85230821620241	2.0954902658612
1.60601446640151	1.62674432389175	1.86218041979569	2.11508801454191
1.61285517759048	1.62300537385974	1.86655103856211	2.1134759826543
1.61969588877946	1.63518932265413	1.87484680088645	2.11741255630886
1.62653659996843	1.64901351281977	1.88772653560263	2.12425091771516
1.6333773111574	1.67153356821082	1.89102709471341	2.13868307654091
1.64021802234637	1.65069187539024	1.90339781252173	2.14870674637687
1.64705873353535	1.66182848936349	1.9106317357382	2.14855112206736
1.65389944472432	1.67600161900383	1.92150763281263	2.16740359262508
1.66074015591329	1.68090336733828	1.92746853150247	2.1597635457839
1.66758086710227	1.69493990427491	1.9320241722463	2.17223549069708
1.67442157829124	1.69400824384927	1.94068848671614	2.18864902615674
1.68126228948021	1.70872630368765	1.95329358633471	2.19439507433095
1.68810300066918	1.73034460801554	1.95851220830374	2.20243653685543
1.69494371185816	1.73327014631205	1.97018264181709	2.20245184098832
1.70178442304713	1.73467420742123	1.97916602501094	2.22075731869176
1.7086251342361	1.73513509903122	1.97966024384012	2.22656702206418
1.71546584542507	1.74774767390293	1.99554246492125	2.25169267591192
1.72230655661405	1.77103126723178	1.99977008938676	2.24199937643
1.72914726780302	1.77826585734252	2.01703763579995	2.26715515708016
1.73598797899199	1.77214033551145	2.01969515205917	2.24924085269415
1.74282869018096	1.78270167419372	2.03000285157169	2.26068621841833
1.74966940136994	1.7866077620636	2.03086507778318	2.28455358568654
1.75651011255891	1.79253296677734	2.04338558454852	2.27518671868664
1.76335082374788	1.81027362327294	2.05686585629232	2.29524020160204
1.77019153493685	1.81648632169293	2.05834172227572	2.291757983749
1.77703224612583	1.82415747427459	2.07113718620241	2.32110361751635
1.7838729573148	1.82173276720254	2.07997475456035	2.32586119236843
1.79071366850377	1.85437010980087	2.09227493034363	2.32164163726744
1.79755437969275	1.85330559594285	2.0921831204864	2.32266888313043
1.80439509088172	1.84821735627607	2.10160796980469	2.34491191330483
1.81123580207069	1.87981426861943	2.11366003146156	2.34357682553633
1.81807651325966	1.87030629246946	2.11670044229855	2.37568685139858
1.82491722444864	1.88592737845535	2.12096544913839	2.38920774110552
1.83175793563761	1.90068134058134	2.13033819712202	2.37262247418828
1.83859864682658	1.9011399373095	2.14643227983497	2.38332274472636
1.84543935801555	1.91425907843177	2.1537688505936	2.40186250236212
1.85228006920453	1.94163093177849	2.17009356671898	2.39633634628548
1.8591207803935	1.93742845390081	2.16760276657778	2.40671566390259
1.86596149158247	1.94842852789693	2.17493776306649	2.41199732406924
1.87280220277144	1.93154599128751	2.1885563011902	2.4374497434832
1.87964291396042	1.96423799400392	2.20212470396138	2.45413509008379
1.88648362514939	1.96681600514945	2.20147790934669	2.43906191928191
1.89332433633836	1.96866774877719	2.21233546095488	2.45447060026229
1.90016504752733	1.98194026511852	2.2202981964769	2.45887884369148
1.90700575871631	1.98572309085888	2.22977890840223	2.46133745365782
1.91384646990528	2.00153606851392	2.24146268275151	2.48697257537065
1.92068718109425	2.00755534298995	2.24514617235264	2.49562604721476
1.92752789228323	2.01600130858969	2.26129722989291	2.50260264906832
1.9343686034722	2.03303598643216	2.26501252886511	2.50405485834061
1.94120931466117	2.03120588000366	2.26751173879956	2.51388542214537
1.94805002585014	2.02441395058971	2.28236313914735	2.51745861669478
1.95489073703912	2.04569188091486	2.29276397828598	2.52897502488046
1.96173144822809	2.06214386075375	2.29318289108454	2.53917213007825
1.96857215941706	2.05410507101034	2.30540693802017	2.55376040716486
1.97541287060603	2.07170745098316	2.312277294455	2.56814355286838
1.98225358179501	2.08377738565851	2.32249285305701	2.56672015653931
1.98909429298398	2.08933768637907	2.3313611671153	2.57518149603053
1.99593500417295	2.10076736923728	2.3423049921584	2.58741688399313
2.00277571536192	2.09419558527629	2.33904259543619	2.58699376459107
2.0096164265509	2.11069288977373	2.35220356790875	2.60443536964896
2.01645713773987	2.12799500628834	2.36111569615961	2.61068620853082
2.02329784892884	2.13517359391506	2.36778774796239	2.61436580701901
2.03013856011781	2.14259333707597	2.37917571540461	2.62752560920576
2.03697927130679	2.15066789432254	2.38809614922095	2.64447190321834
2.04381998249576	2.14247135640643	2.39574411832388	2.63002750563227
2.05066069368473	2.16705893748948	2.40237281627428	2.62530043018601
2.0575014048737	2.16959748651718	2.4115407085399	2.66443627605417
2.06434211606268	2.18903867705677	2.41933137680212	2.66260196317234
2.07118282725165	2.19207279907034	2.43503726690872	2.67306510214768
2.07802353844062	2.18974487038354	2.43518253076928	2.67091020831715
2.0848642496296	2.21280151592613	2.45195195562373	2.69763357193634
2.09170496081857	2.20387673716524	2.45959425113608	2.6971538566808
2.09854567200754	2.22260881504854	2.45898590733617	2.69359576064405
2.10538638319651	2.23297182276526	2.47815916549267	2.71921087897367
2.11222709438549	2.22567845265093	2.4840048786281	2.72088028066835
2.11906780557446	2.25293328731984	2.49426973117925	2.72697569111272
2.12590851676343	2.2615178895296	2.49941734155804	2.74083145318777
2.1327492279524	2.26639618837389	2.5057239775542	2.74395558168514
2.13958993914138	2.27962739621337	2.52132390038285	2.75610775226743
2.14643065033035	2.29140848333903	2.52777783015574	2.78507442084099
2.15327136151932	2.3013624639051	2.5350581815345	2.78685285130129
2.16011207270829	2.30684796064833	2.54487713657833	2.78214554382264
2.16695278389727	2.31193050135637	2.54418403962859	2.79006035553959
2.17379349508624	2.31190829995279	2.55876802729742	2.79965543163454
2.18063420627521	2.31572585027246	2.56923995369736	2.81808203936232
2.18747491746418	2.33837503185429	2.57564436548152	2.81425440777985
2.19431562865316	2.34578216706223	2.5838159630025	2.82171543964525
2.20115633984213	2.35058436060731	2.58980447573404	2.83160872433361
2.2079970510311	2.35211234477885	2.59690243562499	2.84367960601264
2.21483776222008	2.35652529707052	2.61025945173442	2.84558321358075
2.22167847340905	2.35674354445265	2.61424145328977	2.85187149828767
2.22851918459802	2.40328036764788	2.6237713919998	2.85502630640066
2.23535989578699	2.39139242453423	2.62693377100605	2.87702202788193
2.24220060697597	2.3933539473282	2.64166498081448	2.88975547969054
2.24904131816494	2.4083153912825	2.64726604978771	2.88260656303915
2.25588202935391	2.40311906711105	2.65484823880713	2.90146915805744
2.26272274054288	2.41138148770171	2.66956458308101	2.91508471377396
2.26956345173186	2.43489010466684	2.67508097271659	2.92705856074767
2.27640416292083	2.43625572270904	2.68288573023333	2.9274040856228
2.2832448741098	2.45083852942367	2.6854526000613	2.93204220174813
2.29008558529877	2.45039324074127	2.6958860569526	2.94668387175511
2.29692629648775	2.46786743643538	2.7064203181798	2.96466026170463
2.30376700767672	2.47342165405875	2.71308286302318	2.95188617042625
2.31060771886569	2.48676542938198	2.72877742152522	2.96666247775489
2.31744843005466	2.4957392247831	2.73409456923061	2.98072146444868
2.32428914124364	2.49757972542151	2.73517162609615	2.97522514908821
2.33112985243261	2.51151059937397	2.74787762102217	2.99588610489699
2.33797056362158	2.51288767178569	2.76784123736577	3.00486246073141
2.34481127481056	2.54533040860636	2.76028911979281	3.00168077708496
2.35165198599953	2.52584792652614	2.76994721349394	3.0163076186948
2.3584926971885	2.5533935371869	2.78665429451053	3.02149130612427
2.36533340837747	2.54763730707165	2.78564867319195	3.04871994136187
2.37217411956645	2.54011194685031	2.80188890815369	3.04643734898361
2.37901483075542	2.56573954550168	2.8037385239163	3.0592167296206
2.38585554194439	2.57290712355797	2.81954366986287	3.07931225078399
2.39269625313336	2.58676694697528	2.81529242333023	3.06998416776885
2.39953696432234	2.59398152621991	2.8289462384989	3.06964989774392
2.40637767551131	2.58950975919536	2.84030522191743	3.08918969367251
2.41321838670028	2.60907349842372	2.85380330234877	3.0982903040457
2.42005909788925	2.61620480819185	2.8609091371875	3.10774835787346
2.42689980907823	2.63962084838553	2.86576567591108	3.10104190549688
2.4337405202672	2.63509059943755	2.87825982073031	3.10203492508175
2.44058123145617	2.62107264187082	2.88030806906989	3.11407127940616
2.44742194264514	2.63316904953263	2.89299013692182	3.13946436462174
2.45426265383412	2.66104915939945	2.89789817890406	3.15651200653438
2.46110336502309	2.65328627084822	2.90410145124196	3.14629444372856
2.46794407621206	2.6760196718084	2.91295847120064	3.15783018276667
2.47478478740104	2.69079966445009	2.9252349165783	3.16417408787158
2.48162549859001	2.68732072758445	2.93690998968016	3.18239689803006
2.48846620977898	2.69918846027022	2.94276939907185	3.17880754186351
2.49530692096795	2.706553552349	2.95271424742433	3.19647482819202
2.50214763215693	2.71363909440506	2.96105233154637	3.20377369581985
2.5089883433459	2.73313238745733	2.97094300734422	3.20504425948053
2.51582905453487	2.73864206488791	2.98256628887656	3.22262544111018
2.52266976572384	2.73506190392378	2.98769527426177	3.22747959429573
2.52951047691282	2.73524040826151	2.9942746553119	3.24026818354282
2.53635118810179	2.75972172385887	3.0003621757663	3.24957965125243
2.54319189929076	2.7661429915431	3.01056939988898	3.26401448168196
2.55003261047973	2.75547010122354	3.00804897247384	3.27310400095625
2.55687332166871	2.77815205729374	3.02453806900601	3.27132653916542
2.56371403285768	2.79596514710039	3.03596572855955	3.28297154300253
2.57055474404665	2.8084578549272	3.04216785591282	3.28417324284698
2.57739545523562	2.80969190205887	3.0548301984202	3.30077391547192
2.5842361664246	2.81413160961952	3.05568900699896	3.31148200717041
2.59107687761357	2.81647607359559	3.06701713982818	3.31458905337621
2.59791758880254	2.82802541343222	3.07446428773046	3.31150559918609
2.60475829999152	2.83543452456479	3.08430698599633	3.3295806909004
2.61159901118049	2.85580671468316	3.09301503059644	3.33174991301859
2.61843972236946	2.85566914007756	3.10176981464371	3.33801110512508
2.62528043355843	2.85782881612975	3.10964860183232	3.3451111200156
2.63212114474741	2.87666409184045	3.11978999084909	3.35234109835203
2.63896185593638	2.88507600598568	3.12846165288859	3.37780731558019
2.64580256712535	2.88209428200282	3.13431687806206	3.36387798112248
2.65264327831432	2.90066545295539	3.14075372588942	3.38634392368655
2.6594839895033	2.91171503414362	3.1534231808613	3.39195517158775
2.66632470069227	2.92892938587196	3.15625359253415	3.41190532141394
2.67316541188124	2.91308455576467	3.16359829173502	3.41182909050187
2.68000612307021	2.93009448801979	3.17778593517774	3.41538435667094
2.68684683425919	2.93199139666456	3.18209306146061	3.42065543284582
2.69368754544816	2.94106911917657	3.19244599803829	3.45194663644893
2.70052825663713	2.95869519751188	3.19768500499884	3.45048051140705
2.7073689678261	2.9711541404259	3.20813765250372	3.44037218772844
2.71420967901508	2.96995606819968	3.2156466551373	3.47881296743112
2.72105039020405	2.97687853393094	3.22493213096272	3.47213447927
2.72789110139302	2.98240944164586	3.24468511426538	3.49214581895788
2.734731812582	2.99385850414452	3.23424858042427	3.47431660675014
2.74157252377097	2.99755056555446	3.25530341373308	3.5096441796371
2.74841323495994	3.02518416948693	3.26094427226408	3.5134290936559
2.75525394614891	3.0400588081028	3.2698030333012	3.50599001763053
2.76209465733789	3.03591608305996	3.27836798704099	3.53041103928775
2.76893536852686	3.05572114241954	3.28103698640489	3.53540217833685
2.77577607971583	3.05124278685976	3.28900418955756	3.55448046644296
2.7826167909048	3.04837803190078	3.30718149272383	3.53604138575498
2.78945750209378	3.05770655797398	3.30172914343812	3.5460211534304
2.79629821328275	3.08296892876276	3.32421849760341	3.56431191348209
2.80313892447172	3.07797170437702	3.33068573172049	3.56972201126092
2.80997963566069	3.09157439111193	3.32991571017246	3.58593260665281
2.81682034684967	3.10554733061322	3.34513803083484	3.58993242916659
2.82366105803864	3.0973843397624	3.34327671370298	3.59525172022553
2.83050176922761	3.12205108626984	3.36006421257448	3.62126283749765
2.83734248041658	3.11440269400275	3.37394714325564	3.61027219446747
2.84418319160556	3.14709777570454	3.38180565366539	3.63782271597157
2.85102390279453	3.12996460619418	3.38142226289665	3.6280581008429
2.8578646139835	3.16562126665549	3.39575963810853	3.64197910151645
2.86470532517248	3.1508997216678	3.40126614931869	3.64565544932339
2.87154603636145	3.17188231608089	3.4132789494866	3.65210925020574
2.87838674755042	3.1753374951543	3.42153676966725	3.67667085295279
2.88522745873939	3.18973780773418	3.43046831376415	3.6667097891321
2.89206816992837	3.19119036800867	3.43418597586981	3.69197743129418
2.89890888111734	3.18892128415034	3.44426417793789	3.68643196864185
2.90574959230631	3.21978660594633	3.45604877017943	3.70178873925524
2.91259030349528	3.20636647350604	3.45928946123656	3.71200389959304
2.91943101468426	3.22360799703259	3.46414782602345	3.70866318538742
2.92627172587323	3.22851675444368	3.47617077624745	3.74806414312215
2.9331124370622	3.24748610221615	3.48445578371978	3.74584642540684
2.93995314825117	3.23879720304197	3.49672029620167	3.74204178545776
2.94679385944015	3.2485558815702	3.50302134153811	3.75760512090845
2.95363457062912	3.26722327254346	3.50716490165263	3.77027795146497
2.96047528181809	3.26638268696468	3.52602585476616	3.77377332113311
2.96731599300706	3.28287029410339	3.52859829252807	3.78062873383319
2.97415670419604	3.28915322485858	3.53808412866265	3.78666670967847
2.98099741538501	3.30001528910679	3.5459472846023	3.79632947017808
2.98783812657398	3.30968276991455	3.54765030354583	3.80180623527009
2.99467883776296	3.3240671586512	3.56439351510922	3.80861591784264
3.00151954895193	3.32294048477749	3.57348062316726	3.81593246973148
3.0083602601409	3.34154391948612	3.58307930684006	3.82747761053627
3.01520097132987	3.33753093910446	3.59020990933284	3.82654423918717
3.02204168251885	3.35278407710326	3.59893763538269	3.84745713896172
3.02888239370782	3.37263771571679	3.59970434982157	3.84568606405389
3.03572310489679	3.36548266135148	3.60582863935984	3.86304146988769
3.04256381608576	3.37747852565883	3.62252810746086	3.87048049868944
3.04940452727474	3.39335687932989	3.63097874483817	3.89120469932746
3.05624523846371	3.3888583372229	3.63826997772347	3.87767842966072
3.06308594965268	3.40255929118904	3.64817311410123	3.88711039385138
3.06992666084165	3.40024808325059	3.65112460315138	3.90179240684408
3.07676737203063	3.39425779123705	3.65919591041051	3.90581209545661
3.0836080832196	3.41524250860553	3.67151796328112	3.92819493894978
3.09044879440857	3.4302639301842	3.68267254353741	3.92760164148108
3.09728950559754	3.44448994226905	3.68416246031264	3.93645645244204
3.10413021678652	3.45457376738833	3.69756351571889	3.96163178364579
3.11097092797549	3.45597982633997	3.70664009826188	3.95073428774301
3.11781163916446	3.46349673167519	3.71272986185555	3.96721613997102
3.12465235035344	3.47304474963614	3.71927571823858	3.96960542755154
3.13149306154241	3.4785510899779	3.72584805018311	3.97958538229531
3.13833377273138	3.49483692776649	3.73676309029895	4.00001647629955
3.14517448392035	3.49961149199499	3.74576589583192	3.99456689569238
3.15201519510933	3.49837583254855	3.75732468964902	4.00150712048083
3.1588559062983	3.51639866525136	3.76610580397934	4.01646357636175
3.16569661748727	3.51641903781822	3.76942205171359	4.0223870625641
3.17253732867624	3.533167902712	3.77783644822408	4.02365948496859
3.17937803986522	3.53869325920187	3.78869521332614	4.04186175535914
3.18621875105419	3.53721554299984	3.79651091069454	4.05786327903137
3.19305946224316	3.54833063674054	3.79844165970985	4.03806626477115
3.19990017343213	3.55695376162447	3.81416494871462	4.08393950750596
3.20674088462111	3.56754617728741	3.82637762288657	4.07259920030164
3.21358159581008	3.58106868823972	3.82925535035674	4.07166206774606
3.22042230699905	3.59404714510529	3.84409834153825	4.08830802062391
3.22726301818803	3.6097190587208	3.84561348787309	4.09840883321055
3.234103729377	3.61031917574446	3.85766594866203	4.10370915231092
3.24094444056597	3.60649207537241	3.86065352033175	4.1189118898092
3.24778515175494	3.61741025189375	3.87457087151127	4.11883037882332
3.25462586294392	3.62204553794161	3.87967719205562	4.13184745153876
3.26146657413289	3.63957606974979	3.89354087884314	4.14510127406396
3.26830728532186	3.65331400232909	3.89967661464895	4.1582394042873
3.27514799651083	3.66727291805969	3.91208216871802	4.1729304690106
3.28198870769981	3.65709781197183	3.91241445822175	4.16503038049514
3.28882941888878	3.67842391155854	3.92227668380948	4.17232428901603
3.29567013007775	3.68158299657916	3.92606401510133	4.1869467412928
3.30251084126672	3.69145040208557	3.93983545025214	4.19327337821521
3.3093515524557	3.69579369919991	3.94390191826524	4.20408988058446
3.31619226364467	3.70745557817424	3.96053513426359	4.2195580227409
3.32303297483364	3.71356442689734	3.96334103883506	4.22058021788202
3.32987368602261	3.73852503318637	3.97258752635588	4.22388069551889
3.33671439721159	3.74313459430619	3.98361050123803	4.24578217060999
3.34355510840056	3.74393201819079	3.99108644975099	4.23986717693024
3.35039581958953	3.76359081917068	4.00332767694142	4.26203896355562
3.35723653077851	3.75718133423867	4.00749980208281	4.26127040020522
3.36407724196748	3.76062382028283	4.0134286146674	4.27874535953717
3.37091795315645	3.77841807806483	4.0277507588032	4.28982895629741
3.37775866434542	3.77494886866899	4.0319247963946	4.28379432415076
3.3845993755344	3.78539328193513	4.04276720257176	4.28137797537769
3.39144008672337	3.77855552156076	4.04925629341249	4.31008459095473
3.39828079791234	3.79817888001085	4.06060143415931	4.32092389899415
3.40512150910131	3.80831114225658	4.06533312400955	4.32127111593889
3.41196222029029	3.82920434664759	4.07611820309166	4.33902798488289
3.41880293147926	3.833082335078	4.08512948842045	4.32972886235438
3.42564364266823	3.84425564098067	4.094651779371	4.34860689774301
3.4324843538572	3.83385048247143	4.09736690949209	4.35720417081568
3.43932506504618	3.83252221139502	4.11077839053803	4.36330784375564
3.44616577623515	3.87230142010523	4.12067921695207	4.36499204444149
3.45300648742412	3.88101415017202	4.12411080689332	4.38038828527834
3.45984719861309	3.89278384815906	4.13127271109284	4.37065149273671
3.46668790980207	3.90713895740149	4.13881762110732	4.40956099009121
3.47352862099104	3.89904838771354	4.15290055583753	4.3869373999707
3.48036933218001	3.90270252337242	4.15715307896033	4.42349393676114
3.48721004336899	3.90389542704251	4.1545933796699	4.42101551144285
3.49405075455796	3.92748601606663	4.17636188618323	4.42939124590455
3.50089146574693	3.91858436931062	4.18014632107752	4.44427619431787
3.5077321769359	3.94222475337359	4.19223267559579	4.46335586812196
3.51457288812488	3.94329407431685	4.19391241596517	4.45264642028751
3.52141359931385	3.95247551482383	4.20944446895156	4.4644198950501
3.52825431050282	3.96553918882328	4.21811156361219	4.48101770811237
3.53509502169179	3.96843175527821	4.22272157914716	4.47617150369186
3.54193573288077	3.97636953492216	4.23572544552927	4.48526398078517
3.54877644406974	3.99433968436099	4.23999342769575	4.48905598124151
3.55561715525871	3.99834652321044	4.25167379571876	4.50857678560556
3.56245786644768	4.00566536333449	4.26216839394714	4.51604118361842
3.56929857763666	4.01470203085061	4.27658442455092	4.52116540097338
3.57613928882563	4.0167996105805	4.28213763917061	4.55208164850367
3.5829800000146	4.02254025755055	4.28853482958648	4.51711542772557
3.58982071120357	4.03126194208674	4.28935028167527	4.54590159370677
3.59666142239255	4.04523385168173	4.30011971999415	4.56320180558195
3.60350213358152	4.04721006982998	4.30983870430458	4.5620110411851
3.61034284477049	4.0603640013326	4.32111327168253	4.56297185866098
3.61718355595947	4.05209060878276	4.31956710310057	4.59352402153245
3.62402426714844	4.06224572077659	4.33082566624424	4.58748176429863
3.63086497833741	4.07119553401234	4.35220166396387	4.60060950215557
3.63770568952638	4.09535588231754	4.3545106559996	4.61491391030407
3.64454640071536	4.10704019466336	4.36406160718847	4.61674372896015
3.65138711190433	4.11274864496378	4.36375249990969	4.62538349752643
3.6582278230933	4.12981558709581	4.37631177198927	4.63674545368664
3.66506853428227	4.13211347756197	4.38194906041158	4.63887580228639
3.67190924547125	4.14675052241627	4.3886071154362	4.63174260800554
3.67874995666022	4.14787069011597	4.39666695478719	4.65142534124443
3.68559066784919	4.15928656838584	4.41149220579991	4.66573387782455
3.69243137903816	4.15656996664318	4.42504925707274	4.6703292697457
3.69927209022714	4.14755762901632	4.42772595813366	4.6946582989959
3.70611280141611	4.17901107918178	4.43291719053158	4.68680733653134
3.71295351260508	4.20443299481297	4.44869895143496	4.69851457150124
3.71979422379405	4.19131291774295	4.46021841750555	4.71832541389531
3.72663493498303	4.19985865405868	4.45590869917724	4.71774733244743
3.733475646172	4.2207077643651	4.46769355842914	4.7285411541491
3.74031635736097	4.21402647711422	4.48192457159752	4.74669397034545
3.74715706854995	4.23291331650925	4.48052334733079	4.74933340397442
3.75399777973892	4.22994180865899	4.49693496260479	4.75253785443636
3.76083849092789	4.23390739812931	4.50205429843721	4.76623105466167
3.76767920211686	4.25150739640939	4.50795464954323	4.76268784072634
3.77451991330584	4.25682234008795	4.51776886368215	4.76133845238779
3.78136062449481	4.28450359841298	4.52714549215639	4.78756069530123
3.78820133568378	4.27814829558719	4.53874195431712	4.79161441031887
3.79504204687275	4.29164305044401	4.54346061259785	4.797196479206
3.80188275806173	4.30175578896508	4.55211696241226	4.82224898396843
3.8087234692507	4.31232251259202	4.56568221789191	4.81139279218421
3.81556418043967	4.31705464270103	4.56539232733532	4.82115310308681
3.82240489162864	4.31876803597581	4.57513509251338	4.84864014558622
3.82924560281762	4.34316022758875	4.58476385310606	4.8532322199402
3.83608631400659	4.32605343995363	4.59260537751264	4.85537453452956
3.84292702519556	4.33964840736355	4.60677903537981	4.87190570250979
3.84976773638453	4.36373097433896	4.61031001806282	4.8724568688633
3.85660844757351	4.36216778575183	4.61729615094882	4.88475643313202
3.86344915876248	4.37056930041875	4.63457607258524	4.89187174170761
3.87028986995145	4.365662833394	4.62895760723142	4.89978439291161
3.87713058114043	4.38852062329579	4.64308693289989	4.91679489997382
3.8839712923294	4.38782484113548	4.65644286690562	4.91556633475954
3.89081200351837	4.40936763124605	4.66914937560087	4.92175368884969
3.89765271470734	4.39782576576785	4.67031643093497	4.95058902696154
3.90449342589632	4.40427831164102	4.67007828359933	4.93864246487869
3.91133413708529	4.41804955086888	4.68898888357608	4.94719918596321
3.91817484827426	4.42124713709006	4.69672656453568	4.95748376582298
3.92501555946323	4.42770289156517	4.70210885061598	4.96227997819939
3.93185627065221	4.44850805086596	4.71127077120362	4.96853896350727
3.93869698184118	4.47572828207031	4.71925755468784	4.99156487414696
3.94553769303015	4.46684051544211	4.73091631478527	4.98688808604186
3.95237840421912	4.48225111548705	4.74273568007536	5.01046190843701
3.9592191154081	4.47287378333433	4.74882485119611	5.00956111265804
3.96605982659707	4.49477603882008	4.76047625107553	5.02871247807805
3.97290053778604	4.50585063808284	4.76369335498681	5.03218078760022
3.97974124897502	4.51310133935064	4.77299540404315	5.04785547789143
3.98658196016399	4.51861040369047	4.78368171087735	5.04470892877652
3.99342267135296	4.51953988260062	4.78215102467045	5.0570171954404
4.00026338254193	4.53864019692491	4.79669976734166	5.06351514997984
4.00710409373091	4.53911417325932	4.80241237592028	5.06527264524957
4.01394480491988	4.55551193268154	4.81487191731724	5.07942705131231
4.02078551610885	4.54447010225908	4.82797135702668	5.08971809689078
4.02762622729782	4.56803902498622	4.82654241521354	5.09252557804693
4.0344669384868	4.55971137957383	4.83263440942436	5.11384883725966
4.04130764967577	4.56190445064622	4.84111814401574	5.10256724246969
4.04814836086474	4.58948912211657	4.85123771552496	5.12906107550591
4.05498907205371	4.61276841393181	4.86047504922137	5.13316204529074
4.06182978324269	4.60372619404288	4.86922969810468	5.14329836693247
4.06867049443166	4.59886385002054	4.87559947095084	5.14106053762816
4.07551120562063	4.62120943724918	4.89305570538286	5.1533263262746
4.0823519168096	4.6467808752062	4.90026186611283	5.1744604535219
4.08919262799858	4.62263023317413	4.90936950217546	5.17690218087914
4.09603333918755	4.64761850242325	4.91470581292418	5.17168886628342
4.10287405037652	4.65318127950926	4.9257254211297	5.19308101601945
4.1097147615655	4.65708237660969	4.92913239274436	5.20367506242918
4.11655547275447	4.67067587435595	4.93912058601478	5.21735592286795
4.12339618394344	4.68315027447083	4.94912210172665	5.23560734545418
4.13023689513241	4.68789149666894	4.95165228385784	5.22157127755179
4.13707760632139	4.69729132323836	4.96430167688183	5.22629314893454
4.14391831751036	4.70399531409431	4.97267312675509	5.24022523431207
4.15075902869933	4.69899217610121	4.97688020571478	5.25249912399116
4.1575997398883	4.72029773945321	4.98619878545381	5.25823606208365
4.16444045107728	4.72545699855104	4.99927009120665	5.27504202041897
4.17128116226625	4.73471276463399	5.00743483492488	5.29527193028854
4.17812187345522	4.74044639803801	5.01908314372751	5.28817349474542
4.18496258464419	4.738826209493	5.02321444161356	5.29887471577267
4.19180329583317	4.76273891272758	5.02474137291924	5.31405573081225
4.19864400702214	4.75890323197985	5.03671564615649	5.32014063317009
4.20548471821111	4.77753312891122	5.04641582431157	5.3199348160809
4.21232542940008	4.79600713988346	5.05808978866772	5.30874902482921
4.21916614058906	4.79512944789366	5.06457430250176	5.33000509092984
4.22600685177803	4.79824435856283	5.07423795565195	5.34797047337133
4.232847562967	4.81699069550076	5.08322950872508	5.36138370878313
4.23968827415598	4.82218231910358	5.08977495727708	5.36063045570507
4.24652898534495	4.81765103286162	5.09313832737622	5.36522649274565
4.25336969653392	4.85031786383471	5.11401316911545	5.37112754315463
4.26021040772289	4.83378049645328	5.11289194679188	5.3819012191279
4.26705111891187	4.84711823897257	5.12529545143391	5.40636987244632
4.27389183010084	4.8714535509213	5.13259285824997	5.40526704297437
4.28073254128981	4.85028839003886	5.13771865900116	5.39415627643591
4.28757325247878	4.8786254884364	5.14148670658523	5.42236002586505
4.29441396366776	4.88283127505324	5.15751314348731	5.41514008555619
4.30125467485673	4.90564211216288	5.16464743732058	5.43291251948721
4.3080953860457	4.90365298169779	5.17500983095665	5.45037274330457
4.31493609723467	4.9236010904093	5.17828331380876	5.45060992949611
4.32177680842365	4.91094566030897	5.18880546913992	5.45557757932999
4.32861751961262	4.92807609434327	5.19497941366835	5.48389865556003
4.33545823080159	4.92476635546544	5.20274142259469	5.46415539597452
4.34229894199056	4.9412151843762	5.21056247155154	5.50563507926748
4.34913965317954	4.95935281120788	5.22967382716273	5.50923829249356
4.35598036436851	4.97395282104333	5.23326588324751	5.50919197745948
4.36282107555748	4.95973448081456	5.23419328659041	5.5273509829838
4.36966178674646	4.97249392323809	5.25264551131047	5.52881141338944
4.37650249793543	4.9718688819847	5.25266851056883	5.51872657465825
4.3833432091244	5.00022295860389	5.2676297261751	5.5301531100423
4.39018392031337	4.99507675239623	5.27171212886609	5.56223509868451
4.39702463150235	5.00479237548165	5.28347366346799	5.54828893274202
4.40386534269132	5.02552431932016	5.29078001676193	5.56324744407875
4.41070605388029	5.02287178749082	5.29717308003888	5.57041446879199
4.41754676506926	5.05318284498482	5.30542894228866	5.57805257852055
4.42438747625824	5.03707823154342	5.30891028522604	5.60233110164436
4.43122818744721	5.05631175555501	5.32218918002939	5.60159696199638
4.43806889863618	5.06656715601051	5.33635277176183	5.62527908503557
4.44490960982515	5.0622364961247	5.3386295701348	5.62457112518684
4.45175032101413	5.07308033208002	5.35561026951375	5.62405443795782
4.4585910322031	5.08426315170639	5.35664962846506	5.62531886566745
4.46543174339207	5.07909597072404	5.36518162429171	5.6248357361493
4.47227245458104	5.08994039440996	5.36961196248777	5.62759119199385
4.47911316577002	5.11147522731502	5.37644907743458	5.64821025437186
4.48595387695899	5.11544140325054	5.38926671089412	5.67153939152176
4.49279458814796	5.13203983427976	5.40463047893504	5.67934288160341
4.49963529933694	5.14465951902964	5.41443140597998	5.69105353895423
4.50647601052591	5.13479069065662	5.41523186235238	5.69927096484405
4.51331672171488	5.13900868904035	5.42174882244997	5.70712025898426
4.52015743290385	5.15404766803165	5.44067993464608	5.72210656142733
4.52699814409283	5.17040125513434	5.44808587592108	5.71793928691013
4.5338388552818	5.16489902133283	5.44412309512346	5.7091913303343
4.54067956647077	5.18448280087303	5.46061414835243	5.74412645722012
4.54752027765974	5.19829678645478	5.46468330947605	5.7386947270149
4.55436098884872	5.20557708631351	5.48038401872314	5.75699454053394
4.56120170003769	5.20477940187319	5.47883975837848	5.7483533605558
4.56804241122666	5.21977039058018	5.48863491423788	5.75704316532971
4.57488312241563	5.23043981970665	5.49678378322325	5.76807015669531
4.58172383360461	5.21489970337583	5.50338371476688	5.7870952516687
4.58856454479358	5.23920875229569	5.51694944675043	5.80042331844959
4.59540525598255	5.26126294393497	5.52564289442566	5.81215191778595
4.60224596717153	5.25713244084442	5.53666590219217	5.81292197701074
4.6090866783605	5.25925584515116	5.54608096715265	5.83242326993433
4.61592738954947	5.27214865338205	5.5499285361792	5.83262194416624
4.62276810073844	5.27946336748491	5.56016754403992	5.84561509082023
4.62960881192742	5.30050505013646	5.57018492353692	5.85733404131663
4.63644952311639	5.29915585534007	5.57337807864328	5.85220008320578
4.64329023430536	5.30713525384302	5.58770313623135	5.86022492194142
4.65013094549433	5.31008950752517	5.59596718658618	5.87581444002771
4.65697165668331	5.33000734032057	5.6003307327462	5.88208687285359
4.66381236787228	5.32494931426858	5.61434052903577	5.89499384893037
4.67065307906125	5.33311405151534	5.61876791949899	5.88233736352795
4.67749379025022	5.3524734969897	5.62651138235202	5.89840444634935
4.6843345014392	5.35928918458161	5.63845059193878	5.93537615888373
4.69117521262817	5.35124804587359	5.63940430260122	5.92223817694713
4.69801592381714	5.37728698863832	5.64753481389409	5.92856185046955
4.70485663500611	5.38568526226652	5.65957651770759	5.94557553926164
4.71169734619509	5.38863438203076	5.66686328600897	5.92469335231084
4.71853805738406	5.40480838388524	5.67928223028934	5.9490401838462
4.72537876857303	5.40357456592632	5.68341978574889	5.97241654942918
4.732219479762	5.40509358524226	5.69197764792097	5.97087628813573
4.73906019095098	5.41943908596395	5.70254128261145	5.97800595919605
4.74590090213995	5.42979964324121	5.71273427887571	5.99411230950138
4.75274161332892	5.4317222299777	5.71564504098001	6.00828116078084
4.7595823245179	5.44420099074996	5.73066422987544	6.004962918486
4.76642303570687	5.45495616514924	5.73825123128861	6.02180814065617
4.77326374689584	5.46599055460107	5.74521936628537	6.02515641943371
4.78010445808481	5.47903364605217	5.75439416215452	6.0319041774758
4.78694516927379	5.47769260530398	5.76447605188302	6.05764842520254
4.79378588046276	5.48891444294679	5.76573173760842	6.04335883876483
4.80062659165173	5.49526279854698	5.77862960034813	6.07025616168274
4.8074673028407	5.50717624192097	5.78448774675753	6.07530913163942
4.81430801402968	5.51689026993655	5.79630542877532	6.09339386149246
4.82114872521865	5.51375489444559	5.80146091078529	6.1129678138669
4.82798943640762	5.5379763060668	5.81495550322458	6.11591337540825
4.83483014759659	5.53782449645399	5.81919774321226	6.10707283669625
4.84167085878557	5.53417214353532	5.82654173063724	6.1190703101395
4.84851156997454	5.55682499736403	5.83481795593412	6.13454568164397
4.85535228116351	5.55429692497738	5.84952266097919	6.13723655944832
4.86219299235248	5.57617517786027	5.84534820900254	6.14387286677558
4.86903370354146	5.57221762462849	5.85829776563778	6.14537962944212
4.87587441473043	5.57536459169763	5.86844277253865	6.15604521840379
4.8827151259194	5.58781057799425	5.88459707353696	6.1673331358112
4.88955583710838	5.59967621979861	5.88438964890567	6.18693913847451
4.89639654829735	5.61775226435489	5.89728576561337	6.17835271488346
4.90323725948632	5.61655052857762	5.90550076592686	6.18782213161447
4.91007797067529	5.62308429015781	5.90766818210674	6.190070775535
4.91691868186427	5.64470888799199	5.91800130722889	6.22241087692227
4.92375939305324	5.64074377160104	5.92905973999625	6.22448417832807
4.93060010424221	5.64609102246139	5.93667921297519	6.23022368752274
