"mitochan"	"lwrNorm"	"medNorm"	"uprNorm"
-1.90327037354145	-2.72895127034895	-2.42721533420133	-2.15884395681655
-1.89677163120065	-2.70884862170074	-2.42332630076888	-2.14454837388287
-1.89027288885985	-2.70928006244697	-2.42140195399645	-2.12704372190946
-1.88377414651905	-2.71331738016808	-2.40732121037696	-2.11065853478442
-1.87727540417826	-2.69192294112437	-2.40141816509979	-2.12703572951952
-1.87077666183746	-2.68723371372701	-2.40108896018994	-2.10004284456717
-1.86427791949666	-2.66578895868866	-2.3893471238606	-2.11390961880224
-1.85777917715586	-2.65923956114508	-2.38423869072909	-2.09892864607896
-1.85128043481507	-2.65695231430325	-2.36908167205325	-2.09704290765741
-1.84478169247427	-2.63830116300421	-2.35854541903623	-2.07694504940041
-1.83828295013347	-2.64503177740986	-2.35416210155271	-2.08603278282603
-1.83178420779267	-2.63788252986464	-2.34916015256068	-2.07731251834207
-1.82528546545187	-2.61243256967693	-2.34240706827931	-2.06892112890097
-1.81878672311108	-2.61640864605648	-2.33077469134744	-2.04416231286603
-1.81228798077028	-2.60788530406137	-2.32992478796765	-2.03511070687353
-1.80578923842948	-2.62025139214435	-2.31528575860298	-2.0388426609188
-1.79929049608868	-2.59696800412673	-2.31144628739681	-2.0318065622691
-1.79279175374788	-2.58117710501742	-2.30262592423303	-2.03176447037319
-1.78629301140709	-2.55545995138395	-2.29082148925231	-2.00713236013836
-1.77979426906629	-2.55970777825929	-2.28443990404836	-1.99747733870435
-1.77329552672549	-2.56467237474035	-2.27684531982085	-1.99010456479927
-1.76679678438469	-2.56011196312891	-2.27748662229245	-1.9869798684909
-1.76029804204389	-2.54799207643035	-2.25951399214066	-1.97647632079803
-1.7537992997031	-2.52995110351699	-2.25890689308483	-1.97248362208921
-1.7473005573623	-2.53035905919942	-2.239058130046	-1.9781848559649
-1.7408018150215	-2.51504155388114	-2.2395982342021	-1.95866643270652
-1.7343030726807	-2.51619197611876	-2.23397489372267	-1.95410907499288
-1.7278043303399	-2.51072034330875	-2.23201936015192	-1.9433891393295
-1.72130558799911	-2.50940664475736	-2.21189771920775	-1.94122270553724
-1.71480684565831	-2.48346758240076	-2.21071980013711	-1.93529011077504
-1.70830810331751	-2.48996286736027	-2.20315332811641	-1.93291789097882
-1.70180936097671	-2.46908264482366	-2.1908931039716	-1.91782849538126
-1.69531061863591	-2.45814499056157	-2.1852516748557	-1.9096961084303
-1.68881187629512	-2.46016638773056	-2.17749231869424	-1.89152850554505
-1.68231313395432	-2.44808592411574	-2.16149679049697	-1.88731966877403
-1.67581439161352	-2.44639315033288	-2.16754456296762	-1.90068727821941
-1.66931564927272	-2.43287524383974	-2.16310899195518	-1.89642192878888
-1.66281690693192	-2.42355806850896	-2.1489235448935	-1.87350827664639
-1.65631816459113	-2.43345576125434	-2.14910920150256	-1.86485094057642
-1.64981942225033	-2.40504225725035	-2.12717028275955	-1.85717992209943
-1.64332067990953	-2.39908005374081	-2.12871106126826	-1.85954121034866
-1.63682193756873	-2.42349126512267	-2.11809172831232	-1.84336802730236
-1.63032319522793	-2.40194827775476	-2.11766975333169	-1.83228251354159
-1.62382445288714	-2.37715676901267	-2.10617919887531	-1.82431355178306
-1.61732571054634	-2.37434032865602	-2.09659841105993	-1.7990071626911
-1.61082696820554	-2.36839909083601	-2.08696779832596	-1.80590372323683
-1.60432822586474	-2.36424311600631	-2.0792571167568	-1.79209301710049
-1.59782948352394	-2.34660796129597	-2.07447290773701	-1.80802753323513
-1.59133074118315	-2.33813122391999	-2.06702119836357	-1.80238776024582
-1.58483199884235	-2.32563520601885	-2.05922234938223	-1.78582979005637
-1.57833325650155	-2.31542740755504	-2.04900212914434	-1.77030563391789
-1.57183451416075	-2.31650787928206	-2.03897886542576	-1.75016511538895
-1.56533577181995	-2.30999676668147	-2.03968250232487	-1.7461962252568
-1.55883702947916	-2.30287014464308	-2.02834568846601	-1.75943614578427
-1.55233828713836	-2.30269790498049	-2.02664317061485	-1.73240755566591
-1.54583954479756	-2.29906293280698	-2.01423975161536	-1.72104988013111
-1.53934080245676	-2.27701655839868	-2.00516950119763	-1.7423092926293
-1.53284206011596	-2.27098280046695	-1.99768876196468	-1.71736531463391
-1.52634331777517	-2.25227291456509	-1.98801924320595	-1.71771233703082
-1.51984457543437	-2.26695701829055	-1.98502934416539	-1.71183127815306
-1.51334583309357	-2.25300689883436	-1.96882303372326	-1.69576829812847
-1.50684709075277	-2.24280157164254	-1.97113252778356	-1.69431621727583
-1.50034834841197	-2.22912864978097	-1.9548227324735	-1.68048388118751
-1.49384960607118	-2.24273538607356	-1.947630202394	-1.67994459148731
-1.48735086373038	-2.21069698729551	-1.94011711459413	-1.66060846649089
-1.48085212138958	-2.21756358191221	-1.94079960182675	-1.65266070481365
-1.47435337904878	-2.21373117593611	-1.92532536059187	-1.64775561505891
-1.46785463670798	-2.18926955279015	-1.9182035019977	-1.65510192273706
-1.46135589436719	-2.1908114393133	-1.91191449214594	-1.63631110147966
-1.45485715202639	-2.17019437370758	-1.90136187606889	-1.63233183500456
-1.44835840968559	-2.17493688236807	-1.90170365521142	-1.63417006479631
-1.44185966734479	-2.16586016095322	-1.894728270999	-1.61392247676432
-1.43536092500399	-2.14834392771015	-1.88762867177929	-1.60293635438139
-1.4288621826632	-2.16228730228206	-1.88078811439994	-1.59330294036847
-1.4223634403224	-2.13764252672996	-1.87254298076188	-1.60268231312309
-1.4158646979816	-2.13187278112095	-1.86276895322898	-1.5800395465513
-1.4093659556408	-2.16107739933959	-1.85679762820783	-1.58265267349567
-1.4028672133	-2.12704950847661	-1.84404563063985	-1.56333397967754
-1.39636847095921	-2.11073216012613	-1.83662484549069	-1.56326146578562
-1.38986972861841	-2.09056502166784	-1.83084796854331	-1.55593966407732
-1.38337098627761	-2.09489409242917	-1.81877535102555	-1.55036004664066
-1.37687224393681	-2.08934756084957	-1.81014888627655	-1.54435733028106
-1.37037350159601	-2.08547274696122	-1.80101418799614	-1.52286025976434
-1.36387475925522	-2.06480946047627	-1.79594841181768	-1.52487214822207
-1.35737601691442	-2.0622628071227	-1.78730403702092	-1.50942184606841
-1.35087727457362	-2.05645568064041	-1.77484688315652	-1.50837581064803
-1.34437853223282	-2.04470390811682	-1.77663739787196	-1.49526327158105
-1.33787978989202	-2.04289218156465	-1.76205693125827	-1.50588681196059
-1.33138104755123	-2.03218617770888	-1.75750794231108	-1.47782418794915
-1.32488230521043	-2.02154342481161	-1.7451705701935	-1.48149772460957
-1.31838356286963	-2.02765619550579	-1.74082852841319	-1.47178475914172
-1.31188482052883	-2.01308414280125	-1.73514428059109	-1.478531449923
-1.30538607818804	-2.0075662530949	-1.72643281332327	-1.46752410611488
-1.29888733584724	-1.99533578363226	-1.72629142229292	-1.45749457253448
-1.29238859350644	-1.9859509770588	-1.71533516740216	-1.43171503228201
-1.28588985116564	-1.97652358280085	-1.71169022817516	-1.4239888324999
-1.27939110882484	-1.97481364691872	-1.69904473839923	-1.4177183436882
-1.27289236648405	-1.96597742202375	-1.68459421459747	-1.41676027168415
-1.26639362414325	-1.95041014231088	-1.69065631062406	-1.41486411592114
-1.25989488180245	-1.95043469104843	-1.68316161857337	-1.41307716969662
-1.25339613946165	-1.94586843813842	-1.66690913484052	-1.40235926018919
-1.24689739712085	-1.93911241119785	-1.65844572547185	-1.38112339737625
-1.24039865478006	-1.91918897897234	-1.65814807116873	-1.37304340033086
-1.23389991243926	-1.91288379313975	-1.64828732555864	-1.35507504760639
-1.22740117009846	-1.90900179191123	-1.64140716368405	-1.37574398109788
-1.22090242775766	-1.88649498403751	-1.63207592449338	-1.35032277654113
-1.21440368541686	-1.8919261464633	-1.62416065658972	-1.3266208217281
-1.20790494307607	-1.89621040049499	-1.62004478311733	-1.34050043061544
-1.20140620073527	-1.88612455313663	-1.59790889622122	-1.33363628868762
-1.19490745839447	-1.87132894388497	-1.59947887648007	-1.33456312783891
-1.18840871605367	-1.85499934376484	-1.58960191538115	-1.31355717886903
-1.18190997371287	-1.85725665980855	-1.58588454745633	-1.30347846192411
-1.17541123137208	-1.83514763900672	-1.5733835682685	-1.30283857569457
-1.16891248903128	-1.83861859399247	-1.56869228268832	-1.29518482956927
-1.16241374669048	-1.83253076416869	-1.56010144975885	-1.29535047352709
-1.15591500434968	-1.83667498460282	-1.55632181882506	-1.28460677493361
-1.14941626200888	-1.81915221273973	-1.54748423413382	-1.26577862388795
-1.14291751966809	-1.80612457083458	-1.53782430291906	-1.27034948147266
-1.13641877732729	-1.79750084685869	-1.52542443784674	-1.24303252128098
-1.12992003498649	-1.79905806181849	-1.52109016802912	-1.2393976874478
-1.12342129264569	-1.79159310517266	-1.51236594241348	-1.22884922537291
-1.11692255030489	-1.78233803438246	-1.50599092803117	-1.22392508741501
-1.1104238079641	-1.78040263520388	-1.49392770276449	-1.22162375939901
-1.1039250656233	-1.75668514923781	-1.4851239802394	-1.20201994531432
-1.0974263232825	-1.73926080956908	-1.48229242516298	-1.20926020875862
-1.0909275809417	-1.74868712725278	-1.47750263946675	-1.20009226737869
-1.0844288386009	-1.7415812768292	-1.47362900268084	-1.19382495704111
-1.07793009626011	-1.72863666675517	-1.46380198474404	-1.19185768580397
-1.07143135391931	-1.72110829326465	-1.45221077910187	-1.17318932101522
-1.06493261157851	-1.72217763614428	-1.44661637243137	-1.16124449487854
-1.05843386923771	-1.71558758802666	-1.4331863456596	-1.15102774281643
-1.05193512689691	-1.70174354711424	-1.4316315862478	-1.16128588566186
-1.04543638455612	-1.70121687086639	-1.41897728986156	-1.15763161546646
-1.03893764221532	-1.68501290244292	-1.41595895310801	-1.14737393754003
-1.03243889987452	-1.67200510354219	-1.40905175688506	-1.1326342207941
-1.02594015753372	-1.67045133884717	-1.40235614122054	-1.12425558459345
-1.01944141519292	-1.65888451042371	-1.39607700751878	-1.13422114946694
-1.01294267285213	-1.65259238632053	-1.38801879498095	-1.12186858632201
-1.00644393051133	-1.65690590986697	-1.37988174292272	-1.11161632916621
-0.99994518817053	-1.63356199786361	-1.36780493588846	-1.09348061771923
-0.993446445829732	-1.64640340588799	-1.36950680156114	-1.09760150143364
-0.986947703488934	-1.62664076686848	-1.35544392216258	-1.0775011129483
-0.980448961148136	-1.60152004954367	-1.35265200436689	-1.0725858727712
-0.973950218807338	-1.60481429549875	-1.33773329787382	-1.06036935477658
-0.96745147646654	-1.59492416013905	-1.32554686530961	-1.07056775207788
-0.960952734125742	-1.58921172573053	-1.32267384050602	-1.03761079232247
-0.954453991784944	-1.58556542550865	-1.31402614308884	-1.04181489522159
-0.947955249444146	-1.57857648402831	-1.30593683034806	-1.04771566602171
-0.941456507103348	-1.56773428199489	-1.29553669090753	-1.02921517513798
-0.93495776476255	-1.56929258855194	-1.29497755908969	-1.03120414282629
-0.928459022421752	-1.54907674074405	-1.28141745280633	-1.02136147986993
-0.921960280080954	-1.54534077750536	-1.27400404047733	-1.00822191605146
-0.915461537740156	-1.54011909466128	-1.26650087743493	-1.00423964246447
-0.908962795399358	-1.53694595572077	-1.26278655532469	-0.988185007704309
-0.902464053058561	-1.51322153946134	-1.25634523362086	-0.991299342996126
-0.895965310717763	-1.50592095407773	-1.25236152556928	-0.972596435586276
-0.889466568376964	-1.50275963279089	-1.23767541768215	-0.959338000819205
-0.882967826036167	-1.49563208217093	-1.23198633055478	-0.964269699458166
-0.876469083695369	-1.49845491938183	-1.2185077494223	-0.963618917393274
-0.86997034135457	-1.48133797426999	-1.21820365001306	-0.96158800929481
-0.863471599013773	-1.47482424411338	-1.20720311581156	-0.94258743340234
-0.856972856672975	-1.47461807755852	-1.2029363373744	-0.90921273511535
-0.850474114332177	-1.45202229269412	-1.19026757623117	-0.930564171809277
-0.843975371991379	-1.44591021866079	-1.18574979513133	-0.918992304107848
-0.837476629650581	-1.45390648099932	-1.17480105619597	-0.914809331579162
-0.830977887309783	-1.43412919967519	-1.16716387855184	-0.903946759825231
-0.824479144968985	-1.43416444752073	-1.1558425624775	-0.894092710428152
-0.817980402628187	-1.42030330664562	-1.15323781458627	-0.88234563340823
-0.811481660287389	-1.41310507781843	-1.14798394182554	-0.889399860104736
-0.804982917946591	-1.40397425703068	-1.13997504191544	-0.878137668615146
-0.798484175605793	-1.39640176211771	-1.13050655013793	-0.87549242138701
-0.791985433264995	-1.38250776802377	-1.11875790852901	-0.850030232095406
-0.785486690924197	-1.38493802103859	-1.12217536879613	-0.855671435291298
-0.778987948583399	-1.3812671291752	-1.1073126113249	-0.844397089395724
-0.772489206242601	-1.35953874976089	-1.10032613391048	-0.824137913908134
-0.765990463901803	-1.34905365117483	-1.09136658882842	-0.819712002889573
-0.759491721561005	-1.34369312698861	-1.08453127816768	-0.814322767252817
-0.752992979220207	-1.34902912977438	-1.07360161525568	-0.805338534065476
-0.746494236879409	-1.33238182019562	-1.07069590423639	-0.809838816431786
-0.739995494538611	-1.32826437450031	-1.06080550269146	-0.782946369408418
-0.733496752197813	-1.30903981847285	-1.04810516154107	-0.786609228253881
-0.726998009857015	-1.30992551914293	-1.04717443348578	-0.776872776177828
-0.720499267516217	-1.30643541084622	-1.0432527055148	-0.766212090894052
-0.714000525175419	-1.29420699626838	-1.0237895298547	-0.768194475914704
-0.707501782834621	-1.2866694505183	-1.02596550984809	-0.750995118558481
-0.701003040493823	-1.28959402082892	-1.01481593355053	-0.766307893616121
-0.694504298153025	-1.26157639742141	-1.00629650389668	-0.746611033019404
-0.688005555812227	-1.27237789323991	-1.00084877836451	-0.7285672290642
-0.681506813471429	-1.24684783834134	-0.994270017109843	-0.72583970058126
-0.675008071130631	-1.26018791444928	-0.990800423659428	-0.726372416861228
-0.668509328789833	-1.23061900154257	-0.97499878750698	-0.716673564230321
-0.662010586449035	-1.22291179638447	-0.967935337566087	-0.700599422238864
-0.655511844108237	-1.22777594572607	-0.955744207127959	-0.709376758626926
-0.649013101767439	-1.22329702689146	-0.957062591937751	-0.690837359674531
-0.642514359426641	-1.21423752289028	-0.949082139739884	-0.672761463272889
-0.636015617085844	-1.22071621017129	-0.939094712371511	-0.676149292499643
-0.629516874745045	-1.19426257864236	-0.928629150267435	-0.670498424281505
-0.623018132404247	-1.18135675106732	-0.923948471036949	-0.660404521916241
-0.61651939006345	-1.18055726709567	-0.911879855520718	-0.651322144198259
-0.610020647722652	-1.1780285051941	-0.90395919741299	-0.640387810856978
-0.603521905381853	-1.18468255239762	-0.90502352841024	-0.62535554088621
-0.597023163041056	-1.16920049696275	-0.892923754718478	-0.61793565013534
-0.590524420700258	-1.16179818699589	-0.888328453193686	-0.605800901878377
-0.58402567835946	-1.14163091185974	-0.875289785387315	-0.623168969271051
-0.577526936018662	-1.14122761036468	-0.870776385800216	-0.600238764241996
-0.571028193677864	-1.13097295164432	-0.860601109143309	-0.599569681036748
-0.564529451337066	-1.10766079536421	-0.863494695234663	-0.59338168631851
-0.558030708996268	-1.0999980263561	-0.847257872588166	-0.566418818891451
-0.55153196665547	-1.10005845464562	-0.836243553110981	-0.563815559405075
-0.545033224314672	-1.08983807712933	-0.833705433728707	-0.566427650217881
-0.538534481973874	-1.087672702113	-0.81673060258947	-0.558997065436626
-0.532035739633076	-1.08359874987495	-0.819074952586808	-0.544291624412825
-0.525536997292278	-1.07007043843698	-0.812304687646266	-0.556019479724157
-0.51903825495148	-1.06201618055387	-0.806629807209552	-0.552926535449191
-0.512539512610682	-1.05340568519192	-0.797647665779098	-0.519230650557001
-0.506040770269884	-1.05717855699017	-0.783344512794707	-0.508330525118408
-0.499542027929086	-1.04387723364265	-0.777267506529601	-0.510165118089363
-0.493043285588288	-1.02504685975685	-0.772731672328363	-0.500133723663481
-0.48654454324749	-1.02278633556177	-0.759605601493015	-0.498795617944634
-0.480045800906692	-1.01035022217702	-0.75494485266959	-0.485854200200887
-0.473547058565894	-0.993083141160952	-0.74951552408562	-0.483010886845171
-0.467048316225096	-1.00608439805013	-0.739403314811197	-0.483458636203414
-0.460549573884298	-0.988877481972156	-0.73047588244438	-0.481496363719804
-0.4540508315435	-0.990440554475831	-0.725316443565352	-0.457011800350728
-0.447552089202702	-0.968132272321547	-0.712591159499225	-0.461736955032344
-0.441053346861904	-0.971367709591578	-0.709693159641936	-0.452017205781387
-0.434554604521106	-0.960420775583845	-0.703293110328613	-0.432013098332021
-0.428055862180308	-0.958267496099758	-0.693799704152485	-0.435027157734465
-0.42155711983951	-0.94956057908001	-0.689734423358386	-0.436320130489364
-0.415058377498712	-0.940482918725406	-0.677601243612857	-0.436473738756297
-0.408559635157914	-0.943523448884008	-0.665644143745544	-0.405582674260569
-0.402060892817116	-0.928057690941227	-0.662532158706234	-0.391540755262539
-0.395562150476318	-0.918753123216367	-0.665634764914525	-0.394064544307285
-0.38906340813552	-0.926508469257557	-0.652345034441574	-0.392277711257705
-0.382564665794722	-0.907368131322693	-0.640487877710903	-0.373843921714271
-0.376065923453924	-0.890270164332721	-0.632234441938545	-0.376792978203049
-0.369567181113126	-0.89219045885604	-0.622123712619049	-0.357947870321162
-0.363068438772328	-0.877661102428627	-0.615782957165089	-0.354794090615018
-0.35656969643153	-0.874983851722639	-0.607454578712703	-0.351971820172464
-0.350070954090733	-0.849006071127875	-0.602243075405593	-0.3410394198539
-0.343572211749934	-0.852033804279193	-0.591257706736946	-0.332878504201459
-0.337073469409136	-0.848261006079226	-0.58715651406989	-0.328734982767953
-0.330574727068339	-0.837376756794726	-0.578798843582742	-0.326088988491795
-0.32407598472754	-0.837183363651242	-0.571752640003172	-0.300336481195135
-0.317577242386743	-0.823597920946445	-0.56421867495405	-0.303365341494002
-0.311078500045945	-0.816809196527271	-0.556891654986043	-0.286044797597581
-0.304579757705147	-0.80358530862787	-0.548291924137351	-0.288911242606818
-0.298081015364349	-0.80613684587733	-0.536125909536135	-0.279740579996484
-0.291582273023551	-0.798095009925219	-0.533076503824806	-0.266701794812192
-0.285083530682753	-0.794997678658494	-0.525040009373344	-0.264095156163374
-0.278584788341955	-0.779908720906887	-0.516613871905076	-0.260331257570343
-0.272086046001157	-0.77519486402454	-0.513136849678363	-0.25014009830919
-0.265587303660359	-0.754766780447302	-0.497447671830729	-0.234607035622729
-0.259088561319561	-0.763771281033688	-0.491348380599513	-0.219565870432276
-0.252589818978763	-0.747501745504606	-0.49064984950677	-0.237654033105341
-0.246091076637965	-0.753405114105274	-0.481693690987649	-0.220914096669169
-0.239592334297167	-0.744664231947035	-0.468618172021289	-0.209443046337699
-0.233093591956369	-0.724418630197	-0.463986789533131	-0.208667205615615
-0.226594849615571	-0.724237206948427	-0.453111680025695	-0.194339633566997
-0.220096107274773	-0.70973475161906	-0.45643648425756	-0.19889433434359
-0.213597364933975	-0.707846179923321	-0.43214445103662	-0.177557736913759
-0.207098622593177	-0.698050421757224	-0.441492169682003	-0.182870936501695
-0.200599880252379	-0.68747892230112	-0.429310328795912	-0.158239458728662
-0.194101137911581	-0.676838625792608	-0.419014570287909	-0.141259660121932
-0.187602395570783	-0.666238443488068	-0.410549383700708	-0.147549907758976
-0.181103653229985	-0.660427459832044	-0.397083143494616	-0.135832318263058
-0.174604910889187	-0.652587504192681	-0.393684685676685	-0.141993862523719
-0.168106168548389	-0.661916121296994	-0.388536524491013	-0.132667437694441
-0.161607426207591	-0.643015648020496	-0.377792195382269	-0.123348097689807
-0.155108683866793	-0.634029201966441	-0.363696360120839	-0.111680342814071
-0.148609941525995	-0.630051716511099	-0.363283754545556	-0.0955361052839218
-0.142111199185197	-0.617678156393766	-0.351575554235516	-0.0941203740013206
-0.135612456844399	-0.600860195707691	-0.342734923836127	-0.0947406220844966
-0.129113714503601	-0.611105700560603	-0.349063888785706	-0.0870173025249928
-0.122614972162803	-0.594263313357915	-0.332143595727958	-0.0789546867585427
-0.116116229822005	-0.602211077791955	-0.330072392675126	-0.0659191019767374
-0.109617487481207	-0.571369159655034	-0.315609507705741	-0.0636495143674728
-0.103118745140409	-0.564839324746729	-0.310720278071935	-0.0471620101279821
-0.0966200027996114	-0.56289380253947	-0.302474025316684	-0.0521808247240541
-0.0901212604588133	-0.558802339407512	-0.296384832047558	-0.0435358505339916
-0.0836225181180155	-0.541619729029763	-0.29151221108051	-0.0349433181866988
-0.0771237757772174	-0.549029032793118	-0.278518882165146	-0.0140254619942762
-0.0706250334364196	-0.534391032782806	-0.278430933560311	-0.0128279591329177
-0.0641262910956215	-0.517103573138501	-0.259762099809443	0.00486863597638975
-0.0576275487548235	-0.510116985109707	-0.25594085448589	-0.00133908162870369
-0.0511288064140256	-0.509448875707	-0.248839085931616	0.0110505457759479
-0.0446300640732276	-0.504690525591335	-0.2446874970355	0.0207764317427622
-0.0381313217324295	-0.505154423764266	-0.225429333497447	0.0205589268812597
-0.0316325793916317	-0.491531319347559	-0.230066569420504	0.0382814177221513
-0.0251338370508336	-0.487852563443714	-0.220769225302472	0.0452660386647916
-0.0186350947100355	-0.470291117636019	-0.219564663376559	0.0288657211389461
-0.0121363523692377	-0.481370514865691	-0.205203430703254	0.050138449707931
-0.00563761002843965	-0.459629942763067	-0.200597494424406	0.0548926617515262
0.000861132312358182	-0.455181537176454	-0.188660574944102	0.0731885931241273
0.00735987465315624	-0.441042584609991	-0.181669822431596	0.0856142016482429
0.0138586169939543	-0.437064486491245	-0.172828151989891	0.0783573497773349
0.0203573593347521	-0.431049025858304	-0.163328359401178	0.0872083318817941
0.0268561016755502	-0.416900231683894	-0.165245955315682	0.0996903449642106
0.0333548440163483	-0.411482658639076	-0.151376806248816	0.102243432045877
0.0398535863571461	-0.391096400401342	-0.141900489543215	0.110048105398103
0.0463523286979441	-0.398339058021077	-0.135547005295942	0.115085732711124
0.052851071038742	-0.399980750466095	-0.125162344542853	0.1397334034565
0.05934981337954	-0.376101614831935	-0.119288645252887	0.132875821196533
0.0658485557203381	-0.361686270217319	-0.115985409268093	0.139483604040165
0.0723472980611359	-0.358959779591577	-0.107563983845816	0.152913911825272
0.078846040401934	-0.345957698226143	-0.0984719027832275	0.171850389994873
0.085344782742732	-0.342856024864137	-0.0929926860981283	0.152157371820779
0.0918435250835299	-0.325406763580493	-0.0765060568494225	0.190817491656781
0.0983422674243277	-0.34624099771923	-0.0720068208803838	0.169154646907966
0.104841009765126	-0.332804478472394	-0.0636657041750208	0.203517000504189
0.111339752105924	-0.328363469179215	-0.0611796303272097	0.196205496802306
0.117838494446722	-0.312364619473245	-0.0486905401954156	0.215586053983085
0.12433723678752	-0.302526476826373	-0.0400525286015624	0.213748557826226
0.130835979128318	-0.304492179199055	-0.0375075594371581	0.221028174461914
0.137334721469116	-0.294540079874624	-0.0305377049391523	0.220674735008307
0.143833463809914	-0.279719878245775	-0.0231025963105474	0.230340377605446
0.150332206150712	-0.255443514208499	-0.0106273876650687	0.248251060067759
0.15683094849151	-0.266664546997907	-0.00928082595549877	0.259074058558655
0.163329690832308	-0.263872103824568	-0.00278226564848577	0.246884435435505
0.169828433173106	-0.24899955193267	0.0160462991080812	0.265528665589401
0.176327175513904	-0.24895580808219	0.0189350327452156	0.269977296006216
0.182825917854702	-0.227354326829559	0.0199832419027413	0.289628434914219
0.1893246601955	-0.221268552308615	0.0394622056015854	0.290553810083527
0.195823402536297	-0.219976170153571	0.0457124452084093	0.292215819668743
0.202322144877096	-0.211897725286183	0.0487116301704238	0.288885177491953
0.208820887217894	-0.203484428194452	0.0569866018802857	0.316155498800555
0.215319629558691	-0.212687277094575	0.057246363512842	0.320270869929067
0.221818371899489	-0.191669286890581	0.069607892109128	0.313559762847654
0.228317114240288	-0.17462898495483	0.0822184945196553	0.34526670525089
0.234815856581085	-0.173531308044443	0.0878881237771225	0.336802867940553
0.241314598921883	-0.175674880240343	0.100896732271147	0.352307154700992
0.247813341262682	-0.148234874509413	0.103829515393871	0.341322687282722
0.254312083603479	-0.145504317884002	0.113327305971968	0.37274725547694
0.260810825944277	-0.141266243332146	0.116593818207274	0.369908570646405
0.267309568285075	-0.141019445908969	0.124915837533307	0.376858981042639
0.273808310625873	-0.132966886542848	0.133330244504949	0.399642751299845
0.280307052966671	-0.129338327967675	0.138903640505993	0.395659934047709
0.286805795307469	-0.11230100952399	0.148206882252306	0.428149208094821
0.293304537648267	-0.0958218245473664	0.150871898200762	0.408992076758384
0.299803279989065	-0.0951386521979798	0.164576649120864	0.426010173392903
0.306302022329863	-0.0929027720442878	0.171894401767564	0.425387193045657
0.312800764670661	-0.0804549530661779	0.175944307504088	0.423379152381211
0.319299507011459	-0.0741681792836131	0.187023304077448	0.446451115505807
0.325798249352257	-0.0651640330203939	0.191814119587625	0.461510923944116
0.332296991693055	-0.055861107377222	0.200876826584294	0.463581959671235
0.338795734033853	-0.0410931160590459	0.215310634300009	0.462304658009317
0.345294476374651	-0.0380262577781831	0.219229610325265	0.467993838437425
0.351793218715449	-0.0453577411998103	0.228590498968788	0.496066288072133
0.358291961056247	-0.028279382833421	0.233336318081391	0.490669017224649
0.364790703397045	-0.0183151276595047	0.23886374600223	0.504928719081968
0.371289445737843	0.0104075757916754	0.25271802115171	0.509612859878232
0.377788188078641	0.00113759542798484	0.256675205371455	0.506426276026424
0.384286930419439	0.00126176957684859	0.261909078415993	0.512296821168229
0.390785672760237	0.00342472793438919	0.269177286810162	0.525116609994874
0.397284415101035	0.0372497365083134	0.279566370052357	0.528223328752214
0.403783157441833	0.0239914982870502	0.283787556743367	0.543951821037861
0.410281899782631	0.0327131155205187	0.291969864830238	0.546601443936405
0.416780642123429	0.0342980114202718	0.305873707478392	0.551727086485449
0.423279384464227	0.0448593736047245	0.306913223970933	0.57274014952955
0.429778126805025	0.0601474026250787	0.314801916365028	0.574908940038261
0.436276869145823	0.0627673607588709	0.321527157104767	0.573513902609331
0.442775611486621	0.0742859475852057	0.327189439582249	0.592777383940608
0.449274353827419	0.0690487018331912	0.336991099958226	0.583565486462939
0.455773096168217	0.106551135839667	0.341227133820195	0.605852149045535
0.462271838509015	0.0908033984672435	0.350034926274556	0.622249035215024
0.468770580849812	0.116706576502407	0.368776396887073	0.626902090507842
0.475269323190611	0.105738622470858	0.371628648019933	0.627625169691986
0.481768065531408	0.121141884139739	0.379404843390978	0.643890650576955
0.488266807872206	0.131085024697702	0.38105198449471	0.645608123524712
0.494765550213005	0.138056103700003	0.391803313633451	0.65215865540206
0.501264292553802	0.149977244977801	0.399226471170331	0.647987123606015
0.5077630348946	0.15259181759815	0.410298346998612	0.672281518500111
0.514261777235399	0.16180650411394	0.417622541295745	0.682833588987355
0.520760519576196	0.178346643003401	0.419971398103936	0.677701001062196
0.527259261916994	0.168821495997572	0.429149598749733	0.678428339465598
0.533758004257793	0.186805970147739	0.446567215159015	0.70377752474593
0.54025674659859	0.189469614791877	0.452113829881277	0.705223262540536
0.546755488939388	0.191072008568577	0.450702972334242	0.71130177253015
0.553254231280186	0.20629704797767	0.457780286441964	0.714747084214532
0.559752973620984	0.22743642090982	0.473326206509275	0.726754936048281
0.566251715961782	0.221085637553661	0.470765974528446	0.72328164465375
0.57275045830258	0.225582969841202	0.491795517656637	0.735641821856091
0.579249200643378	0.235605907963377	0.491140455618645	0.748751404820962
0.585747942984176	0.240671247794838	0.502043141848309	0.770292849219103
0.592246685324974	0.247277665070167	0.504702703444278	0.763987677731815
0.598745427665772	0.258196331427554	0.512941277859877	0.765265490537667
0.60524417000657	0.25221762636387	0.52201508171082	0.7624426019244
0.611742912347368	0.280522310412865	0.533867798962861	0.773514109156927
0.618241654688166	0.28279131637306	0.538473083571242	0.78889980386365
0.624740397028964	0.282558860439	0.547248512077296	0.792051855426697
0.631239139369762	0.296205221238109	0.557289990637538	0.81257643207434
0.63773788171056	0.297985101559147	0.559098732012167	0.816007381361403
0.644236624051358	0.315792464107136	0.564825945873447	0.822845322895147
0.650735366392156	0.328884529021989	0.577239347043446	0.831399016708772
0.657234108732954	0.31737895285446	0.580646629123356	0.839575857311598
0.663732851073752	0.336408999986945	0.593792040018019	0.849523789290204
0.67023159341455	0.341289964632708	0.59797974864639	0.865478550305262
0.676730335755348	0.346263186096458	0.610177886660512	0.872565933661718
0.683229078096146	0.357674371190889	0.613523330661148	0.889958421835535
0.689727820436944	0.370569782425166	0.627582791871863	0.879618587684425
0.696226562777742	0.379941496132879	0.641384818804742	0.907874051378082
0.70272530511854	0.378726742295835	0.640477205926003	0.899900973212631
0.709224047459338	0.391234019942111	0.643597383768849	0.903193523333924
0.715722789800136	0.391867748568567	0.64950694201765	0.918186203829693
0.722221532140934	0.398411747322647	0.662512366843026	0.913195338312807
0.728720274481732	0.409208031069704	0.674433099898677	0.925324456483354
0.735219016822529	0.422505086681002	0.676816911791841	0.937016880666277
0.741717759163328	0.414889475042603	0.685417372565217	0.940950400761197
0.748216501504126	0.446650976318349	0.69095852841077	0.951422784638905
0.754715243844923	0.4532668596638	0.707538005438466	0.962444121591436
0.761213986185722	0.461143778288889	0.698248725400203	0.960581374192324
0.76771272852652	0.461397148922409	0.71780695609576	0.978308478308726
0.774211470867317	0.473192797492012	0.729140887384703	0.981090664221268
0.780710213208116	0.481210087212444	0.732189843114092	0.9776815960451
0.787208955548913	0.47526602681978	0.737356101588703	0.99550913467809
0.793707697889711	0.503502106731536	0.743629731734768	1.00958778413162
0.80020644023051	0.497493612506803	0.755516081531129	1.03016078065674
0.806705182571307	0.517934898089676	0.759063044998741	1.00920112866432
0.813203924912105	0.517808809303344	0.768423325621242	1.01579207716433
0.819702667252904	0.53960869922736	0.781372342634177	1.03292589712711
0.826201409593701	0.533097042409212	0.780319729508705	1.03590516691681
0.832700151934499	0.531619003797593	0.790700018753378	1.04108107651422
0.839198894275297	0.545264102207062	0.800081578223734	1.04661617464833
0.845697636616095	0.556343665663437	0.806841032203131	1.05993120206677
0.852196378956893	0.552993232643122	0.809592121026874	1.07244271965032
0.858695121297691	0.559732194307899	0.826826784189411	1.07196602244018
0.865193863638489	0.585110521122901	0.822409998044353	1.09608265814833
0.871692605979287	0.581508309726605	0.835411203653733	1.08389676667138
0.878191348320085	0.596357406092672	0.845487428889123	1.10943028646157
0.884690090660883	0.594672454451386	0.853660156599473	1.11357254177621
0.891188833001681	0.594169427230934	0.858898472036727	1.11590220045292
0.897687575342479	0.61776597830752	0.874330631372455	1.12491358068561
0.904186317683277	0.621718536258895	0.871474243891889	1.12196236103334
0.910685060024075	0.626580756293114	0.883522404025042	1.13505653553242
0.917183802364873	0.630973409412361	0.894206026363857	1.14865433908484
0.923682544705671	0.651187493850855	0.901863070880194	1.16176461935858
0.930181287046469	0.658652599560465	0.91061085856967	1.16152918430572
0.936680029387267	0.64666868404036	0.907482731614043	1.16575399468955
0.943178771728065	0.673259220195896	0.917515166903595	1.17978987004845
0.949677514068863	0.674222074185304	0.929063243520989	1.18564013716408
0.956176256409661	0.680055375768216	0.944742990459891	1.20266342697655
0.962674998750459	0.688189124797727	0.949967400855869	1.20446309144053
0.969173741091257	0.693884766552679	0.951139276032276	1.21878843556936
0.975672483432055	0.70119284253804	0.959468690197536	1.20897881726877
0.982171225772853	0.699399980948062	0.969920894116508	1.23033709512955
0.988669968113651	0.714805615933889	0.973459988497537	1.23053210140374
0.995168710454449	0.736119092164669	0.986009555012385	1.23941325561878
1.00166745279525	0.733585582705737	0.995130590309772	1.24136749095858
1.00816619513604	0.750053731123527	0.993663317431197	1.25501096300606
1.01466493747684	0.761341388735319	1.00642200737203	1.26411224364289
1.02116367981764	0.753819032617197	1.00981283316564	1.26143074438081
1.02766242215844	0.772121367632404	1.02411542381136	1.28955590670434
1.03416116449924	0.761305285714837	1.02775106612232	1.28209823737386
1.04065990684003	0.782016482482909	1.03677400159062	1.29322143015656
1.04715864918083	0.794839854626126	1.03820826077302	1.29150584042163
1.05365739152163	0.813749433823339	1.0527022363036	1.30475585944017
1.06015613386243	0.80671498908165	1.05855252703269	1.31595035956159
1.06665487620323	0.824338816925169	1.06235613998651	1.31028589862356
1.07315361854402	0.810670000334463	1.07462417079058	1.33584610244945
1.07965236088482	0.817216051742756	1.08071118256703	1.34227841310234
1.08615110322562	0.832197293003882	1.08952069132575	1.32977764851651
1.09264984556642	0.842888072124397	1.09539626901429	1.36470759224015
1.09914858790722	0.846786305910504	1.11002930353828	1.3738378134053
1.10564733024801	0.849591945702451	1.11062197819947	1.3665608060713
1.11214607258881	0.86267636114902	1.11683049411673	1.37669249553478
1.11864481492961	0.877034374387342	1.12697678100164	1.3903388340704
1.12514355727041	0.885588096947842	1.13889288025704	1.39605310494781
1.13164229961121	0.89511768701966	1.14505743117858	1.39007524319119
1.138141041952	0.887041573553199	1.15417813219893	1.41695359425174
1.1446397842928	0.909977356115973	1.16049708068649	1.41623429512993
1.1511385266336	0.903310504187708	1.16482208224117	1.422259834208
1.1576372689744	0.927093790579	1.17566211416126	1.43083741341634
1.1641360113152	0.937281939603094	1.18291666723553	1.43746952760409
1.17063475365599	0.923631430399688	1.19199829488269	1.46060984116976
1.17713349599679	0.927892782227665	1.19516627801266	1.43754155001849
1.18363223833759	0.942270387052321	1.20918646253511	1.46844613005406
1.19013098067839	0.944890802040998	1.21239602843484	1.47401947562305
1.19662972301919	0.979018846042236	1.22247277547801	1.47312580033292
1.20312846535998	0.978017162790197	1.2261070902205	1.48456833455573
1.20962720770078	0.978257631422276	1.23924173016188	1.48912791493124
1.21612595004158	0.995496166085938	1.24789929233379	1.49954243487841
1.22262469238238	0.996873339401169	1.25269292615543	1.5086023611274
1.22912343472318	1.0082638567384	1.25808201153303	1.51749625011854
1.23562217706397	1.02396572503499	1.26735545289241	1.52424928850188
1.24212091940477	1.00953096255724	1.27320256341909	1.52416982242903
1.24861966174557	1.03466171448372	1.27887803466755	1.53140056257992
1.25511840408637	1.02820007346936	1.2828700106827	1.54097599893888
1.26161714642717	1.03446472039179	1.2971167324848	1.55127935127836
1.26811588876796	1.03396711404819	1.30109168055953	1.55049624751094
1.27461463110876	1.06271497234394	1.3066535345862	1.55918739255669
1.28111337344956	1.07329480211921	1.31869915496994	1.57048633018078
1.28761211579036	1.06549998356963	1.32643848530627	1.57750662961973
1.29411085813116	1.09201773518277	1.33636361764061	1.58554374532811
1.30060960047195	1.08140518094509	1.34031589875878	1.59054075945
1.30710834281275	1.08770802122379	1.35308699847885	1.61936204120626
1.31360708515355	1.0982590738709	1.35680615322202	1.60426965780598
1.32010582749435	1.11238659433279	1.36243300004084	1.63111271785406
1.32660456983515	1.11932920742244	1.37363476189299	1.64058361996977
1.33310331217594	1.13254236738353	1.3755159979507	1.63320629715904
1.33960205451674	1.13841061990584	1.38829804287433	1.63132417549098
1.34610079685754	1.14304648316834	1.39548890789814	1.64304574667694
1.35259953919834	1.14364548261425	1.40276402027863	1.65836654972564
1.35909828153914	1.16258570363178	1.41648683329732	1.67303014248101
1.36559702387993	1.16649833683661	1.42250181986937	1.68254326140625
1.37209576622073	1.17892805338774	1.4289429634608	1.6840328373718
1.37859450856153	1.17813121717657	1.43253414557827	1.69885347814457
1.38509325090233	1.19807011582738	1.44477524113468	1.69149000496122
1.39159199324313	1.19181756045896	1.45549659853118	1.70682788617466
1.39809073558392	1.19864645960958	1.45846122439032	1.71529926784618
1.40458947792472	1.2101787033381	1.46355092332863	1.70547567561006
1.41108822026552	1.21531958194667	1.48102890686893	1.72505438789156
1.41758696260632	1.21775059368905	1.47919464553972	1.73834267065631
1.42408570494712	1.21870338679515	1.4889838416584	1.74251018578166
1.43058444728791	1.2357494111194	1.49302368828356	1.74166289448008
1.43708318962871	1.25214636948481	1.50257256266653	1.76087121971407
1.44358193196951	1.24828766473979	1.51203272377009	1.75937727865508
1.45008067431031	1.26534032604352	1.51412775067205	1.77245058466864
1.45657941665111	1.27495580746318	1.52553036382475	1.7772278981874
1.4630781589919	1.27953356809535	1.53096880058337	1.78882908853369
1.4695769013327	1.28746727023516	1.54306561802739	1.7884097028137
1.4760756436735	1.29904312923113	1.55074892250466	1.8099439956007
1.4825743860143	1.30156764878713	1.56000914300605	1.79534745970093
1.4890731283551	1.31682625227617	1.56513089476207	1.83056257832547
1.49557187069589	1.31164348603417	1.56468634396427	1.82232114296268
1.50207061303669	1.33311263071963	1.58326025549178	1.83169221644451
1.50856935537749	1.31980117343597	1.59173992829045	1.82826914748301
1.51506809771829	1.33785090769636	1.59807360180552	1.85835104631017
1.52156684005908	1.34705997894701	1.60600142566817	1.84388690967483
1.52806558239988	1.35251907371857	1.61493571657784	1.8711565230679
1.53456432474068	1.36128361870822	1.6179618668468	1.88365623774839
1.54106306708148	1.37763444622747	1.62982063715161	1.88667207325256
1.54756180942228	1.38326326076346	1.63239690552096	1.89183669881266
1.55406055176307	1.39221654354535	1.64544450598502	1.8900616942679
1.56055929410387	1.40167845405002	1.64594410847328	1.89697633243378
1.56705803644467	1.41298623219688	1.65369265489843	1.91626918823668
1.57355677878547	1.40552990759582	1.66853261215229	1.92441879749894
1.58005552112627	1.43119077788832	1.66412837698091	1.93338995337156
1.58655426346706	1.41089679167007	1.68204950104557	1.92950091954216
1.59305300580786	1.4207527712958	1.68335477346014	1.94811930244654
1.59955174814866	1.43813122355346	1.69196657421773	1.95532232494846
1.60605049048946	1.45161110569086	1.70040708844409	1.95159173813541
1.61254923283026	1.46366756770262	1.7094795926362	1.96625180040035
1.61904797517105	1.48028321513811	1.71968254651944	1.98472432486246
1.62554671751185	1.46107955424381	1.72600571583178	1.98007697636892
1.63204545985265	1.47899395072015	1.73866902701302	1.99462813297993
1.63854420219345	1.48308390181979	1.74050645456073	2.01313435648021
1.64504294453425	1.48991038152782	1.74480289951971	1.9910997006739
1.65154168687504	1.49616321363768	1.75318329134994	2.00483308894737
1.65804042921584	1.51030886732394	1.77365491606425	2.03115268643514
1.66453917155664	1.51285728772094	1.76671309276173	2.02202999981793
1.67103791389744	1.51171908364025	1.77496567622529	2.03446697534192
1.67753665623824	1.52962300116523	1.78914602885681	2.03820937482233
1.68403539857903	1.53189412790446	1.79709581787352	2.05418049572327
1.69053414091983	1.54895264583857	1.79714581398214	2.044418076502
1.69703288326063	1.54628454715051	1.80661907923919	2.06254274635009
1.70353162560143	1.55449720300018	1.81749836219755	2.07939626786153
1.71003036794223	1.56688770731307	1.83005583607922	2.06981986275626
1.71652911028302	1.5768800223851	1.82692223370539	2.08631999701981
1.72302785262382	1.58091782044831	1.83639910343421	2.10541476637593
1.72952659496462	1.58038599008173	1.8522188993805	2.10407765217165
1.73602533730542	1.61563724781653	1.85638873960151	2.10779104663242
1.74252407964622	1.59551475296295	1.86540540466625	2.12136095206591
1.74902282198701	1.61824292322357	1.87605363358533	2.12413464736107
1.75552156432781	1.61896353259214	1.87707198370198	2.12489061399214
1.76202030666861	1.62952351759437	1.89268463819804	2.14618152994234
1.76851904900941	1.65060307242188	1.89607563778274	2.14540417179897
1.77501779135021	1.63491626245633	1.90323118184554	2.15262613573502
1.781516533691	1.66902054617676	1.91481123555632	2.17880349814434
1.7880152760318	1.66948860536763	1.91378570485191	2.16198000655337
1.7945140183726	1.66700268515103	1.92235240610229	2.1961869856053
1.8010127607134	1.67331690145256	1.92930818523121	2.19413508798262
1.8075115030542	1.68282813865764	1.94068988659112	2.20381848055441
1.81401024539499	1.69320807365863	1.94271329170248	2.20405922590496
1.82050898773579	1.69776937234699	1.95903225525354	2.21370145219158
1.82700773007659	1.70561922016508	1.96188721864058	2.22494572916883
1.83350647241739	1.7221085863522	1.97074241068082	2.23302494561423
1.84000521475819	1.71751076868968	1.97862290605503	2.21865605865421
1.84650395709898	1.72731139045904	1.98843245862076	2.24351907770904
1.85300269943978	1.74756422659004	1.99046327166532	2.23411889504987
1.85950144178058	1.75967197237881	2.00430592218422	2.26323439811309
1.86600018412138	1.7577668108533	2.00967162159515	2.25664926648088
1.87249892646218	1.76724555279299	2.01739465840274	2.26758924891784
1.87899766880297	1.74818371514728	2.01815342564453	2.28724534251231
1.88549641114377	1.7877209863145	2.03423972614306	2.27926571935597
1.89199515348457	1.77612177547376	2.03912019709716	2.30190644837684
1.89849389582537	1.78533877271482	2.04442285564665	2.31157146615731
1.90499263816617	1.79410358614221	2.05364407487167	2.32851714633902
1.91149138050696	1.80157214818112	2.05812072505229	2.30312042682085
1.91799012284776	1.82543750231477	2.07621062143608	2.33114378108318
1.92448886518856	1.80633841386497	2.07588700400492	2.34094302895279
1.93098760752936	1.84116739715294	2.08566865987922	2.34328329460198
1.93748634987016	1.85115299498581	2.0996313452902	2.3442664774722
1.94398509221095	1.8442334638739	2.09593106135962	2.35778554849832
1.95048383455175	1.8620529663271	2.10942340065947	2.3656249426812
1.95698257689255	1.87194112849206	2.11533193484854	2.36901815627238
1.96348131923335	1.8739435808252	2.12207000061914	2.37989715767164
1.96998006157415	1.86904072803664	2.13357888799444	2.39280647605703
1.97647880391494	1.88118584085301	2.1381696648888	2.39232026444689
1.98297754625574	1.87744212764497	2.14540585714957	2.40401005115786
1.98947628859654	1.90504578451348	2.15365664142687	2.41526497391375
1.99597503093734	1.88963303300975	2.15993179557916	2.42753499792117
2.00247377327814	1.90831726193998	2.171853371028	2.4228323577941
2.00897251561893	1.91694104777159	2.17465261551156	2.44081389801509
2.01547125795973	1.94506304969736	2.18397845163883	2.43117099467347
2.02197000030053	1.92872897871271	2.18951503002511	2.45157115750735
2.02846874264133	1.94775170563697	2.20737769604037	2.4667549258589
2.03496748498213	1.94818499091191	2.20570874338738	2.4656761726522
2.04146622732292	1.97573858457658	2.22111789639516	2.48423701247659
2.04796496966372	1.95617232654674	2.22609675871819	2.48589744014582
2.05446371200452	1.97027878344234	2.22626906553966	2.49922497755553
2.06096245434532	1.98113368346227	2.23305900873025	2.4917818537567
2.06746119668611	1.99078746316326	2.24839214218275	2.50034951444321
2.07395993902691	2.00557454228399	2.2522960065426	2.51330512734189
2.08045868136771	2.00164698430992	2.25922005606792	2.52789229904607
2.08695742370851	2.02354619709568	2.27439863622786	2.52655694306001
2.09345616604931	2.01920978023298	2.27946536886372	2.54169294052931
2.0999549083901	2.03472358694396	2.29073381583601	2.54177914868105
2.1064536507309	2.03923017331852	2.2881971782414	2.54868561592617
2.1129523930717	2.0412598804562	2.30018929190794	2.56044623560706
2.1194511354125	2.05629207521843	2.30984816679826	2.55868368837198
2.1259498777533	2.05813271463972	2.31009269141724	2.57664417766789
2.1324486200941	2.06050686270066	2.32248000992431	2.57587816334173
2.13894736243489	2.0827608976943	2.33153315720301	2.59755518141215
2.14544610477569	2.07683344997591	2.33432944838892	2.58715496212528
2.15194484711649	2.08070882229675	2.34948435293151	2.62161147067104
2.15844358945729	2.0857631963643	2.35619478156667	2.60299133717632
2.16494233179808	2.10063118900177	2.36300236939036	2.63449406242726
2.17144107413888	2.09189209018215	2.3658271202832	2.63501457168094
2.17793981647968	2.11743472380102	2.38111589981968	2.64197999622367
2.18443855882048	2.11932700932274	2.38076027453695	2.63099530417791
2.19093730116128	2.13771194548671	2.38431460760149	2.65454627686174
2.19743604350207	2.14528574105683	2.40162175369126	2.67302483021832
2.20393478584287	2.15780980163145	2.40582312141718	2.66640892321128
2.21043352818367	2.16076563442532	2.41371949455385	2.67432703569554
2.21693227052447	2.15265714963278	2.42201385570275	2.68294666551049
2.22343101286527	2.1622206634815	2.42916223510067	2.69051489465327
2.22992975520606	2.18870677053368	2.43418766837731	2.68988071887438
2.23642849754686	2.19462915380381	2.44769271148021	2.70186600075211
2.24292723988766	2.19892031692343	2.46023016599529	2.71671354655109
2.24942598222846	2.19388343030296	2.46067070646302	2.71253101183271
2.25592472456926	2.2071100207211	2.47208744477024	2.72837652443787
2.26242346691005	2.23423872288814	2.47844846537213	2.72561727765421
2.26892220925085	2.23614306250542	2.48046265742018	2.72627315935513
2.27542095159165	2.24023304745438	2.49288672215849	2.74700589817886
2.28191969393245	2.25404419470304	2.49783615880573	2.75071499109052
2.28841843627325	2.24770645257405	2.50936919476979	2.77234455179515
2.29491717861404	2.25529894379289	2.51572642847899	2.77357835027064
2.30141592095484	2.26353195168625	2.52339363555758	2.77230271245585
2.30791466329564	2.26533677209962	2.52539629696382	2.79675352101233
2.31441340563644	2.29060956725676	2.54442729958414	2.79321276113885
2.32091214797724	2.2891603778892	2.55218890891331	2.80920609865438
2.32741089031803	2.28654598158896	2.55369150103608	2.81094326960812
2.33390963265883	2.29759457035158	2.55907172575487	2.81941261690775
2.34040837499963	2.32151479873641	2.56916959045912	2.82634295233181
2.34690711734043	2.32374159651954	2.57672211814666	2.8306649302109
2.35340585968123	2.31344809927232	2.58385505696329	2.83618368187891
2.35990460202202	2.33778202976337	2.58910047085131	2.85173932053628
2.36640334436282	2.32777960831533	2.59464379790166	2.85365085134774
2.37290208670362	2.35413448773892	2.60365170610319	2.85668241609188
2.37940082904442	2.35269694878875	2.60898944223075	2.87128692126708
2.38589957138522	2.35605919274736	2.62303963300939	2.88898452212347
2.39239831372601	2.37382060727307	2.6323180744415	2.87256104333015
2.39889705606681	2.37585239846735	2.63138383165713	2.90243468288888
2.40539579840761	2.38592205557997	2.65307814934932	2.89551487681799
2.41189454074841	2.38568683048123	2.65427067932509	2.90129539965175
2.41839328308921	2.39605857098467	2.6646607023112	2.92344751803146
2.42489202543	2.40467590511509	2.66422697415959	2.94200393275977
2.4313907677708	2.42254446171112	2.67108769300181	2.93822534180584
2.4378895101116	2.4203269746349	2.68340064526782	2.94453446352738
2.4443882524524	2.41740363873467	2.68600683066269	2.95426196956288
2.4508869947932	2.43082106061157	2.69153095186828	2.96070979381994
2.45738573713399	2.4553146168369	2.7096993918102	2.96899550892711
2.46388447947479	2.44871118528868	2.70860051494295	2.9776564709467
2.47038322181559	2.44705496421947	2.71453971992146	2.98335670909277
2.47688196415639	2.48198076348134	2.73192568878476	2.98901067933789
2.48338070649719	2.4686178092358	2.73246072508178	3.00068750718082
2.48987944883798	2.47298565947358	2.7376109537085	3.00679652667251
2.49637819117878	2.49031168327922	2.75219724253664	3.01527954130157
2.50287693351958	2.5064794108375	2.7649093980227	3.02485493864656
2.50937567586038	2.50703774387303	2.76722964635573	3.03798153920349
2.51587441820118	2.51907096887516	2.77572038969703	3.03375552650943
2.52237316054197	2.51568394300824	2.77897075844439	3.04593964041886
2.52887190288277	2.54036339170477	2.7922582608013	3.05275305878379
2.53537064522357	2.52882517245499	2.79839331960114	3.05158676361389
2.54186938756437	2.54597599290087	2.8038673939045	3.0492460867638
2.54836812990517	2.56163166369853	2.81284011833484	3.07147139215905
2.55486687224596	2.58049205454432	2.82476100330337	3.08378990660729
2.56136561458676	2.54543291070279	2.81936942889384	3.07909596913864
2.56786435692756	2.57526958654324	2.84416666665546	3.10799266046341
2.57436309926836	2.58109203809534	2.84467695702244	3.09903348909426
2.58086184160915	2.58837761798946	2.84941600581928	3.10128353743287
2.58736058394995	2.60109919662105	2.85578272420174	3.10988901782653
2.59385932629075	2.61458436473558	2.86739383147114	3.12965016915569
2.60035806863155	2.6176382507896	2.87626233266918	3.13995164434285
2.60685681097235	2.61189812402166	2.88002588922733	3.13841463792042
2.61335555331314	2.62133423094316	2.88992972731819	3.15501902531749
2.61985429565394	2.64257205108905	2.89540441205985	3.14567583142034
2.62635303799474	2.65473268251155	2.90645199475198	3.17278424731176
2.63285178033554	2.64792731381145	2.90896706039105	3.17084422553883
2.63935052267634	2.65800234038925	2.91631846843343	3.17286966774047
2.64584926501714	2.65889958245297	2.92726762361118	3.18294476602193
2.65234800735793	2.67913364177183	2.941945921632	3.20262655918532
2.65884674969873	2.69260541652941	2.94489801698592	3.20849875864909
2.66534549203953	2.70494929168699	2.95183640817198	3.22010498148541
2.67184423438033	2.70926967782077	2.95600810982262	3.20776661731212
2.67834297672112	2.7104492909955	2.97228192835876	3.23189942166468
2.68484171906192	2.69690722810908	2.97579769928372	3.24259729695115
2.69134046140272	2.71088998564443	2.9789264491301	3.25103182337751
2.69783920374352	2.72478870327582	2.99134693666965	3.24757337243523
2.70433794608432	2.73739829929575	2.99870247953905	3.26505289381967
2.71083668842511	2.74152629971187	3.00660765444146	3.27764295538412
2.71733543076591	2.75709833669019	3.00532512612092	3.26432688150867
2.72383417310671	2.75933833133085	3.0182035171679	3.27952434541257
2.73033291544751	2.75765862823491	3.02290629243214	3.29818137556018
2.73683165778831	2.77248861533464	3.03386272598786	3.29973390970805
2.7433304001291	2.78027733063121	3.0400344476684	3.30310525539729
2.7498291424699	2.78414343376943	3.05334743071254	3.31051910514072
2.7563278848107	2.79428501227548	3.05717987826021	3.32557199219725
2.7628266271515	2.8081456562108	3.06871810988419	3.31772814634692
2.7693253694923	2.81092318985475	3.07868558425669	3.32419567197158
2.77582411183309	2.8184759480326	3.07413936773981	3.33954178068215
2.78232285417389	2.81352050582311	3.08727555008479	3.35804695329286
2.78882159651469	2.84435469897988	3.09757802166508	3.36688581381178
2.79532033885549	2.84223130565965	3.10295768766702	3.37095973960835
2.80181908119629	2.84543251711638	3.1169745075823	3.37806051588883
2.80831782353708	2.84753734844867	3.11742089814559	3.3726801734589
2.81481656587788	2.86017170979908	3.12045244796947	3.39043573345519
2.82131530821868	2.88309569295562	3.13610541779789	3.39314830162465
2.82781405055948	2.88287281922572	3.13542729629234	3.39817437061041
2.83431279290028	2.86386260572202	3.15143945744908	3.42187225329512
2.84081153524107	2.88552480190822	3.15381051365991	3.4191897531643
2.84731027758187	2.90261455994718	3.15762063964971	3.40844494439996
2.85380901992267	2.90100038221759	3.17792454829332	3.43896856988255
2.86030776226347	2.91980603652986	3.19422684614289	3.46738365731327
2.86680650460427	2.92441895449863	3.1877886702074	3.45418856998227
2.87330524694506	2.94243798319366	3.20168253430912	3.45546583449245
2.87980398928586	2.94040732858496	3.20294073022358	3.46609164468837
2.88630273162666	2.93943353120035	3.21126770728456	3.46996278078573
2.89280147396746	2.94214095443692	3.2195422709288	3.47120807093088
2.89930021630826	2.96539855058482	3.22419703476253	3.48903071132476
2.90579895864905	2.95470423424876	3.22796357703027	3.50388902962001
2.91229770098985	2.98290116815865	3.24252267661789	3.52939742123612
2.91879644333065	2.98373671633622	3.24443782780606	3.51605535408583
2.92529518567145	2.99562915841588	3.25840640495498	3.5243436978667
2.93179392801225	3.00926950229129	3.26756972451031	3.5115146985728
2.93829267035304	3.01899341354204	3.27188441578615	3.54194584779069
2.94479141269384	3.01475240839963	3.2766974780164	3.53331325890313
2.95129015503464	3.02476007906344	3.29449544556642	3.54417548692474
2.95778889737544	3.03960753532576	3.291853226496	3.55570830378728
2.96428763971624	3.0394260131556	3.3037462834197	3.57418501544885
2.97078638205703	3.04881441920105	3.31530622900745	3.5704021415006
2.97728512439783	3.06197990345064	3.32200060734934	3.593695270915
2.98378386673863	3.04619280063851	3.32486713277352	3.59258421349891
2.99028260907943	3.06597391810955	3.32795581576436	3.58495164030443
2.99678135142023	3.0853294415519	3.33706771633745	3.59751105764253
3.00328009376102	3.08833621987138	3.34997408303086	3.60845096705439
3.00977883610182	3.08506749113773	3.35443801908898	3.60662860067589
3.01627757844262	3.10768752744749	3.36885530603487	3.61192486539054
3.02277632078342	3.11414537542115	3.36968070899833	3.64071215401935
3.02927506312422	3.11427627299804	3.3844107923516	3.65178434885599
3.03577380546501	3.1227616528276	3.38760489727626	3.65859727938828
3.04227254780581	3.12999417522328	3.39881898207172	3.65748756085041
3.04877129014661	3.12857253574534	3.40466637808306	3.67815412929059
3.05527003248741	3.15745533103777	3.41440696143179	3.67755041002393
3.06176877482821	3.15687155244721	3.41752888492493	3.69785228401149
3.068267517169	3.16443813370186	3.42344166515725	3.68082137200534
3.0747662595098	3.17022929193115	3.43180619061929	3.69283195781064
3.0812650018506	3.18171671766326	3.43411093714935	3.70867851583428
3.0877637441914	3.1914366535419	3.44689701757069	3.71901146776986
3.0942624865322	3.19260394123712	3.4600292064786	3.71470204800661
3.10076122887299	3.20371755229605	3.4712405496631	3.71770026134644
3.10725997121379	3.20370007960012	3.47679746096647	3.73607496897314
3.11375871355459	3.21645111828482	3.47357558127472	3.73572339458907
3.12025745589539	3.21154993345671	3.48352627136793	3.758641219346
3.12675619823618	3.22965482917005	3.49555149950784	3.76390773386665
3.13325494057698	3.22775232121006	3.50460151693312	3.77085411821647
3.13975368291778	3.25390895173056	3.50273827710244	3.76957759433607
3.14625242525858	3.24293097929792	3.52368925235205	3.78234217456104
3.15275116759938	3.25037129271104	3.5271099350118	3.79898813485314
3.15924990994018	3.26171877302638	3.53246741072722	3.80693355675904
3.16574865228097	3.26842595704433	3.54127074455792	3.8020904118361
3.17224739462177	3.280388809409	3.55267292253389	3.81140100282819
3.17874613696257	3.29390260660486	3.55296194810364	3.81050291961049
3.18524487930337	3.29784574492652	3.56551279165576	3.82764007360155
3.19174362164416	3.31211591874314	3.57304170505143	3.85169916688265
3.19824236398496	3.31769191701145	3.58391037943561	3.86049931495216
3.20474110632576	3.31878503025941	3.58630527873652	3.84964051384908
3.21123984866656	3.33049878891025	3.593121480046	3.84895815628593
3.21773859100736	3.3343421621728	3.60546179301198	3.8604012975364
3.22423733334815	3.35326917276934	3.60975769378667	3.87099510580388
3.23073607568895	3.36199932999039	3.61525189975157	3.89044851874216
3.23723481802975	3.35082957124451	3.62727240990953	3.89529287649885
3.24373356037055	3.37516841804504	3.6301407953058	3.91062835841635
3.25023230271135	3.37303637621507	3.63781987725019	3.9135148182947
3.25673104505214	3.37725552276668	3.64621702387911	3.91334896328382
3.26322978739294	3.39319805653153	3.65327823738914	3.94197377760822
3.26972852973374	3.40265986821286	3.66246936433011	3.94341001579604
3.27622727207454	3.40198494287753	3.670571393989	3.94385293814798
3.28272601441534	3.41172499106138	3.6732220145221	3.95062131951199
3.28922475675613	3.40817240884874	3.68842673268276	3.95390991422471
3.29572349909693	3.43413944002149	3.69307674935842	3.96725303099303
3.30222224143773	3.43097534513824	3.70864673379361	3.9712116545962
3.30872098377853	3.44988329563392	3.70681407672851	3.9693143643203
3.31521972611933	3.43272918847806	3.7154914324995	3.98278464484573
3.32171846846012	3.45001759849944	3.72006170530041	3.98387466611713
3.32821721080092	3.47414144122778	3.73117972128873	4.01723382629965
3.33471595314172	3.47807811111249	3.73626944373259	4.04271320029327
3.34121469548252	3.47026682815319	3.74986051007703	4.02293634821886
3.34771343782332	3.48349260699556	3.75281063550414	4.02656248276174
3.35421218016411	3.49577745763441	3.76022974558716	4.02853419458848
3.36071092250491	3.50834226072748	3.7710449295341	4.04061308227452
3.36720966484571	3.51069690534083	3.78034825056115	4.04935671296492
3.37370840718651	3.5279874059871	3.78835691456093	4.05236392935403
3.38020714952731	3.52945319567201	3.793620264821	4.04932353440704
3.3867058918681	3.52197579672138	3.79444811224457	4.08360092690235
3.3932046342089	3.53244133965963	3.80819828791353	4.06594259212086
3.3997033765497	3.54217437251429	3.8204539905243	4.09487765617378
3.4062021188905	3.56331740786884	3.82645441538193	4.08977828120371
3.4127008612313	3.56773207741018	3.83014327888829	4.10538171384704
3.41919960357209	3.5654213051462	3.83533456024274	4.11373182865968
3.42569834591289	3.57253668922153	3.84589233689691	4.11065925679952
3.43219708825369	3.58099856114908	3.85053835394759	4.1272809478717
3.43869583059449	3.58404384202983	3.86418504511182	4.13039527718964
3.44519457293529	3.61421093449095	3.87124595911571	4.15781529409097
3.45169331527608	3.60745136129978	3.87264083600607	4.15924969301946
3.45819205761688	3.62145806490839	3.89150497026276	4.13959264933484
3.46469079995768	3.60702672990179	3.90148068729957	4.16098296628983
3.47118954229848	3.63864065598271	3.90066176385231	4.16984724171048
3.47768828463928	3.63157931948236	3.90845823716762	4.18672502938442
3.48418702698007	3.62908871112492	3.91332077044675	4.17673343426204
3.49068576932087	3.66312019971105	3.92270192181482	4.18891482308148
3.49718451166167	3.66103448186807	3.93254451856561	4.19765362774786
3.50368325400247	3.66401574009578	3.94018334748723	4.20732411886281
3.51018199634327	3.68052289798196	3.94866038239871	4.20903572313829
3.51668073868406	3.66968180569704	3.95111082270675	4.23317615623114
3.52317948102486	3.69458516380886	3.96184534641053	4.23684718294105
3.52967822336566	3.70239841719	3.96771490194573	4.24371741366609
3.53617696570646	3.71308029130965	3.98085191068021	4.24813678315951
3.54267570804726	3.71228289255711	3.98704959237234	4.26282967109294
3.54917445038805	3.72758557223484	3.99636062318577	4.26651178858339
3.55567319272885	3.73193242246744	3.99357135219373	4.28610007030144
3.56217193506965	3.7348559048393	4.00930075018232	4.29080061172918
3.56867067741045	3.73939194305768	4.01316601558853	4.28484035275517
3.57516941975125	3.74998137811591	4.0185381821636	4.30216363236971
3.58166816209204	3.77241468403039	4.0335701362921	4.30885566816486
3.58816690443284	3.75227098289723	4.03984496082441	4.32196280388786
3.59466564677364	3.77986302655625	4.04273255087453	4.32654094694052
3.60116438911444	3.78457360839551	4.0562008001869	4.32283196480572
3.60766313145524	3.796990420529	4.06465690018121	4.31918113590759
3.61416187379603	3.80874388056309	4.0661681941523	4.34063110353851
3.62066061613683	3.81490697243367	4.08315752100571	4.36507603790649
3.62715935847763	3.80700378188259	4.08178634820598	4.32512295562998
3.63365810081843	3.82797141848962	4.08812008999834	4.36167510691413
3.64015684315922	3.82693647628274	4.09936803895194	4.37951251607977
3.64665558550002	3.84912802992646	4.10421904256298	4.38469113568731
3.65315432784082	3.84485345950435	4.12161773841981	4.39266661020382
3.65965307018162	3.85211030036187	4.12335837880794	4.40009238804035
3.66615181252242	3.85848730922709	4.13828023949286	4.41626161409045
3.67265055486322	3.85643409373544	4.1402850936437	4.40887780709458
3.67914929720401	3.87416485559879	4.1471617285983	4.42531728795722
3.68564803954481	3.88365632911216	4.1534346672541	4.42689746364666
3.69214678188561	3.87767629572527	4.16267774685555	4.44573087691283
3.69864552422641	3.89461570866805	4.17267037512314	4.45108038989627
3.7051442665672	3.89087188115339	4.17912512097356	4.44565936206448
3.711643008908	3.9066306303729	4.17942743416245	4.45244875796101
3.7181417512488	3.91743243949607	4.19170150947994	4.46306588583258
3.7246404935896	3.9399960895459	4.19908157890417	4.47056919455988
3.7311392359304	3.93473949630281	4.20779515472934	4.47098054609373
3.73763797827119	3.92726518133219	4.21567544115287	4.49119762242168
3.74413672061199	3.9406806407515	4.22023756181983	4.4955827335926
3.75063546295279	3.94508554862281	4.23237034704341	4.50600879276956
3.75713420529359	3.9640170900489	4.23334748336179	4.51881375347871
3.76363294763439	3.97113995493403	4.2394047873541	4.53408205322615
3.77013168997519	3.96882969934889	4.25109521185203	4.52889928387844
3.77663043231598	3.9935930948592	4.25762633581151	4.53446055301842
3.78312917465678	3.98518912002487	4.26709693552695	4.53562580983579
3.78962791699758	3.99991833675001	4.27814259482245	4.54983988075346
3.79612665933838	4.0029194101552	4.28567776635756	4.57447230937578
3.80262540167917	4.01698562411274	4.28762972195241	4.5679995134797
3.80912414401997	4.03471205887409	4.29849549383631	4.57717293400698
3.81562288636077	4.02421278640533	4.3072180075361	4.57775560737514
3.82212162870157	4.0345647422169	4.31383976486297	4.60613772550088
3.82862037104237	4.04828590549411	4.3237359062616	4.60350682387064
3.83511911338316	4.04583727471355	4.32955222864846	4.60369473857156
3.84161785572396	4.06638358588675	4.33297512549662	4.60976958761746
3.84811659806476	4.0679657499412	4.34838310946911	4.60881469633652
3.85461534040556	4.08568238334897	4.35893095586138	4.63167546680341
3.86111408274636	4.09861326316043	4.35797768974171	4.64036183610833
3.86761282508715	4.09514937154591	4.36512536176865	4.64394991740473
3.87411156742795	4.11030630334356	4.37566848316667	4.65688460195469
3.88061030976875	4.0968016462729	4.38619327239079	4.66571478965945
3.88710905210955	4.12205121693257	4.390891477134	4.66874214033302
3.89360779445035	4.1173904328806	4.39663945872834	4.68138098666748
3.90010653679114	4.13840899110656	4.40648238447011	4.67136613017698
3.90660527913194	4.12654230797708	4.41072382601506	4.69845854048341
3.91310402147274	4.14079316229283	4.41904214783954	4.69580875123949
3.91960276381354	4.15459861289206	4.41931986129665	4.70431308657806
3.92610150615434	4.14492052412254	4.43692182329327	4.72057715609853
3.93260024849513	4.16979656163885	4.44910128638155	4.72164127518919
3.93909899083593	4.18532993886109	4.4546326619706	4.73339697708029
3.94559773317673	4.18276912067711	4.4611287162802	4.74762587671966
3.95209647551753	4.17588824513833	4.45884612933959	4.74578751588554
3.95859521785833	4.18881949621074	4.47291130892952	4.75929454694993
3.96509396019912	4.20288573293171	4.48456389134194	4.78473183224418
3.97159270253992	4.22419809836062	4.48756807377638	4.77324125859344
3.97809144488072	4.19324451860919	4.49954717364357	4.77494219968188
3.98459018722152	4.22490074022343	4.5028892770668	4.76631195206153
3.99108892956232	4.2426522946667	4.51007112919446	4.77643629462158
3.99758767190311	4.24471544102676	4.51904800270187	4.80894506349856
4.00408641424391	4.25571946711025	4.52290823963492	4.79138448960759
4.01058515658471	4.24015857286967	4.53212599190628	4.8194008109296
4.01708389892551	4.26764594645309	4.54838649676476	4.8253316481843
4.0235826412663	4.25584441586277	4.55163560191657	4.81572617287346
4.0300813836071	4.26298589706801	4.56051109599106	4.83434036297142
4.0365801259479	4.28581615980059	4.5672523175587	4.83131552125674
4.0430788682887	4.29708363077616	4.57926404416845	4.86430711845013
4.0495776106295	4.3103555425554	4.57657017630734	4.85196825660117
4.0560763529703	4.31925117925708	4.59220792195975	4.86871760798743
4.06257509531109	4.32703703014333	4.59454714206968	4.88846443860083
4.06907383765189	4.32820770478416	4.60825899942541	4.8725596394452
4.07557257999269	4.33064352746589	4.61063583499732	4.88582793222461
4.08207132233349	4.33507139337135	4.61679707498594	4.90364024145612
4.08857006467429	4.33514426326015	4.62012283688175	4.91155906676879
4.09506880701508	4.3357855278457	4.63367156595829	4.91378520565627
4.10156754935588	4.35859419899446	4.64287466824634	4.9329493914927
4.10806629169668	4.37884051334029	4.655740950151	4.92527811366699
4.11456503403748	4.36318049687528	4.66005764291307	4.94862898751761
4.12106377637827	4.38767184517646	4.66122912986692	4.9427372761845
4.12756251871907	4.39284053560836	4.67215801444808	4.96695081735313
4.13406126105987	4.39031363312503	4.6827101035034	4.9616148756135
4.14056000340067	4.41378340504029	4.68864698503204	4.97143593095756
4.14705874574147	4.43142322764559	4.69573418220369	4.97668565984398
4.15355748808227	4.42496191899796	4.7057968546839	4.99082769748844
4.16005623042306	4.42347389315861	4.71422013889666	4.99415694056783
4.16655497276386	4.44725938637411	4.71846981062187	5.00271121888339
4.17305371510466	4.44339800568283	4.72006738621682	5.01584769430565
4.17955245744546	4.45529957304002	4.7319457432566	5.02032055470781
4.18605119978626	4.4505101578551	4.73984603171583	5.0185981731646
4.19254994212705	4.45981053481759	4.74866370728965	5.03006526171653
4.19904868446785	4.48159555492856	4.75879193921722	5.03220762324116
4.20554742680865	4.49614408928093	4.76462661588237	5.0451497274714
4.21204616914945	4.48531779195303	4.77102397651947	5.04393930252293
4.21854491149024	4.49884057264603	4.78098081015597	5.05503721767223
4.22504365383104	4.49603289766501	4.78382026167526	5.08067751711324
4.23154239617184	4.49784784338729	4.80248516927708	5.08654133753543
4.23804113851264	4.52122055314281	4.800027781749	5.08243173053224
4.24453988085344	4.53455382891311	4.81135462130779	5.0843084601608
4.25103862319424	4.5405809147224	4.81977081804624	5.10515640128723
4.25753736553503	4.5567106053474	4.82456421003485	5.1180601561289
4.26403610787583	4.5361022220039	4.83043970430192	5.12108040138224
4.27053485021663	4.55793907736111	4.83898621640833	5.13140545932149
4.27703359255743	4.56002949812403	4.8466395087209	5.14327343791432
4.28353233489823	4.58002147089699	4.86608324520269	5.15104561416276
4.29003107723902	4.57411424292825	4.86323821675479	5.13653448804566
4.29652981957982	4.58933961185672	4.86849357628797	5.14791335892583
4.30302856192062	4.59244312018059	4.88892772884755	5.16667621731207
4.30952730426142	4.61589078685614	4.88652408606563	5.17078304826979
4.31602604660221	4.6125930887021	4.89116594677056	5.1730518892943
4.32252478894301	4.63098855785543	4.90277650810102	5.17519195443509
4.32902353128381	4.61511803629522	4.90704785154407	5.19931186614981
4.33552227362461	4.64077316698841	4.92485893979089	5.19901096089978
4.34202101596541	4.63820787709937	4.92544103739125	5.20628489420277
4.3485197583062	4.63846138134188	4.93227644477649	5.21403833809723
4.355018500647	4.66167321358044	4.93755788584837	5.22069297917235
4.3615172429878	4.67209222640812	4.95436158528221	5.2316052733373
4.3680159853286	4.67138911612215	4.95956534357804	5.23481496784562
4.3745147276694	4.68541180617083	4.96490092685172	5.25687234673782
4.38101347001019	4.69579198955489	4.9732402739774	5.28310057241358
4.38751221235099	4.70855416377699	4.9791078342577	5.25665466479005
4.39401095469179	4.70684970826795	4.98359527098293	5.25754843831785
4.40050969703259	4.712803134026	4.99156994926995	5.29096586847616
4.40700843937339	4.71785382598716	5.00348911387392	5.29551301557382
4.41350718171418	4.71710156665336	5.00324177850125	5.2938997579859
4.42000592405498	4.72974462502394	5.01565231810637	5.29240622149758
4.42650466639578	4.73085838784841	5.02010927895508	5.30999484166689
4.43300340873658	4.75928881009427	5.03340603462772	5.32317954076257
4.43950215107738	4.75387782557104	5.03770361751927	5.32450270331545
4.44600089341817	4.76389088599541	5.0461218822415	5.33336704789518
4.45249963575897	4.77028913381696	5.05558155264841	5.33304172590487
4.45899837809977	4.7869093028866	5.05707116978017	5.34654619660965
4.46549712044057	4.78230601765546	5.07922004660039	5.36854589771284
4.47199586278137	4.79315414576203	5.08703500234965	5.36954255684835
4.47849460512216	4.81833075231383	5.08675343803142	5.36940962138561
4.48499334746296	4.8114240518237	5.09705344430215	5.39511013797529
4.49149208980376	4.80754178454621	5.09980963313005	5.3943416413475
4.49799083214456	4.82270167076152	5.11088587607265	5.40281823443331
4.50448957448536	4.844672057776	5.12401143757195	5.40389808835807
4.51098831682615	4.83875516199868	5.1242238835422	5.41631705965577
4.51748705916695	4.84919006138143	5.12557080825338	5.41461402122121
4.52398580150775	4.85053881754573	5.14089159329105	5.41880111201769
4.53048454384855	4.87192751193457	5.14393565768326	5.4413762010553
4.53698328618935	4.87133020796073	5.15977307595105	5.44162432089666
4.54348202853014	4.86336965997039	5.16308893476911	5.45239415652453
4.54998077087094	4.88324128476749	5.16636050500703	5.45443808708946
4.55647951321174	4.90546375640647	5.18574047368844	5.48552571806147
4.56297825555254	4.90140415036778	5.18885020017207	5.47945831319492
4.56947699789334	4.91609619207297	5.19284764725856	5.49696775205828
4.57597574023413	4.91632079878828	5.20056571698529	5.49194762286287
4.58247448257493	4.92664561991346	5.21661409611642	5.50532762621237
4.58897322491573	4.95124746046494	5.22367907569725	5.50241145455685
