"mitochan"	"lwrNorm"	"medNorm"	"uprNorm"
-1.88999910457734	-4.15567521660337	-2.98996346790722	-1.89777880524526
-1.88367078955474	-4.15937938111635	-2.97355387529792	-1.90975750084203
-1.87734247453213	-4.1159814247731	-2.96078564772177	-1.91977904507802
-1.87101415950953	-4.07581988744715	-2.95977470891054	-1.90252925392495
-1.86468584448693	-4.12458718003461	-2.95355434329663	-1.87474477075426
-1.85835752946433	-4.10107745091273	-2.92766049628679	-1.91164865681306
-1.85202921444173	-4.09251582416615	-2.92171959304815	-1.83691550149482
-1.84570089941912	-4.05548067506174	-2.90978264970214	-1.85032839575977
-1.83937258439652	-4.03670042722265	-2.89649952291155	-1.86345358786297
-1.83304426937392	-4.0535439789547	-2.90074936891247	-1.8152397674656
-1.82671595435132	-4.01401100816599	-2.88361209230363	-1.86347174138226
-1.82038763932872	-4.01025967711053	-2.87024362592007	-1.81895017055333
-1.81405932430612	-4.00329701550141	-2.87232444109141	-1.82351006684366
-1.80773100928351	-3.99880936515527	-2.86296762943941	-1.82340214465653
-1.80140269426091	-3.971620171314	-2.84440596765549	-1.82186768960166
-1.79507437923831	-3.9813149904872	-2.84213368709429	-1.82885500798007
-1.78874606421571	-3.9677662155663	-2.8326160718972	-1.80035780978455
-1.78241774919311	-3.93949445963228	-2.82005707030458	-1.79355381966102
-1.7760894341705	-3.91072923786157	-2.81579686647162	-1.76073296198204
-1.7697611191479	-3.9338245549506	-2.80643848500709	-1.8038691715282
-1.7634328041253	-3.91566341258595	-2.80142481461177	-1.76007420697169
-1.7571044891027	-3.87027701690002	-2.78155682430253	-1.73990632966781
-1.7507761740801	-3.89629498603931	-2.78048508822013	-1.74867345998953
-1.74444785905749	-3.85241434769721	-2.76963069522957	-1.75490855214939
-1.73811954403489	-3.8427379142365	-2.75705290747987	-1.73971101602992
-1.73179122901229	-3.82940213796119	-2.74798881850951	-1.72322028979338
-1.72546291398969	-3.82692760532587	-2.74815765415156	-1.72132266422758
-1.71913459896709	-3.81460162601278	-2.73381772005934	-1.74582485782296
-1.71280628394449	-3.81502353517009	-2.71678418646231	-1.69357126139768
-1.70647796892188	-3.79510350015901	-2.69892680172897	-1.69077123715935
-1.70014965389928	-3.77762310282534	-2.71213728069424	-1.70293257626239
-1.69382133887668	-3.80722418731639	-2.69138756053351	-1.68218807381073
-1.68749302385408	-3.73786020996873	-2.66829557620874	-1.66376990987427
-1.68116470883148	-3.76361444765758	-2.67243087188698	-1.6912031862107
-1.67483639380887	-3.71237866214925	-2.66540930300399	-1.66658728989942
-1.66850807878627	-3.71047600885062	-2.6506159836934	-1.63578062272774
-1.66217976376367	-3.73990968168946	-2.63892845326371	-1.6916831993185
-1.65585144874107	-3.68657583258396	-2.63618780878034	-1.64370870027936
-1.64952313371847	-3.6799825807883	-2.6230678159369	-1.62458327949171
-1.64319481869586	-3.6458614490198	-2.61152229502329	-1.62023386824736
-1.63686650367326	-3.66861365407969	-2.60549325955439	-1.62511638666597
-1.63053818865066	-3.66084158353673	-2.59664979571646	-1.63614918512896
-1.62420987362806	-3.64997442891723	-2.5931980825543	-1.59290867011914
-1.61788155860546	-3.65138428072541	-2.58212126214054	-1.62918125357368
-1.61155324358286	-3.59819837769427	-2.55457374429201	-1.60234160857837
-1.60522492856025	-3.56792708720419	-2.5572386260899	-1.58268099400899
-1.59889661353765	-3.59688900174177	-2.54976470104157	-1.60065887406301
-1.59256829851505	-3.56312589701532	-2.52972067340938	-1.59428475179758
-1.58623998349245	-3.5752749046281	-2.52692833022502	-1.55191966824553
-1.57991166846985	-3.56303346369332	-2.51601012198036	-1.56791894407633
-1.57358335344724	-3.5314233738107	-2.51034398886102	-1.55823641035052
-1.56725503842464	-3.52097522690023	-2.51274786959815	-1.57213029252879
-1.56092672340204	-3.53252688451583	-2.48426292903073	-1.57762324237294
-1.55459840837944	-3.51603768847379	-2.46505440974997	-1.55915109183112
-1.54827009335684	-3.48874255643851	-2.46017809767132	-1.52509602701287
-1.54194177833423	-3.44878510803904	-2.45414994681196	-1.50597454116854
-1.53561346331163	-3.46918601185987	-2.45878392687599	-1.50316864040304
-1.52928514828903	-3.42744793600222	-2.43953559491331	-1.51303127249915
-1.52295683326643	-3.42355590990878	-2.42751497123458	-1.51610326973795
-1.51662851824383	-3.41548274033568	-2.42859129182281	-1.47285233501685
-1.51030020322123	-3.39529726022006	-2.42172681442899	-1.46111283175619
-1.50397188819862	-3.40473180594895	-2.40238940115252	-1.49341065128006
-1.49764357317602	-3.38735427816729	-2.39724152555262	-1.48738806225452
-1.49131525815342	-3.36212149745191	-2.38323793013075	-1.50193237151738
-1.48498694313082	-3.38753402487191	-2.37343906645048	-1.47450064713037
-1.47865862810822	-3.36884926667366	-2.37572035468772	-1.44879200614106
-1.47233031308561	-3.36258133681888	-2.36209162704783	-1.43248018182049
-1.46600199806301	-3.31927245508231	-2.35266210835283	-1.43741625626117
-1.45967368304041	-3.31174037861474	-2.34515537664284	-1.42372332421992
-1.45334536801781	-3.32233062453776	-2.32260529137525	-1.42326492293445
-1.44701705299521	-3.29800259888656	-2.33060982164305	-1.44383045936668
-1.4406887379726	-3.25936068489858	-2.31201969737891	-1.41751809192539
-1.43436042295	-3.24655978257207	-2.29547343757343	-1.39406528775099
-1.4280321079274	-3.2981328789611	-2.28822067654782	-1.41636047083536
-1.4217037929048	-3.25532883280564	-2.29065184996791	-1.40635948440748
-1.4153754778822	-3.2212996894517	-2.2664718705371	-1.38511755053339
-1.4090471628596	-3.24216985212972	-2.26020513589066	-1.37470204337634
-1.40271884783699	-3.23128413785844	-2.25116951367252	-1.35756231489614
-1.39639053281439	-3.2032783053482	-2.25244926676857	-1.36772071854244
-1.39006221779179	-3.17789376132478	-2.23295771021883	-1.35440233225812
-1.38373390276919	-3.21347596559721	-2.23214674116683	-1.3636107390664
-1.37740558774659	-3.15729881430231	-2.22041991526572	-1.35546639322735
-1.37107727272398	-3.15547428840521	-2.21843836035447	-1.34314048541048
-1.36474895770138	-3.15592980151933	-2.20145549457775	-1.31403782562801
-1.35842064267878	-3.11653280015234	-2.17523667219842	-1.31103756341846
-1.35209232765618	-3.09184046749241	-2.18140734940421	-1.29021978489138
-1.34576401263358	-3.09931936136326	-2.17281392011201	-1.27681477510885
-1.33943569761097	-3.09366665043833	-2.16359922640216	-1.3152295619033
-1.33310738258837	-3.10903399876172	-2.15983793169312	-1.3016137657442
-1.32677906756577	-3.07428198008195	-2.13656746331198	-1.27834450596004
-1.32045075254317	-3.05458222032526	-2.1279664150212	-1.29017368934448
-1.31412243752057	-3.02659042511869	-2.11607368363159	-1.25998547758087
-1.30779412249797	-3.02067696367162	-2.11632329332594	-1.28063833428296
-1.30146580747536	-3.02587757385778	-2.11974450595101	-1.25360552169865
-1.29513749245276	-2.99384581039006	-2.09342104953916	-1.24887338572469
-1.28880917743016	-3.01483394487034	-2.09515407146978	-1.24962572832588
-1.28248086240756	-3.00590569222836	-2.07041667798141	-1.23837671260283
-1.27615254738496	-2.97508128758205	-2.06421464694722	-1.21437313199078
-1.26982423236235	-2.96374982090308	-2.05441392784502	-1.18475738832831
-1.26349591733975	-2.97321333108185	-2.0477151630745	-1.20214333833954
-1.25716760231715	-2.97221261264413	-2.04215836064428	-1.18981387774041
-1.25083928729455	-2.91659534188594	-2.02351551133698	-1.18292048755078
-1.24451097227195	-2.93074070747888	-2.00762184740204	-1.1744630352917
-1.23818265724934	-2.88416696352693	-2.01225668491653	-1.18895701693892
-1.23185434222674	-2.89895966179973	-2.00092065979703	-1.16996868339828
-1.22552602720414	-2.86915797750667	-1.99717325531649	-1.17913068250156
-1.21919771218154	-2.86588332821211	-1.97721834528049	-1.12869473787425
-1.21286939715894	-2.85559562611793	-1.97720751352304	-1.14903711106295
-1.20654108213633	-2.85288397393515	-1.96102016210428	-1.14143557749132
-1.20021276711373	-2.82551461515774	-1.96506937518042	-1.08475706765309
-1.19388445209113	-2.81847161434401	-1.95311682063358	-1.13106902854844
-1.18755613706853	-2.8269819027709	-1.93793127421493	-1.14829590474408
-1.18122782204593	-2.81574781662269	-1.92605978549892	-1.14994677409572
-1.17489950702333	-2.81639087468915	-1.92651320089857	-1.10967921019619
-1.16857119200072	-2.80316068092326	-1.90816127561474	-1.10035532448151
-1.16224287697812	-2.78259319235879	-1.90267457690971	-1.10488441970376
-1.15591456195552	-2.7800644447539	-1.8869592797233	-1.05799993970938
-1.14958624693292	-2.72250558225244	-1.8891934035096	-1.09222678242154
-1.14325793191032	-2.71366375192901	-1.88142533764965	-1.09287999458737
-1.13692961688771	-2.7285073894591	-1.86759013949468	-1.08744132904244
-1.13060130186511	-2.71300232388161	-1.84410412664667	-1.06957920748049
-1.12427298684251	-2.70409486621496	-1.83466653819157	-1.00685112921586
-1.11794467181991	-2.70187032595628	-1.83227437940824	-1.02833980916896
-1.11161635679731	-2.68120508760091	-1.83046058124559	-1.04772058518929
-1.1052880417747	-2.6445540816476	-1.81326584846699	-1.03830053840333
-1.0989597267521	-2.61952844245014	-1.80638328890088	-1.00779925771802
-1.0926314117295	-2.66531816877284	-1.79783275840642	-1.01362682603043
-1.0863030967069	-2.61794936876444	-1.78526117405065	-1.02017689497193
-1.0799747816843	-2.61406046200822	-1.77156298074462	-1.00339047221736
-1.0736464666617	-2.63004154129182	-1.76751637502538	-0.997662898563049
-1.06731815163909	-2.60554714251882	-1.76801072057062	-0.971918445710562
-1.06098983661649	-2.57932372474397	-1.73732076515504	-0.952374503002575
-1.05466152159389	-2.56745853469433	-1.74317370721575	-0.969927741614668
-1.04833320657129	-2.55851649370367	-1.73664001820835	-0.962477069094273
-1.04200489154869	-2.5512228256386	-1.71839875829336	-0.954163064782158
-1.03567657652608	-2.54211581734904	-1.71131239125903	-0.947633157598039
-1.02934826150348	-2.51036241218476	-1.70189435776128	-0.922305068291175
-1.02301994648088	-2.53051643592419	-1.68894762917161	-0.931243855640168
-1.01669163145828	-2.49511153559297	-1.69283353098254	-0.894066559422904
-1.01036331643568	-2.49193375649166	-1.67014483627184	-0.906160734957888
-1.00403500141307	-2.46856877411124	-1.67297472088446	-0.884909589788353
-0.997706686390473	-2.46811425515258	-1.64065901377319	-0.90067692923666
-0.991378371367871	-2.44302826129253	-1.64500256506507	-0.896132776128982
-0.985050056345269	-2.42795591916096	-1.63708328106537	-0.865177725100859
-0.978721741322667	-2.43934542232456	-1.62017638559232	-0.88909071625709
-0.972393426300065	-2.4497531584431	-1.62653488559347	-0.872207208702643
-0.966065111277463	-2.38128913345737	-1.61252922507365	-0.878924242415115
-0.959736796254862	-2.39220730909272	-1.60316720227385	-0.876009485608845
-0.95340848123226	-2.38028676794101	-1.58618000489742	-0.815114539256832
-0.947080166209658	-2.38692613205309	-1.57600430966361	-0.852029590454418
-0.940751851187056	-2.37532883338456	-1.57013277859069	-0.82272461493644
-0.934423536164454	-2.35139669634955	-1.55565524919694	-0.83016837618975
-0.928095221141852	-2.34597628630088	-1.54944053220187	-0.844096228876709
-0.92176690611925	-2.34861086466222	-1.54304648956365	-0.794282497805325
-0.915438591096648	-2.34818805008444	-1.53100325365996	-0.780361525454701
-0.909110276074046	-2.29458854080578	-1.52422911658487	-0.773567636830786
-0.902781961051445	-2.30088094976082	-1.51683445178786	-0.77416940020291
-0.896453646028843	-2.32094874639277	-1.50060419327041	-0.744712260669113
-0.890125331006241	-2.26696159464029	-1.49402465086437	-0.766879821913866
-0.883797015983639	-2.26953272216832	-1.48011580080296	-0.762286093679844
-0.877468700961037	-2.25197970613978	-1.47554348619065	-0.729202992655696
-0.871140385938435	-2.26267981488134	-1.4667909943901	-0.744481706805701
-0.864812070915833	-2.21031251100709	-1.46759173002293	-0.725263090751683
-0.858483755893231	-2.23276288555196	-1.44456117588667	-0.718025261001956
-0.85215544087063	-2.21951183242502	-1.42423170219884	-0.709660325456889
-0.845827125848028	-2.18894600186748	-1.41792007901942	-0.70743162672576
-0.839498810825426	-2.16732120073959	-1.41978323579394	-0.686135385649101
-0.833170495802824	-2.16086810363336	-1.41790733643176	-0.705874985345044
-0.826842180780222	-2.17440266580431	-1.40292524325297	-0.659081280135205
-0.82051386575762	-2.16339658062682	-1.39457493664447	-0.68461844047318
-0.814185550735018	-2.10596141312104	-1.38159938332883	-0.653737847681873
-0.807857235712417	-2.14947984592193	-1.37579474643415	-0.678854968473396
-0.801528920689815	-2.11205935746293	-1.36534788653595	-0.66539046421188
-0.795200605667213	-2.09941152501838	-1.35056933923872	-0.646902337268154
-0.788872290644611	-2.08442926562174	-1.3368401450383	-0.680966510032973
-0.782543975622009	-2.09326710749094	-1.34102653961227	-0.637998140325884
-0.776215660599407	-2.08800463940256	-1.32733541482647	-0.613937803989939
-0.769887345576805	-2.07705727394795	-1.31907677088814	-0.609231580025951
-0.763559030554203	-2.03571786365552	-1.29731259007109	-0.614383725931013
-0.757230715531601	-2.02238056051316	-1.29730367521556	-0.591651831098617
-0.750902400509	-2.03521254619317	-1.28412500449466	-0.607942837590392
-0.744574085486398	-2.005507291748	-1.27646779480239	-0.575971609617574
-0.738245770463796	-1.98753259255773	-1.25685597157144	-0.585620395529705
-0.731917455441194	-1.98938488241612	-1.26333939420672	-0.571779506844721
-0.725589140418592	-2.00492942451482	-1.24188794044364	-0.571715653705089
-0.71926082539599	-1.96422154239122	-1.2383576374005	-0.530249940750382
-0.712932510373388	-1.94279742373357	-1.22578058128569	-0.535926633631316
-0.706604195350786	-1.95365739000389	-1.2406725106137	-0.530992650509283
-0.700275880328185	-1.93626399893542	-1.20644367905157	-0.566994201825012
-0.693947565305583	-1.91478626350539	-1.19674648084509	-0.507719289461169
-0.687619250282981	-1.91570880634515	-1.19431677685044	-0.497149758852501
-0.681290935260379	-1.9142245954873	-1.19297058140704	-0.509132199491906
-0.674962620237777	-1.90065770093688	-1.17967028410654	-0.506655872208133
-0.668634305215175	-1.88301718571185	-1.16183122539084	-0.495847326285334
-0.662305990192573	-1.88436671524308	-1.14851066840487	-0.495471420322353
-0.655977675169971	-1.87807129647125	-1.14155595367492	-0.449720653260626
-0.649649360147369	-1.85589680961824	-1.13655138796398	-0.429531187756451
-0.643321045124768	-1.82490007831771	-1.13536082305847	-0.4505597887714
-0.636992730102166	-1.84398775299771	-1.12219292115275	-0.431928129807021
-0.630664415079564	-1.84764194686204	-1.11359352929638	-0.429038359304305
-0.624336100056962	-1.78479195891255	-1.09461269030155	-0.423020079083709
-0.61800778503436	-1.78576047215575	-1.08500398958662	-0.415730699936912
-0.611679470011758	-1.77709749256374	-1.08083494751782	-0.40480714323448
-0.605351154989156	-1.78208432713408	-1.07276865795437	-0.411953724997507
-0.599022839966554	-1.77003087018636	-1.05778251840563	-0.372410186987863
-0.592694524943953	-1.72444222524848	-1.04136015613091	-0.361586268661381
-0.586366209921351	-1.76041338354864	-1.04486102877105	-0.380749410556341
-0.580037894898749	-1.74772799968915	-1.02599836125195	-0.382347537915987
-0.573709579876147	-1.72094905717852	-1.03402307191671	-0.371373041867389
-0.567381264853545	-1.71714493211072	-1.01606134007008	-0.353691063285307
-0.561052949830943	-1.70149235665751	-0.994863611931076	-0.332607825597177
-0.554724634808341	-1.69428083874052	-1.00061126740976	-0.344517018583192
-0.548396319785739	-1.71207997183659	-0.98127664662053	-0.325403238665624
-0.542068004763137	-1.68374514064466	-0.975153513165013	-0.307808975477627
-0.535739689740536	-1.68362393340607	-0.964799699245266	-0.302302710951442
-0.529411374717934	-1.62902698442573	-0.96075169975749	-0.299937523021439
-0.523083059695332	-1.65449080426811	-0.949137248397782	-0.285971220416749
-0.51675474467273	-1.63549899414542	-0.942331546272471	-0.2900710726741
-0.510426429650128	-1.60714624355694	-0.938034896201318	-0.277211410312722
-0.504098114627526	-1.62475067862686	-0.916055755540186	-0.27086165152138
-0.497769799604924	-1.58023092661027	-0.903884618402426	-0.276002537122826
-0.491441484582323	-1.61232396398292	-0.901814763184569	-0.24901933516601
-0.485113169559721	-1.55502908705428	-0.88981359912007	-0.225275782345116
-0.478784854537119	-1.58588563624085	-0.889493085148024	-0.232099428533717
-0.472456539514517	-1.5188776773049	-0.879445426271718	-0.226127747549328
-0.466128224491915	-1.50403317205784	-0.872434040358064	-0.228042870236074
-0.459799909469313	-1.51201832689275	-0.858106645213307	-0.220343912097356
-0.453471594446711	-1.49004306642669	-0.846992628969142	-0.220380814889157
-0.447143279424109	-1.48981233191961	-0.837336809837827	-0.177867857566282
-0.440814964401507	-1.50394268796838	-0.830549596185121	-0.167886809410371
-0.434486649378905	-1.45706073074317	-0.814433851499646	-0.181215531619467
-0.428158334356304	-1.47186906802191	-0.806834450040482	-0.173649690761203
-0.421830019333702	-1.45017352907576	-0.798111186209784	-0.172611183840641
-0.4155017043111	-1.45831230170814	-0.780834894818777	-0.151971505093968
-0.409173389288498	-1.43141828780755	-0.785969882559402	-0.155613501262383
-0.402845074265896	-1.43229982213348	-0.772361825486173	-0.152716649502367
-0.396516759243294	-1.41512819962673	-0.755373695461649	-0.142455678275642
-0.390188444220692	-1.39533211980158	-0.749550913249003	-0.0940079215849212
-0.383860129198091	-1.39057365436625	-0.744614802135302	-0.114637829888722
-0.377531814175489	-1.35611414351452	-0.736179818732342	-0.0759937277808276
-0.371203499152887	-1.38766759121138	-0.721684579772079	-0.0949217522313604
-0.364875184130285	-1.3585728902964	-0.715389204220311	-0.062763301015093
-0.358546869107683	-1.36118940740894	-0.703321359627666	-0.0416527097391081
-0.352218554085081	-1.34102952347242	-0.690060438990928	-0.0912301937468899
-0.345890239062479	-1.34338383131469	-0.683426592316447	-0.0594306263295949
-0.339561924039877	-1.32695583765309	-0.672032170242008	-0.044121589459499
-0.333233609017275	-1.31353416679413	-0.665410782706676	-0.0574798118832874
-0.326905293994673	-1.30954383650553	-0.663963728631225	-0.0367616653270354
-0.320576978972072	-1.31358710286156	-0.639438175201115	-0.033817300592438
-0.31424866394947	-1.27375285202316	-0.633031170531478	-0.0224279523361473
-0.307920348926868	-1.26512674965838	-0.642327389194578	0.0171243323973707
-0.301592033904266	-1.30573203887401	-0.618458019211235	-0.00975209916135482
-0.295263718881664	-1.25049528953643	-0.608507092267746	0.0410469384298594
-0.288935403859062	-1.24248981416854	-0.60612240982964	0.00131905650105216
-0.28260708883646	-1.22294269143875	-0.586936653039214	0.0502949503184733
-0.276278773813859	-1.2121429188672	-0.584158067708866	0.0346822836516943
-0.269950458791257	-1.247914759232	-0.581835626187362	0.0364982977125472
-0.263622143768655	-1.1986226016609	-0.559108463741245	0.0760661385527441
-0.257293828746053	-1.17458162939591	-0.559306858429414	0.0818528756805126
-0.250965513723451	-1.20476031296689	-0.542715864883402	0.111502882923714
-0.244637198700849	-1.16613685820775	-0.531269644615168	0.103295806375065
-0.238308883678247	-1.16242476901319	-0.522455362822018	0.101454321557358
-0.231980568655645	-1.15544011703462	-0.519804679116264	0.0942410834532814
-0.225652253633043	-1.12546996696377	-0.503362999317945	0.119958629770517
-0.219323938610442	-1.14550040584998	-0.496414320292313	0.119339504169043
-0.21299562358784	-1.11726084081759	-0.486965773561808	0.12083128382477
-0.206667308565238	-1.10392521973461	-0.471448777280291	0.128129813330191
-0.200338993542636	-1.0961672023106	-0.477811585915739	0.167189641975933
-0.194010678520034	-1.08679692383622	-0.455195449530217	0.178490661292985
-0.187682363497432	-1.07359082293815	-0.446401543986308	0.163871621509762
-0.18135404847483	-1.05135146000592	-0.446724762244693	0.191476170750484
-0.175025733452228	-1.04761230986222	-0.43200771634101	0.184229128622749
-0.168697418429627	-1.03448217794123	-0.428576495462969	0.185146109174349
-0.162369103407025	-1.05668414160685	-0.404669606906539	0.229230390012432
-0.156040788384423	-1.01096496374923	-0.398408203782002	0.249307950005825
-0.149712473361821	-1.02978833896099	-0.393863745611557	0.225888452034201
-0.143384158339219	-1.02246684736271	-0.383032936708355	0.234277094069268
-0.137055843316617	-1.00040995105825	-0.376341660158648	0.230382008958879
-0.130727528294015	-0.983193029191185	-0.360468426904442	0.24448717337797
-0.124399213271413	-0.962525556057086	-0.352903636342955	0.261946047467467
-0.118070898248812	-0.960529514406579	-0.348134433611024	0.268408688572064
-0.11174258322621	-0.964861320011452	-0.326194245125537	0.267303403735374
-0.105414268203608	-0.947272907690505	-0.32484843143156	0.283884087465877
-0.099085953181006	-0.952636765655811	-0.317056951348233	0.311364295653963
-0.0927576381584041	-0.924051260517041	-0.311673694864795	0.311786732638501
-0.0864293231358022	-0.902272494560857	-0.300015770978199	0.297928554200503
-0.0801010081132003	-0.913628538183176	-0.287696161170427	0.328927011987181
-0.0737726930905984	-0.909138613494763	-0.284664439838779	0.332261861999
-0.0674443780679965	-0.89551593200909	-0.268561984809728	0.334866525166808
-0.0611160630453946	-0.87535809023903	-0.258067491450667	0.359643718163162
-0.0547877480227927	-0.867183310411251	-0.247768006445141	0.367620997849366
-0.0484594330001908	-0.834798608976433	-0.24150952460063	0.401549655647481
-0.042131117977589	-0.819316464513712	-0.229775249081104	0.374661750986964
-0.0358028029549871	-0.850670633408621	-0.219684192631825	0.406892368296997
-0.0294744879323852	-0.835588561021337	-0.215669219744648	0.399230954664061
-0.0231461729097833	-0.828327505038494	-0.208228141163065	0.407084557149044
-0.0168178578871814	-0.830456993311816	-0.188616788941235	0.399695034232558
-0.0104895428645797	-0.794727557211852	-0.183020416168478	0.424450300495932
-0.00416122784197781	-0.803938189779082	-0.164484363156729	0.445023549412439
0.00216708718062408	-0.778594093606731	-0.163583185736518	0.468295407713837
0.00849540220322598	-0.791215494927892	-0.160289456831592	0.445685080536773
0.0148237172258279	-0.782301994250059	-0.142459476478432	0.472008642013131
0.0211520322484298	-0.743500449134068	-0.12751038733306	0.491888045649805
0.0274803472710317	-0.76656767520336	-0.124926094092329	0.507148624009052
0.0338086622936336	-0.72204554427725	-0.120480987581815	0.503724087182896
0.0401369773162354	-0.72708244020371	-0.11086422502784	0.470801496873584
0.0464652923388373	-0.711507779721648	-0.105964448610955	0.505432429118421
0.0527936073614392	-0.731569385677772	-0.0864464869266028	0.517667144602199
0.0591219223840411	-0.716399133824039	-0.0858371013647117	0.547670450508782
0.065450237406643	-0.676002471176293	-0.0763534185080249	0.557515622831408
0.0717785524292449	-0.696018749561735	-0.0547676781078589	0.551603573548441
0.0781068674518468	-0.67253941994075	-0.050998556002366	0.583680290874059
0.0844351824744485	-0.653343823957865	-0.0516595230600543	0.567478704686486
0.0907634974970504	-0.636253527361165	-0.030751034791596	0.571495426517201
0.0970918125196523	-0.629242680081797	-0.0201591445049204	0.576866508799612
0.103420127542254	-0.653343050385745	-0.0121731290299379	0.606861998454217
0.109748442564856	-0.649805538464502	-0.00420769840212574	0.602986597549863
0.116076757587458	-0.61003461645993	0.00222409588862531	0.640511545563253
0.12240507261006	-0.599288214871658	0.0246274066301534	0.666603102900112
0.128733387632662	-0.598773851422432	0.024776059900942	0.647996224452394
0.135061702655264	-0.593002405286788	0.0267615461925067	0.637629361954909
0.141390017677865	-0.595487113011498	0.0438921736390007	0.65918256875834
0.147718332700467	-0.580040510238675	0.0447291108112721	0.692856807587496
0.154046647723069	-0.542464576537989	0.0475009663651733	0.683571764618005
0.160374962745671	-0.560958180527528	0.0722146476233198	0.690995837785859
0.166703277768273	-0.547139375650788	0.0919895177540092	0.696364498842224
0.173031592790875	-0.546432492382323	0.0904431025371695	0.718304616196998
0.179359907813477	-0.525153678557818	0.0985795959719946	0.765463694543594
0.185688222836079	-0.499462649554714	0.112818541038038	0.716075856059228
0.19201653785868	-0.502746677017335	0.116053780329465	0.768683836122121
0.198344852881283	-0.503148503181667	0.123601649165141	0.749447600278573
0.204673167903884	-0.470538968079614	0.140043258115416	0.746467874179738
0.211001482926486	-0.485093926181161	0.151345848721838	0.748637111424592
0.217329797949088	-0.462561879159612	0.155025244975588	0.788764369406409
0.22365811297169	-0.454664579114886	0.166061682844524	0.78610619232331
0.229986427994292	-0.484892094941665	0.172858455683644	0.817389270244858
0.236314743016894	-0.431586161327563	0.178878730302212	0.818912488242751
0.242643058039496	-0.430047419392048	0.197101716651669	0.822051225001878
0.248971373062097	-0.433001775827037	0.214534065429147	0.8575509753036
0.255299688084699	-0.398247097694218	0.219845652853604	0.86730924423286
0.261628003107301	-0.401963588928921	0.226250987194981	0.876877248608398
0.267956318129903	-0.405899422341199	0.231582026047522	0.875831613545888
0.274284633152505	-0.405938142780544	0.237060252796718	0.854197870352867
0.280612948175107	-0.383597490308032	0.24596438509829	0.886266238601725
0.286941263197709	-0.384943740843771	0.260618029187077	0.927409144710764
0.293269578220311	-0.345050784831123	0.26607145967378	0.919767830597985
0.299597893242912	-0.339734094377292	0.277638282090215	0.897501925245017
0.305926208265515	-0.347566973227324	0.28485235707298	0.925769797222066
0.312254523288116	-0.331491434710314	0.310149366684196	0.955106890733673
0.318582838310718	-0.324923715544227	0.31070797654923	0.963479813296758
0.32491115333332	-0.330738829337338	0.315824201976837	0.96578178049637
0.331239468355922	-0.308558008875418	0.323372105130497	0.997906202486335
0.337567783378524	-0.311189487495423	0.337600252659938	0.96125336898122
0.343896098401125	-0.30067897550054	0.342976936457773	0.971695021809165
0.350224413423728	-0.281252914797702	0.362542086832603	1.01078968138381
0.356552728446329	-0.261143720033392	0.367329036424344	1.01174006067869
0.362881043468931	-0.261983908600772	0.374317139688568	1.01755649952156
0.369209358491533	-0.243768078411544	0.373516266627987	1.03449722079037
0.375537673514135	-0.229576219201294	0.392171746941995	1.04370653592693
0.381865988536737	-0.238559826436673	0.406342880369259	1.04655980167239
0.388194303559339	-0.2500745022469	0.401263682052361	1.07079634951541
0.394522618581941	-0.23528970094879	0.41845134192693	1.07161506372424
0.400850933604543	-0.224331815322417	0.434758687224618	1.09034189372115
0.407179248627144	-0.223114357935364	0.439658062877217	1.10559665351491
0.413507563649747	-0.189587450868559	0.451671249586168	1.14037999958958
0.419835878672348	-0.183616906606603	0.463633191340481	1.12376337286364
0.42616419369495	-0.151365842578483	0.467909983765323	1.14015458079828
0.432492508717552	-0.147105915215455	0.474296656243823	1.15172356797418
0.438820823740154	-0.148211356652426	0.489106931574238	1.16122028145344
0.445149138762756	-0.172113922664136	0.492414709653305	1.16169801391044
0.451477453785357	-0.144152962995293	0.515013649061842	1.20437684290286
0.45780576880796	-0.161921027247541	0.516152375043409	1.18070228275375
0.464134083830561	-0.136273694040316	0.529919527416301	1.17269731838928
0.470462398853163	-0.109056063998932	0.535358839519721	1.20000839735752
0.476790713875765	-0.102027224699674	0.547390157899396	1.23200601654521
0.483119028898367	-0.107185456477659	0.548858052886976	1.20150061721526
0.489447343920969	-0.124740230774741	0.560933566953297	1.2611327115086
0.495775658943571	-0.0903288818587686	0.56820827829185	1.22620502801883
0.502103973966173	-0.0651229988367635	0.568937156720955	1.2311296960755
0.508432288988775	-0.091084623187286	0.58407239464343	1.27147230645642
0.514760604011376	-0.0887699196733492	0.597390006703864	1.24381356283021
0.521088919033978	-0.030004969447703	0.606292330331225	1.27962544160078
0.52741723405658	-0.0636275160120594	0.618859107086545	1.29001810074194
0.533745549079182	-0.0618007108448425	0.634778282828252	1.32153175116862
0.540073864101784	-0.0317778027731252	0.629038441725946	1.32942049702328
0.546402179124386	-0.0105814042160062	0.644765798171446	1.31871578772891
0.552730494146988	-0.0198679502732891	0.65804234105515	1.3403918889677
0.559058809169589	-0.0180442684225189	0.668241448545881	1.35712412746115
0.565387124192192	0.024511762862684	0.681087518925092	1.34741995075359
0.571715439214793	0.0135359908210048	0.700576868450466	1.37366591677204
0.578043754237395	0.00541933058770339	0.688323813840653	1.37055165441854
0.584372069259997	0.0362556810513158	0.70932221511268	1.40662455053904
0.590700384282599	0.024801916827082	0.709745578332179	1.43331042284879
0.597028699305201	0.0684135445209664	0.72442906189975	1.45691543255195
0.603357014327803	0.050906478289446	0.724669043197224	1.4357529000322
0.609685329350405	0.0492373855715982	0.741417954031049	1.41434327340715
0.616013644373007	0.0644699561165424	0.758234324324573	1.45749726001697
0.622341959395608	0.0800266065643262	0.766234178229013	1.49406720779711
0.62867027441821	0.0802445488730469	0.774770486298302	1.47010951204339
0.634998589440812	0.0617697715609186	0.779599910269752	1.46804326055085
0.641326904463414	0.0992099043024808	0.790040731073859	1.52456803315276
0.647655219486016	0.092324194667037	0.78790085531139	1.49230339232106
0.653983534508618	0.102967919795776	0.820345085327635	1.51865172097743
0.66031184953122	0.120299097336043	0.814076577019009	1.54714798735597
0.666640164553821	0.135339748639242	0.816809795420922	1.56117333168253
0.672968479576423	0.141595410560875	0.83939869262546	1.5334298139333
0.679296794599025	0.14641747123947	0.840878996262333	1.54717810540003
0.685625109621627	0.161146400209547	0.862982405155514	1.58059000006013
0.691953424644229	0.159493347027443	0.85639466852862	1.57700995877558
0.698281739666831	0.165134993640727	0.865905434045207	1.59859816308005
0.704610054689433	0.194905930836708	0.886265532716618	1.6179901827101
0.710938369712035	0.199081020125166	0.896779736652069	1.61972065197762
0.717266684734637	0.185895146452699	0.899130334557802	1.60311550305165
0.723594999757239	0.24324655878363	0.919896226922999	1.65854889804798
0.72992331477984	0.211846919636591	0.923292673817241	1.64702780074362
0.736251629802442	0.223143992535259	0.928773946119657	1.6799533183544
0.742579944825044	0.213747359989198	0.944681283151054	1.70037118308009
0.748908259847646	0.239104284195141	0.945529780354175	1.68807658522483
0.755236574870248	0.260745476162945	0.963113446505385	1.69905285853806
0.76156488989285	0.2396314574825	0.959932787452167	1.6861917503186
0.767893204915452	0.268354428276466	0.978035472865782	1.71618533262675
0.774221519938053	0.231615230738346	0.995515133252978	1.72245688938337
0.780549834960655	0.28524232170585	0.999487261029871	1.75150463920782
0.786878149983257	0.269119054223256	1.01749710755282	1.76981605063641
0.793206465005859	0.281286745126017	1.01688383151771	1.75618714347318
0.799534780028461	0.291600094202875	1.01339735279779	1.76379923075528
0.805863095051063	0.280077229521593	1.03102737806712	1.79028564479187
0.812191410073665	0.323484023628763	1.03214761613359	1.79855614341998
0.818519725096267	0.314292843977795	1.05687274088467	1.80807491929864
0.824848040118868	0.338694559358065	1.06387781079811	1.80935591395873
0.831176355141471	0.310058024020959	1.07465911889073	1.85031595506734
0.837504670164072	0.330463037416791	1.08926320484273	1.81740923685111
0.843832985186674	0.352630594816371	1.09092062229433	1.84853926744725
0.850161300209276	0.342374191957991	1.09964650373639	1.85732123868386
0.856489615231878	0.372998212989689	1.11334895797941	1.89536482982086
0.86281793025448	0.374321941520402	1.12275046533073	1.87500386840489
0.869146245277082	0.371555549615238	1.13106014725141	1.89710782294854
0.875474560299684	0.385565473019077	1.14964798765095	1.91799685282103
0.881802875322285	0.393562580067434	1.15003931966126	1.9290384876407
0.888131190344887	0.453464240224217	1.15432115548458	1.94513383095774
0.894459505367489	0.414146140421711	1.17820917496587	1.95670174898561
0.900787820390091	0.39850018714177	1.17613597230608	1.94723650275914
0.907116135412693	0.435821676831376	1.18801484173572	1.96814587049071
0.913444450435295	0.42873475705109	1.18904981331537	1.98593341309232
0.919772765457897	0.460486505293514	1.20401167701568	2.01830297118334
0.926101080480499	0.434812352236454	1.21992325011792	2.02033890798287
0.9324293955031	0.446141120462153	1.22094127977223	2.03177947196948
0.938757710525703	0.472059201905245	1.23906609505784	2.01587867793806
0.945086025548304	0.494552735989424	1.23668086931856	2.04155775252461
0.951414340570906	0.468786401920497	1.25435395912711	2.0781448316245
0.957742655593508	0.461263395370809	1.25961593914561	2.08132522758934
0.96407097061611	0.485954423587881	1.26836229424983	2.05733318943174
0.970399285638712	0.539774809619956	1.27773487311693	2.08023981011254
0.976727600661313	0.509527393958756	1.29097542767799	2.10999498138592
0.983055915683916	0.528083685356264	1.30419546410566	2.11735615944635
0.989384230706517	0.527515514457641	1.31484874412727	2.11698091124264
0.995712545729119	0.545159211202054	1.31454568230221	2.15264426114937
1.00204086075172	0.55050729065242	1.33049275855016	2.12220070038628
1.00836917577432	0.542254753108873	1.34068108054236	2.15015042104786
1.01469749079692	0.550437520134234	1.34922716193376	2.15666649613796
1.02102580581953	0.570280055148164	1.34897490790774	2.21172871581602
1.02735412084213	0.571522825037857	1.36212627283169	2.19604041253257
1.03368243586473	0.578929153894278	1.38519134040117	2.21978952936537
1.04001075088733	0.60958999846449	1.38416562517925	2.18905991596515
1.04633906590993	0.614215859169057	1.39155578086955	2.19397166518497
1.05266738093254	0.603522530246098	1.39979727402873	2.24528756608886
1.05899569595514	0.624581189294334	1.40854625492262	2.23506248439206
1.06532401097774	0.635430400968504	1.40983532236672	2.26703162747436
1.07165232600034	0.617807102992895	1.43079257523313	2.26938047030785
1.07798064102294	0.647549905426626	1.43992767986176	2.2672798177869
1.08430895604555	0.662576286369045	1.45355559252963	2.30532332109215
1.09063727106815	0.63815052823274	1.45919199280903	2.2949825145798
1.09696558609075	0.668945498334468	1.47943959985588	2.30056263899639
1.10329390111335	0.671276439463907	1.48123115081296	2.35032468986459
1.10962221613595	0.666115306817676	1.49632557573389	2.34087471039443
1.11595053115856	0.689113638518999	1.49653422782547	2.35681355765664
1.12227884618116	0.70659688048902	1.50893621349331	2.35129568745991
1.12860716120376	0.694188781549267	1.52091718443845	2.35196255108827
1.13493547622636	0.703809734580764	1.53117979468894	2.41460691255553
1.14126379124896	0.713609671504369	1.52969291577883	2.41901846489531
1.14759210627156	0.713775308739239	1.54825888142569	2.41704319408828
1.15392042129417	0.748245167116375	1.5456472585694	2.43354452005146
1.16024873631677	0.717685424526912	1.56235385961263	2.43780686239482
1.16657705133937	0.724904516472504	1.57131862489978	2.44837921689557
1.17290536636197	0.767129679898719	1.58334578132245	2.46224209532064
1.17923368138457	0.772029534912617	1.59687139675373	2.47807748817099
1.18556199640718	0.770600698478926	1.59902173667627	2.49612926618979
1.19189031142978	0.75449633505793	1.6111846697804	2.50334174649612
1.19821862645238	0.761699378006902	1.62197120003495	2.4940294554858
1.20454694147498	0.772711647234817	1.64455549162041	2.53471777279485
1.21087525649758	0.773296209302547	1.64623517535276	2.53766422269943
1.21720357152018	0.805423208617984	1.65422518805782	2.56548307141835
1.22353188654279	0.818179818854613	1.65329676456652	2.56532357004477
1.22986020156539	0.807854883145307	1.66948539966186	2.574404677592
1.23618851658799	0.804662425773789	1.675127880119	2.56356803611604
1.24251683161059	0.840614522828826	1.67765859293011	2.59264627215402
1.24884514663319	0.852644405127857	1.69826878496554	2.58705225206438
1.2551734616558	0.861485271851873	1.70349788667683	2.59409067357992
1.2615017766784	0.851232429705509	1.71206516576446	2.62092447713209
1.267830091701	0.835386057511049	1.7251134684817	2.63442995217009
1.2741584067236	0.865391548875095	1.7263550520993	2.65175761012793
1.2804867217462	0.895358044794764	1.74415992521873	2.62770222099845
1.28681503676881	0.866209489474127	1.76433022268418	2.65908694316529
1.29314335179141	0.8421813170322	1.76522630795506	2.67421610856106
1.29947166681401	0.890429983089239	1.77382154834599	2.70272765721247
1.30579998183661	0.893950487733438	1.78619549170539	2.70560909539163
1.31212829685921	0.895615845569158	1.79593618901224	2.72554342261178
1.31845661188182	0.937697224003503	1.78476321249481	2.71864001138876
1.32478492690442	0.909643757440014	1.80664728938584	2.7493365090273
1.33111324192702	0.90864906334366	1.81462779722131	2.74992500672076
1.33744155694962	0.958382190316512	1.83383898785077	2.75796076705563
1.34376987197222	0.955721451855378	1.84103568732467	2.80138772367696
1.35009818699482	0.97176014610551	1.84342664783581	2.80053395847104
1.35642650201743	1.00067137039958	1.8637673979935	2.80985060363726
1.36275481704003	0.966440655541171	1.8581293592014	2.83002258137894
1.36908313206263	0.974094094374663	1.87210782805598	2.81969242053627
1.37541144708523	1.01216227344941	1.88099806254258	2.83364178225298
1.38173976210783	1.01222205821535	1.8876247292621	2.8632261811983
1.38806807713044	1.00382383477005	1.90232659179081	2.90000142402601
1.39439639215304	0.993119915035187	1.91493306553044	2.90290256572935
1.40072470717564	1.02346476175877	1.91596754910289	2.85561750578527
1.40705302219824	1.05404422453494	1.92637062795884	2.90388169622746
1.41338133722084	1.03865040027504	1.93268944635397	2.9523318632008
1.41970965224345	1.04627726383937	1.95011185548893	2.91352561074467
1.42603796726605	1.05699301386364	1.95573337101756	2.93367012179395
1.43236628228865	1.10351149609547	1.96302658280466	2.94746403747197
1.43869459731125	1.0666290342792	1.97842209052046	2.94505986873059
1.44502291233385	1.06855866640833	1.99410031187597	2.97682878848579
1.45135122735645	1.07868452107301	2.00669866450449	2.94522788336293
1.45767954237906	1.1078169696659	1.99976117782015	2.98601415834431
1.46400785740166	1.09943240704486	2.02335505251325	2.97414693779277
1.47033617242426	1.10814560283769	2.02102600814976	3.03241228842519
1.47666448744686	1.07791023479352	2.03006183766782	3.01695093333
1.48299280246946	1.1162372157246	2.04207906926889	3.03631583207828
1.48932111749207	1.09928640939275	2.05736083441267	3.04553490263615
1.49564943251467	1.14170809877687	2.05652827175494	3.05257301925393
1.50197774753727	1.12457060136886	2.0636341045802	3.07408299458358
1.50830606255987	1.11719979456034	2.08424771184599	3.08263764784237
1.51463437758247	1.14858392318787	2.09268729559798	3.09001518001745
1.52096269260508	1.13976888012892	2.10470058952643	3.13505122566279
1.52729100762768	1.17189173202748	2.11104426670132	3.10645167636234
1.53361932265028	1.13688818846196	2.11668291151724	3.16577764398845
1.53994763767288	1.16307338411524	2.1353408879113	3.16951868691799
1.54627595269548	1.16811156147846	2.14041186882345	3.15624684452808
1.55260426771808	1.19957728027267	2.14877274767119	3.16852152302854
1.55893258274069	1.20010071299228	2.15820025100354	3.19247695306512
1.56526089776329	1.19605529891362	2.16548335031038	3.20216487077114
1.57158921278589	1.21530395707534	2.17980882234243	3.20022136690622
1.57791752780849	1.18139221227966	2.1745291442288	3.22199083044804
1.58424584283109	1.21095646267609	2.19835714739274	3.24917390646716
1.5905741578537	1.24425377662496	2.20166023995016	3.24108015245292
1.5969024728763	1.25873126137592	2.21392145771747	3.26428649093218
1.6032307878989	1.23898005772511	2.23029257674593	3.25552132296022
1.6095591029215	1.2704965482419	2.23861562475695	3.2751243744326
1.6158874179441	1.27021960687462	2.2585145062607	3.30935110980631
1.62221573296671	1.25868443570337	2.2436085810578	3.28672426554258
1.62854404798931	1.27974226651118	2.26511074190185	3.33491720846537
1.63487236301191	1.2822497682315	2.26581780086607	3.34036724015112
1.64120067803451	1.30471578143197	2.2759653213145	3.33692019724392
1.64752899305711	1.28006262834912	2.27853320085308	3.38637703654908
1.65385730807971	1.32234836849196	2.29186625683234	3.34576971115891
1.66018562310232	1.32880994290374	2.30417343793928	3.35801907960047
1.66651393812492	1.29567706937073	2.30700660395598	3.42254275918674
1.67284225314752	1.31548231205024	2.32403779665265	3.41843946679544
1.67917056817012	1.32508318702073	2.33173349036771	3.41615691670822
1.68549888319272	1.31262026422607	2.34542499233661	3.42298053730277
1.69182719821533	1.34882949554707	2.36040197700817	3.4320504869244
1.69815551323793	1.33364540926148	2.37032565019425	3.43313632387491
1.70448382826053	1.31939870040415	2.36866375671148	3.47856357569802
1.71081214328313	1.36783201477666	2.38036800140721	3.49988775829774
1.71714045830573	1.38197262562258	2.39468719123476	3.49895330103339
1.72346877332834	1.38293908172266	2.39477058024577	3.4938193723279
1.72979708835094	1.41482886738332	2.42766052791689	3.46267503448824
1.73612540337354	1.38320959893349	2.41503348088713	3.54443093312676
1.74245371839614	1.40733463446288	2.43060445047771	3.55430152950013
1.74878203341874	1.43866871988384	2.43604648731909	3.52061817233663
1.75511034844134	1.41351554172138	2.44898217469418	3.56672017514701
1.76143866346395	1.39255785688152	2.45432273278919	3.57443065044302
1.76776697848655	1.43499670810425	2.47758213902687	3.60134833818797
1.77409529350915	1.46524927625693	2.47087334294651	3.59596461675503
1.78042360853175	1.45582274755157	2.48853542246348	3.59020687665153
1.78675192355435	1.43810572605516	2.50182178070397	3.63719736296998
1.79308023857696	1.44608308595946	2.50841626223012	3.62602540117648
1.79940855359956	1.45696710115294	2.51045008240301	3.65988198804263
1.80573686862216	1.47274221684544	2.52368883240708	3.69663328550044
1.81206518364476	1.47243145848304	2.53531485225613	3.68649105893939
1.81839349866736	1.46640610964406	2.54163958754152	3.658152248395
1.82472181368997	1.47007280039383	2.56143299773031	3.69391507841778
1.83105012871257	1.48677361084572	2.54994902384337	3.72818589323523
1.83737844373517	1.4929556573731	2.58023451088593	3.69080307505951
1.84370675875777	1.52114773121069	2.57994935142017	3.72464412077361
1.85003507378037	1.51476390758307	2.58440926642095	3.74452429547668
1.85636338880298	1.53232445757187	2.60243036872078	3.76639818265696
1.86269170382558	1.547884183631	2.59031557254234	3.8182694335268
1.86902001884818	1.54916708051279	2.61958722749712	3.78624357736736
1.87534833387078	1.52041271721714	2.62241602841699	3.76803959332761
1.88167664889338	1.56173346469735	2.63625528092202	3.8102063528371
1.88800496391598	1.56248242561016	2.64064986816336	3.8049438826024
1.89433327893859	1.59241933304043	2.66672634359208	3.83836573086953
1.90066159396119	1.55309463834801	2.66628455916231	3.81910693574697
1.90698990898379	1.58774893417471	2.66176919733891	3.81703657203974
1.91331822400639	1.59910021427105	2.68724235484622	3.85216659221978
1.91964653902899	1.61668159657644	2.69420996230153	3.88018678984048
1.9259748540516	1.61497544716173	2.69658532117782	3.86779047779613
1.9323031690742	1.64461329636478	2.71763090158219	3.87602847160277
1.9386314840968	1.65446615775907	2.72345315857759	3.91896862930164
1.9449597991194	1.63487111634603	2.73670559471253	3.92529603500255
1.951288114142	1.618978786536	2.73972635881955	3.94226907541738
1.9576164291646	1.64820121579588	2.74899263482282	3.95555104773658
1.96394474418721	1.65876341132646	2.74853270856884	3.95381242269374
1.97027305920981	1.67512857477404	2.75713358189058	3.97502435928417
1.97660137423241	1.6948943145248	2.77651742748563	4.00392323486273
1.98292968925501	1.69590631456562	2.79473691959445	3.98456456567813
1.98925800427761	1.68096090810383	2.78411758438151	4.02753276105607
1.99558631930022	1.66446695243977	2.81055161607003	4.02074119549998
2.00191463432282	1.71999198923443	2.80588572325361	4.00646674357022
2.00824294934542	1.64700733334598	2.82515955680643	4.05087735594567
2.01457126436802	1.74648465227231	2.84967747815917	4.09847675191692
2.02089957939062	1.72017255293022	2.84042489699593	4.08714842324362
2.02722789441323	1.72741156318825	2.84721899955756	4.07090590231397
2.03355620943583	1.72234087708822	2.86091349655654	4.06601661734227
2.03988452445843	1.74070198816638	2.89529798668322	4.11529426808776
2.04621283948103	1.72282568911662	2.87121183176026	4.15520932934579
2.05254115450363	1.73276916267162	2.89040554348183	4.16330679821402
2.05886946952623	1.7767999396344	2.90572830992033	4.13323182187903
2.06519778454884	1.73904416386367	2.91550060407674	4.17948740151912
2.07152609957144	1.80768632557074	2.92433508078092	4.1699582685315
2.07785441459404	1.79997919907981	2.91737419698082	4.16501251558105
2.08418272961664	1.77418005486167	2.93940716137114	4.21050009989967
2.09051104463924	1.81814652280521	2.94996048210921	4.20238646600439
2.09683935966185	1.78300838569945	2.96808471463245	4.21356493940546
2.10316767468445	1.77141668515398	2.95982297902387	4.2469619316914
2.10949598970705	1.82094194453794	2.98488545867184	4.24432585264886
2.11582430472965	1.82557042985647	2.98067826336071	4.27710844367524
2.12215261975225	1.80662731263629	2.99820212534959	4.25151833176961
2.12848093477486	1.78227906479467	3.00601084799449	4.25189445079058
2.13480924979746	1.85174412508249	3.01880940061251	4.27487794178468
2.14113756482006	1.87769548913161	3.02839379682701	4.31722443532102
2.14746587984266	1.8671485028482	3.03235592799895	4.31008490369827
2.15379419486526	1.88104615766739	3.04662199297785	4.3277410672692
2.16012250988787	1.89830165347608	3.05131588942213	4.33291378709903
2.16645082491047	1.86002320168908	3.05725393790474	4.35283043362168
2.17277913993307	1.89269088380784	3.07045635170796	4.33431025295229
2.17910745495567	1.88705961297617	3.09145262585498	4.39547917446478
2.18543576997827	1.90527810611533	3.10264814210717	4.368072736232
2.19176408500087	1.90859417937544	3.09539556355235	4.3925094470604
2.19809240002348	1.9050189309382	3.11014686253763	4.39720669401293
2.20442071504608	1.91508895381053	3.1098752540217	4.42166739772681
2.21074903006868	1.91797596213184	3.12217632310755	4.43165712467939
2.21707734509128	1.91793260800468	3.13505481845557	4.48977186574205
2.22340566011388	1.95352928680457	3.15270402036707	4.44141216032289
2.22973397513649	1.95605937162076	3.16148643537142	4.45575613025702
2.23606229015909	1.98215902753249	3.16396292598641	4.4922914590896
2.24239060518169	1.91657211501241	3.17947853766487	4.50598401921962
2.24871892020429	1.99253657002587	3.17207744416859	4.50802788974735
2.25504723522689	1.93795238500851	3.20131605500198	4.52868010473653
2.2613755502495	1.98905572780569	3.19662730398307	4.5543103351647
2.2677038652721	1.99545382332189	3.19837403607051	4.55253270011605
2.2740321802947	1.97603152552472	3.20680999327314	4.56087035101105
2.2803604953173	1.96049064893826	3.21870077000321	4.56502570261077
2.2866888103399	1.99860018909609	3.24584531863195	4.57621478992332
2.2930171253625	1.99829257031442	3.25679468668304	4.597914354289
2.29934544038511	2.00585537092009	3.27404131250829	4.62267254869613
2.30567375540771	2.03836399589842	3.26706556537454	4.63598564921028
2.31200207043031	2.04901210762331	3.27734183321154	4.60734769659403
2.31833038545291	2.04538852744284	3.2923452891645	4.62701255835346
2.32465870047551	2.03330053120321	3.30725023360552	4.66611835505309
2.33098701549812	2.02609106628258	3.31582735678573	4.67818064021184
2.33731533052072	2.07405893493332	3.32101858228165	4.69292879434184
2.34364364554332	2.04374774513182	3.32337900163188	4.70812985595466
2.34997196056592	2.09275421079716	3.34375060213717	4.70357563431356
2.35630027558852	2.08953704070726	3.35422735274572	4.72845767147468
2.36262859061113	2.08899734518071	3.37022338128185	4.69103476268068
2.36895690563373	2.12951341969319	3.36016189913993	4.73489916978353
2.37528522065633	2.11268388127245	3.3727973205697	4.77562888150399
2.38161353567893	2.15596814309201	3.39508230413985	4.78155085006125
2.38794185070153	2.13050296538414	3.39838006969656	4.78152896486074
2.39427016572413	2.12729918446145	3.39426103732604	4.79137392802906
2.40059848074674	2.14192092970872	3.40840067869609	4.82779790527197
2.40692679576934	2.13477429785804	3.41634314108184	4.80658711230096
2.41325511079194	2.14960012183108	3.43904952908612	4.83197613146212
2.41958342581454	2.15339243002312	3.44269847933379	4.82803292494037
2.42591174083714	2.18233452970387	3.45441998837246	4.86261849424068
2.43224005585975	2.18951161946302	3.45949145497599	4.85802634181242
2.43856837088235	2.14109539136271	3.46391588764441	4.85266841398148
2.44489668590495	2.18544065010402	3.47765363131202	4.91675835718868
2.45122500092755	2.1709441462844	3.48415257944037	4.88996191826542
2.45755331595015	2.16107472636262	3.49829426849427	4.87806772782713
2.46388163097276	2.2083699402106	3.51149687436694	4.92880865862384
2.47020994599536	2.18926087110816	3.52309391996959	4.95682347638752
2.47653826101796	2.18731827147444	3.53098173413473	4.9737135464228
2.48286657604056	2.22140609822056	3.54492346323621	4.99904597729254
2.48919489106316	2.22507291320204	3.54540682667751	4.97989739980421
2.49552320608576	2.25865978088202	3.56303046614654	5.02094204647393
2.50185152110837	2.23657618795398	3.56717129582133	5.00268969231538
2.50817983613097	2.23907669862054	3.56404993532793	5.04204302681407
2.51450815115357	2.25111487828351	3.58546051166925	5.02761585737659
2.52083646617617	2.28398724323764	3.5893336955163	5.05197336064096
2.52716478119877	2.29538308049105	3.61265144744137	5.07031089065745
2.53349309622138	2.29000943455908	3.613394236821	5.05484713565544
2.53982141124398	2.26877568616675	3.60448175454747	5.07997568547274
2.54614972626658	2.27713706944585	3.63156886056446	5.08187814432257
2.55247804128918	2.29538809610411	3.64644761677708	5.10624699166048
2.55880635631178	2.30968000663149	3.64595899682745	5.09763378481868
2.56513467133439	2.34741736267893	3.64646493406591	5.14502765783881
2.57146298635699	2.32410862961695	3.66281608623264	5.1417617605732
2.57779130137959	2.34750708005118	3.66643749725831	5.16176582164527
2.58411961640219	2.33143184018482	3.68072277554195	5.1185696181717
2.59044793142479	2.32749699538014	3.70831960600719	5.13091162191949
2.59677624644739	2.34594135817662	3.7010934326849	5.18021629918889
2.60310456147	2.37302862232798	3.72356798322413	5.18491386498544
2.6094328764926	2.37962045101964	3.72415552150613	5.2089215488248
2.6157611915152	2.39738311763103	3.72192657880178	5.21042490322978
2.6220895065378	2.38153305005365	3.74584092697166	5.2508358219104
2.6284178215604	2.36551157396361	3.75391222558627	5.28342969804549
2.63474613658301	2.37022473912589	3.76048399584525	5.25356661921533
2.64107445160561	2.41649454436234	3.76502706582318	5.25351240764315
2.64740276662821	2.42391496237249	3.77479495673894	5.27138608740229
2.65373108165081	2.40505349392779	3.79029172674317	5.28685090663683
2.66005939667341	2.43628323877693	3.7941691178656	5.31096501645625
2.66638771169602	2.40676054620735	3.80392067777786	5.30915650178239
2.67271602671862	2.41903263579812	3.81466271634167	5.30458912592676
2.67904434174122	2.43419244085861	3.82874592086588	5.33471705423039
2.68537265676382	2.41737141670199	3.8452223633146	5.36244610176998
2.69170097178642	2.47710343044297	3.84006618648928	5.35060622358684
2.69802928680902	2.46475528984053	3.85927986364698	5.3606635960567
2.70435760183163	2.44417642862166	3.8746617884127	5.37409495198552
2.71068591685423	2.47217014641185	3.87774271960333	5.4051380121153
2.71701423187683	2.45971019287078	3.8905415495077	5.43857201259508
2.72334254689943	2.50830371409432	3.89504855283112	5.43072948475797
2.72967086192203	2.47491562588606	3.90113118239661	5.4103106972222
2.73599917694464	2.45676906643178	3.91585946531696	5.47173689786002
2.74232749196724	2.53402166176309	3.9071684295999	5.46031281831097
2.74865580698984	2.50401933631366	3.93313784921064	5.52116423974765
2.75498412201244	2.50440989167638	3.93358752736327	5.50041220339568
2.76131243703504	2.45468328786721	3.94670883340507	5.49673203498801
2.76764075205765	2.51276574024654	3.95624285807179	5.50921011585089
2.77396906708025	2.53674423458537	3.96711880885361	5.54485324121925
2.78029738210285	2.54131498651785	3.98173899538606	5.57601936074258
2.78662569712545	2.54304009254413	3.9845091380724	5.56075122476724
2.79295401214805	2.5674017784317	4.00490937282207	5.57753228270708
2.79928232717066	2.59826069118115	4.01087090338244	5.57298669591632
2.80561064219326	2.53537152069591	4.00659395068057	5.6086426020889
2.81193895721586	2.55675408795598	4.02476693035929	5.62760647850099
2.81826727223846	2.5628128910674	4.02392673174369	5.58150073908727
2.82459558726106	2.58285800483739	4.03861611342395	5.66411768034131
2.83092390228366	2.62410533959638	4.04207013497482	5.61716440298645
2.83725221730627	2.6044642800699	4.0586017430109	5.70454440335955
2.84358053232887	2.60496564086896	4.0824772608075	5.66636537692501
2.84990884735147	2.6234396355037	4.08197268662122	5.64693946239924
2.85623716237407	2.61243425185712	4.10390197837881	5.68555620978418
2.86256547739667	2.63691823142602	4.09719906877387	5.73196565360213
2.86889379241928	2.63952771491275	4.10676281895709	5.72468034164621
2.87522210744188	2.61999654931966	4.12038304300903	5.73039011668472
2.88155042246448	2.65653412123692	4.12900063107338	5.75651164324824
2.88787873748708	2.62757485547772	4.14835299045812	5.73977472388043
2.89420705250968	2.66568859149546	4.13415526410232	5.75373319570296
2.90053536753228	2.67915412394463	4.15675731334498	5.77840804572899
2.90686368255489	2.72102466681493	4.1625188401504	5.81934243866488
2.91319199757749	2.67588376893121	4.17296156208001	5.81088757932147
2.91952031260009	2.71339762975439	4.19080608445089	5.80842730705354
2.92584862762269	2.7074968699898	4.18428543483867	5.82385946205295
2.9321769426453	2.68516689429063	4.20124563948042	5.83222366034788
2.9385052576679	2.7067339909749	4.20627596880458	5.911090074083
2.9448335726905	2.67848843640623	4.22471268412526	5.88611199207087
2.9511618877131	2.6858450727197	4.22041636501861	5.88809977557911
2.9574902027357	2.74666160761632	4.24871294294195	5.92656251468527
2.9638185177583	2.73523885980199	4.24903321167328	5.88731566274874
2.97014683278091	2.74717267117027	4.26033587440813	5.91418664774336
2.97647514780351	2.73305193217816	4.26662239558775	5.94514364386918
2.98280346282611	2.75887661937556	4.28211925245304	5.97013677553057
2.98913177784871	2.80570265341518	4.27829448075625	5.94000074250316
2.99546009287131	2.78492417843098	4.2883937127536	5.95992558825686
3.00178840789391	2.75148174051721	4.31226362063909	5.98216974828877
3.00811672291652	2.78119579754021	4.31416312993234	6.00159789568263
3.01444503793912	2.76166413322061	4.32293367742121	6.00399624219455
3.02077335296172	2.77747764654863	4.33300943138791	6.03965711430505
3.02710166798432	2.83380238879599	4.33448516803646	6.04723040505016
3.03342998300692	2.82567853236724	4.36206421248142	6.05017967154012
3.03975829802953	2.7847754340591	4.35870327985363	6.06904058593037
3.04608661305213	2.81066071469637	4.37300100021117	6.07456997116495
3.05241492807473	2.83078303911841	4.38513925827546	6.07350689098114
3.05874324309733	2.83958397039605	4.41280491039331	6.09788735487894
3.06507155811993	2.85489417594514	4.38048300533523	6.08917605091782
3.07139987314254	2.87960663812541	4.41331145143141	6.10288486868676
3.07772818816514	2.84360001303673	4.42319994082912	6.15592814107789
3.08405650318774	2.86970732636148	4.41430793071171	6.12722374497982
3.09038481821034	2.84978303823187	4.44767070417721	6.15862372902695
3.09671313323294	2.91868902512474	4.44891039369908	6.191173010433
3.10304144825555	2.90444083202206	4.4492454664045	6.18180835331448
3.10936976327815	2.9061758887244	4.46281934711033	6.15501407525518
3.11569807830075	2.87654165404027	4.47044730453669	6.22336422042416
3.12202639332335	2.87501656034616	4.4893335245697	6.18885387784492
3.12835470834595	2.89312615721629	4.49103774649586	6.2465953281962
3.13468302336855	2.89817798307187	4.50924780706296	6.26775090946896
3.14101133839116	2.93567527023288	4.51843298559935	6.23448421485894
3.14733965341376	2.94047395569335	4.5336627693387	6.2924636610859
3.15366796843636	2.92829555571101	4.52338002038437	6.34064907461744
3.15999628345896	2.92727195364506	4.53685058337153	6.2856471519396
3.16632459848156	2.91399713812542	4.54747446044919	6.29037721572301
3.17265291350417	2.95664173736523	4.54756765525623	6.31146744328235
3.17898122852677	2.9615628061384	4.57311138905033	6.33238862067641
3.18530954354937	2.96018212340927	4.57625971516771	6.36169772157136
3.19163785857197	2.9898071958549	4.59010881767567	6.37426401902023
3.19796617359457	3.01499431489465	4.60253294316167	6.38167665901277
3.20429448861718	3.00149343573697	4.59635093263322	6.38293474189669
3.21062280363978	3.00143627350114	4.62747898397332	6.39491016111922
3.21695111866238	2.99745617280855	4.62196247196282	6.3993201012597
3.22327943368498	3.01804222270324	4.65002880027878	6.47052643016664
3.22960774870758	3.00078944968608	4.64908426126725	6.42542507116815
3.23593606373018	3.01412140531642	4.65195130935089	6.43762007893251
3.24226437875279	3.05840650354849	4.66709200499383	6.49913781596024
3.24859269377539	3.0393602481439	4.69072671234455	6.48037375597154
3.25492100879799	3.02827469402575	4.68052041403145	6.49132992719687
3.26124932382059	3.04095424096021	4.69546162693419	6.48899541507077
3.26757763884319	3.07606827741507	4.70584765363379	6.49079255825988
3.2739059538658	3.08323867506602	4.70900104593503	6.51254363880773
3.2802342688884	3.08456366371186	4.7278223857272	6.51226769304135
3.286562583911	3.06539479867985	4.73345910976776	6.56888567961975
3.2928908989336	3.09109559233475	4.72628560498822	6.55108508926038
3.2992192139562	3.10214650297976	4.75491213521079	6.6080188198178
3.3055475289788	3.11167265009024	4.75316112834688	6.6178102997323
3.31187584400141	3.10275810868611	4.77379460696579	6.59730356233509
3.31820415902401	3.11859339676842	4.78730202513724	6.61329121460033
3.32453247404661	3.16049873769933	4.78552047338779	6.62371162639737
3.33086078906921	3.1564754859881	4.79949655010256	6.63267093210249
3.33718910409182	3.14381929458574	4.80027267638295	6.64806862703413
3.34351741911442	3.1460096133198	4.81116025979673	6.67932777633405
3.34984573413702	3.09238619297556	4.81942995633673	6.63950255465865
3.35617404915962	3.14690407368317	4.82507477642517	6.67503197257309
3.36250236418222	3.09155869669169	4.84550670407908	6.69993329015032
3.36883067920482	3.14139583654521	4.85354825607449	6.71772152952809
3.37515899422743	3.21733665450998	4.88320944832865	6.74064602343765
3.38148730925003	3.16726860311645	4.8788276338187	6.7637679269468
3.38781562427263	3.18527932613151	4.87561302676544	6.73156578419085
3.39414393929523	3.2111343595537	4.90823506356552	6.78308243398373
3.40047225431783	3.2230350091278	4.88923953238967	6.74173364705731
3.40680056934044	3.21137791473218	4.90923972040212	6.79561025126593
3.41312888436304	3.26595756022378	4.92345721542229	6.78993132880649
3.41945719938564	3.24460953064451	4.92360893780665	6.77267648727784
3.42578551440824	3.22765172209725	4.93491740859997	6.80192157354588
3.43211382943084	3.23215020740852	4.94904073024507	6.84718495177418
3.43844214445344	3.24764541929662	4.95329563529782	6.809785247379
3.44477045947605	3.24929964362692	4.96676515879549	6.8898433756476
3.45109877449865	3.24134502084819	4.97324485209668	6.86833968283976
3.45742708952125	3.27157492892039	4.99622991441279	6.87442414765085
3.46375540454385	3.28064481282218	4.98785970799885	6.88646216410632
3.47008371956645	3.27448259811633	4.9962029431987	6.92846518102642
3.47641203458906	3.29519714908192	5.02336081314418	6.86506086732189
3.48274034961166	3.30488478386856	5.02052481932367	6.93113985733917
3.48906866463426	3.31249787298171	5.03877644230655	6.88828022591282
3.49539697965686	3.30466388769019	5.04476945379294	6.9379981111223
3.50172529467946	3.31151315826604	5.05499641892295	6.97510215922078
3.50805360970207	3.3320939832775	5.06290282210801	6.96523820163468
3.51438192472467	3.3488553665867	5.07497023933552	6.99745367894183
3.52071023974727	3.31061943447031	5.09047586772818	7.0439855918324
3.52703855476987	3.35218402981456	5.08862032594408	7.06370152787646
3.53336686979247	3.30195211604175	5.08309080346248	7.03962701312287
3.53969518481507	3.31885506091114	5.10780305897346	7.07231824151782
3.54602349983768	3.35793329689408	5.1122144769992	7.05728198877901
3.55235181486028	3.34597140039236	5.10985610225121	7.05896915580617
3.55868012988288	3.37801456404677	5.14271968815432	7.11070715015118
3.56500844490548	3.32201504673226	5.14739008463244	7.11238471474196
3.57133675992808	3.38609626857209	5.16698646719393	7.14290563674404
3.57766507495069	3.36450415574799	5.15846936509773	7.10959296866129
3.58399338997329	3.3905542501324	5.18578807121146	7.17348124225222
3.59032170499589	3.4059587104912	5.18268400101418	7.16276245121439
3.59665002001849	3.43802892737838	5.19172288569222	7.11821295055541
3.60297833504109	3.39588931952108	5.20450996622603	7.15917609986111
3.6093066500637	3.39993854023585	5.20748347027041	7.16360131463218
3.6156349650863	3.46194237727553	5.23052424043107	7.20558452807958
3.6219632801089	3.43510062192449	5.23694903989182	7.21165317042299
3.6282915951315	3.46298780404821	5.241595665623	7.27810391238159
3.6346199101541	3.41888040282071	5.25570622168208	7.24136524180209
3.6409482251767	3.39336305804303	5.27812559968303	7.21537304721196
3.64727654019931	3.45069176954795	5.26488174740512	7.22929957207104
3.65360485522191	3.47871559948755	5.26252400333249	7.25941022525568
3.65993317024451	3.44536812794174	5.28959466939855	7.31096416260591
3.66626148526711	3.49361511076773	5.30425264476681	7.33658034262822
3.67258980028971	3.51420936769443	5.31203788672058	7.28845661814583
3.67891811531232	3.49187729605671	5.32766656173822	7.30826884562129
3.68524643033492	3.49139812504159	5.31881738941384	7.30852800211471
3.69157474535752	3.51684190928508	5.33818513180023	7.3958525391717
3.69790306038012	3.48024302866045	5.35362682883554	7.37392746092218
3.70423137540272	3.52134580216075	5.35131329789096	7.41014418872202
3.71055969042533	3.51724674709058	5.35638413104989	7.39142957427716
3.71688800544793	3.52359349693408	5.33783181427245	7.36666951288545
3.72321632047053	3.58127190809227	5.38089374193731	7.43700423249081
3.72954463549313	3.55113380580126	5.3892406645361	7.41658422654023
3.73587295051573	3.52306321448612	5.39651973037742	7.46354513343293
3.74220126553834	3.63279106116348	5.39765199861081	7.44566177702024
3.74852958056094	3.5289924543405	5.41455840615523	7.45199261922443
3.75485789558354	3.56951464957799	5.43505419099889	7.483707842903
3.76118621060614	3.58406104015168	5.42423781754741	7.50633684948599
3.76751452562874	3.59879110444994	5.43578143983166	7.51576986765847
3.77384284065134	3.57642029927166	5.44585546460935	7.50315834366278
3.78017115567395	3.5796166611478	5.47143932469498	7.54463884458244
3.78649947069655	3.60435140135224	5.46895517023582	7.52763611293379
3.79282778571915	3.6202443532187	5.47916967471265	7.55950681417179
3.79915610074175	3.62392490319657	5.49871665971459	7.54705331566656
3.80548441576435	3.58646175506152	5.51520805256509	7.60477982647687
3.81181273078696	3.60662037359815	5.51694206840682	7.60758009883484
3.81814104580956	3.60690665716821	5.50333867613027	7.58099443243808
3.82446936083216	3.66402913885631	5.54133447583	7.60890484940377
3.83079767585476	3.59758482785958	5.53454258063988	7.62197630189189
3.83712599087736	3.6601136531517	5.56868074246157	7.63434427756695
3.84345430589996	3.63599453154393	5.55212042003736	7.6445285532067
3.84978262092257	3.64337748383193	5.57493587505323	7.6639773929609
3.85611093594517	3.66409442187213	5.57718019809168	7.69454165288686
3.86243925096777	3.69452494237062	5.58564740679377	7.68037102132874
3.86876756599037	3.75108280634566	5.60078574502762	7.72773574554158
3.87509588101297	3.67510703452058	5.60359290560596	7.74518138248453
3.88142419603558	3.70048289949577	5.62675259476715	7.72942283792718
3.88775251105818	3.70508879027107	5.61220010445091	7.75420923203381
3.89408082608078	3.73216834326691	5.63685979404084	7.77808309361716
3.90040914110338	3.71440139831096	5.63773796160142	7.75826895866804
3.90673745612598	3.71050168419262	5.67102781394579	7.8035364093774
3.91306577114859	3.705686381407	5.67065768170721	7.82473796636774
3.91939408617119	3.73786775648275	5.67561837045132	7.80486609377215
3.92572240119379	3.746668390931	5.67765159134959	7.77036874681737
3.93205071621639	3.7645676779779	5.69729705857153	7.82256723478187
3.93837903123899	3.79015402080822	5.6973461534818	7.82553190980664
3.9447073462616	3.78804212167822	5.70338044246731	7.88494210462062
3.9510356612842	3.75071807025429	5.72741767534189	7.85254617713617
3.9573639763068	3.81272498597774	5.74515771187148	7.86267538438327
3.9636922913294	3.75539801174705	5.74293186463504	7.84777017197881
3.970020606352	3.80867936394595	5.76092323342064	7.8704971733028
3.9763489213746	3.82493471642513	5.74242168774103	7.94060469043711
3.98267723639721	3.79427201328046	5.75197001120184	7.93106380793967
3.98900555141981	3.86978598520743	5.7865700660925	7.9674316212019
3.99533386644241	3.80036966239028	5.78628033384657	7.94626466083736
4.00166218146501	3.8372357421786	5.7945364470022	7.9733647456905
4.00799049648761	3.85633930126939	5.79963479899664	8.04502616516976
4.01431881151022	3.84911099966283	5.81400891940039	7.98120520260255
4.02064712653282	3.79802332745445	5.8201207129651	7.99797349551548
4.02697544155542	3.86322365650694	5.82847080788454	7.98714429641874
4.03330375657802	3.88249074893959	5.84136311641324	8.02912034414571
4.03963207160062	3.87827852974714	5.85610522018472	8.03197436213452
4.04596038662322	3.86916621461982	5.85727959606504	8.03979963509088
4.05228870164583	3.8792399360957	5.86386931200003	8.07203960741153
4.05861701666843	3.85443804173376	5.87370512616108	8.09831422047361
4.06494533169103	3.86380438999592	5.88587552211129	8.08528369969138
4.07127364671363	3.92863663240034	5.90439334451339	8.13455987135539
4.07760196173624	3.85103698774441	5.91684558747403	8.11556279088593
4.08393027675884	3.93320953541057	5.9076149760024	8.1340829951428
4.09025859178144	3.90288348014143	5.95043735758958	8.12004086268444
4.09658690680404	3.90988474642252	5.93593564949377	8.20311706761172
4.10291522182664	3.92681618952636	5.93411048244649	8.19022456814453
4.10924353684924	3.91761838755461	5.9673109745785	8.16091548517434
4.11557185187185	3.97666857707122	5.96349546000702	8.201116232974
4.12190016689445	3.95292285572595	5.97738783316254	8.19062192183794
4.12822848191705	3.98008343609557	5.98936179180857	8.17825584693949
4.13455679693965	3.95841513199363	5.9768927030427	8.23809714568229
4.14088511196225	3.98766645332994	5.99650168521529	8.24025965846759
4.14721342698486	3.96420322233932	5.99372278336759	8.22132746650135
4.15354174200746	3.9659395856722	6.03734378475841	8.28533959709607
4.15987005703006	3.99509507128538	6.02687139340578	8.32003272746727
4.16619837205266	4.03974328492043	6.03735019369871	8.31324191351035
4.17252668707526	3.99765525515875	6.04298475642543	8.33498697353006
4.17885500209787	4.0364013774451	6.05567969438738	8.29460909503332
4.18518331712047	4.03341463856615	6.07809475160258	8.32054109397299
4.19151163214307	4.02466441236685	6.09092079315626	8.30498515388547
4.19783994716567	4.05126549798613	6.08058582137823	8.32657588572531
4.20416826218827	4.04707455768317	6.10469719959703	8.37874864234251
4.21049657721087	4.0185327537755	6.10453193914118	8.39266000120628
4.21682489223348	4.06902896276898	6.11852911559818	8.41310331789565
4.22315320725608	4.02375166008226	6.11648877590193	8.41924489636712
4.22948152227868	3.99192978794513	6.13589265377323	8.39017158755203
4.23580983730128	4.08202251151428	6.14898489341145	8.47118987508604
4.24213815232388	4.07872386089419	6.13724910726074	8.44793604345339
4.24846646734649	4.05733269650626	6.18767305502763	8.46629882517618
4.25479478236909	4.07057888308986	6.16991177491624	8.46065701927143
4.26112309739169	4.1292720874659	6.18281480614268	8.46056792418678
4.26745141241429	4.09461282333718	6.19955243076382	8.46217992176975
4.27377972743689	4.0975205579398	6.20727734179965	8.50448860098998
4.2801080424595	4.10046993495373	6.20137312150452	8.51937357284079
4.2864363574821	4.1338355330849	6.21602581385428	8.55180235575157
4.2927646725047	4.14241968831031	6.22374828878741	8.519179065041
4.2990929875273	4.1548807577056	6.23885104757192	8.54533580379842
4.3054213025499	4.12849421388763	6.24947085333743	8.5312121033497
4.3117496175725	4.13340968033495	6.24450604733911	8.54670923195911
4.31807793259511	4.19741673977587	6.2612385454647	8.57606754712727
4.32440624761771	4.14775398155692	6.28413191168056	8.61577811384134
4.33073456264031	4.17236743706439	6.28548362738909	8.60842651752464
4.33706287766291	4.22001061556939	6.29178181122042	8.64897418448585
4.34339119268551	4.19011914860722	6.30416073586106	8.67283634360285
4.34971950770812	4.15180210102921	6.31854233907935	8.67626652625525
4.35604782273072	4.17950921174699	6.31966066515289	8.63437082727163
4.36237613775332	4.23700281935446	6.33522869383943	8.66124984091199
4.36870445277592	4.21698937728554	6.34094615606325	8.69256134453975
4.37503276779852	4.21731265126645	6.34275605865987	8.71573357956216
4.38136108282112	4.22822477468145	6.35741840892335	8.78133665793805
4.38768939784373	4.23046241636096	6.35296978101525	8.77440856753503
4.39401771286633	4.2695410512912	6.37393067100427	8.75999903904398
4.40034602788893	4.24884267830424	6.40301957318822	8.75384201643215
4.40667434291153	4.2253269325186	6.39476286028774	8.7845695628167
4.41300265793413	4.27283104232037	6.41224733107543	8.72680062051695
4.41933097295674	4.27354793662987	6.42425649215968	8.75598329242995
4.42565928797934	4.25242484871825	6.42543641549228	8.7813030111872
4.43198760300194	4.26538049805488	6.44009033383057	8.84171721715863
