"mitochan"	"lwrNorm"	"medNorm"	"uprNorm"
-1.90327037354145	-3.54051501974887	-3.24454942121087	-2.95578351157078
-1.89706211451297	-3.53289613193817	-3.23025581912481	-2.94562266278378
-1.8908538554845	-3.51027066112851	-3.22876179774876	-2.9315598300786
-1.88464559645603	-3.50153700446154	-3.21053330474655	-2.9163075486852
-1.87843733742755	-3.48222133073826	-3.20209045350667	-2.90855014605376
-1.87222907839908	-3.48498317129631	-3.19717185018429	-2.89936348721389
-1.8660208193706	-3.47272955323669	-3.18741226824066	-2.90356547620782
-1.85981256034213	-3.45552658001543	-3.17283367103902	-2.89243705291146
-1.85360430131365	-3.445025152886	-3.16021856738076	-2.86890979924394
-1.84739604228518	-3.44401873464014	-3.15146880740892	-2.8745469981629
-1.8411877832567	-3.43806319759065	-3.14354043452684	-2.86217780693475
-1.83497952422823	-3.43143240394822	-3.12617669722518	-2.83959176656701
-1.82877126519975	-3.40199271592695	-3.1230474345408	-2.83491735528319
-1.82256300617128	-3.400341962632	-3.11164539149517	-2.83843084712669
-1.8163547471428	-3.3939676975767	-3.09721810190637	-2.81952661908053
-1.81014648811433	-3.368263866707	-3.09117908449535	-2.79988914840155
-1.80393822908586	-3.36245644672666	-3.08062609429899	-2.79889346054357
-1.79772997005738	-3.35908182641284	-3.0673884733216	-2.79140257566468
-1.79152171102891	-3.35006836565402	-3.07163999521724	-2.76683571300069
-1.78531345200043	-3.32835479567169	-3.04121929982573	-2.77025477325142
-1.77910519297196	-3.33958571414035	-3.03970799642321	-2.75653622608354
-1.77289693394348	-3.31162307763831	-3.02839516001268	-2.73818945233119
-1.76668867491501	-3.31541513588457	-3.02122356774914	-2.73362740230006
-1.76048041588653	-3.30030738854822	-3.00724279643995	-2.72297163061113
-1.75427215685806	-3.28428014093352	-2.99743335630903	-2.72263564443078
-1.74806389782958	-3.27916290984637	-2.99008362358419	-2.7200073625192
-1.74185563880111	-3.28609683710817	-2.98297035040084	-2.68572233597641
-1.73564737977264	-3.26312152256766	-2.96699350102334	-2.69408683263595
-1.72943912074416	-3.24128493219996	-2.95565084827767	-2.67232883834492
-1.72323086171569	-3.24047714390315	-2.9471279483653	-2.65252903887232
-1.71702260268721	-3.22671065943408	-2.93944537053826	-2.64925371716608
-1.71081434365874	-3.21631223365483	-2.92805702763243	-2.64608543741748
-1.70460608463026	-3.20728740619321	-2.92253023474024	-2.63983588142062
-1.69839782560179	-3.19002547862341	-2.91052342428702	-2.62053068752474
-1.69218956657331	-3.19529627063605	-2.90392446943393	-2.61588384301166
-1.68598130754484	-3.18357820811304	-2.89033588763598	-2.6049788655801
-1.67977304851636	-3.15906528797197	-2.8807654367701	-2.6057812677576
-1.67356478948789	-3.144096638192	-2.86411426863873	-2.57347529239675
-1.66735653045942	-3.15626555358387	-2.85871164650296	-2.57153812961644
-1.66114827143094	-3.14419600702472	-2.85206639374035	-2.55459435900344
-1.65494001240247	-3.1146187618668	-2.83774397472195	-2.54027299917661
-1.64873175337399	-3.11402006226072	-2.82360055382025	-2.55681894832672
-1.64252349434552	-3.10876940047583	-2.81840096403634	-2.53083720190781
-1.63631523531704	-3.10084453823531	-2.79953762421336	-2.520368251118
-1.63010697628857	-3.08676285312641	-2.79754589202074	-2.51719979315713
-1.62389871726009	-3.06177829120934	-2.78369497591464	-2.49179347709406
-1.61769045823162	-3.05404447674297	-2.77123774906261	-2.50338338742684
-1.61148219920314	-3.04582583847156	-2.76481378090713	-2.48253928216401
-1.60527394017467	-3.04723427669249	-2.7601876240767	-2.45911552024203
-1.5990656811462	-3.03622278000803	-2.74507718562551	-2.46089390444053
-1.59285742211772	-3.0133752453171	-2.732391596563	-2.45848085212856
-1.58664916308925	-3.01074320195024	-2.73230650569334	-2.44518574244
-1.58044090406077	-3.00238519186191	-2.71823216481334	-2.42282441798783
-1.5742326450323	-2.99505899329307	-2.70897885672992	-2.433030867475
-1.56802438600382	-2.97852593590296	-2.68916547730336	-2.41273887939401
-1.56181612697535	-2.96539036056704	-2.68412638371954	-2.39821199578977
-1.55560786794687	-2.96047026202224	-2.668547523417	-2.39269230949756
-1.5493996089184	-2.94835575635754	-2.66749862783821	-2.38015839996857
-1.54319134988992	-2.93659841655838	-2.65532724738589	-2.36139185627717
-1.53698309086145	-2.91756121924098	-2.64947935152847	-2.35495677106659
-1.53077483183298	-2.90551193194481	-2.63569558711422	-2.35839751553584
-1.5245665728045	-2.91352303194938	-2.62407925569216	-2.34272428792464
-1.51835831377603	-2.90778021941969	-2.60872202444358	-2.31959020505706
-1.51215005474755	-2.88930958012911	-2.60255174590606	-2.31665241853278
-1.50594179571908	-2.89524184093029	-2.59303655955567	-2.31288795546035
-1.4997335366906	-2.86434960019189	-2.58639030878912	-2.28963854051079
-1.49352527766213	-2.85839206294825	-2.5656797546056	-2.3027511028474
-1.48731701863365	-2.84401088541049	-2.5598726500787	-2.28154768930889
-1.48110875960518	-2.84262732825132	-2.55442908443275	-2.27961702830436
-1.4749005005767	-2.84556048684412	-2.53550461722447	-2.25057050926869
-1.46869224154823	-2.81225199991642	-2.53646964037564	-2.25467741659426
-1.46248398251975	-2.81256704619423	-2.51561166741977	-2.24081940186705
-1.45627572349128	-2.79914874611039	-2.51017044082545	-2.24090020459495
-1.45006746446281	-2.77559333487199	-2.50927117753851	-2.21543381320772
-1.44385920543433	-2.77707636431437	-2.49004901945802	-2.22177356373989
-1.43765094640586	-2.76013306258758	-2.48080509165553	-2.20509325854583
-1.43144268737738	-2.75029698901052	-2.47292075409704	-2.18255140182938
-1.42523442834891	-2.75433667170893	-2.46039276025699	-2.16824714358065
-1.41902616932043	-2.73771215359695	-2.44663026363196	-2.16828980753357
-1.41281791029196	-2.722750953455	-2.44549125062011	-2.15677684199198
-1.40660965126348	-2.72211901476777	-2.43176125770408	-2.14040405720004
-1.40040139223501	-2.71371863500145	-2.42364143644307	-2.1329029087809
-1.39419313320653	-2.69738573380009	-2.41663710195734	-2.11454211001263
-1.38798487417806	-2.69314624839656	-2.4021520938544	-2.12226978419302
-1.38177661514959	-2.68204509252946	-2.39467096930014	-2.11787278989106
-1.37556835612111	-2.65876678188546	-2.37840931087578	-2.0852374779031
-1.36936009709264	-2.65299704157562	-2.36515281257457	-2.08946960630624
-1.36315183806416	-2.66003313006359	-2.36470179514591	-2.08264271793046
-1.35694357903569	-2.63905132589901	-2.34603881225346	-2.06884251196479
-1.35073532000721	-2.64147888768583	-2.33592866087097	-2.05956482101921
-1.34452706097874	-2.6129078528947	-2.33535291703536	-2.05196444940492
-1.33831880195026	-2.61440970983847	-2.31679889381828	-2.04102230364753
-1.33211054292179	-2.60923570540633	-2.309191890898	-2.00687260733555
-1.32590228389331	-2.57604866867672	-2.30023246210874	-2.01635842767228
-1.31969402486484	-2.58305884920543	-2.29961369799341	-2.00722546930351
-1.31348576583637	-2.56751035194466	-2.27915361897688	-2.00296634644796
-1.30727750680789	-2.54745954117713	-2.26900575771578	-1.98792441666559
-1.30106924777942	-2.5413349020213	-2.26424351172012	-1.97589023954381
-1.29486098875094	-2.52597947590872	-2.25004413430807	-1.96762957127681
-1.28865272972247	-2.51948522271415	-2.23573399187816	-1.95310850337236
-1.28244447069399	-2.49574598608652	-2.22808098756847	-1.93848881119965
-1.27623621166552	-2.5011676177873	-2.22135813560192	-1.93449166147079
-1.27002795263704	-2.47510837491203	-2.20955176676009	-1.92894235743238
-1.26381969360857	-2.48113214705374	-2.19745336208573	-1.90257869908847
-1.25761143458009	-2.46744359706363	-2.18523287836496	-1.89843963675698
-1.25140317555162	-2.45806971396586	-2.17956510874142	-1.90608698359705
-1.24519491652315	-2.447620602959	-2.16558987570574	-1.87493349296498
-1.23898665749467	-2.44462751963767	-2.1590725612433	-1.85923258368307
-1.2327783984662	-2.42715326225833	-2.14269582723789	-1.85472532672847
-1.22657013943772	-2.41196748245427	-2.13426019623266	-1.85446857990679
-1.22036188040925	-2.39775433332937	-2.12682314468134	-1.83487845282571
-1.21415362138077	-2.38726037225346	-2.1130891936032	-1.82549891397669
-1.2079453623523	-2.38299808782995	-2.10784300507121	-1.83267232458663
-1.20173710332382	-2.37476340104764	-2.09999437356624	-1.80751214912699
-1.19552884429535	-2.37500375354458	-2.08403545344298	-1.79907986235668
-1.18932058526687	-2.34614070275026	-2.07346046044462	-1.79192683205822
-1.1831123262384	-2.35995056138675	-2.06533308385263	-1.78653838195507
-1.17690406720992	-2.33261018447583	-2.06569573167665	-1.78067666856165
-1.17069580818145	-2.31629763744677	-2.04770175440882	-1.76712957678842
-1.16448754915298	-2.3159962062821	-2.0327385603482	-1.7562802834704
-1.1582792901245	-2.30029234194845	-2.02598087176426	-1.7552504239181
-1.15207103109603	-2.29271837197397	-2.01333342944592	-1.73242099663328
-1.14586277206755	-2.27423712445028	-1.99360634837251	-1.72335159420831
-1.13965451303908	-2.296336907367	-1.99850815895854	-1.72421357248833
-1.1334462540106	-2.26554901177061	-1.98470370475742	-1.69809478959722
-1.12723799498213	-2.26051467200104	-1.97607042571208	-1.6999885453176
-1.12102973595365	-2.25480463920481	-1.96661935708937	-1.6756570322186
-1.11482147692518	-2.22961631231329	-1.94646011905331	-1.66943599913666
-1.1086132178967	-2.22959049722681	-1.94910582259896	-1.67068596710966
-1.10240495886823	-2.21772578226112	-1.93248835515178	-1.65410033664057
-1.09619669983976	-2.19926790877465	-1.92126225358776	-1.63408097643603
-1.08998844081128	-2.20016965063685	-1.91680187363883	-1.62677499613717
-1.08378018178281	-2.18480149077693	-1.90137340191287	-1.62312184642495
-1.07757192275433	-2.16678762900935	-1.88838208061103	-1.61078957117047
-1.07136366372586	-2.14885611249449	-1.87756419058467	-1.58920029488361
-1.06515540469738	-2.13969062325122	-1.88133696442383	-1.59688802087442
-1.05894714566891	-2.14802193822215	-1.86540992644769	-1.57662885540288
-1.05273888664043	-2.14710021477477	-1.84913595713668	-1.57976728840442
-1.04653062761196	-2.11902190481655	-1.84064169373189	-1.56328546951554
-1.04032236858348	-2.1004266672519	-1.82771656252127	-1.5504924811184
-1.03411410955501	-2.08984485039427	-1.82000007290087	-1.54494494306599
-1.02790585052654	-2.09704144227617	-1.81199782228176	-1.5425007364486
-1.02169759149806	-2.08334881321193	-1.79853273885665	-1.52746718701642
-1.01548933246959	-2.07568711265643	-1.79316440059754	-1.52177132611124
-1.00928107344111	-2.05250393326908	-1.7794936227235	-1.50222178713655
-1.00307281441264	-2.06212285380654	-1.77401129107391	-1.48122569023362
-0.996864555384163	-2.03707120314724	-1.75912543129136	-1.47263599211787
-0.990656296355688	-2.016226621537	-1.74655078291566	-1.47485964903984
-0.984448037327214	-2.03026489213363	-1.74747848907515	-1.46628403701821
-0.978239778298739	-2.00235427643457	-1.72712683290235	-1.44113842551984
-0.972031519270264	-1.99908161540901	-1.72447709869313	-1.43284679513794
-0.96582326024179	-1.99886091177844	-1.71241103292837	-1.4194867683046
-0.959615001213315	-1.97752875865561	-1.70363258402234	-1.43072179929465
-0.953406742184841	-1.96735859253286	-1.69554089700995	-1.40643852674536
-0.947198483156366	-1.95925066389747	-1.68443528312947	-1.40906622165229
-0.940990224127892	-1.9474554739859	-1.65769079365205	-1.38835472527607
-0.934781965099417	-1.93992302040101	-1.66696901705957	-1.3886950356948
-0.928573706070942	-1.92052699199949	-1.65715643330624	-1.37569341988534
-0.922365447042468	-1.93221113559311	-1.6443117618205	-1.351291123473
-0.916157188013993	-1.90693856925838	-1.63253504477776	-1.34472130365712
-0.909948928985519	-1.90308254660825	-1.62425560458854	-1.34362729780394
-0.903740669957044	-1.87885740936759	-1.60381163975232	-1.34346843268644
-0.89753241092857	-1.8845730271802	-1.60024089781697	-1.31396084506195
-0.891324151900095	-1.87152381118349	-1.59069125834769	-1.31881004263692
-0.88511589287162	-1.83581324800141	-1.57465408067082	-1.30144558694004
-0.878907633843146	-1.84674435231275	-1.5689498901039	-1.28498036486462
-0.872699374814671	-1.83889899627975	-1.56261620600588	-1.2986955393294
-0.866491115786197	-1.82129444460885	-1.54995588888927	-1.26414779380175
-0.860282856757722	-1.822796527157	-1.54426012929307	-1.27174153091519
-0.854074597729248	-1.81698553684622	-1.52878746110185	-1.2511416384439
-0.847866338700773	-1.79206833330635	-1.51831428909534	-1.23761689323813
-0.841658079672299	-1.77359626488341	-1.50725942423239	-1.22271219467241
-0.835449820643824	-1.77048615041777	-1.49509861234336	-1.21416295431738
-0.82924156161535	-1.7695834830459	-1.48920110261622	-1.19764898413292
-0.823033302586875	-1.73897470679494	-1.47656889296483	-1.20077254855231
-0.8168250435584	-1.7422359348791	-1.47132200309713	-1.20374314578374
-0.810616784529926	-1.73347399779082	-1.45026696980069	-1.18424265328005
-0.804408525501451	-1.72303157856528	-1.44709035016143	-1.17306544537471
-0.798200266472977	-1.70968492268094	-1.44567194644068	-1.17516497129804
-0.791992007444502	-1.70314206363711	-1.4311604663333	-1.15689022467065
-0.785783748416027	-1.69171782990058	-1.41573832946231	-1.1391238059095
-0.779575489387553	-1.69243740360234	-1.40374449589986	-1.11609230821897
-0.773367230359078	-1.66488761595917	-1.39398998512819	-1.10769709397168
-0.767158971330604	-1.66869546282511	-1.38171704232174	-1.09720633425245
-0.760950712302129	-1.66229001529925	-1.38152862250846	-1.09974988898278
-0.754742453273655	-1.64465272511479	-1.36331194982699	-1.08961492229689
-0.74853419424518	-1.63670996064762	-1.35759954223575	-1.07524045231379
-0.742325935216706	-1.62193368768339	-1.34920461582966	-1.0730586074473
-0.736117676188231	-1.61722528530834	-1.3346474169297	-1.05443489976407
-0.729909417159756	-1.58742720333096	-1.32029375933964	-1.03506315505541
-0.723701158131282	-1.59545808924089	-1.31015958308928	-1.03969409534548
-0.717492899102807	-1.58224797650918	-1.2993209681587	-1.01706431730852
-0.711284640074333	-1.56900090312476	-1.29772777222327	-1.0161190101122
-0.705076381045858	-1.56483664965299	-1.29008192239416	-0.994089222679907
-0.698868122017384	-1.55764702687855	-1.27057055862445	-0.98871821257954
-0.692659862988909	-1.53739384232191	-1.25976777008984	-0.975418772956343
-0.686451603960434	-1.533243399399	-1.25160835154549	-0.981604079705225
-0.68024334493196	-1.52279575329164	-1.24498205903713	-0.979435049788225
-0.674035085903485	-1.51971905659397	-1.23117039152887	-0.951141707423404
-0.667826826875011	-1.49245715362905	-1.22053804097074	-0.957289590842556
-0.661618567846536	-1.49091469272878	-1.2099650516996	-0.930308318150863
-0.655410308818062	-1.48362537741395	-1.20465484463347	-0.928869091406359
-0.649202049789587	-1.47654229626866	-1.19718503084309	-0.912634886264325
-0.642993790761113	-1.4687628768939	-1.18127089459438	-0.895142744146473
-0.636785531732638	-1.4558305831832	-1.1717293880976	-0.886578731754812
-0.630577272704163	-1.43899091445608	-1.16158416683319	-0.877383369390926
-0.624369013675689	-1.43431318165821	-1.15103053872896	-0.864705373841167
-0.618160754647214	-1.40502297353584	-1.14237011980096	-0.866233637561626
-0.61195249561874	-1.42319788378979	-1.14258269434622	-0.87231684186765
-0.605744236590265	-1.39644318050516	-1.12510728443926	-0.849088946718341
-0.59953597756179	-1.38768914018399	-1.10674959280791	-0.837551875694836
-0.593327718533316	-1.38707943728172	-1.09901211698523	-0.826530539352343
-0.587119459504841	-1.3684167089901	-1.09618972761007	-0.824522704121136
-0.580911200476367	-1.3565710366043	-1.08313211169851	-0.805553830588629
-0.574702941447892	-1.34968724468667	-1.07178888590683	-0.792916963317712
-0.568494682419418	-1.34624408645524	-1.05958699768341	-0.788984297038279
-0.562286423390943	-1.32508203420185	-1.05604323498879	-0.772617989532393
-0.556078164362469	-1.31144332337665	-1.03950960914266	-0.77105990934897
-0.549869905333994	-1.32062438796951	-1.04132465914685	-0.761557830538626
-0.54366164630552	-1.31025369503273	-1.02298603276328	-0.749947725447658
-0.537453387277045	-1.27547882940256	-1.01026316650907	-0.746436461288214
-0.53124512824857	-1.26670167562024	-0.998556960391467	-0.726062271429688
-0.525036869220096	-1.2678035919534	-0.993749463798126	-0.718956271328881
-0.518828610191621	-1.25251638351475	-0.982089671917611	-0.701874698941949
-0.512620351163147	-1.24700374256008	-0.966638014785026	-0.698264232048586
-0.506412092134672	-1.23663276655481	-0.965614301010144	-0.675147984198738
-0.500203833106198	-1.21971597460644	-0.950247498138146	-0.684787607970601
-0.493995574077723	-1.22476795874543	-0.940360263308732	-0.653945988794452
-0.487787315049248	-1.22034337909231	-0.925514900675519	-0.661005444807409
-0.481579056020774	-1.19383192629361	-0.921280831697168	-0.648973765767972
-0.475370796992299	-1.19451882366271	-0.909242887735491	-0.629357823878029
-0.469162537963825	-1.17587375194863	-0.900488004204486	-0.630535412114419
-0.46295427893535	-1.16281593974989	-0.889838445367434	-0.608205559127553
-0.456746019906876	-1.15355141100585	-0.885307424853338	-0.624987747241993
-0.450537760878401	-1.14638455313306	-0.867373777872569	-0.596518018144843
-0.444329501849926	-1.13285770102919	-0.8603747075255	-0.580793711330842
-0.438121242821452	-1.12875577789317	-0.845185331748969	-0.572965046614389
-0.431912983792977	-1.10707951538293	-0.838268004841676	-0.560466334760217
-0.425704724764503	-1.12691224370984	-0.832187855614508	-0.545609397273818
-0.419496465736028	-1.10125228937182	-0.816818034369902	-0.540777363925213
-0.413288206707554	-1.0954675946045	-0.805833935634119	-0.551330633077148
-0.407079947679079	-1.0666519644288	-0.792665437595014	-0.532361277396815
-0.400871688650605	-1.06744881985403	-0.78330130891045	-0.514044285244972
-0.39466342962213	-1.04039794733592	-0.777366000073791	-0.506803406312835
-0.388455170593655	-1.04452198435893	-0.766576437820554	-0.507111658516078
-0.382246911565181	-1.03544099099541	-0.75704446797443	-0.480213720277343
-0.376038652536706	-1.02180325451138	-0.752536274688267	-0.47380579754842
-0.369830393508232	-1.00662675778951	-0.741393445342059	-0.472836081828746
-0.363622134479757	-0.991501223389996	-0.727145913874453	-0.451706564042654
-0.357413875451283	-0.992594796950048	-0.723946037366351	-0.446495955138811
-0.351205616422808	-1.00186881025988	-0.702817415803722	-0.420653378892824
-0.344997357394333	-0.970971883547905	-0.696496627111146	-0.418949014841673
-0.338789098365859	-0.963017995497588	-0.681607153222563	-0.413791449321642
-0.332580839337384	-0.939691720068513	-0.674316832514551	-0.406834006708088
-0.32637258030891	-0.964273628394967	-0.661784199545096	-0.381462369829121
-0.320164321280435	-0.935174401743381	-0.6538278028699	-0.38213532636118
-0.313956062251961	-0.914503406017282	-0.649403147556267	-0.378470772833452
-0.307747803223486	-0.914411455062936	-0.636224062377729	-0.372505780198612
-0.301539544195011	-0.912691594728168	-0.632599992975485	-0.357689800105721
-0.295331285166537	-0.882456175248441	-0.613163733929062	-0.345093397756549
-0.289123026138062	-0.892937831539114	-0.606743857909051	-0.335105587258679
-0.282914767109588	-0.849879955382193	-0.592411236757826	-0.319463060568598
-0.276706508081113	-0.862047082914899	-0.586243818509036	-0.298421723990753
-0.270498249052639	-0.82947735621857	-0.58204420600168	-0.293086343880934
-0.264289990024164	-0.826688422606582	-0.560611227259823	-0.278799346139114
-0.25808173099569	-0.830932078441773	-0.557800312135853	-0.285272022533498
-0.251873471967215	-0.816283042614532	-0.548721699688957	-0.270144321243042
-0.24566521293874	-0.810505631240704	-0.537830962719021	-0.255963905781832
-0.239456953910266	-0.800186598157345	-0.517142396310767	-0.255747310200652
-0.233248694881791	-0.779130973962347	-0.519868790364913	-0.242243305908709
-0.227040435853317	-0.786048909764397	-0.504955019911748	-0.241594661903994
-0.220832176824842	-0.781380139456369	-0.496221466095216	-0.20569504095455
-0.214623917796368	-0.757647029838734	-0.4880461188974	-0.206436810629678
-0.208415658767893	-0.745714669611338	-0.472225588710437	-0.196579347188608
-0.202207399739418	-0.733267088738418	-0.468864255287936	-0.205250409649308
-0.195999140710944	-0.739109255152787	-0.458135704197805	-0.172104919866152
-0.189790881682469	-0.718655684515809	-0.440356801196991	-0.161960902933674
-0.183582622653995	-0.71104451325946	-0.429200196277221	-0.153846731986096
-0.17737436362552	-0.691457293848363	-0.427904208557014	-0.135102983080244
-0.171166104597046	-0.686627192572635	-0.412655754171524	-0.138641643507575
-0.164957845568571	-0.6698051839221	-0.404833933161013	-0.139505803083015
-0.158749586540097	-0.648078274482516	-0.398096031596943	-0.130566313817009
-0.152541327511622	-0.66171052086207	-0.386005012071411	-0.103435665220525
-0.146333068483147	-0.647540422901275	-0.377516721679636	-0.0947552886668384
-0.140124809454673	-0.631569476605532	-0.358740881044676	-0.0922592121904986
-0.133916550426198	-0.632845642175542	-0.355662063788143	-0.0702102116572995
-0.127708291397724	-0.611249500378545	-0.334413182597243	-0.0505550141138069
-0.121500032369249	-0.609945280728742	-0.327827664092826	-0.0467742555269797
-0.115291773340775	-0.595989324174349	-0.319697053774879	-0.0530178408787019
-0.1090835143123	-0.585580809432191	-0.317747775542408	-0.0402827109327091
-0.102875255283825	-0.575086179374662	-0.297954669052035	-0.0367341821059971
-0.0966669962553508	-0.551383850676248	-0.286319905089511	-0.0156544853681951
-0.0904587372268764	-0.530262287402102	-0.279949034753737	0.000323577774469547
-0.0842504781984017	-0.560875454141088	-0.263726969184773	0.00263724257347852
-0.0780422191699273	-0.538350506419076	-0.261569359066467	0.0173718047399301
-0.0718339601414526	-0.517329330926919	-0.249528427389758	0.0169293365457456
-0.0656257011129782	-0.512356105741741	-0.245092793271518	0.0302323589989408
-0.0594174420845035	-0.497463219023096	-0.234965684682334	0.0392258860578926
-0.0532091830560288	-0.49364543245877	-0.223266210496715	0.0538838075971881
-0.0470009240275544	-0.47496144781753	-0.211583519295734	0.0612447051669875
-0.0407926649990797	-0.481541483333976	-0.199608314902159	0.0708842464990553
-0.0345844059706053	-0.458314666293619	-0.193567353509349	0.0785735954874292
-0.0283761469421306	-0.461220603310768	-0.176093695675774	0.0956857850313168
-0.0221678879136562	-0.432680336545843	-0.168597666284276	0.0972442216032734
-0.0159596288851815	-0.446881538207204	-0.160343602553275	0.113921274302498
-0.00975136985670688	-0.43089585015617	-0.152015467238264	0.117320767763251
-0.00354311082823244	-0.410443386864224	-0.140339195422956	0.132564506953366
0.00266514820024222	-0.411429178998833	-0.136588179006228	0.118840277577645
0.00887340722871666	-0.385752229358147	-0.112896287600229	0.163630822712326
0.0150816662571913	-0.375404101461417	-0.105294419539094	0.170137287751836
0.0212899252856658	-0.358316811965067	-0.0963899380054062	0.189585722149826
0.0274981843141404	-0.365687494815837	-0.0901749735807795	0.197058273252957
0.0337064433426151	-0.359566253415793	-0.0834912264952084	0.196159969596847
0.0399147023710895	-0.349223147269203	-0.0721527235249904	0.211958819421932
0.0461229613995642	-0.318970596681874	-0.0582695391934107	0.228172549355878
0.0523312204280386	-0.31943224561554	-0.0477729449233754	0.229140064663333
0.0585394794565133	-0.30699891870988	-0.0383630592304459	0.22720630035068
0.0647477384849877	-0.299993151217924	-0.0225230654555194	0.241143193604966
0.0709559975134624	-0.284797408257666	-0.0178148962776227	0.254023816546127
0.0771642565419368	-0.285465563000647	-0.00654079837344288	0.270709082250065
0.0833725155704115	-0.259347241076269	0.0136884448138131	0.268005335450733
0.0895807745988861	-0.263554414507478	0.0131996063244316	0.285237198081447
0.0957890336273606	-0.248723239254654	0.0135355677341472	0.301770432965045
0.101997292655835	-0.230300353753736	0.0276359040904306	0.294294167344129
0.10820555168431	-0.234186367842499	0.0400348390740474	0.306647448716734
0.114413810712784	-0.226204642318904	0.055643986260467	0.327976336575037
0.120622069741259	-0.214691530478304	0.0622382542763015	0.329541857364153
0.126830328769733	-0.197122705186274	0.0779712014138278	0.358324495654842
0.133038587798208	-0.188732704249048	0.0920209885985926	0.354709878724718
0.139246846826683	-0.181782986965608	0.086318721755757	0.356105624294069
0.145455105855157	-0.167860973088323	0.10735194003979	0.379736496688322
0.151663364883632	-0.160076617685349	0.113211643765196	0.391890791851713
0.157871623912106	-0.149787914370217	0.122280685824252	0.388099627913871
0.164079882940581	-0.1395177960683	0.131813426564135	0.388316209064173
0.170288141969055	-0.120127066646733	0.150826195408256	0.424835311427434
0.17649640099753	-0.125522748818839	0.158075866590428	0.434899936652181
0.182704660026004	-0.0940014281906377	0.161478303123759	0.460545948406974
0.188912919054479	-0.0993194929966774	0.174702575238274	0.448790008285721
0.195121178082954	-0.0875021712296962	0.185994894163785	0.469834508492499
0.201329437111428	-0.070793570206394	0.198035359352087	0.476142731069011
0.207537696139903	-0.0624085176415993	0.217761853582703	0.488224594233928
0.213745955168377	-0.0544465610171048	0.215569274277814	0.48552495158315
0.219954214196852	-0.0506794257969526	0.23003773803539	0.510547546320785
0.226162473225326	-0.0309456649611655	0.239403360259259	0.49462814025728
0.232370732253801	-0.0170218088819023	0.254439677909116	0.518503578894304
0.238578991282276	-0.0184996855112358	0.255905932154906	0.52251153057545
0.24478725031075	-0.00418991188246406	0.268135295407917	0.551311411085487
0.250995509339225	0.0100389218659614	0.273977589728175	0.540838659403639
0.257203768367699	0.0262386613762428	0.292905835122534	0.556312432758192
0.263412027396174	0.0334269536960813	0.306306081308245	0.566773382121344
0.269620286424648	0.031941848871505	0.309058616449888	0.5757477677135
0.275828545453123	0.045137412118171	0.313100836071071	0.600274957609172
0.282036804481598	0.0542692046033142	0.328725540035767	0.597499826166307
0.288245063510072	0.0764090721997641	0.343238584161978	0.61936255321226
0.294453322538547	0.0758415922013585	0.348233692269336	0.628003710946881
0.300661581567021	0.0895989477967262	0.357395229870076	0.634028794674468
0.306869840595496	0.0953159854473052	0.3674351329096	0.635481760987768
0.31307809962397	0.105884036237338	0.374993206619947	0.647766569283422
0.319286358652445	0.12550237920437	0.385451650625605	0.66119472289666
0.325494617680919	0.122291674829967	0.401524134077147	0.653381190254775
0.331702876709394	0.141511331442848	0.412968330841643	0.682551827348745
0.337911135737869	0.156676721877978	0.42404524320037	0.690954963124953
0.344119394766343	0.157795026702326	0.435654782200029	0.698772113924263
0.350327653794818	0.157580420648308	0.437839792389952	0.707930395969741
0.356535912823292	0.169808960504688	0.447979308356677	0.718288696504454
0.362744171851767	0.187606597193915	0.456816403302267	0.753262630323871
0.368952430880241	0.202728147870828	0.461837990489244	0.744332467683416
0.375160689908716	0.206601669846598	0.483632433052875	0.74784371207662
0.381368948937191	0.227510405916049	0.490566784334416	0.745959900873239
0.387577207965665	0.233786367307483	0.50014528453594	0.768153962203022
0.39378546699414	0.233481396699759	0.512601335813619	0.785687605360183
0.399993726022614	0.251190294582786	0.519072794477133	0.782297574299229
0.406201985051089	0.261140017541071	0.528315027622041	0.812116024933207
0.412410244079563	0.279279290460216	0.53983517724989	0.826725576133646
0.418618503108038	0.280442168463913	0.550865230610995	0.821330698834636
0.424826762136512	0.292941823204798	0.564487681781887	0.83418522675531
0.431035021164987	0.306613990868351	0.564213118236261	0.855078755049893
0.437243280193462	0.305159764392609	0.58688556436383	0.847867674454857
0.443451539221936	0.313659587318756	0.587095653650018	0.859530036765857
0.449659798250411	0.329431624031964	0.599678197576853	0.865009548817435
0.455868057278885	0.325945808331639	0.611315742345128	0.897209957010551
0.46207631630736	0.35139020301481	0.619801365221016	0.891959899095269
0.468284575335834	0.369768544775147	0.631083338179572	0.907153647116785
0.474492834364309	0.380972323747081	0.642357147579757	0.90122579760567
0.480701093392784	0.387559298890975	0.652739869311942	0.919687859061832
0.486909352421258	0.401121581898906	0.666905531737292	0.919906922679225
0.493117611449733	0.38922660074248	0.666472468179932	0.954940106445685
0.499325870478207	0.408227454375232	0.688063356157912	0.955368256499343
0.505534129506682	0.441154087924231	0.693966542615798	0.95275292804294
0.511742388535156	0.437639296856182	0.69678196303988	0.970248616335603
0.517950647563631	0.434202708337759	0.711593476315116	0.989173544358494
0.524158906592105	0.426951267895352	0.716778635773728	0.983418915785156
0.53036716562058	0.471682206200344	0.731735164484864	0.996896611659563
0.536575424649055	0.467874527590866	0.741465389130279	1.0208468372718
0.542783683677529	0.477010126054204	0.75855780711232	1.01430153497828
0.548991942706004	0.499572496329488	0.764705004870994	1.03048968681845
0.555200201734478	0.511854154400738	0.772972080295377	1.0518510716797
0.561408460762953	0.50644022636345	0.78064687895436	1.0507609258556
0.567616719791427	0.529028455139665	0.802781096925626	1.07987377935008
0.573824978819902	0.519906300081488	0.803178857994202	1.07683066765984
0.580033237848376	0.562918891061393	0.812779741094129	1.0806151419138
0.586241496876851	0.549535049735915	0.824428294364875	1.10390667183239
0.592449755905326	0.559013550718405	0.835132311983079	1.12256570453448
0.5986580149338	0.568178101668753	0.84897048506167	1.11413322222146
0.604866273962275	0.564794394314774	0.848822308539804	1.1389041460876
0.611074532990749	0.593786525359361	0.865157292260302	1.13355596149073
0.617282792019224	0.608246417339942	0.874344436510111	1.14588876355558
0.623491051047699	0.616526532908056	0.885274317908335	1.15627857345669
0.629699310076173	0.613582778523928	0.88933322372992	1.17615480506386
0.635907569104648	0.62846355992851	0.90626266194288	1.16741784672007
0.642115828133122	0.635075069066	0.912788233803943	1.18108870130738
0.648324087161597	0.654496170076322	0.927237014567408	1.20695332325767
0.654532346190071	0.663758714780026	0.936469271650061	1.21062594647871
0.660740605218546	0.670106515941337	0.937894950829628	1.22805192912974
0.66694886424702	0.685540441807288	0.957318846817864	1.23414023226001
0.673157123275495	0.70428470624301	0.967423365060258	1.2284748125004
0.67936538230397	0.702334876270434	0.979287213763064	1.24196524128133
0.685573641332444	0.722299863106004	0.993725359824303	1.2560503481482
0.691781900360919	0.736327419900295	1.001603815055	1.27221932149776
0.697990159389393	0.745705520434669	1.01124588144068	1.27773650672323
0.704198418417868	0.753765650641497	1.01803017718551	1.29347796990929
0.710406677446342	0.753735538076149	1.03144996635283	1.30493708713488
0.716614936474817	0.764096198197723	1.03801460984973	1.31463037121493
0.722823195503291	0.77372419120878	1.0454743172399	1.31116785228327
0.729031454531766	0.790921521295263	1.05552250331225	1.32638987696756
0.735239713560241	0.799422327288965	1.06533341021292	1.33360953988901
0.741447972588715	0.799463882162321	1.07190529325076	1.34761111522299
0.74765623161719	0.820223164336789	1.08988864162612	1.35972725189936
0.753864490645664	0.83722460368685	1.10567893723717	1.37207176265092
0.760072749674139	0.840444454079755	1.11336805260163	1.38000055212375
0.766281008702614	0.849579731599432	1.11310472219162	1.38888158009589
0.772489267731088	0.850229795600978	1.12547837563998	1.39550063171805
0.778697526759563	0.874082766248055	1.13694754569608	1.41037886014853
0.784905785788037	0.873927719703837	1.14809786907261	1.41617363394143
0.791114044816512	0.893048349043448	1.16085565685074	1.44802159575552
0.797322303844986	0.890408996983172	1.18200624923095	1.4382047623789
0.803530562873461	0.916576204717613	1.18486544182321	1.4370077999533
0.809738821901935	0.921343916124661	1.18911030403966	1.4699884562377
0.81594708093041	0.932237147637593	1.20439120618466	1.4661014216896
0.822155339958885	0.936653616934078	1.20674618420212	1.47715009280215
0.828363598987359	0.941601778313249	1.22332224178142	1.50429449185126
0.834571858015834	0.939116047442357	1.22869627804644	1.50322580761261
0.840780117044308	0.975059676201912	1.24190932047436	1.51010097103515
0.846988376072783	0.980370002142282	1.25261556918714	1.52246710180628
0.853196635101257	0.975177597641713	1.25685118723288	1.53225130357298
0.859404894129732	0.992302696834333	1.27173664987699	1.53814967021605
0.865613153158206	1.02029147042072	1.28145318206409	1.55156895614331
0.871821412186681	1.03171168934923	1.29474168009348	1.57231565377345
0.878029671215156	1.0272904927082	1.3037744403258	1.56247628295364
0.88423793024363	1.04025001535741	1.31742495480771	1.5868322190385
0.890446189272105	1.03749351072003	1.31567508970238	1.58856172125835
0.896654448300579	1.0784069108919	1.33158737419871	1.59857328437745
0.902862707329054	1.07037106852595	1.34301602743076	1.62009228233314
0.909070966357528	1.08997629712062	1.34433653645108	1.61880264323472
0.915279225386003	1.08237458077819	1.36460210871841	1.63615044808277
0.921487484414477	1.09959457758432	1.36990406038415	1.64602297695463
0.927695743442952	1.10892189169769	1.38143791367671	1.65112270292049
0.933904002471427	1.12510378043032	1.39664268737642	1.6582214513786
0.940112261499901	1.11750251889408	1.40298302149042	1.6762927467924
0.946320520528376	1.13966336669097	1.40582778174767	1.67592358664903
0.95252877955685	1.14981383295926	1.41749792407234	1.69036276379048
0.958737038585325	1.1652792185461	1.43752833019923	1.68746553187048
0.9649452976138	1.16877824624834	1.43961267309496	1.72455931939896
0.971153556642274	1.18677944842328	1.45612226957289	1.72961572351667
0.977361815670748	1.19894384579567	1.46706081186871	1.7426067027178
0.983570074699223	1.20708767681995	1.47341044058397	1.75304798537339
0.989778333727698	1.21774974357759	1.48511876790917	1.75312794408183
0.995986592756172	1.20783499143711	1.48443147786937	1.75901969170795
1.00219485178465	1.22803136428276	1.49197347542159	1.7682185453774
1.00840311081312	1.24099146672155	1.51050073512635	1.77259544337163
1.0146113698416	1.25255259118367	1.52893678366049	1.80402883438393
1.02081962887007	1.26702649346354	1.52863771587886	1.82635494592734
1.02702788789855	1.27457426408879	1.54909897279449	1.8141835895984
1.03323614692702	1.28476868407804	1.55639476906364	1.82096898225853
1.03944440595549	1.29490937470371	1.56528744490382	1.83638845746326
1.04565266498397	1.30520350663702	1.56979990997698	1.84152667247856
1.05186092401244	1.3112390223699	1.58494399200606	1.84113633701987
1.05806918304092	1.32861716096729	1.59740839808635	1.85559403478236
1.06427744206939	1.32793918124091	1.60286718599261	1.8859046663193
1.07048570109787	1.35998592670006	1.61641063335203	1.88266884700396
1.07669396012634	1.35994084483497	1.62760569137596	1.89307307102049
1.08290221915482	1.36564131397021	1.63421359468409	1.90791657044762
1.08911047818329	1.36906349495228	1.64190237569634	1.92515928339323
1.09531873721177	1.37297437519244	1.65582259991868	1.93173925435242
1.10152699624024	1.39636209100315	1.66743343771721	1.94052862007422
1.10773525526871	1.406626859096	1.6792518249939	1.94798005627905
1.11394351429719	1.41044067049084	1.68455696052003	1.94946109061606
1.12015177332566	1.41466291627181	1.6989277656288	1.96496432781129
1.12636003235414	1.4193664713789	1.7071037195745	1.97899259338745
1.13256829138261	1.45047157696942	1.71615483895047	1.98442659800703
1.13877655041109	1.45025421779435	1.72316244257033	2.00470324717547
1.14498480943956	1.46782088435913	1.73345052759574	2.00090160627712
1.15119306846804	1.46867072545513	1.74752115485241	2.01334381464835
1.15740132749651	1.47588518628929	1.76033664556602	2.0409971631947
1.16360958652499	1.49164777692591	1.76376139138276	2.04167570991036
1.16981784555346	1.51544100691948	1.78126528663184	2.04627370733965
1.17602610458193	1.51176290311719	1.79219331636056	2.05728629584994
1.18223436361041	1.53290962915724	1.80253388271613	2.09248721951787
1.18844262263888	1.54293224630755	1.80752168466662	2.07001318312488
1.19465088166736	1.56402563526491	1.81721029563711	2.08431675858546
1.20085914069583	1.56595822271376	1.82768759744215	2.09598461939582
1.20706739972431	1.56317709049514	1.83120718670831	2.10168389046844
1.21327565875278	1.5843057006549	1.84650664819008	2.11470928524226
1.21948391778126	1.57877443707775	1.8611685237165	2.13048254063512
1.22569217680973	1.6017182326448	1.87130898983336	2.13569874707411
1.23190043583821	1.59521786346013	1.87908942707359	2.15431723603581
1.23810869486668	1.63130310955672	1.88953090636698	2.14557857730295
1.24431695389515	1.62620546602846	1.89235735906101	2.1633028861325
1.25052521292363	1.63216301365338	1.90457887305359	2.17523747474341
1.2567334719521	1.65162080373876	1.9149099634272	2.19853743574104
1.26294173098058	1.66736717699317	1.9315538691767	2.20874143832419
1.26914999000905	1.67141189880301	1.93744312670868	2.19467403816802
1.27535824903753	1.67684278293795	1.94497689730424	2.21422820083082
1.281566508066	1.6714944015595	1.96237073273584	2.2258800032178
1.28777476709448	1.70154387752772	1.9658255403228	2.23655657340413
1.29398302612295	1.70483103485033	1.9780126524094	2.25469324887227
1.30019128515143	1.71371011616374	1.99104381204488	2.25981817287232
1.3063995441799	1.72921505645092	1.99939358891322	2.27383474980736
1.31260780320838	1.74592337701637	2.01910134580954	2.28271316461548
1.31881606223685	1.756861463006	2.02023744723713	2.29325949187434
1.32502432126532	1.75521632586076	2.03096424418134	2.3023546975178
1.3312325802938	1.76789047039321	2.04015944544521	2.31030255857387
1.33744083932227	1.76896914846764	2.0507010284395	2.31543855477801
1.34364909835075	1.7897137894893	2.05943571932995	2.3395498837368
1.34985735737922	1.79108468843263	2.0719482220648	2.35554229680327
1.3560656164077	1.8099242790058	2.08220452867748	2.34789102383256
1.36227387543617	1.83119835295227	2.10448679483953	2.35764356652849
1.36848213446465	1.84332721817973	2.10210984157309	2.37679129937578
1.37469039349312	1.83987109103609	2.10631043909887	2.37947434676682
1.3808986525216	1.83797778764989	2.11728500839158	2.39669818978434
1.38710691155007	1.85300973702466	2.13094594992344	2.41068598811965
1.39331517057854	1.87803841369733	2.1452729120789	2.42441060807508
1.39952342960702	1.88815675772934	2.1545834921119	2.42668096997729
1.40573168863549	1.90350229129171	2.16528378697817	2.42855788751126
1.41193994766397	1.91501186510975	2.17931576629616	2.44531222806797
1.41814820669244	1.90692467404301	2.18584811744631	2.47011580147575
1.42435646572092	1.89293215031221	2.18769611158709	2.44384764096203
1.43056472474939	1.93499485840612	2.19795681351782	2.47040982199899
1.43677298377787	1.93833545475663	2.21631268941295	2.48195122329362
1.44298124280634	1.95617740635831	2.22258236544086	2.49837853605433
1.44918950183482	1.973016497054	2.23521769230946	2.50389276256077
1.45539776086329	1.9805316098642	2.24626664664541	2.50468467253025
1.46160601989176	1.97961406399409	2.26576840154318	2.53787475928168
1.46781427892024	1.99558519724323	2.26772665620204	2.52513667743587
1.47402253794871	2.01652399344139	2.27432608361921	2.5345277887376
1.48023079697719	2.01647424114034	2.28759701887726	2.56963832756916
1.48643905600566	2.02033004744264	2.29805239125336	2.57868401219768
1.49264731503414	2.03609127338457	2.30254049421521	2.57744726787019
1.49885557406261	2.04481462558065	2.31124520322882	2.59285638888204
1.50506383309109	2.05789569503876	2.3234773277816	2.59477083444129
1.51127209211956	2.05686616314625	2.3361869863099	2.60432121405617
1.51748035114804	2.08132412960788	2.35056661598923	2.62211495369082
1.52368861017651	2.07951960567603	2.35475503343721	2.62351509492599
1.52989686920498	2.08555652282524	2.3643100672755	2.6264256425747
1.53610512823346	2.1076907713614	2.37189818066532	2.63774410609367
1.54231338726193	2.113405864724	2.38703644343823	2.66867784858092
1.54852164629041	2.12654795894762	2.38624834326018	2.66826422010535
1.55472990531888	2.13430979854868	2.40985383904087	2.69054830019311
1.56093816434736	2.1501720879583	2.41801436551248	2.66729466501961
1.56714642337583	2.15377207611563	2.43023859687325	2.69301962999085
1.57335468240431	2.17085860788546	2.43752940227957	2.70967802747708
1.57956294143278	2.18060328655679	2.44652524192338	2.72549192695093
1.58577120046126	2.17577496566455	2.45828626777847	2.73256593832919
1.59197945948973	2.20239386853659	2.46247370233831	2.73088736176708
1.59818771851821	2.20377982384215	2.48419202333458	2.76759232168098
1.60439597754668	2.21392114565909	2.48609775613665	2.76736709098959
1.61060423657515	2.22503666993854	2.50307707519342	2.76318713297599
1.61681249560363	2.22778917005481	2.50301670374952	2.7728218188143
1.6230207546321	2.24093783575353	2.51483861222224	2.78735118662299
1.62922901366058	2.26340343239172	2.52926009382036	2.79209474537361
1.63543727268905	2.26753062523594	2.53730477513131	2.8183870020642
1.64164553171753	2.27919720905137	2.5504569134601	2.81888982755374
1.647853790746	2.26631129036936	2.55505627277788	2.82012878420746
1.65406204977448	2.29710764119256	2.5673064104549	2.83797174941845
1.66027030880295	2.31359701203731	2.576920778013	2.86115995624175
1.66647856783143	2.32483393728122	2.58467067033676	2.85382266993666
1.6726868268599	2.34593390990052	2.60073803820818	2.88177552941709
1.67889508588837	2.34125515281629	2.61276170558515	2.88718936154548
1.68510334491685	2.33963272411228	2.62002428377754	2.89026949787541
1.69131160394532	2.36962463531836	2.63739622272916	2.89992949272436
1.6975198629738	2.37498423871347	2.64140996690495	2.91167910997911
1.70372812200227	2.36264828676048	2.65813804032711	2.92369596263742
1.70993638103075	2.39194862544339	2.66967526647356	2.92349784711418
1.71614464005922	2.40578221557706	2.67702881644538	2.95713482748873
1.7223528990877	2.41289471560399	2.67924702191283	2.9538632528303
1.72856115811617	2.40857313819443	2.68131039881991	2.95220668965016
1.73476941714465	2.44105347762961	2.701947402122	2.97327004880701
1.74097767617312	2.44235175180018	2.71166661259584	2.9720166560685
1.74718593520159	2.45514233741809	2.72529872435571	2.98818531944347
1.75339419423007	2.4452605768489	2.73109065086351	3.01216257918003
1.75960245325854	2.46020781071308	2.74710039601501	3.01230278745792
1.76581071228702	2.47723656024142	2.75246297514507	3.02059499002117
1.77201897131549	2.50578699809734	2.76704472761038	3.03852603460511
1.77822723034397	2.49444608852602	2.7673051705779	3.04151460867777
1.78443548937244	2.50387714712459	2.7847311489789	3.05502001304026
1.79064374840092	2.51278993663734	2.79124774186758	3.06187065902577
1.79685200742939	2.53067665822795	2.80038940333072	3.05524609437111
1.80306026645787	2.54330266296033	2.80925930033088	3.09863569882681
1.80926852548634	2.56098298644107	2.8272429792054	3.0983140094155
1.81547678451481	2.55962904701266	2.83157023332354	3.09565153571188
1.82168504354329	2.56919458242923	2.83813821507159	3.11178007054718
1.82789330257176	2.58824330818422	2.85420314440655	3.11975429820899
1.83410156160024	2.58079004642157	2.86324896211825	3.13777761764011
1.84030982062871	2.61148884967605	2.87526635158299	3.14755271436738
1.84651807965719	2.61051209612166	2.8853294500203	3.15018224472864
1.85272633868566	2.62400479981631	2.90022131883461	3.16299898004867
1.85893459771414	2.63902227880217	2.90103068969208	3.1786043443111
1.86514285674261	2.63568476271239	2.91078341421	3.19168984586682
1.87135111577109	2.63874040657184	2.92540632175126	3.18963032731473
1.87755937479956	2.63950580583691	2.93441879812945	3.19901809142092
1.88376763382804	2.67293928481673	2.94350701910785	3.23534167103569
1.88997589285651	2.68977702654173	2.95560965706325	3.23229277333991
1.89618415188498	2.70026978459163	2.96648450656968	3.24083021066035
1.90239241091346	2.69862762953772	2.97448156178359	3.24262265364794
1.90860066994193	2.72122989380505	2.98246730638119	3.26059770080338
1.91480892897041	2.72003316586517	2.99605834781812	3.2729463682645
1.92101718799888	2.74496972235514	3.00786755728832	3.27563184834438
1.92722544702736	2.73560094514644	3.01164537500852	3.28802827148885
1.93343370605583	2.76434349568779	3.02632779312441	3.31021617801616
1.93964196508431	2.77720059022357	3.034880248081	3.30292075251683
1.94585022411278	2.78214204085086	3.04734840907529	3.31678697989566
1.95205848314126	2.78634263006258	3.04799912324015	3.31741087366681
1.95826674216973	2.80248024094679	3.07278867739177	3.33673299655337
1.9644750011982	2.80411640352979	3.07867821205201	3.33478575819736
1.97068326022668	2.806031588752	3.08881326025441	3.36362628107552
1.97689151925515	2.83031058642221	3.09721846444486	3.35577088893393
1.98309977828363	2.83846154768531	3.1142925672436	3.36950013093017
1.9893080373121	2.84740292538058	3.12008653872879	3.40220900159517
1.99551629634058	2.84877388339597	3.1269323513452	3.40227663684944
2.00172455536905	2.87693650762715	3.1458884379601	3.41564333154668
2.00793281439753	2.89224481337417	3.15086964543591	3.41433311413276
2.014141073426	2.89349570786093	3.1636908612422	3.4383400316571
2.02034933245448	2.90552567047227	3.16573764120307	3.43260165546507
2.02655759148295	2.89082510352397	3.17611475769991	3.4456687885041
2.03276585051142	2.92378390873637	3.18616186032213	3.47943706943915
2.0389741095399	2.92532258507557	3.20554004782764	3.48169612251746
2.04518236856837	2.94177497985724	3.21128857399909	3.49801379229247
2.05139062759685	2.94866291535311	3.21288684454086	3.49123475372244
2.05759888662532	2.95675128327278	3.22784740383177	3.49628497701647
2.0638071456538	2.95755348281179	3.23588224643693	3.51423491800237
2.07001540468227	2.97066517496845	3.24190688909939	3.50510785636206
2.07622366371075	2.99075372284413	3.25451007044489	3.53191294112905
2.08243192273922	2.98983619020909	3.27214063385175	3.56074490669031
2.0886401817677	2.97906297142794	3.27719978219657	3.56303731251861
2.09484844079617	3.03052156417559	3.28966895774351	3.56759813247957
2.10105669982464	3.0252874215968	3.2991360217475	3.55870369039852
2.10726495885312	3.04931626256494	3.30182625179139	3.57759841115615
2.11347321788159	3.04173671985872	3.32117337221818	3.59719341226014
2.11968147691007	3.05978571355719	3.32234260267797	3.60325557483294
2.12588973593854	3.06635844956067	3.33917008099606	3.62033847887771
2.13209799496702	3.06535642424514	3.35080215725181	3.63126925815585
2.13830625399549	3.09836955228952	3.35698134075049	3.65028059528031
2.14451451302397	3.10090492559747	3.37325149597617	3.6445181884215
2.15072277205244	3.11678447299858	3.38730249695029	3.66289148638603
2.15693103108092	3.11766996412373	3.39406869418124	3.67009865645133
2.16313929010939	3.13588360770769	3.39694466010593	3.66047020292621
2.16934754913786	3.12947311252084	3.4083625932137	3.67890469876223
2.17555580816634	3.16065885794894	3.41793953392003	3.68832036628017
2.18176406719481	3.15862262407772	3.43365972262977	3.7012509583919
2.18797232622329	3.17870677979227	3.44702139178175	3.70371355029334
2.19418058525176	3.18000080110397	3.45280817480435	3.74212088591664
2.20038884428024	3.19356654372374	3.46372092001924	3.72754936885536
2.20659710330871	3.19603396551445	3.4718528742307	3.74284107992641
2.21280536233719	3.21849447782008	3.47196036897359	3.74439413440187
2.21901362136566	3.23159374244172	3.49173383260915	3.75480420662067
2.22522188039414	3.22792828511842	3.50044160814083	3.76373394464516
2.23143013942261	3.23725869752599	3.5123948970723	3.80427183970894
2.23763839845109	3.26806815985046	3.520326878288	3.80187267695282
2.24384665747956	3.26841315821869	3.53346585634751	3.79634130445348
2.25005491650803	3.2577433414333	3.54122711140909	3.80807782247887
2.25626317553651	3.28155767613652	3.54830373162779	3.82316428753239
2.26247143456498	3.27054281124302	3.5634685221171	3.83636111402091
2.26867969359346	3.30987895380056	3.57136388477714	3.83900955764622
2.27488795262193	3.31069332329147	3.5863467671967	3.86234209587938
2.28109621165041	3.31644246030119	3.59599444146097	3.88281605566243
2.28730447067888	3.34106441898075	3.60725493313473	3.87411920045377
2.29351272970736	3.3398059245947	3.60966764632778	3.89889461269937
2.29972098873583	3.35502271220479	3.61970124995869	3.90112484347734
2.30592924776431	3.3680243291341	3.63467745848558	3.92148423884067
2.31213750679278	3.37238579096281	3.64989553882924	3.92342588786849
2.31834576582125	3.39156026502934	3.6570530936807	3.92397096746463
2.32455402484973	3.3938278523998	3.66422318595388	3.9377421470982
2.3307622838782	3.4160362651416	3.67414419685439	3.94306767965138
2.33697054290668	3.41326985983713	3.68494256859513	3.96211913062516
2.34317880193515	3.42092152981433	3.69663674658217	3.96935094711641
2.34938706096363	3.42605523966224	3.7059265810946	3.98618847667942
2.3555953199921	3.43836537226882	3.7201823209978	3.99047674514923
2.36180357902058	3.46619502254428	3.7288234066541	3.99391416831411
2.36801183804905	3.46122154739707	3.73364291162722	4.00571515330692
2.37422009707753	3.46433028739264	3.74137506403539	4.03332559845651
2.380428356106	3.4828735539015	3.75493160360573	4.04035015783825
2.38663661513447	3.49649546329583	3.76405734375713	4.03941892473944
2.39284487416295	3.49290118400343	3.78271830220955	4.04429841518767
2.39905313319142	3.51224706255192	3.7833787180772	4.05629676121648
2.4052613922199	3.52486872734972	3.79320315548368	4.07470500093536
2.41146965124837	3.53647395844461	3.81253425389372	4.07662729791156
2.41767791027685	3.54608255872729	3.82678492008771	4.08877300744393
2.42388616930532	3.55299919202041	3.82744185503871	4.11002012598833
2.4300944283338	3.55903324840371	3.8343840158788	4.11373942959152
2.43630268736227	3.58495994941677	3.85387997420998	4.12376164315899
2.44251094639075	3.57810264889763	3.85635584201198	4.12736096898047
2.44871920541922	3.59446817401238	3.87467565447857	4.1399845322284
2.45492746444769	3.60161101284061	3.88157561518677	4.1449067138718
2.46113572347617	3.60833202142683	3.88544797694374	4.1706134177103
2.46734398250464	3.61392623841964	3.89685604346565	4.17620518478511
2.47355224153312	3.6227107060782	3.90576090760502	4.18650100951079
2.47976050056159	3.63505526292135	3.91195086937697	4.18160622793299
2.48596875959007	3.64715429382793	3.93233374277221	4.21682888374983
2.49217701861854	3.68068439469856	3.93094906106841	4.20082657731416
2.49838527764702	3.67144801921885	3.95026830866687	4.22238562996578
2.50459353667549	3.68339920417574	3.95761681325705	4.2438423284594
2.51080179570397	3.69364448480328	3.97194275130568	4.24282126580403
2.51701005473244	3.70815764017128	3.98214315805652	4.25875949032159
2.52321831376092	3.72134079227765	3.99245405418196	4.27170576340011
2.52942657278939	3.71669511808315	4.00162100879333	4.27421990484622
2.53563483181786	3.73654805327302	4.00931131427564	4.2949780623758
2.54184309084634	3.73918496005575	4.02175450424905	4.28886924157378
2.54805134987481	3.76690578023377	4.02711819421366	4.30658231596146
2.55425960890329	3.77437117390136	4.03601420220836	4.31170728320751
2.56046786793176	3.77064797331021	4.05096890685558	4.32586733120092
2.56667612696024	3.78652986291641	4.06145807791592	4.34511189862958
2.57288438598871	3.80201989741933	4.06916296580886	4.35857121374849
2.57909264501719	3.80433598338675	4.07954499465291	4.35429590567294
2.58530090404566	3.81634989037078	4.09264241434431	4.36357715277759
2.59150916307414	3.82990822517352	4.10659019102474	4.37292734143947
2.59771742210261	3.84074762047869	4.10765501888025	4.39416670096512
2.60392568113108	3.84913569472229	4.1201133819884	4.40292725244066
2.61013394015956	3.86100220713304	4.12725659618849	4.42019198969681
2.61634219918803	3.86040812515221	4.14305553417138	4.41770327597224
2.62255045821651	3.87128102626922	4.1517095591877	4.43787626323437
2.62875871724498	3.88593628867503	4.15729442920411	4.44712536923649
2.63496697627346	3.88946543779458	4.1755270187901	4.45182249219878
2.64117523530193	3.91255562869038	4.18173185350612	4.4585548080697
2.64738349433041	3.89866542019184	4.19256241243286	4.45857866964024
2.65359175335888	3.93055487526013	4.20374671292283	4.46945713567036
2.65980001238736	3.9325461952932	4.20848259489786	4.49310234335517
2.66600827141583	3.93715668393031	4.2205796042431	4.50835404841561
2.6722165304443	3.9579982430728	4.23337749000017	4.5177206615157
2.67842478947278	3.95971920395166	4.24235399975028	4.50551646066661
2.68463304850125	3.97432161013883	4.24774692951472	4.52414451220514
2.69084130752973	3.99313511704585	4.26869589649435	4.53586729887069
2.6970495665582	3.9935441329861	4.27833964044959	4.54777497952288
2.70325782558668	4.00050371979543	4.28172971644433	4.55541137782811
2.70946608461515	4.03350546484545	4.29626745200389	4.56469815376679
2.71567434364363	4.0308672423213	4.3043881078574	4.57591813800363
2.7218826026721	4.03567600940487	4.31959488022308	4.59595927061339
2.72809086170058	4.04118681059174	4.32111053876794	4.58501546642699
2.73429912072905	4.04655958389809	4.34049004056477	4.6169963490622
2.74050737975752	4.06932819275252	4.34466831738636	4.62381590324723
2.746715638786	4.06885851284964	4.35471851030052	4.62203332603586
2.75292389781447	4.10447369623688	4.36745271731684	4.63292508750302
2.75913215684295	4.10873852313967	4.38144744965544	4.64882821926013
2.76534041587142	4.09931879148869	4.37980597610673	4.65042152359656
2.7715486748999	4.13378942885637	4.39156546927269	4.66720699710052
2.77775693392837	4.14754668944029	4.41374409644268	4.69212453546422
2.78396519295685	4.14027628581104	4.41644659479507	4.7025826801646
2.79017345198532	4.14044881179868	4.43002651397138	4.71801547919645
2.7963817110138	4.14902697391624	4.43348355792091	4.70922937596886
2.80258997004227	4.15970707441843	4.44814341400764	4.71053166425505
2.80879822907074	4.16573070112932	4.4539776308971	4.72881308249018
2.81500648809922	4.18642210844556	4.46784663857483	4.75598675274891
2.82121474712769	4.20515930856427	4.47851644599527	4.75499445769789
2.82742300615617	4.21336987123803	4.48161738193801	4.76568397523347
2.83363126518464	4.2074910327298	4.49653948564401	4.76614636115519
2.83983952421312	4.22508619767026	4.51046942116283	4.79294434401359
2.84604778324159	4.23654920844068	4.522362248505	4.79922668367463
2.85225604227007	4.24827970638447	4.52360108275397	4.80510015071459
2.85846430129854	4.25589643373469	4.54203644898991	4.82467758617956
2.86467256032702	4.27440510240882	4.54944302743629	4.84237515802428
2.87088081935549	4.26831644100766	4.55653380166702	4.81907665641583
2.87708907838397	4.29582402637158	4.56592784548838	4.85348516444767
2.88329733741244	4.31728627647544	4.57781774386175	4.83160896722786
2.88950559644091	4.30493947255981	4.5878011889888	4.87184943797737
2.89571385546939	4.31649755219876	4.592563068954	4.88040077563685
2.90192211449786	4.33853002494254	4.60771040999315	4.89525252764042
2.90813037352634	4.34089844827767	4.61777750173821	4.88033587393851
2.91433863255481	4.35457105795908	4.63417419203119	4.9102800056186
2.92054689158329	4.34811167095338	4.63574478251678	4.91199757801452
2.92675515061176	4.38038679716242	4.65496791217812	4.93108920904771
2.93296340964024	4.38094237337113	4.65858281852041	4.92856896536104
2.93917166866871	4.39407869929665	4.66804162945142	4.95776722974495
2.94537992769719	4.40841987525837	4.67956721380419	4.94286383450292
2.95158818672566	4.41314334297653	4.68997900311435	4.96753114020231
2.95779644575413	4.41249047621206	4.70702794655293	4.98238347816715
2.96400470478261	4.44054886292952	4.7093132219763	4.98448770046297
2.97021296381108	4.44546399299412	4.71970480558414	5.00374977844255
2.97642122283956	4.452443669428	4.72917486355436	5.00530302019475
2.98262948186803	4.45727947962033	4.73815366099339	5.02089762188848
2.98883774089651	4.48494449257683	4.75417344034111	5.02195642403508
2.99504599992498	4.47283184256646	4.75483396319297	5.03223270579982
3.00125425895346	4.49323865707236	4.77954817477052	5.06044783416054
3.00746251798193	4.51098959680401	4.77864568138267	5.06350598426978
3.0136707770104	4.51080169597838	4.794820292798	5.06029457438233
3.01987903603888	4.51085043016831	4.79839540643832	5.07465347145273
3.02608729506735	4.53828148892682	4.81163424798219	5.08157610489152
3.03229555409583	4.54120700400133	4.82062330145862	5.09905004627596
3.0385038131243	4.53674172359708	4.83972125491674	5.11985068103456
3.04471207215278	4.56225238761624	4.840268907398	5.11496700447675
3.05092033118125	4.57448632727043	4.85650240813281	5.13387166672206
3.05712859020973	4.58609095516909	4.86276858269708	5.1358776384233
3.0633368492382	4.60242156972905	4.87019926357681	5.14587016139696
3.06954510826668	4.59180193839094	4.88243463746306	5.16540296813494
3.07575336729515	4.59986247330717	4.8938887606807	5.17412681322824
3.08196162632363	4.62394031706418	4.89436684764797	5.18317867563428
3.0881698853521	4.61630508955049	4.91069463949187	5.18602862433259
3.09437814438057	4.65391917698756	4.92091442543508	5.20435151321628
3.10058640340905	4.65519263949114	4.92735022745331	5.19585738086878
3.10679466243752	4.64921953424148	4.93794577614738	5.22218623660471
3.113002921466	4.66971937938393	4.95355081854504	5.23017685272241
3.11921118049447	4.67759397672969	4.96143697441029	5.23033324379438
3.12541943952295	4.69855401189769	4.9692047206457	5.25284050702626
3.13162769855142	4.70971688559066	4.9831978373519	5.25629055809014
3.1378359575799	4.71154518760424	4.98567022520924	5.26206781576115
3.14404421660837	4.72489923072934	5.00957413806626	5.27558998665208
3.15025247563685	4.73863866554967	5.01451868020771	5.28614225524243
3.15646073466532	4.72692438435876	5.02272276865798	5.29950831096502
3.1626689936938	4.75155814092218	5.03628681184518	5.3071220572694
3.16887725272227	4.78061103174205	5.04606270512151	5.32633363893802
3.17508551175074	4.77158457524162	5.05087417237637	5.34552487072359
3.18129377077922	4.79243675931084	5.06496965102337	5.32098028163932
3.18750202980769	4.7990032712783	5.07818810566205	5.36084533550632
3.19371028883617	4.80391661857232	5.08733568688914	5.37595634357724
3.19991854786464	4.81462520662105	5.09325174073002	5.3749350984303
3.20612680689312	4.81978092218922	5.10625101702854	5.38732055261641
3.21233506592159	4.82885049396822	5.12077733678612	5.40611918134927
3.21854332495007	4.84947400065855	5.12020509326722	5.40639606308814
3.22475158397854	4.87239225284273	5.13637635165823	5.40423975680272
3.23095984300702	4.88246433826939	5.14622751046807	5.43917963206942
3.23716810203549	4.88729532865203	5.15982654439059	5.44244475099393
3.24337636106396	4.88415315669667	5.16989127644747	5.46176202063111
3.24958462009244	4.91533059914032	5.17895940873377	5.4663613140156
3.25579287912091	4.90056131147463	5.17962226713985	5.47069810713685
3.26200113814939	4.92682225226626	5.19320588164123	5.47330681325661
3.26820939717786	4.90585717847227	5.20316229790021	5.47858248014498
3.27441765620634	4.94060283442003	5.21404177041929	5.50370091040063
3.28062591523481	4.95182391681766	5.230183932785	5.50834119560022
3.28683417426329	4.97268584543444	5.23240757002048	5.51498188853195
3.29304243329176	4.96965653383255	5.2465586163584	5.5319225315377
3.29925069232024	4.97117184868473	5.24604774019452	5.53529352724769
3.30545895134871	4.98692610307556	5.2688482089629	5.55500327024557
3.31166721037718	4.98099099836554	5.28085289009599	5.55083365190689
3.31787546940566	5.00788374105156	5.28447149005389	5.56411554092465
3.32408372843413	5.01049668649966	5.29390826461477	5.57380532380333
3.33029198746261	5.03353478133344	5.30510590783644	5.58023679923628
3.33650024649108	5.03810330938235	5.3185431093424	5.60593209386836
3.34270850551956	5.07160024174325	5.32485286483142	5.61456416480881
3.34891676454803	5.07598420994136	5.33578325411383	5.61952700456338
3.35512502357651	5.06193137091714	5.34793852027708	5.62492520104783
3.36133328260498	5.06175087449653	5.35604613581955	5.63282135257825
3.36754154163346	5.08914232737094	5.37316092781535	5.64342627289419
3.37374980066193	5.09692763152289	5.37958963883078	5.65269339755069
3.3799580596904	5.10536875969913	5.38962344676212	5.66626875979293
3.38616631871888	5.11338493712982	5.40132494223155	5.68725711035752
3.39237457774735	5.12641286347304	5.41232766939886	5.69270318708419
3.39858283677583	5.11727792173671	5.42561278731894	5.70708101025388
3.4047910958043	5.15319716963081	5.42985613126845	5.7175968437244
3.41099935483278	5.14688970784795	5.43929420925225	5.72198405894764
3.41720761386125	5.17356397088284	5.45768659490975	5.71309314253235
3.42341587288973	5.18961446127118	5.45403391814961	5.74246187775522
3.4296241319182	5.18993041130428	5.47137899060875	5.74653240541827
3.43583239094668	5.20052395075542	5.47812395006555	5.7650301827576
3.44204064997515	5.20144974156871	5.48852693065148	5.76450556402093
3.44824890900363	5.21314147141774	5.50909823494292	5.78743426854941
3.4544571680321	5.23640627483654	5.51266897400888	5.80310846775729
3.46066542706057	5.23739039199677	5.52525373147856	5.80614006871712
3.46687368608905	5.24639669240471	5.52918450103488	5.8097112067694
3.47308194511752	5.26204063313648	5.54693025313291	5.81928686761996
3.479290204146	5.26719650763405	5.55116024075661	5.84394025608286
3.48549846317447	5.28480747161141	5.5607140092672	5.84797022485473
3.49170672220295	5.30054264244603	5.56882938311314	5.8598166816015
3.49791498123142	5.30965023670043	5.58642269522682	5.88833841481002
3.5041232402599	5.30446156551159	5.59004598212271	5.86798577267038
3.51033149928837	5.32056667671389	5.6034331425005	5.88452644939219
3.51653975831685	5.32006657775744	5.60474309098718	5.89992067238673
3.52274801734532	5.33408182457052	5.62165025515923	5.91971305829226
3.52895627637379	5.3507926070297	5.62688240849294	5.91014923465992
3.53516453540227	5.36104645778156	5.64810228648309	5.91763667529576
3.54137279443074	5.37021792035751	5.64838612240383	5.92683001322629
3.54758105345922	5.38886341350446	5.6652161847016	5.94899811367807
3.55378931248769	5.37964027056127	5.67093386267832	5.95400459826334
3.55999757151617	5.40338606295714	5.68230280528013	5.96001463100765
3.56620583054464	5.40941356336585	5.69643062710241	5.97553236863941
3.57241408957312	5.41385626297004	5.70523667818594	6.00353128074295
3.57862234860159	5.43805204983711	5.71259790929775	6.01212963667598
3.58483060763007	5.44209288377014	5.72553548141602	6.00222816583477
3.59103886665854	5.4693022351908	5.73414443935579	6.00419508473636
3.59724712568701	5.46160859805654	5.74334404268172	6.03046627744276
3.60345538471549	5.47474703966122	5.75271971999571	6.02996588081867
3.60966364374396	5.48942721505888	5.76754412829287	6.05287162825106
3.61587190277244	5.49027361571552	5.77223627317581	6.06845066487423
3.62208016180091	5.50913107562887	5.78997873889079	6.06802942072631
3.62828842082939	5.50721170492878	5.7961345724953	6.09388597772525
3.63449667985786	5.51868878116071	5.80138065119777	6.11342024051665
3.64070493888634	5.53953572285912	5.81819181761238	6.09590311114265
3.64691319791481	5.54124731194389	5.82012089346331	6.1191941611872
3.65312145694329	5.55030072783063	5.83287049046362	6.11433617994254
3.65932971597176	5.56958964392404	5.84813537647554	6.12764701046298
3.66553797500023	5.58173089448783	5.85888005505129	6.14279250627058
3.67174623402871	5.5891057289276	5.87098979139898	6.15211689304079
3.67795449305718	5.58885424018395	5.87211206076075	6.14654519382698
3.68416275208566	5.59394683379916	5.88506884719032	6.17048236634531
3.69037101111413	5.61179809178745	5.89612759281742	6.18239559823873
3.69657927014261	5.63173762437545	5.90954552873417	6.18737944582565
3.70278752917108	5.62789079012846	5.91596818301747	6.20383062608936
3.70899578819956	5.63600476395732	5.93072382050054	6.21852530670799
3.71520404722803	5.65543689461708	5.9420486444659	6.22764008273433
3.72141230625651	5.67516791187751	5.94231236290052	6.21771939384479
3.72762056528498	5.66610367172767	5.95847810542111	6.23210243275532
3.73382882431346	5.6901335443245	5.96476708612888	6.23610238244643
3.74003708334193	5.69141082327615	5.97582825958099	6.25800715130126
3.7462453423704	5.69364147327657	5.98494027912872	6.28011246287512
3.75245360139888	5.70545927927277	5.99553490945197	6.27975290017689
3.75866186042735	5.72494211343032	6.01182298565648	6.28946180893482
3.76487011945583	5.73939788027291	6.01903073026926	6.3075993841848
3.7710783784843	5.75452431260571	6.03164776374795	6.31533380465251
3.77728663751278	5.74572208193693	6.0379987889446	6.32544844720384
3.78349489654125	5.75854672191192	6.04344326418292	6.3319197656925
3.78970315556973	5.77085751919829	6.06326626491563	6.33697036489426
3.7959114145982	5.77713767020969	6.06793404668045	6.35432143084644
3.80211967362668	5.79530655419584	6.0855042877871	6.37750508704951
3.80832793265515	5.80278260626772	6.08210059796698	6.37788242879117
3.81453619168362	5.81204049430218	6.09449706796772	6.397573248629
3.8207444507121	5.82201385969463	6.10838526268171	6.38909105519717
3.82695270974057	5.84606466406035	6.12268074613462	6.40990762826872
3.83316096876905	5.8546369116623	6.12879234329024	6.40524666085563
3.83936922779752	5.84944621053961	6.13792528526216	6.43745112718435
3.845577486826	5.87081978535036	6.15421415986209	6.43667550734048
3.85178574585447	5.86999361193437	6.15727740920878	6.46110813398531
3.85799400488295	5.87595754159005	6.17029456417386	6.46331556610737
3.86420226391142	5.89742606387638	6.1885808120377	6.47611492258615
3.8704105229399	5.90559240069459	6.18927664408601	6.48260147914749
3.87661878196837	5.91716539050136	6.20164979788624	6.49400452453039
3.88282704099684	5.91349368861555	6.20488410386529	6.48518014628513
3.88903530002532	5.93074770431068	6.22959426606666	6.51225351752462
3.89524355905379	5.9522937280387	6.22987652031888	6.51505439327348
3.90145181808227	5.96093196046506	6.24178012233515	6.52629470655816
3.90766007711074	5.96686667757561	6.24729870027089	6.53351791977715
3.91386833613922	5.97199660884747	6.26488783076733	6.5521584803181
3.92007659516769	5.97733984190604	6.26886515516749	6.56644651720578
3.92628485419617	6.00217143357365	6.28169480744452	6.57549246960424
3.93249311322464	6.00650906057217	6.29736093770923	6.56810495675057
3.93870137225312	6.02216263686301	6.30674487100981	6.58022822104655
3.94490963128159	6.03196395573576	6.31412758254385	6.57411735491948
3.95111789031006	6.04025512193005	6.32115693377021	6.62993204088087
3.95732614933854	6.04269269011425	6.32945737686897	6.6201956942538
3.96353440836701	6.05709806820605	6.3372417530196	6.63029590497249
3.96974266739549	6.08302044353039	6.35131970112554	6.62028494064638
3.97595092642396	6.07324522141649	6.36432462959057	6.6513199989797
3.98215918545244	6.09883186061877	6.37815846215237	6.65988855248554
3.98836744448091	6.08820859755727	6.38012536534527	6.6721484116197
3.99457570350939	6.10468211621679	6.39681943453844	6.69389909836965
4.00078396253786	6.11914328065662	6.40871832479734	6.68361428340224
4.00699222156634	6.13806952709918	6.41482499178711	6.72317967887354
4.01320048059481	6.12704986969274	6.42759863028379	6.72012686113117
4.01940873962329	6.14136359118283	6.42984654015187	6.70812368328197
4.02561699865176	6.16637957530472	6.4450421939564	6.73924789070751
4.03182525768023	6.16589719406794	6.45241909365476	6.74461625584042
4.03803351670871	6.15421767089367	6.45936271524734	6.75599010630383
4.04424177573718	6.20022788927604	6.47009935091451	6.76328683710834
4.05045003476566	6.19912735114771	6.48119818629503	6.77886323870526
4.05665829379413	6.20627415053326	6.49565557718514	6.79768047519915
4.06286655282261	6.2226932399339	6.50470576552028	6.78669002273234
4.06907481185108	6.22428511118273	6.51640457343825	6.8068842962775
4.07528307087956	6.22835522787946	6.52378692145184	6.81637675193336
4.08149132990803	6.24418452132878	6.53494013110521	6.8269151972633
4.08769958893651	6.25243021119927	6.54565864233963	6.83869146718514
4.09390784796498	6.26031282506534	6.56452560447407	6.84711581080978
4.10011610699345	6.27521305069033	6.56137138535702	6.84780337499702
4.10632436602193	6.29002992657572	6.57482330322262	6.86075635300008
4.1125326250504	6.29904535529974	6.585229510267	6.86536608448557
4.11874088407888	6.31683288653277	6.60415541845923	6.88489389069888
4.12494914310735	6.3028708416176	6.60254188067628	6.89291330541862
4.13115740213583	6.32144256922827	6.61077398364468	6.88915271043443
4.1373656611643	6.33845439795856	6.62589104682486	6.91450025923216
4.14357392019278	6.34065613388294	6.63889657803931	6.92853222091845
4.14978217922125	6.37410204600254	6.65083103367384	6.92988081511766
4.15599043824973	6.36061121106097	6.65805871348382	6.94850137385624
4.1621986972782	6.36644651681985	6.6699177342447	6.97020535338212
4.16840695630667	6.39110700866411	6.68669028721489	6.98231074597786
4.17461521533515	6.37606021923425	6.67780493018131	6.97313205891783
4.18082347436362	6.4256673877893	6.7006237153157	6.98416984347688
4.1870317333921	6.42467447880304	6.70758146852347	6.97599910329077
4.19323999242057	6.43038644905494	6.71725047062019	7.00991221993488
4.19944825144905	6.43694491203539	6.73046577229101	7.02809876329018
4.20565651047752	6.4441514166014	6.73257670963409	7.03953417639235
4.211864769506	6.45428722161477	6.74435762100893	7.04791779937671
4.21807302853447	6.46038366221312	6.75673010080943	7.05271833467798
4.22428128756295	6.48364077580412	6.77390660505622	7.05037635068192
4.23048954659142	6.4827497418842	6.77573136908701	7.0672491540308
4.23669780561989	6.49727074732046	6.7919083816652	7.08542386627816
4.24290606464837	6.50724395090403	6.79679008800861	7.08980741650074
4.24911432367684	6.51304380699495	6.80554462249097	7.0934336355789
4.25532258270532	6.54875165600153	6.82460508160933	7.11630001039759
4.26153084173379	6.5433945232852	6.83118790839861	7.11371587491217
4.26773910076227	6.5487169934269	6.83756584170684	7.13213487633458
4.27394735979074	6.55606849697515	6.84835374535021	7.14521939189444
4.28015561881922	6.56760998788385	6.86134380271684	7.13803076405544
4.28636387784769	6.56635320559375	6.87312012092176	7.16265481980029
4.29257213687617	6.58737729896568	6.88383070959863	7.17141062849866
4.29878039590464	6.60901575536459	6.89100810532643	7.18278799675839
