"mitochan"	"lwrNorm"	"medNorm"	"uprNorm"
-1.90327037354145	-3.57385150457262	-2.47799959318476	-1.39884925720673
-1.8966507915407	-3.56592312057359	-2.46847430654392	-1.43006766869876
-1.89003120953995	-3.56938098611229	-2.46629238633326	-1.37309360255975
-1.88341162753921	-3.57216519614007	-2.44778223177624	-1.39670032174278
-1.87679204553846	-3.55773314000436	-2.44640792659135	-1.39512222588028
-1.87017246353771	-3.51873879040349	-2.44820161155189	-1.36809673481038
-1.86355288153697	-3.50778636142444	-2.44010193226598	-1.38977404208463
-1.85693329953622	-3.5243757376072	-2.41926045674454	-1.36875561406092
-1.85031371753547	-3.51470759681582	-2.41266955106994	-1.36420089838976
-1.84369413553472	-3.48800089369027	-2.40905535906211	-1.35602342638196
-1.83707455353398	-3.45313265703966	-2.40209376801534	-1.34285963541558
-1.83045497153323	-3.4639502836444	-2.39094171885267	-1.32520209138723
-1.82383538953248	-3.44846823343934	-2.39303597300149	-1.34811752973695
-1.81721580753174	-3.44215186996976	-2.37851447252045	-1.33590345849405
-1.81059622553099	-3.42945587746801	-2.37311997086974	-1.34568617494807
-1.80397664353024	-3.41423725851076	-2.34323137688533	-1.32598332901929
-1.7973570615295	-3.42068245945071	-2.3524586010175	-1.30187656298861
-1.79073747952875	-3.40267737184016	-2.33147535309257	-1.32433678199601
-1.784117897528	-3.39234310034018	-2.3288821680698	-1.29075797109158
-1.77749831552725	-3.39059704227776	-2.33234119703774	-1.29953857083513
-1.77087873352651	-3.35519238174227	-2.32222567427317	-1.31432363814755
-1.76425915152576	-3.34906896217904	-2.30920144778224	-1.32008238564457
-1.75763956952501	-3.34591315438554	-2.29404122423645	-1.29085937591833
-1.75101998752427	-3.33464738782788	-2.28847327877998	-1.27113644016464
-1.74440040552352	-3.30853998963842	-2.27283967416174	-1.26324011491922
-1.73778082352277	-3.30695766051579	-2.2735294040695	-1.26411601462546
-1.73116124152202	-3.3143821909317	-2.27693382506577	-1.25903103994556
-1.72454165952128	-3.2785048761755	-2.2567714084328	-1.24080286240261
-1.71792207752053	-3.30165368072885	-2.23869859905873	-1.21128273204826
-1.71130249551978	-3.22813903450188	-2.22787766550901	-1.23992725971653
-1.70468291351904	-3.25003481872876	-2.2202472142621	-1.24994408838737
-1.69806333151829	-3.22431165614648	-2.21576603520372	-1.23017625230216
-1.69144374951754	-3.23453019260558	-2.1927513391391	-1.20915947476989
-1.68482416751679	-3.20548661011074	-2.200272899722	-1.19844232978219
-1.67820458551605	-3.20781433204665	-2.19703099130181	-1.20735454569165
-1.6715850035153	-3.18777069465905	-2.16930784643075	-1.23647795595091
-1.66496542151455	-3.19843978055189	-2.16562230041116	-1.21350413775798
-1.65834583951381	-3.17908924902504	-2.16286831091737	-1.1903853854845
-1.65172625751306	-3.16094964482496	-2.1608587495907	-1.16214183846928
-1.64510667551231	-3.15241854584332	-2.15140710877609	-1.15734500733859
-1.63848709351156	-3.14510580704154	-2.13205841868825	-1.1722522030298
-1.63186751151082	-3.11505315415104	-2.1300883655325	-1.17675131891181
-1.62524792951007	-3.12676316415534	-2.11550649614587	-1.17576657407987
-1.61862834750932	-3.08939500049091	-2.11258431166514	-1.13788354570732
-1.61200876550858	-3.09429231293627	-2.09443116030435	-1.13430034998927
-1.60538918350783	-3.084934175472	-2.09594169097663	-1.1330394356603
-1.59876960150708	-3.07247149629892	-2.07595087169097	-1.13073161048981
-1.59215001950634	-3.07515468123851	-2.07057363351144	-1.14361971341612
-1.58553043750559	-3.05231344815676	-2.07043858271737	-1.10892616675748
-1.57891085550484	-3.02608046357997	-2.04367911535016	-1.10193388276359
-1.57229127350409	-3.06432224108974	-2.0595782831312	-1.12255033927811
-1.56567169150335	-3.02019847060219	-2.04204601064943	-1.10949667172216
-1.5590521095026	-3.01550469158305	-2.03256516847775	-1.10094058436447
-1.55243252750185	-3.00025316907915	-2.03306726593189	-1.08267080450163
-1.54581294550111	-2.99116557511393	-2.00503996379197	-1.08365111894772
-1.53919336350036	-2.98674459727661	-2.00118290748789	-1.04548257270728
-1.53257378149961	-2.9683838098668	-1.9900911236575	-1.0514175569647
-1.52595419949886	-2.97807143219179	-1.98495875532281	-1.05671164690573
-1.51933461749812	-2.93795654893361	-1.97831918208138	-1.03982241583414
-1.51271503549737	-2.93659512643502	-1.96821072954149	-1.0362837245601
-1.50609545349662	-2.93387748853517	-1.96095369215015	-1.06232805928286
-1.49947587149588	-2.91682398577477	-1.94900874024642	-1.01446400384592
-1.49285628949513	-2.87686528671628	-1.94673285694845	-1.03677609104873
-1.48623670749438	-2.86830145674751	-1.94479723407605	-1.06024948022302
-1.47961712549363	-2.87507711375705	-1.91780550079525	-1.0254870332137
-1.47299754349289	-2.85451126001345	-1.90718014267194	-0.991503264790302
-1.46637796149214	-2.86862122542128	-1.90805473645122	-1.01698229692678
-1.45975837949139	-2.8323368172493	-1.89964764751525	-0.98725281863648
-1.45313879749065	-2.83985667513729	-1.88421354677901	-0.995150971787741
-1.4465192154899	-2.80446937759646	-1.88454725472253	-0.948729289983565
-1.43989963348915	-2.8104958603524	-1.87759668818803	-0.990465773498001
-1.4332800514884	-2.77629385476902	-1.86833496786772	-0.975025421162505
-1.42666046948766	-2.78863821248156	-1.8589033206999	-0.989146718987272
-1.42004088748691	-2.73695518147392	-1.84748832715158	-0.946432044366502
-1.41342130548616	-2.76686059411852	-1.83722506009686	-0.967844996706827
-1.40680172348542	-2.74719303548323	-1.82636124144244	-0.959045862769078
-1.40018214148467	-2.70289319739139	-1.82787391220565	-0.93256806585581
-1.39356255948392	-2.69581996158482	-1.813868580979	-0.926436805633414
-1.38694297748318	-2.71944368704469	-1.80376791665965	-0.923214865935354
-1.38032339548243	-2.68176891841964	-1.79722844635754	-0.89803091809351
-1.37370381348168	-2.71089202663613	-1.79252697110006	-0.931645969421011
-1.36708423148093	-2.68076742319683	-1.77918816516807	-0.917109092390429
-1.36046464948019	-2.6802652887115	-1.77168106714767	-0.911998669817129
-1.35384506747944	-2.64662868967349	-1.7637166529373	-0.875305765864818
-1.34722548547869	-2.64964314309656	-1.75311338956194	-0.88492490335684
-1.34060590347795	-2.63168968051616	-1.73809591766118	-0.879815870219994
-1.3339863214772	-2.60779390260214	-1.73437716429389	-0.868240275045653
-1.32736673947645	-2.6012565880275	-1.71826689153484	-0.865869406476018
-1.3207471574757	-2.58731113000907	-1.71576146840614	-0.843226977946855
-1.31412757547496	-2.58843935694354	-1.71103357225857	-0.856785353593289
-1.30750799347421	-2.6011688910885	-1.69987640709446	-0.872416050454405
-1.30088841147346	-2.56120644142669	-1.68068952415788	-0.860790400267332
-1.29426882947272	-2.56026569638937	-1.68123998703334	-0.820194769365423
-1.28764924747197	-2.55540213763033	-1.66557035833624	-0.806468090166348
-1.28102966547122	-2.51538451092868	-1.665007286109	-0.804713936850195
-1.27441008347047	-2.50041873358527	-1.65311691150489	-0.811421209401779
-1.26779050146973	-2.50719101427518	-1.64113401689453	-0.787445770555369
-1.26117091946898	-2.50205757771316	-1.63827301897003	-0.798399541092333
-1.25455133746823	-2.45564773696981	-1.62932434732148	-0.795089326480309
-1.24793175546749	-2.47923932473094	-1.60779793314952	-0.782804016790179
-1.24131217346674	-2.46808843835137	-1.61571265779881	-0.766174396299668
-1.23469259146599	-2.45381692604157	-1.59795436775812	-0.79093060911908
-1.22807300946525	-2.46263978706974	-1.59252178628056	-0.787105411749609
-1.2214534274645	-2.43732223024163	-1.59068843348843	-0.78243025267625
-1.21483384546375	-2.41082232888368	-1.57661146963905	-0.753308789854189
-1.208214263463	-2.41010564960411	-1.55982196828986	-0.720813428694084
-1.20159468146226	-2.39382075071387	-1.55788494176851	-0.758431579849452
-1.19497509946151	-2.35170620287791	-1.54757182626302	-0.738149698123792
-1.18835551746076	-2.40264374639691	-1.5343532725478	-0.726338104589455
-1.18173593546002	-2.36559012808053	-1.53420001746516	-0.723597119827124
-1.17511635345927	-2.32902782526727	-1.51994519449693	-0.734218804244863
-1.16849677145852	-2.339378101101	-1.5183787623067	-0.720320896025907
-1.16187718945777	-2.33260879012085	-1.51051811043129	-0.712272262931344
-1.15525760745703	-2.30949741136304	-1.49414866145988	-0.715419221044709
-1.14863802545628	-2.3099341091484	-1.48320104062134	-0.711365106804158
-1.14201844345553	-2.31345413741442	-1.47782676377095	-0.705022661805973
-1.13539886145479	-2.29125306933616	-1.46777749328442	-0.698092117001629
-1.12877927945404	-2.27227701329965	-1.46389964273934	-0.674249414148172
-1.12215969745329	-2.26738197159896	-1.44690315572309	-0.650907524167008
-1.11554011545254	-2.23017444301548	-1.45326165868583	-0.698844045614091
-1.1089205334518	-2.23069540443797	-1.43522521098056	-0.678107018200532
-1.10230095145105	-2.23136049851111	-1.42725674641911	-0.625175142598673
-1.0956813694503	-2.24296876489516	-1.40757783035826	-0.654653658183141
-1.08906178744956	-2.21664951022152	-1.39797295804136	-0.621676330468352
-1.08244220544881	-2.21556339303587	-1.39648580787779	-0.622499616830434
-1.07582262344806	-2.18047578794608	-1.3899252980003	-0.598459205751479
-1.06920304144731	-2.20783452073112	-1.39201027014992	-0.597330905195824
-1.06258345944657	-2.16176430442293	-1.3742369508646	-0.586151195107146
-1.05596387744582	-2.16012172755209	-1.3564135731528	-0.571959887642815
-1.04934429544507	-2.13708563801271	-1.36061423270288	-0.571290588021998
-1.04272471344433	-2.13516752067673	-1.35278719727868	-0.586707918289295
-1.03610513144358	-2.1351309146296	-1.33605668956547	-0.572805497296853
-1.02948554944283	-2.13135683790041	-1.32367230440302	-0.574599445050536
-1.02286596744209	-2.11893806693504	-1.31876256247937	-0.566656765025317
-1.01624638544134	-2.08964925419994	-1.31333979774552	-0.549121750981007
-1.00962680344059	-2.06838001352005	-1.2978944647737	-0.544778488725098
-1.00300722143984	-2.08437913498916	-1.29247886546516	-0.538672302261616
-0.996387639439097	-2.05724062217549	-1.28119476767974	-0.507449143885148
-0.98976805743835	-2.0570004821795	-1.28626415933073	-0.532008360355403
-0.983148475437603	-2.04803070044934	-1.26670286662539	-0.497815664236876
-0.976528893436855	-2.04983534868792	-1.25172615558334	-0.512154328127365
-0.969909311436108	-1.99531815122794	-1.25517138346098	-0.499146150313311
-0.963289729435361	-2.02124366134876	-1.2401821940311	-0.449518828855625
-0.956670147434614	-2.00404844408916	-1.23121341927965	-0.505173545085303
-0.950050565433867	-1.97500926361534	-1.22164772958368	-0.516441406512814
-0.94343098343312	-1.98549430964319	-1.21585299037497	-0.457932929438723
-0.936811401432373	-1.96826960881999	-1.20448268727589	-0.450576980158924
-0.930191819431626	-1.97952804383902	-1.20585402584864	-0.453681408018443
-0.923572237430879	-1.95836126700486	-1.19319232932794	-0.474977539202516
-0.916952655430131	-1.94748213982626	-1.17753987507262	-0.45284964002823
-0.910333073429384	-1.9339499507736	-1.17324731492402	-0.429351069120289
-0.903713491428637	-1.91421978923607	-1.15180886496155	-0.423586548949834
-0.89709390942789	-1.90189764246513	-1.15115205950969	-0.42650443629968
-0.890474327427143	-1.91075612080062	-1.14031481290121	-0.425983719078123
-0.883854745426396	-1.87113849298914	-1.1400007402037	-0.402879835183979
-0.877235163425649	-1.86473643599711	-1.12632583252106	-0.428331592822866
-0.870615581424902	-1.85277077300548	-1.12889582296405	-0.396800942183398
-0.863995999424155	-1.85484958521187	-1.10372992123538	-0.377285506016814
-0.857376417423408	-1.86307695414725	-1.09449842023945	-0.398670269544275
-0.85075683542266	-1.86593351831516	-1.09120823756246	-0.354015316291789
-0.844137253421913	-1.82566625141667	-1.07912539107813	-0.351075355895183
-0.837517671421166	-1.80500601277646	-1.07864775298415	-0.355962009936421
-0.830898089420419	-1.79183684177794	-1.07090609995149	-0.315173614154118
-0.824278507419672	-1.81301061931501	-1.05473927098652	-0.348534551653591
-0.817658925418925	-1.77544060445552	-1.0562086676073	-0.309168033603083
-0.811039343418178	-1.76247349311025	-1.04839001885789	-0.30424309339434
-0.804419761417431	-1.74639026021814	-1.03071992094219	-0.316374385109042
-0.797800179416684	-1.76174400973031	-1.02799369218482	-0.327387171644449
-0.791180597415937	-1.73092821801765	-1.01422965738721	-0.317456756332855
-0.78456101541519	-1.70696657652089	-1.0021607277893	-0.302732237255955
-0.777941433414443	-1.71298611581429	-0.984548422673439	-0.30894530376764
-0.771321851413695	-1.7140297476088	-0.986074001917696	-0.310596452791343
-0.764702269412948	-1.70384664042861	-0.976318582398394	-0.256675011464013
-0.758082687412201	-1.6756229136738	-0.982995595804695	-0.267324465013029
-0.751463105411454	-1.67330293125791	-0.973415538633921	-0.27879229038997
-0.744843523410707	-1.67251811883217	-0.958961770608571	-0.267813292503171
-0.73822394140996	-1.66778976731182	-0.938672192692723	-0.262537824677238
-0.731604359409213	-1.65284650348953	-0.939044085600262	-0.231350780124299
-0.724984777408466	-1.63184893311408	-0.930895129934025	-0.220709214953421
-0.718365195407719	-1.62634817392674	-0.923401717783969	-0.224885604869125
-0.711745613406972	-1.59196648078888	-0.901751697880578	-0.239107760523552
-0.705126031406224	-1.60576259808929	-0.903512398180662	-0.219255319942316
-0.698506449405477	-1.56814849159133	-0.889291844178845	-0.200423453795618
-0.69188686740473	-1.5846588985067	-0.873913917834856	-0.20294815381277
-0.685267285403983	-1.56547168599032	-0.877220063508887	-0.201428970292238
-0.678647703403236	-1.54911537536384	-0.866176316446424	-0.187572294610022
-0.672028121402489	-1.5573305865455	-0.860778778495116	-0.201427619156008
-0.665408539401742	-1.53434979957346	-0.856259066888516	-0.17226804689925
-0.658788957400995	-1.54957879841753	-0.825126119587021	-0.158949081516694
-0.652169375400248	-1.5285907148832	-0.833171543665576	-0.118063053122325
-0.6455497933995	-1.49585339568089	-0.820791183173541	-0.14507325504098
-0.638930211398753	-1.49895619379359	-0.81333355760609	-0.129203623014485
-0.632310629398006	-1.46233149170127	-0.816703538950438	-0.145198800774969
-0.625691047397259	-1.47844777507184	-0.784370807169107	-0.104371057829655
-0.619071465396512	-1.4784583552897	-0.790940052106227	-0.105200611974411
-0.612451883395765	-1.46190279608873	-0.780488916102045	-0.118308493112101
-0.605832301395018	-1.43552858238556	-0.777749080060055	-0.101101932434198
-0.599212719394271	-1.4186296701464	-0.76082745228192	-0.092658236952737
-0.592593137393524	-1.3973918381715	-0.756865604237918	-0.0814620519395739
-0.585973555392777	-1.4311384340165	-0.750530605482304	-0.0624545283400015
-0.57935397339203	-1.40507694114816	-0.731133841160753	-0.0534151614806825
-0.572734391391283	-1.36971570219893	-0.726253863497338	-0.0762342325283174
-0.566114809390535	-1.36792365612455	-0.724307052812503	-0.0580591459702013
-0.559495227389788	-1.37348283501402	-0.706581040171175	-0.0587006159552363
-0.552875645389041	-1.3632489487246	-0.696330547510433	-0.0623651170803913
-0.546256063388294	-1.34152998633472	-0.688247533082559	-0.0177428323145536
-0.539636481387547	-1.34428682753644	-0.687510192454508	-0.0229272933940387
-0.5330168993868	-1.33868144939967	-0.678385350767511	-0.0260908122119795
-0.526397317386053	-1.30020791290633	-0.659196100466551	-0.0212735484894007
-0.519777735385306	-1.33224038757467	-0.654552890091627	-0.00131186936660956
-0.513158153384559	-1.29018270792456	-0.641144450486042	-0.00458243558900939
-0.506538571383812	-1.29294097689321	-0.641111087963518	0.000992531497087296
-0.499918989383064	-1.30924634544751	-0.629477255418453	-0.00388534481651706
-0.493299407382317	-1.27511305929147	-0.624088218536127	0.0390044166022014
-0.48667982538157	-1.2858488557255	-0.613741346145709	0.053223502215497
-0.480060243380823	-1.26409290999954	-0.600739122137563	0.0556055519497584
-0.473440661380076	-1.23049345412216	-0.59033557042977	0.060322773194978
-0.466821079379329	-1.23282152934379	-0.584703214720958	0.0466442507951771
-0.460201497378582	-1.21365575902894	-0.581786374343032	0.0721989212008137
-0.453581915377835	-1.23864012870067	-0.563148405366984	0.0743402974427439
-0.446962333377088	-1.1952926528866	-0.574043143672426	0.0909627310827003
-0.44034275137634	-1.18324066658189	-0.557608414946516	0.0892123277426099
-0.433723169375593	-1.20644899971515	-0.542767711417956	0.100894824109481
-0.427103587374846	-1.16738276083668	-0.536673266035156	0.110346956370572
-0.420484005374099	-1.16396835061814	-0.522745840559042	0.0999929813260729
-0.413864423373352	-1.16329875052571	-0.515254539665556	0.0910936568869378
-0.407244841372605	-1.14717479391763	-0.513805876261117	0.123822815713104
-0.400625259371858	-1.13869513840543	-0.499519181792861	0.126969772216187
-0.394005677371111	-1.11115226662464	-0.487159347946752	0.130577278695372
-0.387386095370364	-1.11135573197076	-0.478576852561459	0.149353164653605
-0.380766513369617	-1.12276552682907	-0.476884099419212	0.149913045692651
-0.37414693136887	-1.08132502657111	-0.474885578453692	0.153022019507266
-0.367527349368123	-1.0654757161037	-0.46460217864505	0.177996386118189
-0.360907767367376	-1.10474217253915	-0.438150363370714	0.177951323729651
-0.354288185366628	-1.0705063907308	-0.437936951876337	0.189196620298446
-0.347668603365881	-1.03811849541183	-0.43899075417346	0.2016437826525
-0.341049021365134	-1.05597239822947	-0.419089150747123	0.207816297812356
-0.334429439364387	-1.02278596927898	-0.411513507255708	0.204465741372225
-0.32780985736364	-1.03530296508679	-0.403230715577722	0.20256420452971
-0.321190275362893	-1.02618394431389	-0.399538134237557	0.226442049432558
-0.314570693362146	-1.01654083678413	-0.392564486808943	0.228133109571456
-0.307951111361399	-0.991628639698723	-0.378437332954642	0.234288671147402
-0.301331529360652	-0.982316442389572	-0.369766737932279	0.249996705035917
-0.294711947359904	-0.987739541496514	-0.361763772417765	0.278135789555186
-0.288092365359157	-0.99009200047254	-0.362087810931196	0.281324190972656
-0.28147278335841	-0.953742615632337	-0.340848672554603	0.278317444811175
-0.274853201357663	-0.953295158867081	-0.332355579274698	0.278134027391643
-0.268233619356916	-0.969008036662417	-0.32269038214679	0.266204962140682
-0.261614037356169	-0.933392759133304	-0.315281475459817	0.309376603101764
-0.254994455355422	-0.931151930527999	-0.307640420255669	0.318025823029372
-0.248374873354675	-0.919359591796093	-0.29828059912921	0.318192936001164
-0.241755291353928	-0.903399074556736	-0.287514952646497	0.346869721670398
-0.23513570935318	-0.895862380557277	-0.288739627050222	0.328235516499913
-0.228516127352433	-0.88771900310774	-0.278978421812061	0.327168141051801
-0.221896545351686	-0.87825465739679	-0.258115252275929	0.350429799132031
-0.215276963350939	-0.903216300761224	-0.258646616522521	0.371239092856597
-0.208657381350192	-0.830790649033558	-0.238994876614689	0.371444201544037
-0.202037799349445	-0.840402983739357	-0.237961451758993	0.389652086494426
-0.195418217348698	-0.836888631514042	-0.229022298228855	0.397764199046116
-0.188798635347951	-0.825160814397902	-0.226170944569293	0.386194377154231
-0.182179053347204	-0.832018520202323	-0.207149162762377	0.38785150811676
-0.175559471346457	-0.829350545425076	-0.206204469123031	0.43222840196456
-0.16893988934571	-0.806641490164524	-0.189724220968177	0.408544085395764
-0.162320307344963	-0.799580411668224	-0.183585582751044	0.433833373145638
-0.155700725344215	-0.797853797168144	-0.176823714837391	0.436693835695097
-0.149081143343468	-0.77971509934569	-0.182185526388435	0.458349612609849
-0.142461561342721	-0.779679789680468	-0.165981819074415	0.449474066067722
-0.135841979341974	-0.758008274428944	-0.153711091454651	0.439058406837322
-0.129222397341227	-0.775337441803018	-0.144756852275035	0.452825162965031
-0.12260281534048	-0.739419475699173	-0.128358927303312	0.46130055169773
-0.115983233339733	-0.716354515850502	-0.12669672447817	0.500731876880566
-0.109363651338986	-0.757056185190448	-0.113474636305988	0.477593383295887
-0.102744069338239	-0.720596898666109	-0.104800318862038	0.518161377436777
-0.0961244873374916	-0.705952627874216	-0.0993507629232243	0.52296572169641
-0.0895049053367445	-0.70528104837619	-0.105389707919974	0.51899310262892
-0.0828853233359974	-0.671750162709735	-0.0716530672894423	0.556036833272598
-0.0762657413352503	-0.678703202062269	-0.0774320101477336	0.550605600219632
-0.0696461593345032	-0.648472585746719	-0.0741479602862737	0.552368200819362
-0.0630265773337562	-0.659835411162363	-0.0469168475443025	0.508060276274739
-0.0564069953330089	-0.659161429632318	-0.0429402509729598	0.549645014129856
-0.0497874133322618	-0.644729843122387	-0.0366388836675684	0.568530070694059
-0.0431678313315147	-0.624461334590096	-0.0281862198481569	0.538451589058825
-0.0365482493307676	-0.607517783895769	-0.0221561689068147	0.603205122243237
-0.0299286673300205	-0.593554348377415	-0.0171699294839747	0.584280456604296
-0.0233090853292734	-0.614230573208479	-0.00187738503657883	0.583909122965165
-0.0166895033285264	-0.626912839272565	0.00681007750311122	0.632912976563719
-0.0100699213277793	-0.574207943571764	0.00185865929368976	0.603551723362217
-0.0034503393270322	-0.606428781707753	0.0221749970530679	0.606907694554104
0.00316924267371488	-0.580124532856275	0.0287900314441732	0.617453607276749
0.00978882467446196	-0.565377169956297	0.0333499669678069	0.674069490880894
0.016408406675209	-0.562333957129399	0.0357755141033371	0.66360696573687
0.0230279886759561	-0.552406987273625	0.0506843752819406	0.644880055924053
0.0296475706767032	-0.530717857958508	0.071534910632971	0.655471636183058
0.0362671526774503	-0.501587876754728	0.0746798550370069	0.675698464071341
0.0428867346781976	-0.520544189983639	0.0850550462577582	0.682210704766992
0.0495063166789447	-0.523478981301633	0.098332340374594	0.696528607065303
0.0561258986796918	-0.505667615895893	0.10182906969084	0.693852873560583
0.0627454806804388	-0.486268273172605	0.110749210036446	0.730997925142161
0.0693650626811859	-0.494510978844609	0.123890929144575	0.701445263077694
0.075984644681933	-0.490224601291017	0.127159236749442	0.726816063688739
0.0826042266826801	-0.47341534309083	0.129190285122317	0.747331138638868
0.0892238086834272	-0.476594208795205	0.138935510542305	0.740453860607946
0.0958433906841742	-0.431460838676521	0.153869048671295	0.76060737787853
0.102462972684922	-0.43776271819528	0.15096354964645	0.767544636083313
0.109082554685668	-0.407761420091948	0.163516034441181	0.774783250172178
0.115702136686416	-0.413924597560683	0.180589829982561	0.799028694248044
0.122321718687163	-0.405937071096085	0.187417390362483	0.80899935701029
0.12894130068791	-0.423628681053101	0.189616651765149	0.790708050527453
0.135560882688657	-0.384852652111861	0.216415891492742	0.806838187745953
0.142180464689404	-0.386547705622083	0.224367417113628	0.828811349650967
0.148800046690151	-0.374406966763958	0.224767050511246	0.824858521264321
0.155419628690898	-0.372120892093946	0.23572983211578	0.84165484977751
0.162039210691645	-0.384208959435337	0.241593840571075	0.837861123148231
0.168658792692392	-0.362440704483932	0.250457440883623	0.848713264958978
0.175278374693139	-0.333132358927812	0.256330987971325	0.844793306576358
0.181897956693887	-0.318426426293045	0.269510074575923	0.883591282751196
0.188517538694633	-0.338682018895189	0.274940434687309	0.871628561255615
0.195137120695381	-0.354977262089514	0.287240014862537	0.877186473595574
0.201756702696128	-0.314665537638723	0.295181207975742	0.906494282230386
0.208376284696875	-0.315191086626264	0.299281373399941	0.897506825821201
0.214995866697622	-0.323704013318938	0.315715198773745	0.915017545030096
0.221615448698369	-0.29468488133056	0.32034987485916	0.921570792880773
0.228235030699116	-0.284427076899254	0.32702408160735	0.932485265777852
0.234854612699863	-0.26843950454101	0.341037439623984	0.960336860562165
0.24147419470061	-0.258361217490425	0.348239201358404	0.954068377287436
0.248093776701357	-0.258731841885301	0.35944905736201	0.958081295730528
0.254713358702105	-0.24707242924074	0.360568802957077	0.99315072535905
0.261332940702852	-0.241685424536935	0.3780101371223	0.988094659496277
0.267952522703599	-0.230248530917275	0.383278572093319	1.01280756971689
0.274572104704346	-0.234895784781379	0.391164841104701	1.00698013348416
0.281191686705093	-0.237342432264643	0.398405287132726	0.996960918337221
0.28781126870584	-0.215192227933767	0.412379225023106	1.01719041915053
0.294430850706587	-0.192851910479135	0.413325436458129	1.03728933228142
0.301050432707334	-0.176707914432131	0.427807854216148	1.0469606185699
0.307670014708081	-0.181819752733574	0.436405823220239	1.06845833706384
0.314289596708829	-0.169702432392419	0.445107484893187	1.08158079376435
0.320909178709575	-0.177054428732002	0.451547768484373	1.0586205530535
0.327528760710323	-0.181701740461976	0.455830280202561	1.06671202320859
0.33414834271107	-0.158900045168833	0.464710524616005	1.10099968371434
0.340767924711817	-0.155556958122754	0.486149100913304	1.0987890224166
0.347387506712564	-0.139201037673396	0.487805872959997	1.10664661402566
0.354007088713311	-0.158141201360057	0.493271917983027	1.10630693307499
0.360626670714058	-0.138287318235821	0.508138302945719	1.11919498436701
0.367246252714805	-0.123404923941805	0.518761372375019	1.17219737743889
0.373865834715552	-0.108343110367768	0.518916684178798	1.17070163247299
0.380485416716299	-0.124895638386436	0.53010695883801	1.16449341255447
0.387104998717046	-0.0946401377379731	0.543916972610946	1.16450772346187
0.393724580717794	-0.0552685827564747	0.543747592325547	1.1739947464857
0.400344162718541	-0.0740315774545315	0.55141315051186	1.17713724376136
0.406963744719288	-0.0917168789793268	0.560327479036404	1.21541570828839
0.413583326720035	-0.0552486735659482	0.572974739689423	1.23226622674233
0.420202908720782	-0.0450673108378258	0.57540123313146	1.22899633440165
0.426822490721529	-0.0420954250457319	0.595186487977138	1.20898119178361
0.433442072722276	-0.0458725659379568	0.604181986227328	1.23727592416997
0.440061654723023	-0.01237720035068	0.611965632418903	1.2414501367287
0.44668123672377	-0.0329189809933658	0.609510979145484	1.28134383598869
0.453300818724518	-0.0159956686775798	0.620948869312885	1.26416122928168
0.459920400725264	-0.0102888357795	0.639371824509745	1.27429822275582
0.466539982726012	-0.0221414118042025	0.644542097278665	1.28543147156582
0.473159564726759	0.0148057645594108	0.658804415810389	1.31932591759643
0.479779146727506	0.0151855911725273	0.655118088751731	1.30573800952018
0.486398728728253	0.0196329139345589	0.669376836466866	1.31224493936736
0.493018310729	0.0172279038374242	0.66779769065993	1.32379179917029
0.499637892729747	0.0133078808206973	0.694161131587406	1.33940286403762
0.506257474730494	0.0499364687701481	0.688946525790415	1.34439875467767
0.512877056731242	0.0509476000460289	0.696307559438829	1.34680652740096
0.519496638731988	0.0597933313939488	0.707525681940372	1.37807497542314
0.526116220732736	0.0480813479437203	0.720233748586676	1.37322659236354
0.532735802733483	0.0615531289809326	0.720746468419933	1.40281088185055
0.53935538473423	0.0762928219069854	0.748004778626176	1.38522307294177
0.545974966734977	0.0533289602130181	0.75078458131829	1.39155880913982
0.552594548735724	0.122289222535067	0.753163837860989	1.42061412603829
0.559214130736471	0.071927313369405	0.76114023834396	1.43210308280586
0.565833712737218	0.0925391719203014	0.782525310200116	1.40371268854386
0.572453294737965	0.124973534285979	0.787583435462358	1.43993166022545
0.579072876738712	0.128504352216967	0.789105663409442	1.46234287236868
0.585692458739459	0.109964009061153	0.817764394720931	1.45652087963837
0.592312040740206	0.127931726963	0.820246552728141	1.49869490754862
0.598931622740954	0.139834951938192	0.829923629116993	1.49547109136031
0.605551204741701	0.136285404765007	0.825729063407312	1.50610219124882
0.612170786742448	0.147696199791226	0.842799549844566	1.5194628110263
0.618790368743195	0.181258275591199	0.856751066111882	1.51471776695735
0.625409950743942	0.159365927165265	0.85330065859082	1.53040037851903
0.632029532744689	0.162138656104311	0.861142813869227	1.52805461555288
0.638649114745436	0.174435489852801	0.86352341373429	1.5407445496466
0.645268696746183	0.171512058524714	0.875778353483157	1.57480818926521
0.65188827874693	0.208388754003417	0.889332453249531	1.56503276798817
0.658507860747677	0.192526224927747	0.893942226113637	1.58904952634789
0.665127442748425	0.200225439197767	0.89477272084409	1.57197649407612
0.671747024749171	0.223896318579289	0.911553337470353	1.60917945117526
0.678366606749919	0.224889970245171	0.930306372883594	1.6127582024399
0.684986188750666	0.227501154080346	0.931478327132835	1.60604886153234
0.691605770751413	0.263907355959347	0.941713993196307	1.62408305826816
0.69822535275216	0.228143651329674	0.94737747888129	1.63667217748417
0.704844934752907	0.259349844311589	0.954213751198812	1.66061104281539
0.711464516753654	0.278895511385143	0.967073032064715	1.66818240142907
0.718084098754401	0.297709054231067	0.963518426068979	1.66132145993857
0.724703680755149	0.273943205598216	0.980364486020799	1.70471075112206
0.731323262755895	0.25913596971572	0.996809449771438	1.69329757563142
0.737942844756643	0.296903897814894	1.00208864938797	1.69500279382383
0.74456242675739	0.27617281635872	1.01464286250502	1.70410265356475
0.751182008758137	0.279240759936967	1.01820774483898	1.73639655381708
0.757801590758884	0.293683846060008	1.02018106604449	1.72720226106881
0.764421172759631	0.302947501411521	1.03793815251025	1.74007650632759
0.771040754760378	0.306054608964575	1.05805915600747	1.72995108378978
0.777660336761125	0.345964684931316	1.0525886375464	1.76140558704359
0.784279918761872	0.324798150378142	1.04651084791113	1.78379969990211
0.790899500762619	0.365535272587417	1.06478777716573	1.80915577428588
0.797519082763367	0.34698113100561	1.07253809863389	1.78347856339318
0.804138664764114	0.362385951556885	1.08639049272712	1.7967727231334
0.810758246764861	0.363839752344668	1.10622814626567	1.8044290771113
0.817377828765608	0.366966934308102	1.10144581834543	1.80612367130689
0.823997410766355	0.371829776946328	1.13200154452883	1.845292807027
0.830616992767102	0.395919057112073	1.12756690727895	1.85630976763052
0.837236574767849	0.375032578059932	1.1369116202466	1.85620987441278
0.843856156768596	0.407198336346197	1.12448509758549	1.8850749721389
0.850475738769343	0.401524187536404	1.14467419012727	1.89826630115901
0.85709532077009	0.406210933753731	1.15949208880397	1.87193135705698
0.863714902770838	0.41280347498482	1.16322682801837	1.88440614785149
0.870334484771584	0.426447423245493	1.18492133485254	1.9103942892851
0.876954066772332	0.407107300574119	1.18125897460904	1.90891330344242
0.883573648773079	0.430701669594442	1.19818693145101	1.94434112877615
0.890193230773826	0.435117873593652	1.19209301268092	1.93030456966201
0.896812812774573	0.451805252442503	1.21347168886042	1.98014219952094
0.90343239477532	0.418534197202287	1.21933189145509	1.94132671171978
0.910051976776067	0.459525036845338	1.24394119774401	1.95397785945721
0.916671558776814	0.470954710132017	1.24638066721925	1.9666022093529
0.923291140777561	0.460272538497383	1.24327247513825	2.00118200156973
0.929910722778308	0.460762269197708	1.25490240933827	2.00231404179807
0.936530304779056	0.508256770076166	1.26460471170016	1.99633417170044
0.943149886779802	0.490088632095073	1.27632611123939	2.02261593597587
0.94976946878055	0.498111293576082	1.28167842200079	2.05928790630202
0.956389050781297	0.488297265589746	1.28740969758742	2.09503165935164
0.963008632782044	0.521276276877538	1.29333616249923	2.06051586236467
0.969628214782791	0.529715426091085	1.30345091319815	2.06827509238136
0.976247796783538	0.536608381515428	1.31843895053457	2.09143270394058
0.982867378784285	0.518028990206056	1.34099646721837	2.10046904756829
0.989486960785032	0.53774309296448	1.33720520839739	2.07573418697202
0.99610654278578	0.539436590382364	1.34414180887146	2.11816356679713
1.00272612478653	0.556771296015123	1.33927653110711	2.1259320404108
1.00934570678727	0.563387391679217	1.35984867448872	2.13867884415661
1.01596528878802	0.57464476473482	1.36150807101145	2.14060800064138
1.02258487078877	0.562546023493663	1.37911439848268	2.17045078286877
1.02920445278951	0.556691351938136	1.39934237122794	2.18165215568298
1.03582403479026	0.581951497378629	1.38848322361277	2.1576242558712
1.04244361679101	0.569518108128471	1.40694549013715	2.20037889009487
1.04906319879176	0.57758522861804	1.41678754730468	2.22889435490459
1.0556827807925	0.620245700958441	1.41066580645502	2.19175252074622
1.06230236279325	0.626271483568713	1.4305447332848	2.22653414703044
1.068921944794	0.627523836323651	1.45266937686471	2.20836140637771
1.07554152679474	0.618790501789006	1.43917841086662	2.24789149598054
1.08216110879549	0.606300197126059	1.46392727969655	2.24611017159174
1.08878069079624	0.657720709661195	1.4709592644685	2.2558799609342
1.09540027279699	0.624675513045162	1.4744675619211	2.26770682613467
1.10201985479773	0.638811692810426	1.48568603869775	2.29036725702566
1.10863943679848	0.64662339575548	1.48138536743068	2.29286550237431
1.11525901879923	0.65574568418838	1.50868526268727	2.29105196086033
1.12187860079997	0.675238700171526	1.51489826762966	2.30895609674391
1.12849818280072	0.671243150844572	1.52041900198852	2.32436801496788
1.13511776480147	0.668793902575273	1.53633036675344	2.32375036399968
1.14173734680222	0.676423156597019	1.53878443866739	2.40797941335931
1.14835692880296	0.701083708937763	1.54521097007519	2.37755387029489
1.15497651080371	0.694530444299186	1.55577792267863	2.38331657772767
1.16159609280446	0.722169122446711	1.55898659827985	2.40222128293287
1.1682156748052	0.704654672140859	1.57415121599394	2.39513822118744
1.17483525680595	0.70509612330204	1.5890158533301	2.39514954469485
1.1814548388067	0.722982449429653	1.5843187682371	2.43063233645696
1.18807442080745	0.716109982958989	1.59836806548502	2.40166059733337
1.19469400280819	0.73456436733174	1.60896832630292	2.45059624331051
1.20131358480894	0.763641098670627	1.60648968505908	2.48751868979139
1.20793316680969	0.752948837367841	1.62730574310668	2.44763794017004
1.21455274881043	0.743306365721884	1.6301336806016	2.48209173957584
1.22117233081118	0.768578180888269	1.6405052691496	2.47283925984444
1.22779191281193	0.764201764980326	1.65431490963599	2.4896241042922
1.23441149481267	0.772180089108376	1.6613186004927	2.53994220616909
1.24103107681342	0.801235821267571	1.67092009789517	2.50997485560881
1.24765065881417	0.776051315986469	1.67613003981033	2.51757923995811
1.25427024081492	0.79238836646335	1.67591325171527	2.54175568793457
1.26088982281566	0.788689068896676	1.68652964959691	2.54363261876457
1.26750940481641	0.76543152718609	1.70156737753978	2.57583681705731
1.27412898681716	0.795296860304296	1.712776001725	2.59264348391952
1.2807485688179	0.768818565963069	1.71566090906288	2.57316426312222
1.28736815081865	0.82232606320105	1.72393503411978	2.59980963994937
1.2939877328194	0.824267433066523	1.73822012551104	2.61192442478389
1.30060731482015	0.846840566763484	1.74458261788626	2.6014733830992
1.30722689682089	0.82755600071243	1.75912857103783	2.62152424916319
1.31384647882164	0.822185472300764	1.75221948025923	2.65525692029274
1.32046606082239	0.85150770105577	1.75797501678382	2.64843952369885
1.32708564282313	0.852340908978293	1.77747360480797	2.64095503032293
1.33370522482388	0.846324429767357	1.78316806566737	2.70229758005329
1.34032480682463	0.885188454135708	1.79140614212329	2.66448990599007
1.34694438882538	0.915003652401235	1.8176794071326	2.69157187503872
1.35356397082612	0.921190995003874	1.81614239025308	2.72061259147
1.36018355282687	0.894905844926884	1.83050640525274	2.73531256903228
1.36680313482762	0.913462205905264	1.83708692862662	2.73313111742597
1.37342271682836	0.84192354492815	1.83833478408043	2.73990705159619
1.38004229882911	0.894828403970612	1.85099559440163	2.75663663433012
1.38666188082986	0.894846563905503	1.87047365690997	2.74909594608812
1.39328146283061	0.916238932304917	1.87383681884588	2.74986284758432
1.39990104483135	0.913990327470943	1.87167453096682	2.78267662419236
1.4065206268321	0.931778880172546	1.88470833214603	2.77471489710807
1.41314020883285	0.935793137705541	1.89291199550959	2.82715958003983
1.41975979083359	0.961726689056057	1.90040661941795	2.86163573615954
1.42637937283434	1.00324599932992	1.91180980909989	2.79853650291257
1.43299895483509	0.988931913409789	1.91591998629916	2.8195494656339
1.43961853683583	0.994063288344284	1.92457432251963	2.86008228021717
1.44623811883658	0.95659234752758	1.93449768371222	2.88567710731619
1.45285770083733	0.973326413918613	1.94472272193271	2.85223748205575
1.45947728283808	0.980906201194557	1.96661336886601	2.86971752249966
1.46609686483882	0.999506275315104	1.95809764812165	2.90981129580023
1.47271644683957	1.02148494897477	1.9791721851557	2.91764867202596
1.47933602884032	0.99170212612015	1.97481838741463	2.95777322376778
1.48595561084106	0.995395094513659	1.98619983032909	2.94307168527365
1.49257519284181	1.02839423680191	1.99920667400015	2.91453318117836
1.49919477484256	1.02255236533984	2.01674978563713	2.94822205397554
1.50581435684331	0.986614391145259	2.02165127554628	2.99133536249282
1.51243393884405	1.03852564264322	2.03397271578701	2.9677741170542
1.5190535208448	1.06667443008015	2.03189761955404	2.99911367898375
1.52567310284555	1.05457265428043	2.04592115158529	2.99859598484774
1.53229268484629	1.05673849543204	2.05109090394774	3.00721538666777
1.53891226684704	1.03470648366495	2.0432475716757	2.99779082184433
1.54553184884779	1.06193106590754	2.05422781350718	3.02059055632801
1.55215143084854	1.08679884591264	2.08121530175935	3.05004642690253
1.55877101284928	1.09020367524491	2.07284070800176	3.06276935566302
1.56539059485003	1.08431008735349	2.10273835041306	3.03804740368217
1.57201017685078	1.08743262607976	2.10768659834549	3.07877043996365
1.57862975885152	1.096955837836	2.12118106904886	3.0848781357813
1.58524934085227	1.09953521880929	2.1210252836605	3.1057409009494
1.59186892285302	1.10344647896425	2.1096657318166	3.10826954168241
1.59848850485377	1.07511328159657	2.13564469760065	3.0877781743437
1.60510808685451	1.12061593268437	2.15068227267034	3.10768996573151
1.61172766885526	1.1174613629173	2.16276660504195	3.12791666645594
1.61834725085601	1.13778658531053	2.16305148104697	3.16837284472836
1.62496683285675	1.11978640070394	2.17465494804219	3.14646979476486
1.6315864148575	1.1611003934098	2.18087242537903	3.16945408693786
1.63820599685825	1.15011108741866	2.19702682861126	3.18453255036772
1.644825578859	1.14992637496577	2.20772959483229	3.21840431410778
1.65144516085974	1.18277547317918	2.21003136444157	3.20379418098295
1.65806474286049	1.17031841269602	2.21360075787751	3.23840338251667
1.66468432486124	1.18253451521644	2.223658829656	3.22885580404792
1.67130390686198	1.17220644571265	2.24321751984772	3.25856616696068
1.67792348886273	1.22337410514582	2.24156559115796	3.28342871118822
1.68454307086348	1.22203084848476	2.25356391637517	3.27882666029955
1.69116265286422	1.18791130395814	2.27317024897868	3.28135191195299
1.69778223486497	1.22022457551121	2.26170726621157	3.29601065147114
1.70440181686572	1.20912436411342	2.26811838355639	3.31023663233967
1.71102139886647	1.22218052104327	2.28342227214552	3.33822921080104
1.71764098086721	1.21453069088618	2.28716650253359	3.32589060073072
1.72426056286796	1.25947833646786	2.30516608798351	3.34374696521878
1.73088014486871	1.21870838334998	2.3111510733452	3.35968426091235
1.73749972686945	1.24359732654482	2.32479253203177	3.337568281515
1.7441193088702	1.25463910829941	2.32502095910611	3.38458081689686
1.75073889087095	1.24325739754374	2.3315196983835	3.39166560617118
1.7573584728717	1.29981629510625	2.36267742931749	3.40171536693004
1.76397805487244	1.2654190042068	2.35307079654934	3.40359622074212
1.77059763687319	1.24257386266082	2.37434326909346	3.42331595800394
1.77721721887394	1.28752942713275	2.38634460034651	3.42192040996929
1.78383680087468	1.30543288922727	2.37793028769746	3.43755405015024
1.79045638287543	1.30338490206914	2.38254971101623	3.4322350278296
1.79707596487618	1.31709155043216	2.40433231311208	3.46533909592351
1.80369554687693	1.29782308662967	2.40444637576227	3.48835450528986
1.81031512887767	1.29912405388292	2.41312303461605	3.48285127679661
1.81693471087842	1.35069100236984	2.43109935337477	3.50604763234556
1.82355429287917	1.30950644688958	2.436033840914	3.47617038559306
1.83017387487991	1.31044758952984	2.4459007753856	3.51804753352739
1.83679345688066	1.31818503404307	2.44650898769184	3.54289950917018
1.84341303888141	1.31397728167232	2.46779564136247	3.54932546693173
1.85003262088215	1.38973692805636	2.47118594663622	3.58975531688343
1.8566522028829	1.35318781289745	2.4751540362312	3.568336114679
1.86327178488365	1.35742902883053	2.49290673814309	3.56746075432447
1.8698913668844	1.36328464484645	2.50538060521321	3.60413807071549
1.87651094888514	1.3792620543241	2.51673085134485	3.61351736728341
1.88313053088589	1.38345343975481	2.53168159726262	3.58489012395769
1.88975011288664	1.35453438837547	2.51548804201671	3.64191190508265
1.89636969488738	1.36490591607548	2.535785560234	3.65037988303729
1.90298927688813	1.39672138829858	2.53784793760685	3.62894953805137
1.90960885888888	1.38661043112277	2.55688443638279	3.65669162321186
1.91622844088963	1.39104238351481	2.550862923845	3.65319000801537
1.92284802289037	1.39906966605882	2.55777914509944	3.669728973619
1.92946760489112	1.40959132694642	2.57908673144491	3.70499379279579
1.93608718689187	1.43140456781702	2.57784499795676	3.67293900533029
1.94270676889261	1.4422259090517	2.60657670353246	3.66568421164503
1.94932635089336	1.43197403585463	2.6026676636619	3.76469813965622
1.95594593289411	1.42721826324492	2.61957625414762	3.73424218119944
1.96256551489486	1.4519100068013	2.61470349989454	3.72471646955169
1.9691850968956	1.47248440442136	2.62393435319423	3.77410040738157
1.97580467889635	1.49744573892398	2.64134552437702	3.79280253225501
1.9824242608971	1.44134084242686	2.64224282220087	3.77420000339069
1.98904384289784	1.48552074304458	2.65551161820789	3.78555783629138
1.99566342489859	1.44556838006645	2.66007574664526	3.83852582802548
2.00228300689934	1.47444730167461	2.66425845054152	3.81543803336811
2.00890258890009	1.4656753428534	2.68519033609252	3.87342669192505
2.01552217090083	1.50968108666967	2.69661872441034	3.84312359316279
2.02214175290158	1.49940843590748	2.70933681130248	3.83756124307131
2.02876133490233	1.49619455202159	2.69858427950327	3.87266747927408
2.03538091690307	1.47833332407593	2.71772701792126	3.87487008737886
2.04200049890382	1.54639494065303	2.72145285527544	3.86492136725938
2.04862008090457	1.51399924287534	2.72756879564048	3.9092913012574
2.05523966290531	1.51055944660272	2.73649676725328	3.85885673167195
2.06185924490606	1.51883576290584	2.73926764061927	3.91117074486433
2.06847882690681	1.54208167677026	2.76279827854425	3.96377254795983
2.07509840890756	1.55026586593021	2.77169638682789	3.90577115593847
2.0817179909083	1.57347621333345	2.77412674288729	3.95235277506604
2.08833757290905	1.5616176539136	2.78637252857976	3.94285921813459
2.0949571549098	1.5779383854152	2.78881167559325	3.98344846019211
2.10157673691054	1.58132285626109	2.80080110083916	3.98500849369315
2.10819631891129	1.57072436291458	2.81702518049197	3.98388577763568
2.11481590091204	1.57565023090574	2.8199029555288	4.00557501651182
2.12143548291279	1.61241917090998	2.83009343360303	3.99069267180452
2.12805506491353	1.5860556331849	2.85029943254387	4.03149947020063
2.13467464691428	1.61183191562107	2.84965260952056	4.02205157583489
2.14129422891503	1.62787936120041	2.86048707178849	4.04867128696732
2.14791381091577	1.63012828908422	2.85074759596997	4.06035758642132
2.15453339291652	1.66920478390926	2.87274726519608	4.05330010166743
2.16115297491727	1.63043066511396	2.88776153712992	4.08297770597922
2.16777255691802	1.64766520029372	2.88264116945374	4.1103684645347
2.17439213891876	1.65445373919022	2.8957894384312	4.11608277602073
2.18101172091951	1.63358182666989	2.9062112895468	4.12433118033108
2.18763130292026	1.65813004201921	2.91776462989988	4.1191722246287
2.194250884921	1.66981594136984	2.92712255390964	4.14972917546319
2.20087046692175	1.677579056574	2.93292798060437	4.16212066165421
2.2074900489225	1.68982839569353	2.9360644368666	4.15275912605158
2.21410963092325	1.67861434053809	2.93775149597286	4.17438010457076
2.22072921292399	1.70171235274252	2.95766762963826	4.24642464872563
2.22734879492474	1.6996911045877	2.97181942527598	4.19349511727043
2.23396837692549	1.69362336339798	2.98203519694847	4.19955988459497
2.24058795892623	1.70144835882964	2.98192936664282	4.23068706429542
2.24720754092698	1.70371713959513	2.98882619503146	4.21571361473441
2.25382712292773	1.68562513803729	3.00433358744047	4.25538572220773
2.26044670492848	1.72947965511486	3.01238675183238	4.26496984269237
2.26706628692922	1.70961277780935	3.01331739805514	4.25113615750814
2.27368586892997	1.71878568709347	3.03315232019667	4.29528621411187
2.28030545093072	1.74167912907742	3.02858914856523	4.28917007115473
2.28692503293146	1.73019360769188	3.04893924274565	4.28794401367541
2.29354461493221	1.72015440706735	3.05079837710321	4.33183776830356
2.30016419693296	1.74015270087175	3.05601099200095	4.37232121964446
2.3067837789337	1.74876745501236	3.07720811874312	4.33935838794706
2.31340336093445	1.78291314017393	3.1059709421076	4.36319687350341
2.3200229429352	1.78766485201062	3.09249322947182	4.40145543450366
2.32664252493595	1.80278569713048	3.09496429065869	4.38330524883689
2.33326210693669	1.78114156128386	3.1019522329518	4.36853764220686
2.33988168893744	1.80067043171964	3.1118696802492	4.3858112333146
2.34650127093819	1.81523419447407	3.12135787632235	4.40569657032748
2.35312085293893	1.82508337113834	3.13160436513408	4.44429044098963
2.35974043493968	1.8252347195113	3.13082408998006	4.44452043032337
2.36636001694043	1.8244579809886	3.14868405740612	4.45566119417512
2.37297959894118	1.79826277793112	3.16973427782242	4.4640853804834
2.37959918094192	1.83989317031513	3.17188910437268	4.42012816940949
2.38621876294267	1.86087587908271	3.16843201994161	4.45280669250217
2.39283834494342	1.81260004974236	3.20397506239779	4.49943002795535
2.39945792694416	1.87056373380096	3.19270451586137	4.48935418032814
2.40607750894491	1.83437596363707	3.21603891631653	4.52439932023154
2.41269709094566	1.87371600782679	3.20482285608319	4.54212913358988
2.4193166729464	1.84799044879739	3.22372886450853	4.51263692948495
2.42593625494715	1.85422663772686	3.22879703082396	4.54259150805819
2.4325558369479	1.84916135712189	3.23058095442398	4.51141035446002
2.43917541894865	1.87174271331465	3.24763233468196	4.57495219976284
2.44579500094939	1.89482547166078	3.25469929457813	4.57749211814134
2.45241458295014	1.88599704305177	3.26430555714877	4.59622819494628
2.45903416495089	1.89436368406536	3.27881832853699	4.61317454923865
2.46565374695163	1.90495241436267	3.26731524467295	4.64699658137102
2.47227332895238	1.89462212412998	3.28812281784588	4.6411874276901
2.47889291095313	1.91720326045284	3.30002595982496	4.67155385792287
2.48551249295388	1.90240576742986	3.31086436106428	4.6965231430997
2.49213207495462	1.90535652755176	3.30804459227158	4.6821580042029
2.49875165695537	1.96860575711536	3.31481573542934	4.70736346803942
2.50537123895612	1.89357077557302	3.33700110570423	4.65764890658854
2.51199082095686	1.98180112035034	3.34206947466873	4.67889478554325
2.51861040295761	1.93930482568227	3.3564814566683	4.72569685385252
2.52522998495836	1.91341010359319	3.36981330810484	4.73624173378306
2.53184956695911	1.9775800521931	3.38250855388304	4.73440833765852
2.53846914895985	1.99518818199163	3.37516056670497	4.74424156197275
2.5450887309606	1.95932821112737	3.38059467879937	4.77943161823532
2.55170831296135	1.97946801012445	3.40275308516507	4.76472381477742
2.55832789496209	2.00601302698329	3.4030573633569	4.81050385793725
2.56494747696284	1.98637212392092	3.43171062530236	4.75634712148717
2.57156705896359	1.9916703538406	3.43146826518327	4.80727041574709
2.57818664096434	1.96865429074649	3.42502222805528	4.83866501102949
2.58480622296508	1.98087603508237	3.43453836104553	4.79754152510886
2.59142580496583	1.97674423546083	3.44915985944436	4.82925907075406
2.59804538696658	2.00414319338621	3.46039553557756	4.8665121883174
2.60466496896732	2.02779045014302	3.4668979781104	4.87619472926097
2.61128455096807	2.01579396862454	3.47746004127334	4.90042661461007
2.61790413296882	2.02120279820647	3.48528923435339	4.8919838061043
2.62452371496956	2.02534683787524	3.49639350392561	4.87765308930589
2.63114329697031	2.01802560478794	3.5000836935918	4.91909387477976
2.63776287897106	2.01749968693896	3.51555265688846	4.93562072951561
2.64438246097181	2.07597183884044	3.50971348959826	4.938482594423
2.65100204297255	2.03712526992694	3.52020139248657	4.96002763858576
2.6576216249733	2.10440189603099	3.54074730492093	4.92821360559165
2.66424120697405	2.07151694486008	3.53562063619684	5.02070170850279
2.67086078897479	2.11009739589837	3.55002359984318	4.9976771434921
2.67748037097554	2.09307589425799	3.56580355553207	5.0191654499978
2.68409995297629	2.07396776344342	3.56802971700701	4.96383675381028
2.69071953497704	2.09967888770147	3.56468086785874	5.0166032780756
2.69733911697778	2.10202215745407	3.59081877482447	5.03328650560358
2.70395869897853	2.12274342261933	3.59128901452248	5.00298565716619
2.71057828097928	2.1070897752162	3.61878183682929	5.07283073595896
2.71719786298002	2.1036987427289	3.61904838797504	5.04930014729221
2.72381744498077	2.15885382389337	3.60688522293868	5.09644732030644
2.73043702698152	2.17532167255264	3.62522274432456	5.06594893885371
2.73705660898227	2.14546761369053	3.6493070333283	5.07979576814569
2.74367619098301	2.13559253035612	3.64381127488284	5.12593834446567
2.75029577298376	2.11423775209696	3.66635208711663	5.12605683098903
2.75691535498451	2.13220964195116	3.66946168582146	5.10048112370258
2.76353493698525	2.12933126385046	3.67380081022218	5.13442370858049
2.770154518986	2.1836296114363	3.68078000360905	5.14502322259651
2.77677410098675	2.18837122860685	3.67994573555911	5.18037784023015
2.7833936829875	2.18028927523707	3.69951796072788	5.16811366962299
2.79001326498824	2.17593097642787	3.70548876963934	5.16971401145362
2.79663284698899	2.2053496172466	3.7206230315132	5.18503651430349
2.80325242898974	2.19010271704624	3.73844883743373	5.2373481236242
2.80987201099048	2.221933798284	3.73880222798726	5.23372566278591
2.81649159299123	2.19875927265374	3.7464682263963	5.26041586193045
2.82311117499198	2.20988762820753	3.75379059618095	5.2143978475846
2.82973075699273	2.21216604976926	3.7729530112774	5.25998656270564
2.83635033899347	2.2614979014604	3.77488069049569	5.26550601922165
2.84296992099422	2.23934954717557	3.77282506839994	5.30473484760912
2.84958950299497	2.20660667625126	3.77852076104986	5.27313313373037
2.85620908499571	2.25373692909779	3.80788419310673	5.27407274128461
2.86282866699646	2.27112820491165	3.78839753170183	5.30228302157626
2.86944824899721	2.23854245950052	3.81239529613053	5.35805532349548
2.87606783099795	2.24960353520547	3.83455529805446	5.3291476370695
2.8826874129987	2.27759807658243	3.83408521229764	5.33815689338176
2.88930699499945	2.27937162101029	3.84261147279556	5.3789445485258
2.8959265770002	2.22391545426555	3.84993010680754	5.36779669018008
2.90254615900094	2.28641551840963	3.85879603956161	5.37820346738543
2.90916574100169	2.28505411062316	3.86638535701335	5.41034040414186
2.91578532300244	2.27740885047732	3.88185129050133	5.35212888082605
2.92240490500318	2.27853325097518	3.89521582601949	5.43193771636454
2.92902448700393	2.32881815903477	3.90251279830257	5.42255404857048
2.93564406900468	2.30332100364095	3.90858453596286	5.42652232797352
2.94226365100543	2.34191955463936	3.90754349101207	5.4860091478228
2.94888323300617	2.34651829963076	3.91478055640638	5.4429764711223
2.95550281500692	2.3525280412791	3.93573107272549	5.48586946807187
2.96212239700767	2.30535064663335	3.93658838488821	5.54434325205639
2.96874197900841	2.32768323462996	3.94508707598712	5.48449839109901
2.97536156100916	2.3688744994785	3.95241364557195	5.52410607855135
2.98198114300991	2.3200861529292	3.96042428512364	5.47281719504698
2.98860072501066	2.3454423118912	3.96293405754392	5.53886550656314
2.9952203070114	2.36898183667477	3.99257269460838	5.53495365829832
3.00183988901215	2.40012374619955	3.99886290590033	5.54604271751636
3.0084594710129	2.4221125072576	3.99041972239442	5.59237485447987
3.01507905301364	2.43487731580202	3.99905369089247	5.5762390405185
3.02169863501439	2.40724917554215	4.01994163160934	5.54998156482509
3.02831821701514	2.34947229341034	4.0110303185383	5.58681697137417
3.03493779901589	2.42498144650259	4.03231081929633	5.60525518261733
3.04155738101663	2.3725477517295	4.05171720438743	5.5886422151071
3.04817696301738	2.43310682692266	4.05315560869032	5.65274148872523
3.05479654501813	2.41239675595144	4.07646096753326	5.6613545291011
3.06141612701887	2.41867631619846	4.08907563450502	5.67767276703752
3.06803570901962	2.43555620355259	4.08440751451537	5.72562507063855
3.07465529102037	2.42441831876027	4.07359789190704	5.69399039480578
3.08127487302112	2.46163361881544	4.10229868966165	5.67098383200082
3.08789445502186	2.40371974988958	4.0928140178614	5.67483663071297
3.09451403702261	2.43062485198672	4.10994505951187	5.73927227986525
3.10113361902336	2.47307101326967	4.1139879049599	5.69827985326507
3.1077532010241	2.48379739403435	4.12121320516749	5.77524662023461
3.11437278302485	2.45193480747197	4.14413196901737	5.7288128813342
3.1209923650256	2.47520961042377	4.13089956284188	5.72327363403329
3.12761194702634	2.45606747864688	4.15337882780447	5.7737975086205
3.13423152902709	2.4963610616336	4.16583431889526	5.77143000246857
3.14085111102784	2.50020782750339	4.16890065398404	5.80990654141407
3.14747069302859	2.46755409769823	4.17659705739008	5.79845977897192
3.15409027502933	2.52726471902908	4.18213383422573	5.77241752280234
3.16070985703008	2.51772316691916	4.20536955294609	5.83462046693229
3.16732943903083	2.55743885879352	4.2144736775798	5.89427832660876
3.17394902103157	2.55048289951359	4.21211315012344	5.90565593715079
3.18056860303232	2.52770629761523	4.23741244802818	5.87354484703935
3.18718818503307	2.51542725634996	4.23158831384286	5.8587652020291
3.19380776703382	2.51832818726045	4.24120595332676	5.88738373634233
3.20042734903456	2.50679722324615	4.24832873508664	5.89049068430788
3.20704693103531	2.52600203855241	4.26571424723287	5.92340030175565
3.21366651303606	2.53391951773704	4.27376240758548	5.95139124504724
3.2202860950368	2.55386258392923	4.28632488414537	5.94415680253475
3.22690567703755	2.53864345555246	4.29269848669389	5.94439685138408
3.2335252590383	2.60785190271161	4.29831219417066	5.95615911656279
3.24014484103904	2.56095922766105	4.29349480516858	5.92251497364654
3.24676442303979	2.59074761573013	4.29920954736052	5.9446663063045
3.25338400504054	2.60184472550208	4.3226163914413	5.98280007399438
3.26000358704129	2.57186639776707	4.31729458965891	5.96803125924984
3.26662316904203	2.53739180334999	4.32455086804109	6.00046621768141
3.27324275104278	2.60082363140631	4.35926420620938	5.99083403363552
3.27986233304353	2.62398517569662	4.36748971618451	6.02383730812318
3.28648191504427	2.67499509771427	4.36236652607308	6.03000109315281
3.29310149704502	2.59094125163988	4.37992591042762	6.06263205018741
3.29972107904577	2.61651818495136	4.38261467867276	6.07275832034382
3.30634066104652	2.65319360890456	4.37260008661222	6.07422399564192
3.31296024304726	2.66338838461398	4.40008398241751	6.13007033940589
3.31957982504801	2.60165413797987	4.41345210902856	6.12654984179067
3.32619940704876	2.7082728552087	4.42100859673655	6.15604739660792
3.3328189890495	2.66468782082405	4.41569782995141	6.10875665668461
3.33943857105025	2.6566983200036	4.43998891027283	6.18889637113143
3.346058153051	2.72593260728325	4.42584152267633	6.19014737484971
3.35267773505175	2.67254757181108	4.46907527280144	6.170276060472
3.35929731705249	2.734140172565	4.46649829297202	6.19327776195609
3.36591689905324	2.68703831299368	4.4774043778803	6.20372052544185
3.37253648105399	2.69469066559054	4.46882074432787	6.28868613317805
3.37915606305473	2.69479015799634	4.50420332628259	6.26058184058461
3.38577564505548	2.69442576267239	4.49781211647715	6.22325481211089
3.39239522705623	2.69244654270032	4.50292481617781	6.2279517520017
3.39901480905698	2.69637724499469	4.49788513559609	6.29606067001864
3.40563439105772	2.74184470701314	4.53639386758804	6.2607193731008
3.41225397305847	2.74840034141673	4.54912870758603	6.30571371205327
3.41887355505922	2.73641728156674	4.54439313739518	6.25195839304054
3.42549313705996	2.74956519502856	4.5613275025074	6.30615868095314
3.43211271906071	2.75798102911567	4.56170368638052	6.26800053539735
3.43873230106146	2.75542967828922	4.56346490030276	6.25562819930507
3.4453518830622	2.77167875201343	4.55989826444385	6.36957012541083
3.45197146506295	2.78692066764644	4.56767858925503	6.30623402745308
3.4585910470637	2.77124051019842	4.57960798576425	6.34630702742032
3.46521062906445	2.75346484601031	4.60977791133721	6.35843382013943
3.47183021106519	2.76135090208075	4.61071286703402	6.36317013408131
3.47844979306594	2.80381855786175	4.62092597573214	6.39827966347633
3.48506937506669	2.78126816301056	4.62155927121387	6.38061578029416
3.49168895706743	2.8022218893865	4.62816604595809	6.41173897512781
3.49830853906818	2.8592980537081	4.63431515427728	6.42706545441654
3.50492812106893	2.82660936707092	4.65480304060657	6.46962470039703
3.51154770306968	2.79295878249778	4.66081493898776	6.4301470060728
3.51816728507042	2.81886236992578	4.66492347544392	6.44040468984502
3.52478686707117	2.84051703678744	4.68633034719211	6.53077382162745
3.53140644907192	2.81836932492844	4.68768217221762	6.52198119875092
3.53802603107266	2.83660145971148	4.70822425232538	6.53020254932547
3.54464561307341	2.83068413757027	4.70203718753123	6.46883019730224
3.55126519507416	2.84253724856345	4.7127972052672	6.50675154181416
3.55788477707491	2.81100532682076	4.73711330022678	6.54403885430237
3.56450435907565	2.87902877437046	4.74357755316581	6.56816992256733
3.5711239410764	2.90752818685962	4.74455905413676	6.55879603543964
3.57774352307715	2.87251484260174	4.73240798992846	6.61010189663142
3.58436310507789	2.88636197856529	4.74242420415782	6.55659130033494
3.59098268707864	2.82875142669185	4.77594419706194	6.53398604192873
3.59760226907939	2.85427416422254	4.76661291661267	6.61827943112445
3.60422185108014	2.95861470069393	4.78655775556971	6.64399683916205
3.61084143308088	2.88362931158716	4.79258096224837	6.63435310996937
3.61746101508163	2.9093014044894	4.78898446399053	6.62469692818902
3.62408059708238	2.91342386357445	4.79500407334531	6.66867151675708
3.63070017908312	2.91592474672824	4.81894218303306	6.6808961187795
3.63731976108387	2.88557597792541	4.82237287812361	6.6797886591905
3.64393934308462	2.93903607889564	4.8488190679784	6.65293881180729
3.65055892508537	2.93336381350612	4.84540592326647	6.68023351146113
3.65717850708611	2.93781628910994	4.85266926506335	6.74262137928158
3.66379808908686	2.97085915983776	4.85549342036327	6.74988333283198
3.67041767108761	2.95399171767561	4.86589139415505	6.71625298491079
3.67703725308835	2.95484188305213	4.87530787124133	6.71570404329949
3.6836568350891	2.97713769863473	4.88055361089928	6.75496761151379
3.69027641708985	2.96293439713552	4.89693314974439	6.74327303218645
3.6968959990906	2.98474481761529	4.89708364609773	6.74328401358847
3.70351558109134	2.99247147976814	4.92704739123215	6.79701312744552
3.71013516309209	3.00101875163951	4.91998255190409	6.80438422853242
3.71675474509284	3.00701477953491	4.95218507885242	6.8396950997861
3.72337432709358	2.98929749297992	4.94295006316527	6.82967795796157
3.72999390909433	3.02747941896525	4.96147814493574	6.81634678969804
3.73661349109508	3.03022630118415	4.94052437675705	6.8667549274253
3.74323307309582	3.03379290628891	4.98075243965812	6.88100144414422
3.74985265509657	3.03394113770688	4.96129322346716	6.91362759368673
3.75647223709732	3.02022621244108	4.97672895679422	6.90292697924332
3.76309181909807	3.01249418617231	5.00732671974912	6.91223166668779
3.76971140109881	3.0409851426036	5.01778773851317	6.91522852769198
3.77633098309956	3.07939973964276	5.01053669474604	6.9198389989916
3.78295056510031	3.05465596429617	5.01972573481342	6.97083877867141
3.78957014710105	3.05104357755437	5.03572192063782	6.94644251038349
3.7961897291018	3.05535199635958	5.02667101285781	6.9535593981046
3.80280931110255	3.05894683613435	5.05469880067534	6.96763658286671
3.8094288931033	3.12512858492564	5.04475424724868	6.99277017385143
3.81604847510404	3.08660917046521	5.05759599915466	7.01781445832773
3.82266805710479	3.10346106136066	5.08106924697398	6.95789707447956
3.82928763910554	3.08135897598679	5.08238096688034	7.03411724629208
3.83590722110628	3.02128083062852	5.08103793038431	7.01274025561711
3.84252680310703	3.05318082434785	5.08609006915204	6.99525437272578
3.84914638510778	3.07902093373574	5.10522150129259	7.07271009457664
3.85576596710853	3.10475830215706	5.10798149635189	7.09241808993847
3.86238554910927	3.12982232636334	5.11504785631144	7.058789252801
3.86900513111002	3.10062626818597	5.14116440050719	7.05786959530187
3.87562471311077	3.13967707985714	5.12667268963798	7.08964915669316
3.88224429511151	3.13823590528362	5.15638315227773	7.1100259343413
3.88886387711226	3.16379134211593	5.15662239115558	7.11561768139871
3.89548345911301	3.14999785753442	5.1697224472627	7.14087624014137
3.90210304111375	3.14547809080135	5.1776362301919	7.14089795365981
3.9087226231145	3.16262549782563	5.19116397568369	7.15317862520832
3.91534220511525	3.18617457962429	5.19068106724308	7.19714958061956
3.921961787116	3.1728872490716	5.20081707475005	7.16411280963103
3.92858136911674	3.12726069394827	5.21104457722462	7.15803022977204
3.93520095111749	3.20519688783344	5.22229855599701	7.18202217424775
3.94182053311824	3.18148583766255	5.22746165246486	7.21576832965235
3.94844011511898	3.16319330577626	5.2449012247297	7.2000392605348
3.95505969711973	3.18898065796315	5.25519704348466	7.21215999971165
3.96167927912048	3.2293712478985	5.26266593917488	7.23649787348495
3.96829886112123	3.19553988943872	5.27137022494171	7.24764325225498
3.97491844312197	3.22053496991568	5.27449213662548	7.30009774969786
3.98153802512272	3.21469225432635	5.28025475785283	7.21456698445057
3.98815760712347	3.20666818025831	5.3001415194678	7.30226557889071
3.99477718912421	3.24450327067314	5.30510329558047	7.27095091902106
4.00139677112496	3.21340560162744	5.30667205833379	7.28348938779637
4.00801635312571	3.23185743956888	5.32206110990437	7.31870943983467
4.01463593512645	3.26904859576143	5.31977938153476	7.3705312787144
4.0212555171272	3.27971172006759	5.32604563107833	7.35685202737042
4.02787509912795	3.25487747245308	5.35960515967322	7.3948598517553
4.0344946811287	3.25817010545671	5.34387012591565	7.38022490735485
4.04111426312944	3.24393122504761	5.34779753680006	7.40230860301949
4.04773384513019	3.26143840796124	5.37941167437781	7.39389621435785
4.05435342713094	3.28994676958325	5.37252993776011	7.42402163555012
4.06097300913168	3.27532334596886	5.36923835065481	7.40750063915682
4.06759259113243	3.26366246687671	5.37710535269124	7.44784804510515
4.07421217313318	3.29240407484806	5.40390628366339	7.46646013772389
4.08083175513393	3.26599422372077	5.4104215974031	7.46766326400384
4.08745133713467	3.32315326752136	5.41345550109982	7.48750023927936
4.09407091913542	3.2787462909278	5.42617854285487	7.49940300986422
4.10069050113617	3.30956851540825	5.41826934441976	7.48739490008788
4.10731008313691	3.3618266931756	5.45316105058235	7.5019365974553
4.11392966513766	3.35853624109752	5.44929611524275	7.50490770354979
4.12054924713841	3.30387234664194	5.46923240935648	7.51904491864001
4.12716882913916	3.3535316006012	5.46287060244048	7.55320371015459
4.1337884111399	3.35748350106295	5.47759854583413	7.5866154002827
4.14040799314065	3.34318521240075	5.48044494946583	7.58494962938028
4.1470275751414	3.35621661056158	5.50226311229651	7.5430346420129
4.15364715714214	3.32910926456287	5.52714819970797	7.60549624756773
4.16026673914289	3.3787007254684	5.5206782575045	7.62567416567684
4.16688632114364	3.33786586732192	5.54245848286389	7.6058741182116
4.17350590314439	3.37796232858472	5.52645323357945	7.60937124661069
4.18012548514513	3.35844229343996	5.52432675416998	7.67312968011932
4.18674506714588	3.34584215227964	5.53637070826402	7.59788516053567
4.19336464914663	3.41731328350276	5.55266371252615	7.65563334812667
4.19998423114737	3.40265764439338	5.5596266806713	7.6799042743681
4.20660381314812	3.34986419597975	5.57725747112585	7.68751274172246
4.21322339514887	3.39917905541739	5.58429080913637	7.66950624407338
4.21984297714962	3.43382634444393	5.57706188890814	7.70467688128345
4.22646255915036	3.39077571818571	5.58698211736057	7.65712692203961
4.23308214115111	3.4239828032292	5.59809282933022	7.72288157205103
4.23970172315186	3.40811842060673	5.61646628712193	7.78613681332094
4.2463213051526	3.47616364214573	5.63279287364871	7.75099499625507
4.25294088715335	3.43123469647476	5.64121843950795	7.68774200878799
4.2595604691541	3.47569227683408	5.65062999477795	7.77763361856407
4.26618005115484	3.43395079812657	5.63637584115328	7.81583789215986
4.27279963315559	3.40714127702177	5.66806119924775	7.79653262729825
4.27941921515634	3.4750499688194	5.67110564398777	7.80153509121168
4.28603879715709	3.50386193492485	5.66491647798008	7.83000736988897
4.29265837915783	3.50158646912182	5.70353483754046	7.78856549478779
4.29927796115858	3.46872391895088	5.69582807928366	7.86291370797161
4.30589754315933	3.46429745292084	5.73253298008383	7.86553932417722
4.31251712516007	3.49459047239371	5.70451476616926	7.84904777211741
4.31913670716082	3.52267508057836	5.73647106331568	7.86486252276847
4.32575628916157	3.50898603908285	5.71774258334594	7.86718988742164
4.33237587116232	3.4982971407929	5.7390160656709	7.95201975884291
4.33899545316306	3.54211016488252	5.75219852424939	7.87422709997071
4.34561503516381	3.53128239969784	5.74681869571725	7.95063955032471
4.35223461716456	3.50673172983123	5.77529867131985	7.94729846214735
4.3588541991653	3.54997653684773	5.75216632184564	7.93628783411859
4.36547378116605	3.55381408690542	5.78512696473315	7.92681581596143
4.3720933631668	3.54041294950547	5.80564702568237	7.98650041605041
4.37871294516755	3.55339160541736	5.80061822498861	8.01703174255045
4.38533252716829	3.55993857592495	5.82381905271878	8.01413573304289
4.39195210916904	3.56699031408081	5.8717437221455	8.06164640309002
4.39857169116979	3.58550595996431	5.83497181811955	8.00554400817373
4.40519127317053	3.56727872954818	5.84168704691409	8.05527685027064
4.41181085517128	3.55893799265554	5.86676222225524	8.04643819040972
4.41843043717203	3.51371462953275	5.87074627216272	8.13230172912633
4.42505001917278	3.61063794306228	5.86024662404082	8.06943612733603
4.43166960117352	3.61487178262663	5.85631153476523	8.10348902729772
4.43828918317427	3.66966976166339	5.88526590397884	8.1168951463963
4.44490876517502	3.59431056140539	5.89713201282983	8.11607772921593
4.45152834717576	3.56837122426164	5.89004747523562	8.12705020142093
4.45814792917651	3.59035301352691	5.91082858151997	8.14829169252003
4.46476751117726	3.62034473294832	5.91715983146878	8.17162692770231
4.47138709317801	3.58953258646951	5.93784800769928	8.11189486705491
4.47800667517875	3.6387530328256	5.93451450440353	8.19584239226411
4.4846262571795	3.64574807583968	5.93575433166462	8.2214069016102
4.49124583918025	3.59275216895121	5.95925524566324	8.20583287268102
4.49786542118099	3.65233441356848	5.96529299431431	8.20013574851791
4.50448500318174	3.68093841814988	5.9636237694317	8.26384079098958
4.51110458518249	3.65500168978365	5.9802722911037	8.17930929435965
4.51772416718324	3.65602713413848	5.98854791680501	8.2771275589189
4.52434374918398	3.69366826479976	5.98573508044107	8.28675467863343
4.53096333118473	3.7398195600551	6.0107099398352	8.31028965576374
4.53758291318548	3.71148744454159	6.01748570587768	8.29562394146458
4.54420249518622	3.6725403432112	6.00771585801047	8.33264154779338
4.55082207718697	3.71002831326254	6.02879430439803	8.3134213703383
4.55744165918772	3.72325911439185	6.04351588306528	8.29638313668831
4.56406124118846	3.71604065782729	6.03191066826024	8.3407458890138
4.57068082318921	3.69446056687738	6.0614679444403	8.31211994699017
4.57730040518996	3.75046934873878	6.05074712970306	8.35466261885341
4.58391998719071	3.69491082810403	6.07805042377011	8.38852775362766
4.59053956919145	3.73197256943421	6.07388813787091	8.33017257002174
4.5971591511922	3.76842849176938	6.09450872660424	8.37373152103761
4.60377873319295	3.72371811847399	6.09994566299146	8.38152922817506
4.61039831519369	3.74220131655429	6.11672111517659	8.39282867698675
4.61701789719444	3.73264828338422	6.11630368072311	8.38775136812659
4.62363747919519	3.73182809589517	6.1381078724246	8.4310436162533
4.63025706119594	3.76374304336046	6.12543530672166	8.48894229581068
4.63687664319668	3.78240909284835	6.12805768944245	8.46914204117343
4.64349622519743	3.82696664658612	6.1591212048862	8.4377716298607
4.65011580719818	3.80320849830529	6.16982417480632	8.45056034769073
4.65673538919892	3.76511859637433	6.18191777168005	8.49329134006196
4.66335497119967	3.83740148552429	6.17269320636848	8.52932382232309
4.66997455320042	3.74950588187118	6.18890115454745	8.51490674992918
4.67659413520117	3.81206124386032	6.19518883770593	8.55194360663308
4.68321371720191	3.80508612635146	6.20997881963683	8.52519374260219
4.68983329920266	3.82401645541923	6.21188691754085	8.54525294420889
4.69645288120341	3.82719054864079	6.20014520967351	8.5566152284257
4.70307246320415	3.79542392069769	6.25105488516399	8.53063608444236
4.7096920452049	3.82304289319895	6.2552348222791	8.56724059162724
