"mitochan"	"lwrNorm"	"medNorm"	"uprNorm"
-1.88999910457734	-3.69457469074554	-2.64377475674661	-1.51072803776162
-1.88291376613717	-3.70294668384658	-2.62354569880608	-1.52272380954953
-1.875828427697	-3.66529891708445	-2.605742929577	-1.50755404231796
-1.86874308925683	-3.67791765273754	-2.62156385172689	-1.53416151783911
-1.86165775081666	-3.66634146931825	-2.60979385442914	-1.48531820387877
-1.85457241237649	-3.66439697636343	-2.59355572000167	-1.48042325589871
-1.84748707393633	-3.63178338478082	-2.58744556384307	-1.47389016008914
-1.84040173549616	-3.60971656970199	-2.57205481189061	-1.47912267814763
-1.83331639705599	-3.60486778122682	-2.57367569960231	-1.47155214181587
-1.82623105861582	-3.6030790728163	-2.56035853998067	-1.44575956539787
-1.81914572017565	-3.61372342993304	-2.55033343063759	-1.43893685242735
-1.81206038173548	-3.5518767264675	-2.54412900155419	-1.41108881122189
-1.80497504329531	-3.56871814607682	-2.54154060217608	-1.44668081433775
-1.79788970485514	-3.5624245205553	-2.51276422178042	-1.46169822770227
-1.79080436641498	-3.53603657331451	-2.50719202515623	-1.44515847235768
-1.78371902797481	-3.50548214365532	-2.50874861766235	-1.43600332254694
-1.77663368953464	-3.53290520092809	-2.49170365407842	-1.42177146735901
-1.76954835109447	-3.50450827017694	-2.49207842624841	-1.40342801106949
-1.7624630126543	-3.47803666955522	-2.45728564049905	-1.42468926294144
-1.75537767421413	-3.48452878695278	-2.4624673274887	-1.40169249228341
-1.74829233577396	-3.47982882330318	-2.45515078786637	-1.39799515533988
-1.74120699733379	-3.48379928346959	-2.43337887193093	-1.39405630635255
-1.73412165889363	-3.4470092713046	-2.4380278572374	-1.35154757725578
-1.72703632045346	-3.42398294117478	-2.4343250957673	-1.40760768436872
-1.71995098201329	-3.41402114807506	-2.42613675460396	-1.37816790717921
-1.71286564357312	-3.4090579370439	-2.41689961302405	-1.34511162630066
-1.70578030513295	-3.40276634907318	-2.40318315381669	-1.41577846262985
-1.69869496669278	-3.34420192690932	-2.3957111502647	-1.37989967605688
-1.69160962825261	-3.40701422447773	-2.38574138317609	-1.34337764869078
-1.68452428981244	-3.36895602934703	-2.37430479893918	-1.32917650591544
-1.67743895137228	-3.32787970542811	-2.37868673837238	-1.34858225862498
-1.67035361293211	-3.36245944842673	-2.36528059447828	-1.3172869818832
-1.66326827449194	-3.3165198721791	-2.35062008211917	-1.32106248164729
-1.65618293605177	-3.2898850848365	-2.35558991215318	-1.31414759040806
-1.6490975976116	-3.30337387597793	-2.33646829255578	-1.32132190111742
-1.64201225917143	-3.28073053038256	-2.32143491585645	-1.28278629683751
-1.63492692073126	-3.27162224375612	-2.3241539094327	-1.29397651593298
-1.62784158229109	-3.25988162129344	-2.30751118753052	-1.27745182801741
-1.62075624385093	-3.25845500538954	-2.28944784347172	-1.30000685019145
-1.61367090541076	-3.25429534482113	-2.28632926574776	-1.29336836529574
-1.60658556697059	-3.21191819110719	-2.2738358997616	-1.28783475691913
-1.59950022853042	-3.26354528045007	-2.25908642460722	-1.26829650965806
-1.59241489009025	-3.21035210806938	-2.26629212062846	-1.26271682624797
-1.58532955165008	-3.16461721629607	-2.25198077073624	-1.2207230064183
-1.57824421320991	-3.15113316444622	-2.23229369894652	-1.28655847956212
-1.57115887476974	-3.19373930885009	-2.23928626615669	-1.24453712192421
-1.56407353632958	-3.18672788912421	-2.20921071978245	-1.22552746225818
-1.55698819788941	-3.15862370494966	-2.21405923689505	-1.24522261033494
-1.54990285944924	-3.12229944497368	-2.21313210387826	-1.21861503490119
-1.54281752100907	-3.13059951524074	-2.20801786391139	-1.20532856490306
-1.5357321825689	-3.11747388022771	-2.17980915779347	-1.23500401434513
-1.52864684412873	-3.11105984519692	-2.18831939518628	-1.22069268469943
-1.52156150568856	-3.09446199759469	-2.1662846724726	-1.21677786761666
-1.5144761672484	-3.08886465470629	-2.16400872882885	-1.17120388936048
-1.50739082880823	-3.05981097642893	-2.14759758487755	-1.18580053638962
-1.50030549036806	-3.0434366041562	-2.14614994074679	-1.1697674853925
-1.49322015192789	-3.07384440784809	-2.13547483759046	-1.14803996076292
-1.48613481348772	-3.0264751302665	-2.14160032364188	-1.16544267909969
-1.47904947504755	-3.01435317710124	-2.12297074745924	-1.17400442289901
-1.47196413660738	-3.00042008985914	-2.11917447160163	-1.16338433079672
-1.46487879816721	-2.96739785799132	-2.09911736743382	-1.11329194034886
-1.45779345972704	-3.02514204491857	-2.09301252294365	-1.13752578640153
-1.45070812128688	-2.98110673928896	-2.09615650670352	-1.1548943315385
-1.44362278284671	-3.00341381830037	-2.06870504107776	-1.13713620995777
-1.43653744440654	-3.00491346112077	-2.05616365124897	-1.11312601390204
-1.42945210596637	-2.93478616567239	-2.06658457305586	-1.14221070260112
-1.4223667675262	-2.95306029038622	-2.04670049680262	-1.1098582651898
-1.41528142908603	-2.93623671216001	-2.03792880534524	-1.1043519593235
-1.40819609064586	-2.93005175924034	-2.02562953027107	-1.12087034491605
-1.40111075220569	-2.90973643629035	-2.01832199252097	-1.11021259114446
-1.39402541376553	-2.90712008419934	-2.00406885540714	-1.08948804737354
-1.38694007532536	-2.88571012011349	-2.00128228544462	-1.09417865719849
-1.37985473688519	-2.8637247553078	-2.00025744903139	-1.07367148267806
-1.37276939844502	-2.85480705951488	-1.98375805142681	-1.06399641425955
-1.36568406000485	-2.86560710924236	-1.96741746248728	-1.05460172591909
-1.35859872156468	-2.83878846830245	-1.96582381660899	-1.03970487706929
-1.35151338312451	-2.84386454409693	-1.95627651016156	-1.01386070902609
-1.34442804468435	-2.7983737932464	-1.94772781905249	-1.04110648187801
-1.33734270624418	-2.78255582681876	-1.93558624144026	-1.0410242516052
-1.33025736780401	-2.78905696936166	-1.93550013876442	-1.03481215504885
-1.32317202936384	-2.77231069707469	-1.92155322061195	-1.00495074172231
-1.31608669092367	-2.77507784973773	-1.91108678517289	-1.02990214378046
-1.3090013524835	-2.75886039949129	-1.89704686855037	-1.00030116288211
-1.30191601404333	-2.77542492102235	-1.89076287157634	-1.0321324315972
-1.29483067560316	-2.74708249549134	-1.8910210507085	-1.00092650604634
-1.287745337163	-2.72074085260151	-1.88368884506319	-0.98995237432353
-1.28065999872283	-2.69814006945492	-1.87416383075632	-0.992004632806361
-1.27357466028266	-2.70360787014241	-1.8581749894209	-0.989370105364974
-1.26648932184249	-2.69905772996487	-1.86450867323798	-0.980913784991176
-1.25940398340232	-2.67160375305091	-1.84124612635025	-0.961982994310092
-1.25231864496215	-2.66148024332601	-1.84310101901955	-0.946281410553719
-1.24523330652198	-2.66266147415575	-1.81538172979271	-0.960966592171426
-1.23814796808181	-2.64919986840697	-1.81948390863598	-0.955887149830412
-1.23106262964165	-2.62864866067062	-1.80893701985897	-0.939232624408904
-1.22397729120148	-2.64964651513537	-1.80595393092961	-0.954165664200145
-1.21689195276131	-2.64606599406552	-1.79851863946957	-0.945909741364273
-1.20980661432114	-2.61475471033721	-1.79080907471277	-0.943188435452708
-1.20272127588097	-2.60294975007462	-1.77078778500919	-0.917596080954415
-1.1956359374408	-2.58996625574811	-1.7561216093636	-0.903014459127517
-1.18855059900063	-2.5359059960454	-1.76140631105196	-0.88854726713842
-1.18146526056046	-2.57169788079	-1.75690922141484	-0.911824838886101
-1.1743799221203	-2.53720108389257	-1.7337925796323	-0.894801427889636
-1.16729458368013	-2.53820505124158	-1.7319002630275	-0.894325556745498
-1.16020924523996	-2.554597483519	-1.72091971017817	-0.876640616746772
-1.15312390679979	-2.52828815665998	-1.71160790412527	-0.881836556077172
-1.14603856835962	-2.49787661906005	-1.7210489785551	-0.882607581473076
-1.13895322991945	-2.49041619829594	-1.69107341318089	-0.854371920759055
-1.13186789147928	-2.4684301581702	-1.68599877671764	-0.859183280988219
-1.12478255303911	-2.48218999782559	-1.67310628556773	-0.848609018444529
-1.11769721459895	-2.44536781233477	-1.67246630767886	-0.845219991242666
-1.11061187615878	-2.45129013400974	-1.65257419816201	-0.831115519834699
-1.10352653771861	-2.4532803564926	-1.64132778265701	-0.805959114650581
-1.09644119927844	-2.41936695395961	-1.62048838686873	-0.829895420581378
-1.08935586083827	-2.3893124860676	-1.62546505105264	-0.816930111882769
-1.0822705223981	-2.4240327126121	-1.61451284775855	-0.823528184229004
-1.07518518395793	-2.39529771174871	-1.60747588031658	-0.819781532736814
-1.06809984551776	-2.38745468505726	-1.60147755891004	-0.787503530729624
-1.0610145070776	-2.37744416039241	-1.5910322759893	-0.764886946762567
-1.05392916863743	-2.35302478677753	-1.58761443420083	-0.800907528436397
-1.04684383019726	-2.33405822277899	-1.57081628022119	-0.772033250755928
-1.03975849175709	-2.33982046345842	-1.57141051764151	-0.788790627968741
-1.03267315331692	-2.31678829984306	-1.5628496902556	-0.783328928792019
-1.02558781487675	-2.28056624626949	-1.54328630864116	-0.765090745659835
-1.01850247643658	-2.31003170565085	-1.53515118362666	-0.74230136218575
-1.01141713799641	-2.2883237882968	-1.52561343927841	-0.763046391001062
-1.00433179955625	-2.29953756690164	-1.51486869939446	-0.73641726974543
-0.997246461116077	-2.28989139476334	-1.51726989519218	-0.733845018474362
-0.990161122675908	-2.24853924297779	-1.4933510685243	-0.734926763599246
-0.98307578423574	-2.24646594139259	-1.50168527060917	-0.720116567821836
-0.975990445795571	-2.24124566924747	-1.47618790853264	-0.691727953224352
-0.968905107355402	-2.23561809615062	-1.48875801461566	-0.708857747246077
-0.961819768915233	-2.22267100953408	-1.47142857893127	-0.701704991598417
-0.954734430475065	-2.1978048495976	-1.45997704990124	-0.675268080623889
-0.947649092034896	-2.20481354840091	-1.45943855926643	-0.667143301198082
-0.940563753594727	-2.18931903679906	-1.43941778820102	-0.694031325033102
-0.933478415154558	-2.19487078687821	-1.43169218947371	-0.664545553993399
-0.92639307671439	-2.17374929666766	-1.43144609181242	-0.674331107061825
-0.919307738274221	-2.13722230612884	-1.41564588048899	-0.64104279218435
-0.912222399834052	-2.15710206475847	-1.40148475513642	-0.62637678153905
-0.905137061393883	-2.1236968072943	-1.40367457535712	-0.66650709473089
-0.898051722953715	-2.13071795989775	-1.38592716397308	-0.609610493797588
-0.890966384513546	-2.12960825307181	-1.37147767273864	-0.610486198629077
-0.883881046073377	-2.1169712095837	-1.3610526070482	-0.613672109792639
-0.876795707633208	-2.06285566148506	-1.35895314965157	-0.613252250760827
-0.86971036919304	-2.08347323352259	-1.34679370440923	-0.63600285448076
-0.862625030752871	-2.07118567369738	-1.34469214656412	-0.575567703737834
-0.855539692312702	-2.05864842494952	-1.33500555401913	-0.591475300990841
-0.848454353872534	-2.06208808720198	-1.32690807824212	-0.586422950754112
-0.841369015432365	-2.05296460576229	-1.31235947455052	-0.605833930342146
-0.834283676992196	-2.02995220241166	-1.30592624193708	-0.577844684954232
-0.827198338552027	-2.03517049296446	-1.29442295944231	-0.548632666550631
-0.820113000111859	-1.99405774878645	-1.2882961577819	-0.552122845882165
-0.81302766167169	-2.00422489085295	-1.27945786274075	-0.54939872953562
-0.805942323231521	-2.00038923572877	-1.27038322564744	-0.535594865394904
-0.798856984791352	-1.97136773756175	-1.2641416349119	-0.550319073312304
-0.791771646351184	-1.96196169143188	-1.25487876564427	-0.530776750834714
-0.784686307911015	-1.9497632896076	-1.24293800465075	-0.548317159896445
-0.777600969470846	-1.93606099152008	-1.24402113626526	-0.51465655781893
-0.770515631030677	-1.92032602366378	-1.22607286882491	-0.516032908166417
-0.763430292590509	-1.92945762620926	-1.21800670395292	-0.483215164916835
-0.75634495415034	-1.8903074584339	-1.20336149456032	-0.495711297598148
-0.749259615710171	-1.88631235213772	-1.20225457776315	-0.508122430625609
-0.742174277270002	-1.88938906233015	-1.18977698746616	-0.474013811662674
-0.735088938829834	-1.87059533546252	-1.18379785192667	-0.463053174082851
-0.728003600389665	-1.8751142646632	-1.1667620428587	-0.46306452569337
-0.720918261949496	-1.86183007967811	-1.1619350678881	-0.433445802441112
-0.713832923509327	-1.85497803022287	-1.15499405608236	-0.450206308773054
-0.706747585069159	-1.8366501541728	-1.14691420572461	-0.459083256959922
-0.69966224662899	-1.8168426433142	-1.13441012004503	-0.43902965848943
-0.692576908188821	-1.8331852115329	-1.1273364937776	-0.420790298899777
-0.685491569748653	-1.82333388542088	-1.11328947418078	-0.414397847944526
-0.678406231308484	-1.82436145626845	-1.11610589645502	-0.421047197120448
-0.671320892868315	-1.77625530851544	-1.10464146641729	-0.4185754594526
-0.664235554428146	-1.77830918495892	-1.08781327350158	-0.385904896295979
-0.657150215987978	-1.76233242861484	-1.07200584003885	-0.395244815585664
-0.650064877547809	-1.7465011613396	-1.06735826008242	-0.402145904936751
-0.64297953910764	-1.75424061601504	-1.06019550640357	-0.381250757323424
-0.635894200667471	-1.70860937379358	-1.05138730979891	-0.352997146896336
-0.628808862227303	-1.72217738655593	-1.04545117484943	-0.360185901297864
-0.621723523787134	-1.71589353278439	-1.02662501974579	-0.354339718130291
-0.614638185346965	-1.71789615640098	-1.02167741714975	-0.355719114302396
-0.607552846906796	-1.69561778630843	-1.0115220042748	-0.378754636720518
-0.600467508466628	-1.66041391658034	-1.00928805091026	-0.342997941654801
-0.593382170026459	-1.66160775942019	-1.00111685001076	-0.311015306443766
-0.58629683158629	-1.64671909361685	-0.990002493164006	-0.320338607715088
-0.579211493146121	-1.6759080792158	-0.984117918336214	-0.309629813651266
-0.572126154705953	-1.64790005246167	-0.982214156558998	-0.298981067458745
-0.565040816265784	-1.60519433055445	-0.972941286974741	-0.300300016868085
-0.557955477825615	-1.62929457690296	-0.957717740280825	-0.309385800128041
-0.550870139385446	-1.60162861288348	-0.950124304516021	-0.260946535086749
-0.543784800945278	-1.60397363234527	-0.936365312240591	-0.279281502111812
-0.536699462505109	-1.60472372447388	-0.92994219700671	-0.27602107338045
-0.52961412406494	-1.60484616582427	-0.924062233210734	-0.261590515086175
-0.522528785624772	-1.58753078046118	-0.908356907196554	-0.250839901206193
-0.515443447184603	-1.57260827076266	-0.908672325209445	-0.244924416248581
-0.508358108744434	-1.54210384545102	-0.898538643957196	-0.229076482979869
-0.501272770304265	-1.56749095854786	-0.875366491528923	-0.223785446638167
-0.494187431864097	-1.51161631477572	-0.875375637722265	-0.208514428839679
-0.487102093423928	-1.51929757887668	-0.869948611972431	-0.209803399108285
-0.480016754983759	-1.53605496606197	-0.857026733362503	-0.217402026038586
-0.47293141654359	-1.50261333602585	-0.84258617638677	-0.183191779191131
-0.465846078103422	-1.53984653081948	-0.837289969834544	-0.196195445282547
-0.458760739663253	-1.50356057221554	-0.833659555311963	-0.191686725392205
-0.451675401223084	-1.48782084147408	-0.811581157304219	-0.177067913310733
-0.444590062782915	-1.46675128393895	-0.809853137517773	-0.177186970141401
-0.437504724342747	-1.45067092426415	-0.806161563174292	-0.135176500711378
-0.430419385902578	-1.43002468963953	-0.792122974340737	-0.15996961751756
-0.423334047462409	-1.4450718345035	-0.782304040079506	-0.122524552884674
-0.41624870902224	-1.42082179365376	-0.775581155460659	-0.13448020109348
-0.409163370582072	-1.42421801061663	-0.779420399419405	-0.113287280955711
-0.402078032141903	-1.38854045090484	-0.769659494171889	-0.110932583126235
-0.394992693701734	-1.40466776964595	-0.747231354740432	-0.0971563370086769
-0.387907355261566	-1.39866965952545	-0.741510123343554	-0.104871155251525
-0.380822016821397	-1.3827516470433	-0.73011767570251	-0.0778667575585229
-0.373736678381228	-1.37532737692486	-0.726474252799294	-0.113906864442277
-0.366651339941059	-1.37253333687635	-0.722727084223687	-0.0702039712509337
-0.359566001500891	-1.35351600532362	-0.709582658900295	-0.0512770256736033
-0.352480663060722	-1.32770132782941	-0.704359605002814	-0.0602222615072708
-0.345395324620553	-1.32772479152514	-0.686186050600821	-0.040256817165204
-0.338309986180384	-1.34754207577917	-0.674494737915142	-0.0604915309811841
-0.331224647740216	-1.32316290093482	-0.666387466770668	-0.00227572906356835
-0.324139309300047	-1.28450381418823	-0.657916791296839	-0.00477000848091446
-0.317053970859878	-1.2844881949528	-0.648720878989807	-0.0193984145769294
-0.30996863241971	-1.29816182094252	-0.642297798448667	-0.00504194953585951
-0.302883293979541	-1.26897730142432	-0.633993808726755	-0.00487352850062719
-0.295797955539372	-1.28899924972749	-0.626770292306294	0.0237885154916237
-0.288712617099203	-1.24562634029697	-0.615040731963718	0.0117220418153033
-0.281627278659035	-1.24450076696846	-0.612371387800447	0.0114719424441103
-0.274541940218866	-1.23934056419636	-0.602173421368694	0.0328358829327185
-0.267456601778697	-1.22812291941031	-0.58724576454381	0.0231358921675475
-0.260371263338528	-1.21097893738735	-0.584759032951321	0.0248770197172013
-0.253285924898359	-1.20893517582347	-0.567762874655812	0.0828084320728362
-0.246200586458191	-1.19680175493968	-0.566160759609188	0.0545954051345985
-0.239115248018022	-1.22899335208391	-0.54340543932895	0.0602631758860932
-0.232029909577853	-1.18123471368172	-0.543484016029465	0.0865529702247051
-0.224944571137685	-1.18948683897234	-0.534990814046044	0.115346922567534
-0.217859232697516	-1.18362167739018	-0.528506772249962	0.0878483518764532
-0.210773894257347	-1.1661352066757	-0.524620804003745	0.109816385680427
-0.203688555817178	-1.14958795382676	-0.512288326658349	0.101612018747956
-0.19660321737701	-1.16053616061044	-0.505181406452036	0.128707262222485
-0.189517878936841	-1.13213713935622	-0.492129938893191	0.160118641150609
-0.182432540496672	-1.09914358261752	-0.492916415595102	0.150027869118568
-0.175347202056503	-1.10316869763948	-0.462123892135037	0.14181101984657
-0.168261863616335	-1.12689360140401	-0.470108526697456	0.18782837578469
-0.161176525176166	-1.07532974896875	-0.460676792086137	0.171643677636325
-0.154091186735997	-1.05625082539567	-0.440081961378858	0.17152279181672
-0.147005848295829	-1.06681526177084	-0.450383603045484	0.190864720754028
-0.13992050985566	-1.08089876910346	-0.428864402489384	0.202536038940977
-0.132835171415491	-1.05777573029354	-0.421503159302572	0.200558543451454
-0.125749832975322	-1.05222995143513	-0.408370413161328	0.197575756902038
-0.118664494535154	-1.03759780235218	-0.406932602385753	0.225045603259568
-0.111579156094985	-1.01538720736148	-0.390248203531849	0.235006012941561
-0.104493817654816	-1.03145575408661	-0.382196205439203	0.240263991605625
-0.0974084792146472	-0.99448070496643	-0.372019129273924	0.244781888535803
-0.0903231407744787	-1.01063522331935	-0.356307899649661	0.249426859291166
-0.0832378023343099	-1.00326185392526	-0.355533451035374	0.260845036713026
-0.0761524638941411	-0.99459739532518	-0.342726784898367	0.272964306325734
-0.0690671254539723	-0.966019058285973	-0.337648107715519	0.306226662883561
-0.0619817870138035	-0.952979351259467	-0.339435016854558	0.29240514435944
-0.054896448573635	-0.955838021107574	-0.319771005490422	0.299788779763117
-0.0478111101334662	-0.939707159648219	-0.305585862749829	0.296054073618255
-0.0407257716932974	-0.938198533739581	-0.303424312407145	0.329445917583534
-0.0336404332531286	-0.936879903721727	-0.299398266524256	0.331364313667992
-0.02655509481296	-0.922845383132306	-0.278452527199441	0.338729055563802
-0.0194697563727912	-0.922305935220992	-0.284796065690694	0.383606778381203
-0.0123844179326225	-0.910723156928166	-0.262916248117312	0.367116867198527
-0.00529907949245367	-0.891035557780995	-0.256860347005031	0.3619401970164
0.00178625894771511	-0.876439138455776	-0.244011581589126	0.356773438145524
0.00887159738788368	-0.872962808062579	-0.245242658093404	0.388025265204515
0.0159569358280525	-0.846596152059565	-0.235418434726468	0.386687453178055
0.0230422742682213	-0.87285773238175	-0.227521897802164	0.394901055767454
0.03012761270839	-0.848748247737742	-0.221056410934325	0.421807555144317
0.0372129511485586	-0.853056798857828	-0.197537730694895	0.414903317042033
0.0442982895887274	-0.810899268596435	-0.199281547806761	0.416729765861495
0.0513836280288962	-0.835379846479134	-0.195259063921226	0.4409567629309
0.058468966469065	-0.815000348859507	-0.194567554395875	0.480998670105574
0.0655543049092338	-0.82718495747787	-0.172342701656952	0.470202825556541
0.0726396433494023	-0.768861635276892	-0.160523598523325	0.472372181607085
0.0797249817895711	-0.787091057058699	-0.147516403689403	0.498817164744169
0.0868103202297399	-0.795073802235755	-0.144697726181998	0.492494825175641
0.0938956586699087	-0.781600368567766	-0.13614492250645	0.484505124200472
0.100980997110077	-0.772799435190185	-0.12766666787734	0.504694712402656
0.108066335550246	-0.755399518377234	-0.114500703241559	0.534603226268895
0.115151673990415	-0.757068923820329	-0.102706738289156	0.539437455200874
0.122237012430583	-0.726784763902826	-0.099671850209797	0.529445229251583
0.129322350870752	-0.727979154544455	-0.0869441314466983	0.547310706589322
0.136407689310921	-0.721742185589782	-0.0747416895528174	0.564389909924242
0.14349302775109	-0.751084024783974	-0.0730108906325606	0.564568808265553
0.150578366191259	-0.702287343045731	-0.06011784198815	0.566800639259875
0.157663704631427	-0.692459065083165	-0.0507358967630422	0.602191635689368
0.164749043071596	-0.694459573983858	-0.0471863832095672	0.600290039908714
0.171834381511765	-0.676397071669593	-0.03667416250327	0.600009630572351
0.178919719951933	-0.656011226970149	-0.0191782492344621	0.636475347605949
0.186005058392102	-0.652120440956338	-0.0169005089305798	0.602110940658262
0.193090396832271	-0.650472319700159	-0.0121199953720224	0.662978705848682
0.20017573527244	-0.66996461417379	-0.00136695049534956	0.649359539160756
0.207261073712608	-0.625118041772484	0.00640367997323305	0.649181721768086
0.214346412152777	-0.60652981350038	0.0144707844128165	0.658877262150501
0.221431750592946	-0.624776425597648	0.0351339299354109	0.693183134264415
0.228517089033115	-0.607517742838991	0.0312357580866371	0.675423772897055
0.235602427473284	-0.6054662345543	0.0479876208435718	0.69272597620273
0.242687765913452	-0.597333311236241	0.0522329358595237	0.687582319704631
0.249773104353621	-0.577678540608105	0.0693688644014114	0.70240977035162
0.256858442793789	-0.587102660713532	0.0707109168537851	0.740437859475311
0.263943781233958	-0.564735673012149	0.07825895970607	0.738203333215514
0.271029119674127	-0.544966602226944	0.0923045286441634	0.749634277669535
0.278114458114296	-0.533022321498196	0.102949126171354	0.730805070319487
0.285199796554465	-0.525463461494535	0.104264132557885	0.776514641533128
0.292285134994633	-0.520335752734221	0.109634624246855	0.798325416307054
0.299370473434802	-0.518749285966844	0.124051835898692	0.762255935871359
0.30645581187497	-0.510950431963493	0.138254664565325	0.800157961829047
0.313541150315139	-0.520436217609302	0.14582872357485	0.807426201055627
0.320626488755308	-0.50364377596765	0.148541564888149	0.813903409889417
0.327711827195477	-0.498526051882868	0.151881823650949	0.840498919672591
0.334797165635646	-0.450469074816685	0.186754846986501	0.834952662526604
0.341882504075814	-0.456230215530213	0.180492103978592	0.856682825397283
0.348967842515983	-0.470566116364472	0.187574663005779	0.85404914951469
0.356053180956152	-0.470562529961363	0.20450079465484	0.878721124792808
0.363138519396321	-0.435914611070169	0.211166411393418	0.863077000963735
0.370223857836489	-0.425576662754985	0.2243042066885	0.87638846490293
0.377309196276658	-0.440403568983404	0.216125683252178	0.865477925787352
0.384394534716827	-0.440602242318499	0.239712782749542	0.886739281222392
0.391479873156996	-0.432123764951908	0.226647379677533	0.897619679225654
0.398565211597164	-0.414659401245233	0.246659937968637	0.921326583318858
0.405650550037333	-0.393796072618749	0.264686142316913	0.930727921082453
0.412735888477502	-0.416762265192374	0.266982037637295	0.914204227544498
0.419821226917671	-0.378159076903097	0.274900289076452	0.964144927412584
0.426906565357839	-0.373715006293347	0.287315531880257	0.970103033467802
0.433991903798008	-0.373906856697611	0.29104184646545	0.970963265030467
0.441077242238177	-0.366432680746967	0.311422217037703	0.997962327201719
0.448162580678345	-0.345515519825579	0.309853473062374	1.01866415342474
0.455247919118514	-0.377322542303467	0.31923244420963	0.982959312384304
0.462333257558683	-0.356030482820838	0.329874199468172	1.00783683728954
0.469418595998852	-0.338342460840485	0.344159671467778	1.02185539893827
0.47650393443902	-0.33912663489719	0.343190063544885	1.02050805528446
0.483589272879189	-0.347840150704727	0.344965253343626	1.03694758876761
0.490674611319358	-0.30974964321547	0.369104271908265	1.03223827122648
0.497759949759526	-0.292132754826643	0.381890031246905	1.05891645052053
0.504845288199695	-0.279555416499206	0.382255246795742	1.06180013544213
0.511930626639864	-0.291337051483339	0.388540097840634	1.07994574735445
0.519015965080033	-0.286707892175604	0.409730683427332	1.07885995672692
0.526101303520202	-0.270490942941135	0.426354073069433	1.09720692845107
0.53318664196037	-0.282312561298777	0.421936593899306	1.111952479276
0.540271980400539	-0.227958876079403	0.42782612708337	1.11008943996916
0.547357318840708	-0.246541891392582	0.435256411685375	1.10451640288931
0.554442657280877	-0.236901667972632	0.442065339231806	1.14304203720621
0.561527995721045	-0.221874784481673	0.460353803885568	1.11585553231168
0.568613334161214	-0.234006229752449	0.470432530445575	1.17037567052539
0.575698672601383	-0.216776196682736	0.470522414679653	1.17357728555399
0.582784011041551	-0.206556417182477	0.481470492404472	1.18171563174536
0.58986934948172	-0.195730886386081	0.495319924823954	1.20669292837515
0.596954687921889	-0.208958623334924	0.495184739556219	1.19982198738385
0.604040026362058	-0.181568086184308	0.513566262196504	1.22776107719057
0.611125364802227	-0.202038591152992	0.521494557455971	1.21022253676407
0.618210703242395	-0.182626764951257	0.532002794424229	1.24508288159331
0.625296041682564	-0.155860063616999	0.543323946490863	1.27678317939769
0.632381380122732	-0.153182645564225	0.55194629031115	1.25348145608374
0.639466718562901	-0.146798931725244	0.56741987238499	1.2673764983271
0.64655205700307	-0.144549257664276	0.558622591199339	1.27668525816137
0.653637395443239	-0.139821291489988	0.567204013248868	1.26312147521164
0.660722733883408	-0.146430100704947	0.583883676649821	1.29760741372306
0.667808072323576	-0.102829810150399	0.605696131827806	1.30146581268981
0.674893410763745	-0.107782188822467	0.59256208195185	1.31684340412698
0.681978749203914	-0.101590908346439	0.600537457815051	1.33355636820343
0.689064087644082	-0.0980477320583365	0.614181051651346	1.35955058219272
0.696149426084251	-0.0927302260951803	0.617280599135582	1.34371673736545
0.70323476452442	-0.0913134237815381	0.63587019702148	1.33861041946765
0.710320102964589	-0.0749496105594549	0.631998845117039	1.34500679236748
0.717405441404757	-0.0794803896493832	0.644985828464409	1.37862042543407
0.724490779844926	-0.0374413731797485	0.656232124396222	1.39019081587242
0.731576118285095	-0.0400678751191132	0.658829181267723	1.40161937203444
0.738661456725264	-0.0220710016151199	0.690502275655984	1.4251253295915
0.745746795165433	-0.0430737785921048	0.684701972249717	1.43257573419595
0.752832133605601	-0.0317799105400993	0.708896720887175	1.44161393219153
0.75991747204577	-0.0300907180572182	0.703344854589864	1.45777255935876
0.767002810485939	-0.0132865568133347	0.717362314315884	1.4465224565713
0.774088148926107	-0.0220370676391482	0.729893773415832	1.46315621673512
0.781173487366276	-0.0295317371074039	0.719425671141332	1.49694207402902
0.788258825806445	0.000426638997590882	0.750478506308509	1.47856701841373
0.795344164246614	0.0053572732102561	0.749518604932529	1.51303774627301
0.802429502686782	0.00749416608871961	0.751712527711807	1.51200140598643
0.809514841126951	0.016169953265307	0.768319578984774	1.51152799116824
0.81660017956712	0.0568976613845001	0.769811780610599	1.51199200766227
0.823685518007288	0.0437742827837374	0.795586251771886	1.52333964148508
0.830770856447457	0.0200901412652832	0.801652060232453	1.52580608212902
0.837856194887626	0.0538264632908781	0.798303098033746	1.56163943299573
0.844941533327795	0.0590344591881574	0.821309004796174	1.56087865532475
0.852026871767964	0.0435375763026212	0.81624536400477	1.60655798779426
0.859112210208132	0.0613609573479788	0.835213217950394	1.58078928254962
0.866197548648301	0.0984721633919104	0.829845110729091	1.57900899460623
0.87328288708847	0.0736496853450913	0.85542305804934	1.61788154732131
0.880368225528638	0.0769756312578196	0.864449197443755	1.60958344503459
0.887453563968807	0.0912447124385816	0.876906965119874	1.64129579054441
0.894538902408976	0.125253132554978	0.870588387218824	1.69352565704022
0.901624240849145	0.109106990445825	0.879016618523929	1.62856769395551
0.908709579289313	0.133386780820692	0.899941300041424	1.68296984532083
0.915794917729482	0.15325371183443	0.901619303482328	1.69303778500321
0.922880256169651	0.149871842239207	0.911462054468221	1.69950089020532
0.92996559460982	0.14740748732395	0.919155561168638	1.70069924587855
0.937050933049989	0.148085028302267	0.922048508918687	1.68130966807119
0.944136271490157	0.134730735372409	0.936549284867749	1.71548002093871
0.951221609930326	0.163582138490325	0.943985239643692	1.7316946794374
0.958306948370494	0.173913837626478	0.956640334049023	1.74062399083041
0.965392286810663	0.182694598528149	0.969961441590341	1.74372078093617
0.972477625250832	0.216989212110646	0.960536909979007	1.74927752754692
0.979562963691001	0.186226640326033	0.980603012591548	1.77885285729182
0.98664830213117	0.201725383991987	0.999416186315506	1.79125295873934
0.993733640571338	0.205994125169363	1.00123753815255	1.7986046075421
1.00081897901151	0.222614217061264	1.01706086565245	1.8092692747329
1.00790431745168	0.221102729835587	1.0259895579463	1.82244272020796
1.01498965589184	0.223987308499711	1.0258642936276	1.80860057086429
1.02207499433201	0.218507791369932	1.02972529903759	1.83027112051435
1.02916033277218	0.249436429214793	1.04408217123135	1.85552449691126
1.03624567121235	0.24387944228433	1.06008063647858	1.86449364625017
1.04333100965252	0.258200883691733	1.06423844285848	1.86624946932216
1.05041634809269	0.28624098200987	1.07331373500198	1.88651639379384
1.05750168653286	0.233954528801818	1.06991375384897	1.90698653009151
1.06458702497303	0.28709062383603	1.0818479591002	1.90588357927033
1.07167236341319	0.295755149376238	1.0937983090173	1.9080942103387
1.07875770185336	0.286716089975057	1.11132927741986	1.90360674341319
1.08584304029353	0.284669133167145	1.11903927637879	1.92776847466536
1.0929283787337	0.282959673808334	1.13765289572627	1.9334970131636
1.10001371717387	0.327793870934484	1.13498461491471	1.95369776085802
1.10709905561404	0.303017678369363	1.14589705263508	1.9726332912147
1.11418439405421	0.330691895431463	1.13688341518849	1.96310108794334
1.12126973249438	0.333994267906972	1.16025068844362	1.99047613805009
1.12835507093454	0.363839967251001	1.17518860579165	2.00809727198208
1.13544040937471	0.336180451726113	1.18932664396738	2.0064282127116
1.14252574781488	0.347673452975698	1.18457555751641	2.05394921635669
1.14961108625505	0.351943031554372	1.19024556064892	2.0263623568502
1.15669642469522	0.347012290994554	1.20598413159051	2.05230005533065
1.16378176313539	0.37242824343589	1.22247541453387	2.06405921421632
1.17086710157556	0.414327941236407	1.21530990254102	2.0558260865543
1.17795244001573	0.390926229316718	1.23117409359474	2.06539068776165
1.18503777845589	0.400758020577351	1.22733747257332	2.07911729377005
1.19212311689606	0.384044167038729	1.2615691435371	2.0946783861858
1.19920845533623	0.401524535099891	1.25237194572313	2.09786633461555
1.2062937937764	0.419128869657641	1.26279137176809	2.09718748510608
1.21337913221657	0.437483974718339	1.27362990359293	2.14166139039254
1.22046447065674	0.454718458410004	1.28079053365549	2.15445851734275
1.22754980909691	0.420366366097605	1.29237489533611	2.17240120863378
1.23463514753708	0.458105045377302	1.29891709982721	2.16665164629935
1.24172048597724	0.441009961152053	1.3054317819992	2.16914327620626
1.24880582441741	0.448695286362782	1.31687674603507	2.18277609406353
1.25589116285758	0.472461440222967	1.34014315726206	2.19677193997168
1.26297650129775	0.454102804284661	1.33053157339247	2.19050622166589
1.27006183973792	0.448996363712778	1.36453996008707	2.24900778192629
1.27714717817809	0.458969807280449	1.36143615444455	2.23662686543054
1.28423251661826	0.494961123444955	1.36746257336357	2.21892049460297
1.29131785505843	0.462015867507773	1.36370436564973	2.26866351854542
1.29840319349859	0.483890614268499	1.38950764500427	2.26577884609195
1.30548853193876	0.506134169583473	1.39185066152439	2.2840445382442
1.31257387037893	0.511930252372773	1.40611409860345	2.30421539364748
1.3196592088191	0.510637089948944	1.40886111272658	2.30776147404109
1.32674454725927	0.53580907496258	1.42223679501266	2.27483322671453
1.33382988569944	0.545792644762398	1.43441914460221	2.32342886796434
1.34091522413961	0.540979942551867	1.44432200726739	2.32464318541409
1.34800056257978	0.549178210157782	1.46674075989649	2.34043250156645
1.35508590101994	0.552296935204592	1.44909929209043	2.36128810584737
1.36217123946011	0.529047308594484	1.46005123565324	2.36862817056375
1.36925657790028	0.578619340030938	1.47690165745079	2.36791157440501
1.37634191634045	0.561268147217602	1.49600803451779	2.40804688632306
1.38342725478062	0.576307150164547	1.48090435755852	2.38069209365377
1.39051259322079	0.591408226397455	1.49685250749123	2.43402463146094
1.39759793166096	0.603674249290309	1.50527221788034	2.38411955797057
1.40468327010112	0.599683349805123	1.51174511048368	2.42736053897907
1.41176860854129	0.594120290510769	1.52104001890764	2.44008155149536
1.41885394698146	0.599910364715233	1.5447647134842	2.42738368526927
1.42593928542163	0.599841852103784	1.55712872341924	2.44776849938332
1.4330246238618	0.635134153535949	1.55229104454437	2.47349105098586
1.44010996230197	0.637846133858692	1.56631991834724	2.50203791123809
1.44719530074214	0.64811332552076	1.56803972460348	2.50200205086252
1.45428063918231	0.610158841642878	1.58787903573254	2.51588215511999
1.46136597762247	0.661116676464505	1.57615903828974	2.50111229580588
1.46845131606264	0.625059633644063	1.60626291165425	2.52939179154239
1.47553665450281	0.671369308095286	1.6076749938389	2.57183385824204
1.48262199294298	0.663441916500605	1.61806492959551	2.53833424432027
1.48970733138315	0.696886640523586	1.63475957098976	2.55887883041312
1.49679266982332	0.711223514126706	1.63468903962912	2.58545964312918
1.50387800826349	0.700657567199058	1.64506040068016	2.57447525448016
1.51096334670366	0.696425003603202	1.64723981182427	2.58320395038218
1.51804868514382	0.702384318103055	1.6660221550457	2.61827429558621
1.52513402358399	0.720518599004961	1.66767960151286	2.60493404882083
1.53221936202416	0.700637565376104	1.68466436769681	2.6525541757877
1.53930470046433	0.714408450610279	1.69405817745255	2.64881621776208
1.5463900389045	0.7340959925822	1.69714533127438	2.65348700758712
1.55347537734467	0.716422081162072	1.71141358095783	2.67452207362749
1.56056071578484	0.746988651789754	1.72876913690534	2.6928535043413
1.56764605422501	0.764722262508644	1.71680282110526	2.68734260728348
1.57473139266517	0.750734226995848	1.72697054524416	2.70507211458401
1.58181673110534	0.756278864750645	1.74655707653964	2.7009341610941
1.58890206954551	0.782815947924069	1.7487193727702	2.75193971152245
1.59598740798568	0.77576096433655	1.76660052489795	2.73586759742027
1.60307274642585	0.763385602205886	1.76067586102164	2.78964896879981
1.61015808486602	0.80891910345111	1.77437432131086	2.7991769273279
1.61724342330619	0.810632126242563	1.78577260657001	2.77326426918252
1.62432876174636	0.827306409542109	1.78723792429636	2.82829844598095
1.63141410018652	0.807509674412318	1.80597228542613	2.79923725369758
1.63849943862669	0.846234082477326	1.81108851828145	2.77659839644974
1.64558477706686	0.794581406971293	1.81663304515974	2.84590212542334
1.65267011550703	0.809276325408992	1.83136998595711	2.86760845796738
1.6597554539472	0.837298274191112	1.84015497184554	2.85677942327402
1.66684079238737	0.856053750117251	1.85973188824396	2.84272758609308
1.67392613082754	0.819286939354403	1.85774605538508	2.86097827457363
1.68101146926771	0.8499159079547	1.86188094121293	2.89062882868845
1.68809680770787	0.843283121036555	1.87722819419035	2.87720777824229
1.69518214614804	0.874733017118806	1.88147239438909	2.91263911268607
1.70226748458821	0.855897973406987	1.88182407660537	2.93733486018197
1.70935282302838	0.881542482043278	1.89835105368148	2.92110006419734
1.71643816146855	0.878414994404008	1.92024697081834	2.93591176078766
1.72352349990872	0.914070803416257	1.92035454833773	2.96879365918214
1.73060883834889	0.893830101386659	1.91045865175062	2.94059076746308
1.73769417678906	0.903213430094947	1.93096608993812	2.96586156267045
1.74477951522922	0.917000765603997	1.95346766629437	2.97949077401281
1.75186485366939	0.925065320777309	1.96407859314648	3.00255384029043
1.75895019210956	0.915120794075641	1.95878225565908	3.00586475062792
1.76603553054973	0.91084278468305	1.96739928880726	3.01026505864112
1.7731208689899	0.956396540405876	1.98399367484294	3.07514984478422
1.78020620743007	0.945245203804541	2.00372607911972	3.06410723794773
1.78729154587024	0.955301184861461	1.98770932748006	3.04269871734515
1.79437688431041	0.947626896399443	2.02150493185261	3.0443048788608
1.80146222275057	0.950887951819352	2.03381011032659	3.09673201097945
1.80854756119074	0.952337615890858	2.02191043735355	3.04643247692543
1.81563289963091	0.984202567250503	2.03689489695154	3.1060191848143
1.82271823807108	0.949122500360023	2.03888888320687	3.08777794278563
1.82980357651125	0.983188326403537	2.06415558946907	3.13182079285112
1.83688891495142	1.01026141811598	2.0688558281849	3.13116307333648
1.84397425339159	1.01362078273602	2.07094447298323	3.14837147138489
1.85105959183176	1.01083420750519	2.08241570023741	3.18268644991178
1.85814493027192	1.00777154557985	2.08901207036655	3.17485943908865
1.86523026871209	1.016040027556	2.10078952062779	3.16083099543533
1.87231560715226	0.976118535397995	2.12325246670135	3.18133732180341
1.87940094559243	1.0086695533182	2.1241788661425	3.22801049901429
1.8864862840326	0.990727806948077	2.13215419269657	3.19061044798994
1.89357162247277	1.02731257677674	2.13484833270935	3.21952119841939
1.90065696091294	1.05131064431295	2.15398750893409	3.2354529530563
1.90774229935311	1.04493114407778	2.16338463597234	3.24853839240159
1.91482763779327	1.06764648597915	2.15940307223808	3.27107519444619
1.92191297623344	1.00129565238514	2.16498939938401	3.26165149152723
1.92899831467361	1.04551684141838	2.17843316099816	3.27510386926206
1.93608365311378	1.07426194014985	2.1843591825269	3.27547922390941
1.94316899155395	1.07831600135602	2.19851635978798	3.32134776415952
1.95025432999412	1.06843689942084	2.20221700018732	3.29222563823981
1.95733966843429	1.07931580251157	2.22114951959008	3.31769963482581
1.96442500687446	1.068198350267	2.24430723006041	3.34191673109709
1.97151034531462	1.10711236396891	2.24866065871852	3.38863108639255
1.97859568375479	1.08651627657378	2.2405295249256	3.36634867200259
1.98568102219496	1.07016117458759	2.2554505702797	3.38608066331594
1.99276636063513	1.11806245248234	2.2601331708851	3.36574941692521
1.9998516990753	1.14177109186617	2.25506253221843	3.39654137910719
2.00693703751547	1.12482143994363	2.28028140923995	3.41178475761143
2.01402237595564	1.14440662678251	2.28828261523479	3.46203046327641
2.02110771439581	1.1313348482262	2.30209069806445	3.44019497959147
2.02819305283597	1.13909783911519	2.30631649895843	3.43479813753296
2.03527839127614	1.11851099600573	2.30246255688469	3.46882504541628
2.04236372971631	1.14363043671961	2.33034852061345	3.46500727397423
2.04944906815648	1.18159641696728	2.34184429344036	3.45929534541815
2.05653440659665	1.18500305226797	2.33597687875089	3.49269135750284
2.06361974503682	1.16334544425084	2.3555692097527	3.48061028334531
2.07070508347699	1.18856378762743	2.36675827037601	3.50078482573192
2.07779042191716	1.17622275989831	2.36370042944015	3.52780109785653
2.08487576035732	1.16541012816305	2.37454430969809	3.55863486001079
2.09196109879749	1.19876902625553	2.39026877440938	3.56670459119839
2.09904643723766	1.17786627536727	2.40117692239736	3.55420891912456
2.10613177567783	1.23583161779494	2.41194279551235	3.58332547757996
2.113217114118	1.21761561412363	2.4175985540246	3.60080673093693
2.12030245255817	1.1930985779226	2.42021173606445	3.6146921951203
2.12738779099834	1.23469252702579	2.43170661315681	3.61432497050979
2.1344731294385	1.19964377954722	2.44339548589022	3.62406128384863
2.14155846787867	1.24650405144085	2.44002078847814	3.65209926543638
2.14864380631884	1.2700706526969	2.46974023313294	3.64796052997347
2.15572914475901	1.2494145429807	2.47756094395455	3.67850512254405
2.16281448319918	1.22216537549854	2.4695784218902	3.69216972811008
2.16989982163935	1.24414273851613	2.47877488027503	3.70598636190571
2.17698516007952	1.2748588232999	2.50394574338704	3.69803280093272
2.18407049851969	1.24295170572197	2.51726432058225	3.69911547105278
2.19115583695985	1.24069838696836	2.50181624647447	3.71926935759275
2.19824117540002	1.2990493257608	2.53552243834256	3.73502787903505
2.20532651384019	1.2759461716377	2.53470682862949	3.77412494824614
2.21241185228036	1.29480479271181	2.54336244357669	3.7462310777603
2.21949719072053	1.28763419510654	2.5387642110764	3.79175554727907
2.2265825291607	1.29107597766763	2.55568504001023	3.7904370655178
2.23366786760087	1.28309323002939	2.56851226432681	3.78683307757281
2.24075320604104	1.27667208484519	2.58503271583416	3.80614061787157
2.2478385444812	1.32913609154551	2.57663123281677	3.78208765096137
2.25492388292137	1.34034680638037	2.57496727017926	3.86114816998794
2.26200922136154	1.34319209247859	2.6121720980644	3.82503398345713
2.26909455980171	1.30994652540047	2.61231229013849	3.86094670567026
2.27617989824188	1.27898519558385	2.61981153886168	3.84964882038023
2.28326523668205	1.35761260635301	2.62288802832512	3.90225916087936
2.29035057512222	1.31615579577954	2.64916002197755	3.88452805805493
2.29743591356239	1.38510428142876	2.6444558630752	3.94141752400611
2.30452125200255	1.37362841938759	2.65481417608057	3.9343684782756
2.31160659044272	1.34821611160644	2.65285768928291	3.9218599849702
2.31869192888289	1.39073745661572	2.67166556570538	3.96393047437073
2.32577726732306	1.36723134720228	2.68630603932535	3.94923909169478
2.33286260576323	1.39092696634426	2.69910605552821	3.9691447041978
2.3399479442034	1.42560041428076	2.71073055976187	3.99123722593226
2.34703328264357	1.41402643980493	2.7167896514707	3.98154524167917
2.35411862108374	1.40298531329634	2.71876546036093	3.99906001929696
2.3612039595239	1.39809520934725	2.72410014384548	4.04772852134198
2.36828929796407	1.42399747244968	2.74539684003465	4.0049122237764
2.37537463640424	1.38078442843844	2.74804274298719	4.0276522645544
2.38245997484441	1.43915267601699	2.75226730674006	4.04419998226592
2.38954531328458	1.45360949138946	2.76965459086053	4.07744267358327
2.39663065172475	1.45962309370372	2.76822057009324	4.06363546890233
2.40371599016492	1.44225303874687	2.77917825536499	4.04266275406232
2.41080132860509	1.4759557900829	2.79225449056035	4.1324894960517
2.41788666704525	1.46560357246529	2.80594818035125	4.10428727598487
2.42497200548542	1.49589526945383	2.81828730565928	4.14654525359405
2.43205734392559	1.4978352336559	2.81712390942694	4.0937588797347
2.43914268236576	1.49211039992514	2.82787598185358	4.13507899923725
2.44622802080593	1.45454928511902	2.82027379715852	4.20061727062795
2.4533133592461	1.49937124377266	2.83853764598056	4.20234021403028
2.46039869768627	1.51284461458947	2.85448029199356	4.15117896547245
2.46748403612644	1.52121566221113	2.86540271724479	4.18600179585563
2.4745693745666	1.50106631082658	2.88314100379734	4.20468648450239
2.48165471300677	1.53217656669393	2.87540767561033	4.22859292192247
2.48874005144694	1.54454566783892	2.89599568620953	4.23336834807076
2.49582538988711	1.50075491018433	2.90345580233676	4.2445383470513
2.50291072832728	1.50675493150914	2.91703989503688	4.22135089206936
2.50999606676745	1.55729816882416	2.92213894232578	4.26317820088971
2.51708140520762	1.55498331901358	2.91875295028146	4.28754393719173
2.52416674364779	1.5463277630413	2.94279882766182	4.28962214960983
2.53125208208795	1.57675339418001	2.94561520490011	4.35286141078424
2.53833742052812	1.55610917785533	2.95122683929242	4.31780754537298
2.54542275896829	1.56542671506326	2.95718197142206	4.33304561654
2.55250809740846	1.56663190304162	2.97034412696442	4.36504829420317
2.55959343584863	1.57005872457837	2.97362248948069	4.3540271449593
2.5666787742888	1.57506063749663	2.9884289635851	4.39078571518367
2.57376411272897	1.61730029382471	2.99456967975982	4.38982536870984
2.58084945116914	1.57906922455907	3.02013141498373	4.3936244159182
2.5879347896093	1.6184798798313	3.02157297577236	4.40300474651255
2.59502012804947	1.59579465713174	3.03084060511624	4.41578657615322
2.60210546648964	1.58980190690125	3.0282157296668	4.42928704302385
2.60919080492981	1.62750999249289	3.03831526978734	4.38545768681391
2.61627614336998	1.61556714763237	3.03264770477582	4.44941345580251
2.62336148181015	1.60669906215229	3.06728702193195	4.44341660007205
2.63044682025032	1.64414336154181	3.0649155568407	4.486463973725
2.63753215869049	1.64237769364712	3.08623968734069	4.45865504445867
2.64461749713065	1.61164714381042	3.08445168345864	4.49372630212359
2.65170283557082	1.67228211526835	3.09562944249034	4.50302049504962
2.65878817401099	1.6331285123129	3.10820752414289	4.50809184228476
2.66587351245116	1.67202427468209	3.11480781244826	4.49760018155648
2.67295885089133	1.65397766647602	3.13086815642443	4.53445305751912
2.6800441893315	1.64685767778837	3.13864348339931	4.5547797510596
2.68712952777167	1.68169573172847	3.14274529943028	4.54633879152105
2.69421486621183	1.68622197151094	3.15761754619432	4.5950528802255
2.701300204652	1.67962844073868	3.16039670878552	4.61774507648525
2.70838554309217	1.67779008287354	3.18294919856325	4.57150877309612
2.71547088153234	1.71088001627759	3.194018207972	4.60547209109212
2.72255621997251	1.67874384950196	3.19758382346149	4.64797967709244
2.72964155841268	1.74071432539717	3.18235252990166	4.62102537080014
2.73672689685285	1.71994680021356	3.19916649338623	4.6660541588511
2.74381223529302	1.70769376417321	3.20753466756474	4.66790413619897
2.75089757373319	1.70549914610087	3.20592016980775	4.70296570221647
2.75798291217335	1.72201662045403	3.22768646322605	4.67911135369982
2.76506825061352	1.73455446719324	3.22727773613729	4.71045320281755
2.77215358905369	1.71077039441872	3.24522112281547	4.70692241423394
2.77923892749386	1.72651324959785	3.27081494220107	4.75001217975857
2.78632426593403	1.78822563890612	3.27561161654164	4.74518430754125
2.7934096043742	1.7135117491774	3.25841818373566	4.76465928105896
2.80049494281437	1.76428482284857	3.28233189432561	4.76308072389672
2.80758028125454	1.79907248475874	3.2783575730932	4.75587763268887
2.8146656196947	1.7776279505169	3.30364393328114	4.77788233285867
2.82175095813487	1.77473994142847	3.31502470173604	4.83905978124344
2.82883629657504	1.76997837727038	3.3254139058575	4.82448639878628
2.83592163501521	1.79984455094117	3.32059204129108	4.8452217937931
2.84300697345538	1.80738514214896	3.33805330538793	4.8240270652119
2.85009231189555	1.8173342155064	3.35848214294428	4.89064974798121
2.85717765033572	1.82639774702289	3.36436754148131	4.87060987075271
2.86426298877588	1.87163436764356	3.36426821281016	4.8668020946283
2.87134832721605	1.80939873225632	3.3788400526558	4.87819569820004
2.87843366565622	1.81384152557883	3.39425408768042	4.90887938956694
2.88551900409639	1.81485401231452	3.40499165882849	4.89848493000367
2.89260434253656	1.83590397962007	3.40944274821229	4.95082174962004
2.89968968097673	1.87146013301092	3.41729156819806	4.93799349405491
2.9067750194169	1.91374100420925	3.40264856643101	4.93713594190444
2.91386035785707	1.85597981200716	3.43235776606166	4.96396346015981
2.92094569629724	1.86513515970799	3.43469277761607	4.99271552089375
2.9280310347374	1.86949665672743	3.44200518692116	4.95824664211713
2.93511637317757	1.87602854884885	3.45730649951535	4.99083308216662
2.94220171161774	1.89337021011068	3.46494226377864	5.02376945723402
2.94928705005791	1.91021126667409	3.47061275830978	5.03949941913833
2.95637238849808	1.89026625844791	3.48611339942533	5.08161551172654
2.96345772693825	1.91027579090677	3.49325136415039	5.08544705476272
2.97054306537842	1.86646227982397	3.49808741975381	5.03052820790407
2.97762840381858	1.87967792088328	3.5220001316469	5.0854456107778
2.98471374225875	1.89200480676676	3.52846682599167	5.08328196401927
2.99179908069892	1.91063975605231	3.52408360342098	5.09075147573608
2.99888441913909	1.95216110417167	3.54349552677799	5.10557302149661
3.00596975757926	1.90269815466192	3.55971636013296	5.14042667192481
3.01305509601943	1.96053967668224	3.54488375756471	5.1146280005607
3.0201404344596	1.92673711362874	3.56467892853876	5.16802419884617
3.02722577289977	1.92605708615294	3.57138300955011	5.17358394926223
3.03431111133993	1.9497424189134	3.58860859853786	5.1896291312215
3.0413964497801	1.97725801713237	3.59396016193327	5.20602406335482
3.04848178822027	1.90333108067889	3.59377003737634	5.16740130679645
3.05556712666044	1.98531295743387	3.59454186842942	5.17916828159404
3.06265246510061	1.99724441189573	3.61310803170844	5.19993226453723
3.06973780354078	1.98845540128558	3.63121483372342	5.21419729291389
3.07682314198095	1.93922662742478	3.62464532355527	5.23208238283118
3.08390848042112	2.04595263458081	3.64802253580827	5.28470836769171
3.09099381886128	2.00271910922248	3.64931247101447	5.23015410218011
3.09807915730145	1.97530646436801	3.6533701501078	5.27007038609101
3.10516449574162	2.01118932648345	3.66965644490453	5.27646238224404
3.11224983418179	2.03520728949555	3.6721703961205	5.29809821859464
3.11933517262196	2.03387008609011	3.68882985526404	5.31108958602459
3.12642051106213	2.04945827828392	3.70028162370776	5.35247866737909
3.1335058495023	2.02483930744577	3.70586505025654	5.36143911028536
3.14059118794247	2.03035625866093	3.72044562140843	5.34938926427161
3.14767652638263	2.0642717487934	3.71620621009814	5.38853743239775
3.1547618648228	2.06969410425779	3.73873872123836	5.35712339790628
3.16184720326297	2.05784133725537	3.74004618396922	5.38849647139209
3.16893254170314	2.1023799971304	3.7540860539638	5.42903075298393
3.17601788014331	2.07460990475194	3.75455539296153	5.38480410821438
3.18310321858348	2.03667360917038	3.77736033744383	5.40773822680939
3.19018855702365	2.0086000583711	3.76186429065366	5.42133625829253
3.19727389546382	2.11944288042191	3.79271964715339	5.4282009455171
3.20435923390398	2.08866283621269	3.80444166490281	5.45410326374062
3.21144457234415	2.13873122233118	3.79864501763262	5.47106437102049
3.21852991078432	2.13891854763268	3.8151959929262	5.50921485636193
3.22561524922449	2.05337205201819	3.81938449589425	5.51477435214827
3.23270058766466	2.1099308989417	3.83390621876823	5.50219691207333
3.23978592610483	2.14568564922863	3.84004186440966	5.52572357175609
3.246871264545	2.12211173992044	3.86101392558096	5.55416746666131
3.25395660298517	2.15712294560622	3.88306863416636	5.57507434639018
3.26104194142533	2.13997163159788	3.85406330652054	5.55385556501045
3.2681272798655	2.15798516763016	3.88776375440234	5.59631081096807
3.27521261830567	2.16067919931117	3.89338717814704	5.61372638645729
3.28229795674584	2.13465620635087	3.90842258320781	5.5529515248331
3.28938329518601	2.1474518274746	3.90364054197696	5.65088647405674
3.29646863362618	2.14682983325278	3.91484524082315	5.62552257486063
3.30355397206635	2.18764614289804	3.91340641435242	5.63812865678683
3.31063931050652	2.18074757929282	3.91694855325824	5.63213990771849
3.31772464894668	2.16345562898641	3.93298281255039	5.70491854372617
3.32480998738685	2.21605478566261	3.94113669520854	5.6343755603615
3.33189532582702	2.19037642457382	3.95092803565825	5.70577385962296
3.33898066426719	2.1875814819813	3.97038644829016	5.69032529351011
3.34606600270736	2.20890082866849	3.98638023671343	5.70034738830976
3.35315134114753	2.18934347964338	3.9837708394824	5.74502533112264
3.3602366795877	2.28654652766475	3.98494786541149	5.71951428686035
3.36732201802787	2.23598733755833	3.98221026450004	5.76309026944069
3.37440735646803	2.22718583389879	4.00687906072192	5.7319762096389
3.3814926949082	2.24388578087254	4.01922562503712	5.7512658800845
3.38857803334837	2.24617773886184	4.03301461134138	5.75780685914202
3.39566337178854	2.23964272067023	4.03706512198302	5.76502478214889
3.40274871022871	2.28948979480007	4.04484401990868	5.79095225661959
3.40983404866888	2.27407796631653	4.05839001505698	5.7816779020421
3.41691938710905	2.24507111152546	4.06939914367926	5.81594177652031
3.42400472554921	2.24609993443518	4.10367544484029	5.80872768149196
3.43109006398938	2.30392242478253	4.08212598183423	5.81645826937576
3.43817540242955	2.31133039580094	4.0999192433063	5.88085093163651
3.44526074086972	2.3025741558646	4.1052461259971	5.90436576073876
3.45234607930989	2.30745606369063	4.10627092864844	5.89402947528174
3.45943141775006	2.28405822548567	4.12095421842688	5.91494737117899
3.46651675619023	2.32110295861233	4.12588025378483	5.92376110058651
3.4736020946304	2.30600874546165	4.11740922177817	5.89961491733536
3.48068743307057	2.33949678088751	4.14321380068914	5.92474125632043
3.48777277151073	2.30105489875475	4.16322913270549	5.97025834758483
3.4948581099509	2.33672238896399	4.16026603605104	5.90178494723871
3.50194344839107	2.33378688917898	4.16737134382666	6.02538251386344
3.50902878683124	2.3109434867116	4.18147194395781	5.94761040070899
3.51611412527141	2.32709058097528	4.17621495375569	6.03729010484024
3.52319946371158	2.3587756257253	4.19543434122647	6.01975295927665
3.53028480215175	2.34617512315687	4.19727456069515	6.01764031429431
3.53737014059191	2.34881062629717	4.20370738004186	6.00659408906126
3.54445547903208	2.40276609206594	4.22499938104887	6.08862950998889
3.55154081747225	2.37738392172633	4.23965835210144	6.03207335603714
3.55862615591242	2.37328184597578	4.23950719610464	6.06403214896581
3.56571149435259	2.36145367944484	4.23644969142305	6.10437004206078
3.57279683279276	2.33585989089048	4.26999491565298	6.12481835990286
3.57988217123293	2.3718811488245	4.27010550009196	6.09834172694736
3.5869675096731	2.39671197525179	4.2809244879104	6.12147430772028
3.59405284811326	2.40680526368775	4.31055059809477	6.14371387864517
3.60113818655343	2.41879358325294	4.28993323437821	6.09422281967274
3.6082235249936	2.40982831277461	4.30774480018603	6.15464592668624
3.61530886343377	2.463268046732	4.32544185626238	6.18584505067161
3.62239420187394	2.41361439642422	4.31087671917713	6.17748588229677
3.62947954031411	2.37432887593901	4.32683040728694	6.20671200190086
3.63656487875428	2.46961915333142	4.33327971174134	6.18239922990592
3.64365021719445	2.41398863591331	4.3427996870586	6.21765428279952
3.65073555563461	2.42416307949648	4.36164405239141	6.22968465869767
3.65782089407478	2.41631581387714	4.36732101470553	6.23291641693516
3.66490623251495	2.4749498861775	4.37412222856049	6.21469757210066
3.67199157095512	2.41239826052103	4.39180234868781	6.25569200596288
3.67907690939529	2.4379330839743	4.39754218934281	6.30105992297483
3.68616224783546	2.49401739661237	4.39943813140007	6.28480786176924
3.69324758627563	2.49937604462004	4.41300551799413	6.30037733506037
3.7003329247158	2.48558559608391	4.41885901562153	6.34164216814282
3.70741826315596	2.44833769122356	4.44288661817032	6.31555453475277
3.71450360159613	2.50560268439972	4.43839113114282	6.38412505938238
3.7215889400363	2.50866831603003	4.44877435698996	6.32264916000357
3.72867427847647	2.46299432815353	4.44980702856656	6.34848734483573
3.73575961691664	2.46353368345213	4.46934525171246	6.37834378069126
3.74284495535681	2.51819680365876	4.48408942835496	6.41654651912339
3.74993029379698	2.51701749155653	4.49184916182049	6.40363869048594
3.75701563223715	2.50445868199274	4.48114728802348	6.37095291624819
3.76410097067731	2.54351442132719	4.49366544988454	6.48447496460529
3.77118630911748	2.51488930588755	4.5193802712574	6.42714162110541
3.77827164755765	2.49530142361958	4.51011168455025	6.4720096327645
3.78535698599782	2.56812546455663	4.53964815257713	6.47037138856693
3.79244232443799	2.54384728375386	4.55583718907021	6.43825500822415
3.79952766287816	2.50306241891358	4.55284594706009	6.45157747232484
3.80661300131833	2.59289220881341	4.55667875679881	6.51216779557549
3.8136983397585	2.59166022843519	4.58975543150254	6.52462923342449
3.82078367819866	2.59801770207152	4.57815392798272	6.50519324548287
3.82786901663883	2.56081377569018	4.57782303234936	6.50737089829753
3.834954355079	2.54068089795957	4.59482264712585	6.54536961227221
3.84203969351917	2.54419508147394	4.60206470744012	6.53716746370272
3.84912503195934	2.64039073165643	4.61319704666442	6.57071829017627
3.85621037039951	2.57811308098271	4.61376670323387	6.56256345859945
3.86329570883968	2.61624988398457	4.63534662648247	6.55060985857914
3.87038104727985	2.62888363556435	4.63371050752758	6.62135909487259
3.87746638572001	2.59641363886725	4.65612485803069	6.59859337020553
3.88455172416018	2.63816083472494	4.66269416565903	6.61967398526468
3.89163706260035	2.60107962315277	4.66355564504864	6.61587882527261
3.89872240104052	2.59172075990388	4.66980803154396	6.69726198829352
3.90580773948069	2.63561395361423	4.691382427029	6.70998758804738
3.91289307792086	2.68378753558486	4.67967615410356	6.6601733200144
3.91997841636103	2.65308194799486	4.70233296666709	6.72647388457063
3.9270637548012	2.66760544689673	4.71238602859012	6.70870984471098
3.93414909324136	2.67266154698276	4.70582058649517	6.69458557821316
3.94123443168153	2.67893926601657	4.72402968363436	6.74563349983866
3.9483197701217	2.70847877016073	4.74039858837536	6.75330439359452
3.95540510856187	2.70281792486867	4.75052068697965	6.76310705069624
3.96249044700204	2.73767996783968	4.76673099797626	6.72357486971461
3.96957578544221	2.65253612819704	4.75871948433756	6.78069888413205
3.97666112388238	2.68817115281413	4.77144561797936	6.7997427798981
3.98374646232255	2.74557598688884	4.78815327877666	6.79322065065961
3.99083180076271	2.72077589717687	4.79388866384011	6.81224865903153
3.99791713920288	2.77401356172948	4.80715905290401	6.83907622377466
4.00500247764305	2.72509298867575	4.80377136593034	6.82300518243072
4.01208781608322	2.7563932988349	4.81078065462008	6.87558978501936
4.01917315452339	2.71871529695338	4.82844633575686	6.8612312650091
4.02625849296356	2.75175910302771	4.82756980943631	6.828061248788
4.03334383140373	2.77203370346929	4.84042786762264	6.92844322552262
4.0404291698439	2.76102668024402	4.88045025400577	6.9063635312452
4.04751450828406	2.77252422235094	4.85812976460807	6.92079925138722
4.05459984672423	2.72718223688576	4.88567507622142	6.93204873976051
4.0616851851644	2.73071381074657	4.8632987781203	6.93692793194639
4.06877052360457	2.78418009172543	4.88469003003045	6.96972826010794
4.07585586204474	2.75962095648974	4.89093214980857	7.00295900966996
4.08294120048491	2.79400993310815	4.9063165759574	6.97001226117292
4.09002653892508	2.82836612692008	4.89457721651012	7.00607366262734
4.09711187736525	2.79416829639981	4.92079176756457	7.0012235639768
4.10419721580541	2.7871895912414	4.93381914944273	7.04166842813363
4.11128255424558	2.7990951497518	4.95014215440079	6.98699582732041
4.11836789268575	2.8016706059893	4.95581868849264	7.05666652785002
4.12545323112592	2.78275017234716	4.94762182245686	7.0697289918401
4.13253856956609	2.82086041248864	4.98211903793905	7.07057825951481
4.13962390800626	2.8228046677828	4.98336962100066	7.09379578160527
4.14670924644643	2.85218190551179	4.98525617399272	7.10723154349284
4.1537945848866	2.80570574631366	5.0105086362886	7.11586408771764
4.16087992332676	2.84731466365569	4.98801795495386	7.09182595548852
4.16796526176693	2.82061797841894	5.02066135615537	7.12088724165474
4.1750506002071	2.83846306598652	5.01461699024578	7.11513943425506
4.18213593864727	2.8249274848223	5.05243072908929	7.13426439579551
4.18922127708744	2.8379079475303	5.04659872128094	7.1610011606006
4.19630661552761	2.8679514284268	5.03658394427807	7.12992438437111
4.20339195396778	2.87770989470362	5.04775521657361	7.21967446530591
4.21047729240795	2.91135161422849	5.06877192462189	7.20903538799275
4.21756263084811	2.92473806790198	5.08649194427864	7.20633790497527
4.22464796928828	2.91249900829092	5.10603659025038	7.22415248277683
4.23173330772845	2.90057385905701	5.085628113369	7.21428421866259
4.23881864616862	2.90523819197398	5.11408937636352	7.24885302670376
4.24590398460879	2.89542544333852	5.11165740799127	7.24900405974916
4.25298932304896	2.89996799369244	5.12904849524526	7.26837996923897
4.26007466148913	2.84839418660806	5.1174136454067	7.2554830955309
4.26715999992929	2.92036377396391	5.13284266439408	7.26532218874588
4.27424533836946	2.94364522278507	5.16065342351316	7.31291865865809
4.28133067680963	2.89298814069841	5.17588249783766	7.29887909024849
4.2884160152498	2.91374561775498	5.17776791912359	7.35298990294948
4.29550135368997	2.95594129462116	5.16821655021285	7.3564213290812
4.30258669213014	2.9545904415856	5.17605421053625	7.38282628428249
4.30967203057031	2.96470602367273	5.20200216892854	7.37759468891701
4.31675736901048	2.9811226545652	5.21401422365687	7.39316771829966
4.32384270745064	2.9744995749968	5.22510137259576	7.4440664624518
4.33092804589081	2.9986594763693	5.23045719169491	7.4100108249035
4.33801338433098	2.95604774085457	5.22371971617906	7.45056546258981
4.34509872277115	2.98167529777102	5.25502568251543	7.42067752846073
4.35218406121132	2.96582962105853	5.23825613382128	7.44735481432298
4.35926939965149	2.98856716437254	5.26062360331739	7.47240304639926
4.36635473809166	3.01142255002759	5.2752570400963	7.47613854330414
4.37344007653183	3.03321245520324	5.28444455195629	7.46642725916582
4.380525414972	3.07272235576706	5.28593934439477	7.50186365753594
4.38761075341216	2.981535484643	5.28865886666246	7.50133691786613
4.39469609185233	2.99758114356771	5.30214269684598	7.55141682890793
4.4017814302925	2.96808776452436	5.31081161190172	7.51701703697992
4.40886676873267	3.04061506940715	5.3159806664882	7.52649001490292
4.41595210717284	2.99286222157233	5.31928118596347	7.54512564106787
4.42303744561301	3.04283056542079	5.32824068708591	7.54297005899301
4.43012278405318	3.04916143837882	5.34616688194366	7.62295701500663
4.43720812249335	3.08435037295665	5.36480416905142	7.5991319509819
4.44429346093351	3.08863001447052	5.36959021403651	7.56928348160336
4.45137879937368	3.02866911848584	5.36762399120589	7.63582806920784
4.45846413781385	3.03101844858186	5.39195830074775	7.6026621598585
4.46554947625402	3.08036281615651	5.40229566498855	7.65980010699056
4.47263481469419	3.10168824055824	5.40805489687103	7.66297370101428
4.47972015313436	3.10867995958857	5.39429973471819	7.6602138365908
4.48680549157453	3.09531741116715	5.40942602471544	7.73110045173653
4.49389083001469	3.08916192004652	5.4299386453982	7.7326947700691
4.50097616845486	3.11665048961724	5.42887367454247	7.68605709308308
4.50806150689503	3.10038748945092	5.43904782471902	7.72464784720692
4.5151468453352	3.14463320071335	5.4437631458999	7.73806384673504
4.52223218377537	3.15344120417526	5.46099721686296	7.75326072321164
4.52931752221554	3.1451098434381	5.48679358022354	7.7604216664506
4.53640286065571	3.19677977634876	5.48161460236672	7.75768425239335
4.54348819909588	3.16527570564988	5.49834481139542	7.73822001573878
4.55057353753604	3.12767613825448	5.51613313463906	7.75721923280699
4.55765887597621	3.16155992736247	5.50376051741758	7.80780273630181
4.56474421441638	3.14742751065819	5.51030211094806	7.82482737797126
4.57182955285655	3.14066938073889	5.51573890073727	7.82435404853657
4.57891489129672	3.17460724629131	5.55323982736488	7.82455851851644
4.58600022973689	3.15473268409614	5.56181810897062	7.84582268780237
4.59308556817706	3.1864112377738	5.57308234460652	7.82826538995718
4.60017090661723	3.24926415059258	5.55843031973505	7.83554435119178
4.60725624505739	3.1842508802139	5.5586025478757	7.83982576078912
4.61434158349756	3.16809847000146	5.59372888701052	7.92814833838828
4.62142692193773	3.21565279580962	5.59187819022604	7.87607985113858
4.6285122603779	3.15869883138824	5.61004628427026	7.90795584354211
4.63559759881807	3.24244985578161	5.58486144353269	7.91840271011159
4.64268293725824	3.19911380085725	5.61535078849859	7.94992413722176
4.64976827569841	3.22772399230797	5.61536073286262	7.93863319636118
4.65685361413858	3.1696895297285	5.64429496043106	7.95964680838207
4.66393895257874	3.19365153777705	5.64364964379285	8.01786692912941
4.67102429101891	3.27886465688931	5.64330611719813	7.97892798167495
4.67810962945908	3.28004064724351	5.66983781263503	8.03716033657261
4.68519496789925	3.19445366886682	5.67961640617879	7.99333910646808
4.69228030633942	3.26898582677061	5.6903410451379	8.09855034152152
4.69936564477959	3.28638105132749	5.6775955044787	8.07381281091279
4.70645098321976	3.21520249443919	5.68206117228742	8.04489657796626
4.71353632165992	3.30106199808569	5.71357889681835	8.08938034328329
4.7206216601001	3.26327046851678	5.7227093586031	8.0649777548742
4.72770699854026	3.28025182214292	5.72096347805828	8.0809082949
4.73479233698043	3.24034685369419	5.72144571763002	8.13655548537043
4.7418776754206	3.26970477371089	5.73414935180899	8.09531960362558
4.74896301386077	3.30737785743909	5.74315811086764	8.18008809770242
4.75604835230094	3.2678141422757	5.75924750064974	8.11497314400414
4.76313369074111	3.28109624515353	5.7474755483957	8.16136292892469
4.77021902918128	3.3071378088843	5.76684689635894	8.2056070879266
4.77730436762144	3.30156239026453	5.78418995684336	8.15621334997517
4.78438970606161	3.30637838375496	5.79478036600796	8.20152841782611
4.79147504450178	3.29823936296816	5.80178439847628	8.17084501876321
4.79856038294195	3.29736377841638	5.81778846650412	8.20635463279075
4.80564572138212	3.30180029564763	5.83715101896199	8.23977475810523
4.81273105982229	3.34107920610714	5.8218189889608	8.20121075515903
4.81981639826246	3.34064870536315	5.84243077560822	8.22899425746082
4.82690173670263	3.40053975096234	5.86219319617284	8.29855671433682
4.83398707514279	3.37343825283944	5.847465358585	8.30934629377794
4.84107241358296	3.37222235337401	5.8617060406555	8.3048857152552
4.84815775202313	3.36740645815809	5.86823072819648	8.3015543253116
4.8552430904633	3.30596676819398	5.88595848654382	8.33141241895988
4.86232842890347	3.3736500897436	5.87887154336361	8.38431349185191
4.86941376734364	3.37217006765268	5.9019982529872	8.34200777563549
4.87649910578381	3.3575948275079	5.90897228531117	8.31640093071464
4.88358444422398	3.46956577317468	5.90864152782287	8.36723995554423
4.89066978266414	3.39299065752461	5.92539424580167	8.3225265366947
4.89775512110431	3.38161354527522	5.95756604187185	8.36787528741969
4.90484045954448	3.4311814968766	5.94808264145491	8.3937371297464
4.91192579798465	3.4152622257837	5.96145294165386	8.44412764480532
4.91901113642482	3.42986070802428	5.9703830783099	8.43939799182333
4.92609647486499	3.44717183714577	5.97167986891947	8.4076353558393
4.93318181330516	3.42510217799215	5.98684414289074	8.47252828314381
4.94026715174532	3.42323370046352	5.99967624117862	8.43616774867422
4.94735249018549	3.46739827854876	6.02603497630741	8.45809610385497
4.95443782862566	3.42932156659326	6.02448403971012	8.50158742072461
4.96152316706583	3.43602672110666	6.01250668821971	8.5323574163827
4.968608505506	3.50153189721182	6.03081353208288	8.56687885309874
4.97569384394617	3.48400011221324	6.03536698785604	8.52520885218875
4.98277918238634	3.49585381753754	6.05427635968316	8.56704284902061
4.98986452082651	3.42708667744372	6.06443004472955	8.58687059724917
4.99694985926667	3.56528150863732	6.05123672029234	8.58295792073137
5.00403519770684	3.46335128243769	6.07992731677124	8.5181585145076
5.01112053614701	3.48266965603351	6.07866935886856	8.58707280748703
5.01820587458718	3.48036134934909	6.09979033076371	8.56508281551863
5.02529121302735	3.52127399733206	6.08820319868008	8.58331574953139
5.03237655146752	3.46969830813735	6.10730929432703	8.6184192146455
5.03946188990769	3.53081468975661	6.13114279071576	8.69453663478654
5.04654722834786	3.51798321621806	6.13152325593072	8.67113036668152
5.05363256678802	3.5290322877722	6.1335892479603	8.68020318565473
5.06071790522819	3.53987677965256	6.12340293961311	8.64751068164797
5.06780324366836	3.50945244102413	6.16315055785545	8.71231029375353
5.07488858210853	3.55565174910197	6.16228716553638	8.66509489246979
5.0819739205487	3.5754163667525	6.16718896050537	8.66360657451804
5.08905925898887	3.55440666371788	6.17614148834778	8.71351717481997
5.09614459742904	3.56510138835937	6.19683703787473	8.74584947801994
5.10322993586921	3.555683777393	6.21560620297852	8.69097618478675
5.11031527430938	3.59167380867614	6.20992953179669	8.77825389419998
5.11740061274954	3.61587375989218	6.22496540682832	8.76043474300247
5.12448595118971	3.5239398606691	6.21019162272996	8.75210122149084
5.13157128962988	3.58187958681411	6.22799171530494	8.79748393564667
5.13865662807005	3.61228613438094	6.23456762680416	8.85191268737572
5.14574196651022	3.62686684147497	6.2588232165367	8.78493362858014
5.15282730495039	3.64991307001273	6.26756629206	8.82186211290741
5.15991264339056	3.57882066312339	6.27059059962667	8.797650717323
5.16699798183073	3.62935575461464	6.28276080472382	8.88699514588052
5.17408332027089	3.62112204038093	6.31536563362527	8.83667408167129
5.18116865871106	3.62411077287753	6.30163778128153	8.89917632757605
5.18825399715123	3.60729386995206	6.31189566226875	8.86360302054248
