"mitochan"	"lwrNorm"	"medNorm"	"uprNorm"
-1.90327037354145	-3.69430398943107	-2.55469943957683	-1.4331740437167
-1.89675012620563	-3.67355883411588	-2.53441178950767	-1.37394130659676
-1.89022987886982	-3.63944292768441	-2.55237150943153	-1.42747792578822
-1.88370963153401	-3.66218359310179	-2.53088032881238	-1.41899882048694
-1.87718938419819	-3.62018084313659	-2.5316630423949	-1.43136136599747
-1.87066913686238	-3.62018709325342	-2.51631889396654	-1.41738316633684
-1.86414888952656	-3.60647107461098	-2.51011239295839	-1.41734335183777
-1.85762864219075	-3.61932301504974	-2.49183369245996	-1.42787129489993
-1.85110839485494	-3.56856477550434	-2.4891679456497	-1.40129582488373
-1.84458814751912	-3.54821678505588	-2.48006506510322	-1.42919887147573
-1.83806790018331	-3.56638842685073	-2.46147009120063	-1.36114058837762
-1.83154765284749	-3.5575774865717	-2.46371261109617	-1.36487308330638
-1.82502740551168	-3.53371895353008	-2.45428325828823	-1.34387846815531
-1.81850715817587	-3.54490360815443	-2.44596386813298	-1.37297297963169
-1.81198691084005	-3.53891977359759	-2.44503883828651	-1.32493741264835
-1.80546666350424	-3.50673417832038	-2.43248607230067	-1.34484191040173
-1.79894641616842	-3.51656699534413	-2.42349227005228	-1.36808329935259
-1.79242616883261	-3.47919342755388	-2.40564482224852	-1.34752879510496
-1.7859059214968	-3.46829564158053	-2.40366004907134	-1.30860784601177
-1.77938567416098	-3.46639408701506	-2.39184575284137	-1.33642323433158
-1.77286542682517	-3.4529623922497	-2.41293035608791	-1.30050971394978
-1.76634517948935	-3.44741598877807	-2.39121203264676	-1.27678158239226
-1.75982493215354	-3.43547392778746	-2.37149777228351	-1.31211901354411
-1.75330468481773	-3.42573149753271	-2.37282108577367	-1.31388243409824
-1.74678443748191	-3.45523731088148	-2.36177949132729	-1.31810924215237
-1.7402641901461	-3.43792186047538	-2.34465982823238	-1.31016736507381
-1.73374394281028	-3.37709948408172	-2.34187024066544	-1.25876483557516
-1.72722369547447	-3.38864374848924	-2.33922386334295	-1.26273629835624
-1.72070344813866	-3.37686735549755	-2.33413420036655	-1.2731740064968
-1.71418320080284	-3.35769200661961	-2.32094866436146	-1.29185400301402
-1.70766295346703	-3.34302572372374	-2.31518269114965	-1.25847050327285
-1.70114270613121	-3.33447452847191	-2.29164557027069	-1.26680855129016
-1.6946224587954	-3.3686439215063	-2.29412631948149	-1.29772181054668
-1.68810221145959	-3.29832501451931	-2.29076211137928	-1.27397506348121
-1.68158196412377	-3.30692224476286	-2.28524216432987	-1.27647687442181
-1.67506171678796	-3.31924385265523	-2.27027937586239	-1.23215278245703
-1.66854146945214	-3.26337758397491	-2.26562985649266	-1.2252641429541
-1.66202122211633	-3.24857390660097	-2.25459085568339	-1.23273048513941
-1.65550097478052	-3.26990103205312	-2.23921603588231	-1.20397545034974
-1.6489807274447	-3.25490326586362	-2.23478121181602	-1.24348777555259
-1.64246048010889	-3.25455735347904	-2.23960078731206	-1.18963184870467
-1.63594023277307	-3.25743420522302	-2.22612654256405	-1.22922071508372
-1.62941998543726	-3.24072276842908	-2.21541741244935	-1.18464112768241
-1.62289973810145	-3.190309054053	-2.20503371121838	-1.20233215322544
-1.61637949076563	-3.19244138864382	-2.18764467187659	-1.17270300722236
-1.60985924342982	-3.18872552975367	-2.18666308299827	-1.18559539912488
-1.603338996094	-3.16566167054524	-2.17585532280083	-1.20104257965594
-1.59681874875819	-3.17381811138267	-2.15883386330583	-1.15294375419468
-1.59029850142237	-3.16620389028549	-2.1606215719874	-1.16026567282027
-1.58377825408656	-3.11997429683006	-2.15967713880231	-1.16903842062283
-1.57725800675075	-3.14305127583652	-2.14436649791969	-1.16219055193811
-1.57073775941493	-3.12713921349057	-2.14006179972148	-1.13821641591081
-1.56421751207912	-3.11070752864743	-2.12597369854394	-1.1226359318184
-1.5576972647433	-3.10830453323138	-2.11149389764038	-1.16173174536342
-1.55117701740749	-3.08642150149411	-2.11825338599463	-1.11908576360607
-1.54465677007168	-3.08605428361219	-2.09867602982208	-1.12530428177377
-1.53813652273586	-3.05334614062347	-2.11069908911794	-1.12276311856931
-1.53161627540005	-3.03049742433285	-2.08361451689172	-1.09356117872482
-1.52509602806423	-3.05124380927955	-2.0749346040382	-1.07626694485654
-1.51857578072842	-3.05858498860869	-2.07054908950005	-1.12788539291783
-1.51205553339261	-3.04549759127854	-2.07043166858383	-1.09560111598361
-1.50553528605679	-3.02876448204386	-2.04168164749412	-1.1201984747767
-1.49901503872098	-2.99915878151833	-2.03578350662485	-1.10072055511161
-1.49249479138516	-3.00399875092213	-2.02678485096297	-1.0874682153278
-1.48597454404935	-2.97975738705826	-2.02122101146248	-1.07282109679503
-1.47945429671354	-2.96631067536451	-2.01696673370831	-1.05573017103821
-1.47293404937772	-2.94682346246103	-2.00549238595761	-1.05861263700162
-1.46641380204191	-2.94775370545733	-2.00003867305957	-1.0493962656945
-1.45989355470609	-2.95940979288863	-2.00282881478823	-1.04049374230351
-1.45337330737028	-2.95442058391098	-1.99393639399096	-1.0852808293258
-1.44685306003447	-2.89340399936787	-1.97521006354572	-1.04532574426208
-1.44033281269865	-2.92398872050677	-1.971071162797	-1.0173920032467
-1.43381256536284	-2.90239608192839	-1.9607413588486	-1.04959484973979
-1.42729231802702	-2.85590231399699	-1.95479076992951	-1.03437888148466
-1.42077207069121	-2.8818904043157	-1.9454308523804	-1.00895255559831
-1.4142518233554	-2.86934347757492	-1.95070311467434	-1.04877706611105
-1.40773157601958	-2.83765550143742	-1.93028802846341	-0.997751642768998
-1.40121132868377	-2.83338492667084	-1.9163126195446	-0.989542993111357
-1.39469108134795	-2.88433382815822	-1.91463946234895	-1.01165299485
-1.38817083401214	-2.8222314657575	-1.89707744718635	-0.997390530327161
-1.38165058667633	-2.82365153975194	-1.89689448516561	-0.976393369485378
-1.37513033934051	-2.80594104115655	-1.87226348772838	-0.990041210459723
-1.3686100920047	-2.78568831551417	-1.89111921067728	-0.943301492531042
-1.36208984466888	-2.78858267520133	-1.85485617219941	-0.954991910195886
-1.35556959733307	-2.78066513715403	-1.8635552947855	-0.934172103953448
-1.34904934999726	-2.76541497891055	-1.84940644867347	-0.970136610985476
-1.34252910266144	-2.75218167363192	-1.84752590747337	-0.947099116543033
-1.33600885532563	-2.74280183383083	-1.84647420999157	-0.919176126271254
-1.32948860798981	-2.71737024490494	-1.82022527274853	-0.945492144256593
-1.322968360654	-2.73617817022286	-1.82736373628215	-0.937670518114433
-1.31644811331819	-2.71848811865602	-1.80803636769754	-0.921458901134216
-1.30992786598237	-2.7047367922404	-1.8036675097449	-0.896519886926861
-1.30340761864656	-2.71584834437832	-1.79506817525071	-0.90085580123895
-1.29688737131074	-2.66851225121982	-1.78712428951188	-0.896357157252794
-1.29036712397493	-2.65301023369357	-1.77278544892469	-0.907481446450584
-1.28384687663911	-2.64613601601315	-1.76832978710205	-0.890669036469161
-1.2773266293033	-2.6411491223481	-1.7638302033387	-0.893064834819523
-1.27080638196749	-2.6414855205572	-1.77270988262903	-0.885544009067645
-1.26428613463167	-2.62689569651603	-1.74296294856371	-0.866198965026878
-1.25776588729586	-2.6168888929082	-1.7455718715397	-0.869153681759662
-1.25124563996004	-2.62391264878834	-1.73448477279989	-0.880217588926759
-1.24472539262423	-2.60144056827172	-1.73039557847333	-0.868116954981622
-1.23820514528842	-2.57269082696282	-1.72076772768965	-0.853002865291651
-1.2316848979526	-2.56821296909444	-1.70487456840802	-0.846926408106841
-1.22516465061679	-2.58742244742937	-1.68425620333422	-0.847897279203237
-1.21864440328097	-2.55083386198094	-1.69157747241764	-0.84104571415402
-1.21212415594516	-2.54261066493745	-1.67818883077733	-0.807529515226152
-1.20560390860935	-2.53544166895115	-1.68203339991348	-0.839804196725337
-1.19908366127353	-2.51284026136322	-1.67518901520421	-0.830393404245102
-1.19256341393772	-2.48862818190949	-1.64585865646026	-0.783694955012098
-1.1860431666019	-2.48870176936938	-1.65202381775513	-0.802908443208379
-1.17952291926609	-2.54158485940895	-1.63614132036188	-0.80485715075511
-1.17300267193028	-2.48049630874478	-1.63297419629716	-0.80307812030128
-1.16648242459446	-2.45082975117193	-1.62388674738307	-0.769099938406221
-1.15996217725865	-2.45036554738652	-1.61063355466829	-0.762874960119903
-1.15344192992283	-2.46082237714614	-1.60464149734147	-0.756461983702241
-1.14692168258702	-2.43005662718278	-1.6049499511335	-0.745833346053798
-1.14040143525121	-2.44943907737614	-1.58971933094332	-0.759549647528718
-1.13388118791539	-2.40255016547399	-1.58028056689089	-0.766018071233704
-1.12736094057958	-2.38803353863929	-1.56007899732481	-0.753547367597478
-1.12084069324376	-2.4127439504978	-1.56516717422242	-0.788811647278079
-1.11432044590795	-2.40872809291833	-1.55458357899137	-0.748076825655284
-1.10780019857214	-2.37974310693201	-1.54758235365922	-0.731733456334913
-1.10127995123632	-2.35475725931245	-1.5393964228998	-0.697392562683852
-1.09475970390051	-2.34839408380904	-1.52044473496641	-0.718995313042073
-1.08823945656469	-2.33192868656516	-1.52705350233382	-0.72678048169474
-1.08171920922888	-2.35020033676604	-1.51591132700842	-0.718445085979103
-1.07519896189307	-2.32081121802414	-1.52007078964038	-0.728169711337425
-1.06867871455725	-2.31242649752588	-1.50533043747353	-0.707907338945082
-1.06215846722144	-2.33465613902868	-1.49851824267128	-0.678746149074265
-1.05563821988562	-2.29314093820693	-1.4856517521425	-0.690446409366438
-1.04911797254981	-2.28836854515068	-1.47152471182411	-0.668128240458884
-1.042597725214	-2.27647643009658	-1.47695035706963	-0.638396868219755
-1.03607747787818	-2.26970938453968	-1.45677389903888	-0.667964728743915
-1.02955723054237	-2.23123849394454	-1.44798627160447	-0.689128579335235
-1.02303698320655	-2.26993567733673	-1.44404866484507	-0.658428427529788
-1.01651673587074	-2.23738889736633	-1.42424224376785	-0.634495800717482
-1.00999648853493	-2.24684879131921	-1.42696061790797	-0.629589401393685
-1.00347624119911	-2.21344130250779	-1.40505273968405	-0.643236906346336
-0.996955993863297	-2.21544722898984	-1.40527835167248	-0.630718725995682
-0.990435746527483	-2.18975913629612	-1.40715940814928	-0.630959058067289
-0.983915499191669	-2.18152383652982	-1.39440752138259	-0.610257675115316
-0.977395251855855	-2.17831424056801	-1.37965725027457	-0.56801263228014
-0.970875004520041	-2.18299458386621	-1.37286506023432	-0.59577638604397
-0.964354757184227	-2.13328550377024	-1.36131050061223	-0.610929808464574
-0.957834509848413	-2.16450405618757	-1.35142911609321	-0.599662120391836
-0.951314262512599	-2.16761524214277	-1.34701754493274	-0.572292911177465
-0.944794015176785	-2.12037848943455	-1.34680698276894	-0.545566060185825
-0.938273767840971	-2.12626523573782	-1.33627926402766	-0.543560853971325
-0.931753520505157	-2.12168442186461	-1.32927523705717	-0.561915233353311
-0.925233273169343	-2.04621963304623	-1.33498981870436	-0.560415877067206
-0.918713025833529	-2.10587070092352	-1.31444869572574	-0.548496633998687
-0.912192778497715	-2.06859353266685	-1.30311682418734	-0.557703427939784
-0.9056725311619	-2.09097336325234	-1.30581522308561	-0.53592959001289
-0.899152283826086	-2.06545088430748	-1.28704353572282	-0.518140227112123
-0.892632036490272	-2.0130113062686	-1.27310218116434	-0.524980373025711
-0.886111789154458	-1.997013190447	-1.26709270591869	-0.524340800801547
-0.879591541818644	-2.01102022216786	-1.26435149807502	-0.509749324262256
-0.87307129448283	-2.02979792754748	-1.2398524614317	-0.516989831508717
-0.866551047147016	-2.0105963676744	-1.24555660047929	-0.504853092411257
-0.860030799811202	-1.97157610250585	-1.23144284318632	-0.469913393001484
-0.853510552475388	-1.96785438520426	-1.23735756669956	-0.48817589064109
-0.846990305139574	-1.99519939991175	-1.2286102438167	-0.470728606485581
-0.84047005780376	-1.95788831965912	-1.20428250150686	-0.481663500858492
-0.833949810467946	-1.93699411721363	-1.19850878696422	-0.459620822397965
-0.827429563132132	-1.93336238564037	-1.18359041621639	-0.45441492844379
-0.820909315796318	-1.94283440761941	-1.18022856423259	-0.435150268445756
-0.814389068460504	-1.93000407851413	-1.17242996833006	-0.456407564137895
-0.80786882112469	-1.90721016446602	-1.15851233147624	-0.437719374576507
-0.801348573788876	-1.89448944565133	-1.15511048863901	-0.433283560545064
-0.794828326453062	-1.88643519832963	-1.15422996426134	-0.418472272178561
-0.788308079117248	-1.89695599443852	-1.14367379158221	-0.410204129108132
-0.781787831781434	-1.88344826648675	-1.13351797091965	-0.382253298904016
-0.77526758444562	-1.84574919435806	-1.12132909939349	-0.400724256851293
-0.768747337109805	-1.86789176575148	-1.11255540938033	-0.399284793613488
-0.762227089773992	-1.84513338199417	-1.10737193257017	-0.39161917866797
-0.755706842438177	-1.82515355761937	-1.11282928022396	-0.383854735323782
-0.749186595102364	-1.84133121823949	-1.09476153978172	-0.36397745632773
-0.742666347766549	-1.80507180318473	-1.09148361227272	-0.372525201128998
-0.736146100430735	-1.80849484740229	-1.07022932103205	-0.395402567645084
-0.729625853094921	-1.789706297177	-1.06939107003965	-0.333034809368767
-0.723105605759107	-1.77753906355783	-1.05433572030901	-0.372340846217894
-0.716585358423293	-1.76666957792364	-1.04598553519034	-0.362451108410713
-0.710065111087479	-1.76569223558577	-1.04382277017906	-0.324977298140692
-0.703544863751665	-1.75339688696139	-1.0308950366098	-0.334664698378367
-0.697024616415851	-1.7613583745464	-1.02456670052858	-0.310000098733062
-0.690504369080037	-1.73165066189599	-1.01252021910786	-0.313454763256879
-0.683984121744223	-1.7023958534074	-1.0153358331988	-0.30041608348441
-0.677463874408409	-1.71678575708385	-1.01023231469238	-0.283469365416309
-0.670943627072595	-1.68974744072099	-0.989728893823978	-0.29039836568262
-0.664423379736781	-1.6994001134028	-0.987745078091177	-0.285565772869334
-0.657903132400967	-1.67990072513752	-0.973265574658523	-0.282885553797036
-0.651382885065153	-1.68442547733664	-0.975693245884499	-0.258572865641419
-0.644862637729339	-1.66238478959117	-0.96609815613031	-0.270657552147771
-0.638342390393525	-1.65811008798414	-0.949928781822514	-0.2412408337789
-0.631822143057711	-1.65138026009978	-0.946307835541589	-0.269561097520389
-0.625301895721897	-1.64586675302394	-0.939874092051242	-0.259690015257272
-0.618781648386083	-1.65178117514881	-0.925270905014154	-0.242057163115013
-0.612261401050268	-1.62870137453411	-0.926633362054852	-0.240870658280488
-0.605741153714455	-1.62400699317671	-0.914411304712742	-0.193856146857592
-0.59922090637864	-1.60217432218288	-0.906046881448393	-0.231717652166258
-0.592700659042826	-1.58720337615552	-0.881592185082703	-0.183650846477722
-0.586180411707012	-1.61081007284064	-0.888322064491447	-0.198166553272494
-0.579660164371198	-1.54539350263457	-0.89083981768169	-0.201501887126495
-0.573139917035384	-1.56956819279388	-0.874741352527258	-0.205359127165573
-0.56661966969957	-1.55506194802167	-0.864411957835711	-0.180596765564111
-0.560099422363756	-1.56598919576371	-0.858625407354783	-0.167869701271316
-0.553579175027942	-1.53421878181371	-0.846048502941972	-0.185311104334129
-0.547058927692128	-1.52863807482202	-0.838528943109048	-0.18274321618914
-0.540538680356314	-1.51340703638702	-0.834279213634787	-0.140849139953782
-0.5340184330205	-1.54541896246911	-0.822417129555822	-0.128338045371129
-0.527498185684686	-1.50150869772969	-0.805420391404693	-0.145670193441259
-0.520977938348872	-1.49239941302936	-0.794217425229745	-0.113891420934376
-0.514457691013058	-1.478842305795	-0.791479939672181	-0.124943104599129
-0.507937443677244	-1.47154647240983	-0.782417235397676	-0.133316705580858
-0.50141719634143	-1.47948761882354	-0.776738237449933	-0.123154044245101
-0.494896949005616	-1.4737441710644	-0.777861652566869	-0.0919074393028588
-0.488376701669802	-1.43165767715044	-0.76336998376084	-0.0940884214739893
-0.481856454333988	-1.41685918890157	-0.757213245030292	-0.105988197195667
-0.475336206998174	-1.42449789274509	-0.735200178410462	-0.0612259365524672
-0.46881595966236	-1.41277776353813	-0.730841531782894	-0.0751288698456584
-0.462295712326546	-1.41459677028878	-0.732238254928517	-0.104915489970687
-0.455775464990732	-1.393758475372	-0.730987993341227	-0.0712756679356047
-0.449255217654917	-1.37658582974908	-0.70963165280087	-0.0665816338445736
-0.442734970319103	-1.4006509420923	-0.707392411088111	-0.0454881531972989
-0.436214722983289	-1.3927336463338	-0.702403510696202	-0.0289043111516278
-0.429694475647475	-1.38465639602921	-0.688715207297399	-0.0401333277229625
-0.423174228311661	-1.37419343522318	-0.670832499025973	-0.0431548061536416
-0.416653980975847	-1.33878916891778	-0.666605339302237	-0.0156467600629722
-0.410133733640033	-1.34582840760243	-0.666624860866155	-0.0275971854081745
-0.403613486304219	-1.30169237975679	-0.659180331922838	0.0247929584203456
-0.397093238968405	-1.32963200806877	-0.643276502728504	0.00965292191084394
-0.390572991632591	-1.30793760281743	-0.633393343555679	0.0154402817742114
-0.384052744296777	-1.29990743240533	-0.623289922654274	0.0244676560164479
-0.377532496960963	-1.27109705796174	-0.620979169145874	0.022777517191525
-0.371012249625149	-1.2964586012987	-0.612215686763836	0.0366526242942351
-0.364492002289335	-1.28744273514723	-0.6010637070831	0.0479631263270651
-0.357971754953521	-1.2686250295953	-0.588200475377975	0.0555126072024314
-0.351451507617707	-1.2519359538716	-0.584893286801653	0.0371513980604463
-0.344931260281893	-1.26404613934223	-0.579980849888024	0.0458886847491072
-0.338411012946079	-1.25363884783515	-0.570798721272223	0.0853254273044308
-0.331890765610265	-1.24465182167036	-0.563779775533739	0.0466758910974651
-0.325370518274451	-1.21678350834783	-0.55347772480959	0.0855523402559577
-0.318850270938637	-1.22711589805198	-0.550053416641818	0.0955013004907844
-0.312330023602823	-1.17354481430526	-0.545228797881062	0.0979379700109048
-0.305809776267008	-1.15959471427857	-0.525522150792605	0.108531871529975
-0.299289528931195	-1.16721860048774	-0.517698873219787	0.106954773510146
-0.29276928159538	-1.16708443411606	-0.511283674595917	0.112543028340506
-0.286249034259566	-1.16702566980792	-0.495873889947203	0.118141587886465
-0.279728786923752	-1.1411241677643	-0.49598757207085	0.126992808585605
-0.273208539587938	-1.14852263197074	-0.486948349088697	0.162609190494826
-0.266688292252124	-1.13311399980295	-0.48423805671909	0.158901381081591
-0.26016804491631	-1.11432744777047	-0.469703681157476	0.170437779787681
-0.253647797580496	-1.09919720938425	-0.460087915725852	0.179990921047495
-0.247127550244682	-1.10676843825217	-0.460297571831918	0.18032156662915
-0.240607302908868	-1.09956205111676	-0.45026368614033	0.194257561860241
-0.234087055573054	-1.0767974965355	-0.441383956659824	0.180343325333893
-0.22756680823724	-1.0826715720345	-0.422624520467868	0.213797846135118
-0.221046560901426	-1.06090181760156	-0.433647764138541	0.233713930109633
-0.214526313565612	-1.06931004823426	-0.41312569888533	0.190912745129068
-0.208006066229798	-1.03296912583891	-0.401153128642231	0.24801321383295
-0.201485818893984	-1.02126191581258	-0.394855715554004	0.23416705828546
-0.19496557155817	-1.04011783526848	-0.39759936455481	0.24292294142115
-0.188445324222356	-0.991085801693204	-0.375391814246899	0.250381665724434
-0.181925076886542	-1.05474821804365	-0.372840549149025	0.258926342793317
-0.175404829550728	-0.978255861451142	-0.37313654376532	0.269909234599885
-0.168884582214914	-0.979801322500992	-0.354582784622676	0.261217215030853
-0.1623643348791	-0.981370310467723	-0.350424858552183	0.292723523875555
-0.155844087543286	-1.01240232683505	-0.336839224550202	0.307629943420246
-0.149323840207471	-0.992794351672546	-0.329959787947654	0.30787712901778
-0.142803592871658	-0.93236567903664	-0.330907164127794	0.284024888450124
-0.136283345535843	-0.982628402813656	-0.310086764429218	0.302160321244031
-0.12976309820003	-0.954964871568566	-0.311155079626702	0.330484908580346
-0.123242850864215	-0.963343225233741	-0.309455281380772	0.322019033714538
-0.116722603528401	-0.941885517123003	-0.290013642093987	0.336349958944178
-0.110202356192587	-0.923444027762462	-0.288727340580416	0.324566392171009
-0.103682108856773	-0.886891059898152	-0.278395780872428	0.371622811414435
-0.0971618615209593	-0.90916579001605	-0.277257362304635	0.37385917385669
-0.0906416141851452	-0.893719137695258	-0.255605502540328	0.352855910433833
-0.084121366849331	-0.874958816921679	-0.249134732955669	0.384135963534069
-0.0776011195135171	-0.862859090170069	-0.235501852497359	0.398561596197196
-0.071080872177703	-0.901003629426039	-0.224066847519284	0.389761209264097
-0.0645606248418891	-0.839205658614785	-0.228802716319207	0.394015259249704
-0.0580403775060749	-0.833515338607385	-0.22740444089986	0.384084968072353
-0.0515201301702608	-0.854103783663697	-0.215504742006039	0.423436469698104
-0.0449998828344469	-0.822402013916726	-0.194369222744893	0.434129057910615
-0.0384796354986328	-0.812578206017324	-0.185064062420017	0.43755286777063
-0.0319593881628188	-0.817129880484261	-0.188017287174818	0.442933089527579
-0.0254391408270047	-0.811574084430493	-0.178141435423121	0.442633668297211
-0.0189188934911908	-0.768878097361486	-0.174339207108043	0.459400707580427
-0.0123986461553767	-0.79305613202757	-0.159710966934516	0.448234517367477
-0.00587839881956254	-0.782611331548823	-0.14302036110915	0.471137256723917
0.000641848516251375	-0.798106165255566	-0.144921017843419	0.520394596784738
0.00716209585206551	-0.779411291225403	-0.122484646303801	0.484344144749628
0.0136823431878794	-0.76760485626849	-0.124581018847018	0.509577980471331
0.0202025905236936	-0.755716546309111	-0.10987561801025	0.508934402402148
0.0267228378595077	-0.748157478783724	-0.10646646923031	0.50109504344087
0.0332430851953216	-0.755337785780528	-0.0978945470822155	0.520177747182945
0.0397633325311357	-0.716574776224546	-0.0805617465290482	0.544302356589353
0.0462835798669496	-0.734791319022968	-0.0786645329615817	0.550930471630334
0.0528038272027638	-0.706795476019891	-0.076802709732951	0.547021906416573
0.0593240745385779	-0.693339187183613	-0.0677281576867799	0.544598640444117
0.0658443218743918	-0.672182507885754	-0.0650111407551427	0.559337596415716
0.072364569210206	-0.669427445623503	-0.053377155889489	0.562939907018822
0.0788848165460199	-0.670439815044501	-0.0374796660433976	0.580300171653235
0.085405063881834	-0.663280375618226	-0.0275923897513484	0.601404772324739
0.0919253112176479	-0.648315574645491	-0.0198763744686196	0.590910432875237
0.098445558553462	-0.64366121665902	-0.0116557968845951	0.617902071264951
0.104965805889276	-0.678485775301094	-0.0104146900872535	0.603282059901185
0.11148605322509	-0.605165979774634	0.00226206501898864	0.64183272180062
0.118006300560904	-0.633456041060563	0.00318260748068553	0.645094806309006
0.124526547896718	-0.588521934321493	0.0193236438084162	0.64301922591819
0.131046795232532	-0.591825582244816	0.0273158548604343	0.649379247210709
0.137567042568346	-0.595089371088239	0.037576123916418	0.672379780762002
0.144087289904161	-0.583761645745824	0.0304897442661967	0.658227525413624
0.150607537239974	-0.590806628132124	0.0577190278301447	0.688949426058152
0.157127784575788	-0.572047362589136	0.0632518062426235	0.695491200417965
0.163648031911602	-0.564822951972585	0.0673999200445773	0.691705557532704
0.170168279247417	-0.570569831307082	0.070303567782806	0.70293089635385
0.176688526583231	-0.537145218023947	0.0857147996373807	0.72666409795564
0.183208773919044	-0.5421257623087	0.104486585867619	0.719907981974763
0.189729021254859	-0.541660654449548	0.107246217111247	0.715932050252542
0.196249268590673	-0.538023410510252	0.104003977631402	0.715225651117628
0.202769515926487	-0.519720994423554	0.123561381246321	0.754839602276757
0.209289763262301	-0.507232565743356	0.1413737196044	0.751392710612272
0.215810010598115	-0.503439852246516	0.133946575718531	0.76368383538078
0.222330257933929	-0.485173496309052	0.141634333157146	0.799385550736181
0.228850505269743	-0.495681484848305	0.161101968026171	0.777487590657561
0.235370752605557	-0.494605462153355	0.165578545290387	0.780363933905158
0.241890999941371	-0.478471232953434	0.168316164385729	0.816005713567439
0.248411247277185	-0.459739565884771	0.170178452532729	0.791247519464667
0.254931494612999	-0.488195828869567	0.187515885992221	0.819141330542831
0.261451741948813	-0.437411255270895	0.181129059936579	0.822222133210223
0.267971989284627	-0.447395375332101	0.193870061692783	0.84492155383822
0.274492236620441	-0.44126384400002	0.214015592439322	0.851622680109914
0.281012483956255	-0.434990304059669	0.214626715187518	0.867088251617645
0.287532731292069	-0.404110361957208	0.223739377882925	0.856370779785404
0.294052978627883	-0.41361616833647	0.237917659303977	0.876931678657206
0.300573225963698	-0.402030687721169	0.249602948198563	0.872752739539349
0.307093473299511	-0.378091208811278	0.254472102487605	0.924448046995025
0.313613720635325	-0.379350340870881	0.258571409961413	0.88907520358054
0.320133967971139	-0.377841732629743	0.27477902399231	0.909889867148201
0.326654215306954	-0.336518110403758	0.273974802880137	0.915260829496442
0.333174462642768	-0.387060699965342	0.283107871318819	0.913802378969215
0.339694709978581	-0.374191307291946	0.285256863708879	0.945377271368002
0.346214957314396	-0.353911458607656	0.299160950083874	0.947081939570041
0.35273520465021	-0.343476351155666	0.309531221547009	0.951295128832446
0.359255451986024	-0.328149742592445	0.310199249009669	0.961942841725935
0.365775699321838	-0.340755693371692	0.324774204677502	0.990805763417087
0.372295946657652	-0.325468502566574	0.331757547835877	0.97531737186072
0.378816193993466	-0.297863404170055	0.340011018388639	0.984408666215418
0.38533644132928	-0.322778002859355	0.345250588505609	0.981801131791356
0.391856688665094	-0.301635920082688	0.357109059919041	1.02509470477673
0.398376936000908	-0.296674227117352	0.371034055211321	1.02964133000541
0.404897183336722	-0.280452326170884	0.374277194776875	1.01244147712149
0.411417430672536	-0.27787098602163	0.383640428598369	1.05472358993163
0.41793767800835	-0.258839416584987	0.386792398914627	1.04869149311059
0.424457925344164	-0.242859327182065	0.397360284830895	1.02776099756345
0.430978172679978	-0.251393539213763	0.408390319524482	1.04785612833209
0.437498420015792	-0.214049467873443	0.420414389010205	1.10062995574535
0.444018667351606	-0.243378377960781	0.427834462276244	1.05826932838122
0.45053891468742	-0.243251880900545	0.441795073524174	1.08843694989719
0.457059162023234	-0.221326044503357	0.446717950922392	1.10392524612933
0.463579409359049	-0.221282436812371	0.445607737134927	1.10679178331841
0.470099656694862	-0.243205913141079	0.456841921290409	1.13075852902817
0.476619904030676	-0.21671446128467	0.47057729687433	1.12424528157838
0.483140151366491	-0.191180597237431	0.471687741252914	1.14188481204107
0.489660398702305	-0.173172066652139	0.479275678316396	1.17818777829845
0.496180646038119	-0.176334513584761	0.485350049664441	1.12078616145488
0.502700893373933	-0.164851247370553	0.493817796092119	1.16246956128234
0.509221140709747	-0.153571464193448	0.505905022168365	1.17420435603545
0.515741388045561	-0.167897791207308	0.52803194915139	1.17093854561522
0.522261635381375	-0.168532493485089	0.522599446774697	1.1675645745116
0.528781882717189	-0.135659788568173	0.534716756044687	1.19971677256289
0.535302130053003	-0.141804101662815	0.539473318440138	1.19952206425807
0.541822377388817	-0.152204745083506	0.547679592524846	1.21234607572279
0.548342624724631	-0.0858544131727405	0.550492217783779	1.23880841737964
0.554862872060445	-0.126542302323181	0.565894467002924	1.22136698056613
0.561383119396259	-0.117853234276389	0.585825553641668	1.2466320994591
0.567903366732073	-0.0900081482524355	0.58481571869686	1.26798846651366
0.574423614067887	-0.0766272364446822	0.59351207418124	1.26456951693183
0.580943861403701	-0.072760314145097	0.601165874122555	1.27343696375865
0.587464108739515	-0.0890604295697001	0.61515162720723	1.26233408071465
0.593984356075329	-0.0657117399505518	0.623032452967364	1.29354951725834
0.600504603411143	-0.0754234408439224	0.63183059077626	1.28600020973166
0.607024850746957	-0.05426554064312	0.634548400118854	1.32290771240768
0.613545098082771	-0.0530860283846122	0.632164594465785	1.30975539969833
0.620065345418586	-0.0395378177618837	0.64815243518673	1.35271821636404
0.626585592754399	-0.0593603838927006	0.654338838306554	1.3549890240659
0.633105840090213	-0.0139844547601677	0.66833774190762	1.35149797871781
0.639626087426028	-0.0112929437838586	0.676293405549752	1.36733099521289
0.646146334761842	-0.0331385960925829	0.685173043397961	1.35592738415733
0.652666582097656	-0.0189321908367801	0.699316159765462	1.38620133761673
0.65918682943347	-0.00237845464564103	0.696559207888896	1.40346188501902
0.665707076769284	0.0314856301464755	0.715922433972977	1.3943932881988
0.672227324105098	0.0136782151324857	0.720233712761535	1.40717116067096
0.678747571440912	0.00752210613287125	0.713100801677187	1.40400061115101
0.685267818776726	0.0426314870650978	0.738752625624266	1.4327948183459
0.69178806611254	0.0307394783762791	0.745214705284688	1.41142184355811
0.698308313448354	0.014596001083337	0.759885322396885	1.45256658759172
0.704828560784168	0.0497267092043039	0.767600956568602	1.45908405676994
0.711348808119982	0.0693228321263775	0.770255173550771	1.45210966265327
0.717869055455796	0.0907430679627237	0.769779112016552	1.45629745069601
0.72438930279161	0.0614709722937288	0.780759250902793	1.46416934187121
0.730909550127424	0.0696361800809762	0.796561952684306	1.5024846352807
0.737429797463238	0.093077014742991	0.792565320143633	1.49109411980641
0.743950044799052	0.0897292017794683	0.807454278417358	1.52510430636198
0.750470292134866	0.0762927002186425	0.815135118430323	1.51541641754551
0.75699053947068	0.0808201984734147	0.82973438069131	1.52127128706101
0.763510786806494	0.115518791178407	0.83728768150678	1.5372661570602
0.770031034142308	0.101359889577391	0.852978415919443	1.51976380959448
0.776551281478123	0.11926868161237	0.84851736162423	1.57965472186751
0.783071528813937	0.133250075543985	0.86393205262102	1.58116495336389
0.78959177614975	0.132612662849134	0.864683245247963	1.60425069703443
0.796112023485565	0.125436138369605	0.872906168496408	1.589526303599
0.802632270821379	0.151328478438563	0.886752558364868	1.58004170005192
0.809152518157193	0.158989597238136	0.878143396863527	1.61261128328658
0.815672765493006	0.185982981999511	0.900921476963107	1.6062116897152
0.822193012828821	0.152772308780604	0.908616607522898	1.63498036417541
0.828713260164635	0.175032722743997	0.916849001993676	1.66810565634225
0.835233507500449	0.174280134250884	0.934093653016579	1.63886527785484
0.841753754836263	0.154272948602462	0.94128917098002	1.64239604092985
0.848274002172077	0.171786069875853	0.942172901444503	1.69206539142397
0.854794249507891	0.172035818741328	0.949206641758056	1.67159523212399
0.861314496843705	0.219219092061628	0.968559148509864	1.67534945568134
0.867834744179519	0.185630923307696	0.968515618113366	1.70423163076151
0.874354991515333	0.234839121627901	0.975312933838467	1.72649201828841
0.880875238851147	0.236363098438844	0.985119542243708	1.67445314439222
0.887395486186961	0.222975488973656	0.99592854197003	1.71015337719781
0.893915733522775	0.21723644985083	1.01079127470741	1.71242453177881
0.900435980858589	0.229694850830211	1.00743863242601	1.75673741443146
0.906956228194403	0.235671079974228	1.03044011155198	1.76521339576342
0.913476475530217	0.265741762263395	1.02332175729282	1.7886693471197
0.919996722866031	0.254184658193465	1.02810890494641	1.7727996035839
0.926516970201845	0.266891544131851	1.03791688897423	1.80467844985715
0.93303721753766	0.281444513811452	1.04394706942943	1.77873787657055
0.939557464873474	0.26019589963355	1.06290378775133	1.80487896517818
0.946077712209287	0.281214038540326	1.07107711106048	1.79975778544483
0.952597959545102	0.272708445732472	1.06567525386988	1.81624760366111
0.959118206880916	0.295808358576259	1.09603688043999	1.82748311021425
0.96563845421673	0.300119701310659	1.08176461623177	1.81201901683173
0.972158701552544	0.284714203080526	1.10720255428273	1.86324477684893
0.978678948888358	0.312531085506025	1.10387933410694	1.84002894483488
0.985199196224172	0.344749541727076	1.11322035024738	1.89433487267276
0.991719443559986	0.328955578412727	1.12066255607647	1.88251821473234
0.9982396908958	0.351956586028651	1.1277779785321	1.89132787915502
1.00475993823161	0.324010632354266	1.1510465850133	1.89754849813211
1.01128018556743	0.346941177451476	1.1609106274843	1.91972228302265
1.01780043290324	0.388368723341112	1.17229403214233	1.9333208620629
1.02432068023906	0.334656589819463	1.16511294609723	1.94568987738958
1.03084092757487	0.389012466255306	1.17844637656742	1.92766681121291
1.03736117491068	0.352853833724586	1.1798039131727	1.95653688819791
1.0438814222465	0.370616528524849	1.200589009919	1.96892818919544
1.05040166958231	0.397611033628922	1.20120623183683	1.97292736430751
1.05692191691813	0.442016928583708	1.2160597607084	1.99377780813459
1.06344216425394	0.429454299251815	1.21217861316887	1.96647191471713
1.06996241158975	0.394670808495554	1.22282069541324	2.01321684057074
1.07648265892557	0.417692108530277	1.21036384033634	2.03187275875823
1.08300290626138	0.422538885493913	1.23454374003717	2.02368942141012
1.0895231535972	0.433816993082807	1.24327748254651	2.0012154564429
1.09604340093301	0.447504054151477	1.25706574937284	2.05669695200824
1.10256364826882	0.441763832682458	1.26585244591531	2.06717055927515
1.10908389560464	0.457566190107041	1.26842468881565	2.05178120218302
1.11560414294045	0.450212336774948	1.29316522793027	2.10185689939761
1.12212439027627	0.440149948351826	1.30401138403211	2.06861888564214
1.12864463761208	0.461658659801622	1.3107256082024	2.09888219729289
1.13516488494789	0.471561957388821	1.309511019666	2.09756550189498
1.14168513228371	0.457743147118816	1.31692334706111	2.11428106656312
1.14820537961952	0.488819431834649	1.33523825345561	2.14060588957005
1.15472562695534	0.507441199421553	1.3405194850195	2.14745329642991
1.16124587429115	0.440473682758226	1.34402905089708	2.15835590395254
1.16776612162696	0.486702175075924	1.34776940289884	2.17608515386661
1.17428636896278	0.492355128147718	1.35404190538374	2.16792574381411
1.18080661629859	0.522392255822312	1.37363484177702	2.16937021708776
1.18732686363441	0.548120171179787	1.38156120724745	2.18759599152985
1.19384711097022	0.498833399809888	1.38308635593246	2.17432877742546
1.20036735830604	0.529095689403899	1.39162389781071	2.22259210907885
1.20688760564185	0.50742486987628	1.38894103466467	2.24532249502683
1.21340785297766	0.532352688144294	1.4160537877262	2.22053725271825
1.21992810031348	0.546676130343225	1.40514040911312	2.22049350662805
1.22644834764929	0.545510454535411	1.43173220528744	2.24960572140542
1.23296859498511	0.561212291574425	1.43804308077431	2.2620952538135
1.23948884232092	0.571374843606031	1.44229352765171	2.27857325734219
1.24600908965673	0.537474413354078	1.46247219899018	2.28256044328093
1.25252933699255	0.591413746655692	1.45488216802924	2.29519445206989
1.25904958432836	0.594993371625965	1.46917675593606	2.29171069469902
1.26556983166418	0.597035486678603	1.4802736891789	2.31116459361722
1.27209007899999	0.57546906460018	1.4918945806222	2.33456126585767
1.2786103263358	0.610887577579014	1.4997960541722	2.32265341055539
1.28513057367162	0.587964819928465	1.50221135960587	2.35451471476011
1.29165082100743	0.591281884596522	1.51531377618049	2.36457442043509
1.29817106834325	0.600549572439763	1.52097691671271	2.38265914551111
1.30469131567906	0.618661248576491	1.53998283472712	2.37746685399476
1.31121156301487	0.620220033882589	1.53853125860746	2.39751976817261
1.31773181035069	0.646388436403333	1.54906932184906	2.40045055427892
1.3242520576865	0.672342305458976	1.55471888559946	2.39544396037603
1.33077230502232	0.662219307510395	1.56136999163936	2.40202941432265
1.33729255235813	0.631051295885969	1.56329808016404	2.41985786754418
1.34381279969394	0.681642434087245	1.56929403041239	2.42471557100685
1.35033304702976	0.660845741918612	1.58201534124316	2.4380795424575
1.35685329436557	0.706443917924782	1.59722577461405	2.44502436186229
1.36337354170139	0.677881262365683	1.59818337965184	2.45258575066969
1.3698937890372	0.667222929150684	1.60911166652527	2.47155623262768
1.37641403637301	0.678888895130619	1.61335512395818	2.44858991438987
1.38293428370883	0.710318576657745	1.62585203699085	2.47492074714566
1.38945453104464	0.706185356662732	1.62691952886098	2.49272810940684
1.39597477838046	0.716072333653617	1.64055292652409	2.51750001383716
1.40249502571627	0.703726380393369	1.65269938418793	2.51264639085106
1.40901527305208	0.70947574112609	1.65188693683039	2.50270136642802
1.4155355203879	0.713913334279492	1.66033276364768	2.55724947804806
1.42205576772371	0.718996638507428	1.65741538773575	2.58118263867308
1.42857601505953	0.742071255217749	1.68947969297509	2.57533838046554
1.43509626239534	0.749637462160521	1.6886744345776	2.54789796175109
1.44161650973115	0.746658421705418	1.70894600700844	2.58944780656699
1.44813675706697	0.731753963504178	1.71574232303295	2.62635351092047
1.45465700440278	0.783132651859827	1.71916309256656	2.613350891258
1.4611772517386	0.804157965066458	1.74314160880648	2.64862087902301
1.46769749907441	0.789050569077534	1.73756230177338	2.6287652302205
1.47421774641023	0.7891893697347	1.73866148662604	2.64298926584853
1.48073799374604	0.800183001969629	1.76324761051416	2.64284340319393
1.48725824108185	0.801633336419751	1.76087941752793	2.69600899341814
1.49377848841767	0.780455757388186	1.77038264290629	2.72576579746426
1.50029873575348	0.818998728573484	1.76350039165806	2.65436071438251
1.5068189830893	0.790214803873768	1.77737104378773	2.67029021843667
1.51333923042511	0.826778922858569	1.79897831069738	2.66648454709157
1.51985947776092	0.831714832415624	1.80043280220298	2.70089412073517
1.52637972509674	0.840245184447153	1.81057259809516	2.71154410565956
1.53289997243255	0.828741116305753	1.82471406343544	2.75813911902514
1.53942021976837	0.847364547257642	1.82617113335378	2.7875108411737
1.54594046710418	0.870810066276256	1.85098905986079	2.75344998521036
1.55246071443999	0.85048481496086	1.83476987748785	2.73320096161054
1.55898096177581	0.848903137993667	1.83034818996092	2.74919936859461
1.56550120911162	0.880394394822301	1.8523509420951	2.7969406030035
1.57202145644744	0.854118830513997	1.86287768615852	2.81372001953747
1.57854170378325	0.859332481267445	1.87866559275391	2.80544518402296
1.58506195111906	0.89653460806627	1.87456617687458	2.82835208440369
1.59158219845488	0.897785682089443	1.89904328531823	2.83083114402795
1.59810244579069	0.904431542916489	1.89909121696207	2.85387398142762
1.60462269312651	0.883503102660061	1.91639480868559	2.86880721763781
1.61114294046232	0.874518603197366	1.91413761198401	2.87428134839772
1.61766318779813	0.939967794347573	1.92018686236546	2.8536404100055
1.62418343513395	0.918026961636172	1.94052437530643	2.91455264427718
1.63070368246976	0.925659871295984	1.9473553358752	2.88947153701031
1.63722392980558	0.922727447012938	1.94707752974765	2.90661082228869
1.64374417714139	0.911760268368762	1.94376251178063	2.9208135065085
1.6502644244772	0.923127501085725	1.9771305501212	2.92573044807056
1.65678467181302	0.935573562771483	1.98089904761638	2.94580727487421
1.66330491914883	0.963775517514315	2.00131143104743	2.9284613867456
1.66982516648465	0.937298978756164	1.99349654202933	2.95918253009815
1.67634541382046	0.94965371981352	2.00792236728942	2.95392320804583
1.68286566115627	0.957309589190825	2.00050057294551	2.96011861492505
1.68938590849209	0.988350381142156	2.02529305769027	3.00031997396798
1.6959061558279	0.989130737121597	2.01838609914713	2.99419874093397
1.70242640316372	1.03605987714415	2.03421261737773	3.01751687212528
1.70894665049953	1.00831570061261	2.04149911439861	3.0293258394989
1.71546689783534	1.00202128387323	2.05394448984836	3.01923681322276
1.72198714517116	1.01120199205547	2.06022429446727	3.04504698179381
1.72850739250697	1.04050794900178	2.06103060742342	3.05255652953805
1.73502763984279	1.03777470010654	2.08017475544841	3.08446064730573
1.7415478871786	1.00676954253713	2.07597444971059	3.0758683976371
1.74806813451441	1.02093876062348	2.09136383659498	3.05010744441097
1.75458838185023	1.05556761814889	2.09551571517907	3.09408074427717
1.76110862918604	1.03690275414316	2.09934983102562	3.13337299254742
1.76762887652186	1.04868280899875	2.11673815219385	3.10639726068449
1.77414912385767	1.00862783299362	2.12645016181954	3.14235186208162
1.78066937119348	1.04320814658057	2.13054458762424	3.11442685842132
1.7871896185293	1.05721597851941	2.14586066375939	3.16300320542413
1.79370986586511	1.05483038446464	2.14110161086469	3.17685078806311
1.80023011320093	1.0555278503094	2.15933254359737	3.1654084389162
1.80675036053674	1.06165709405447	2.16293625387703	3.17517569275229
1.81327060787256	1.05663114733745	2.18054466752499	3.19204302017692
1.81979085520837	1.08146849138886	2.18307517155023	3.19889693724824
1.82631110254418	1.10811741995954	2.18832953625362	3.21576971664497
1.83283134988	1.08811204607553	2.1995417446244	3.22342317592884
1.83935159721581	1.10880141747701	2.2088356016675	3.21915446309311
1.84587184455163	1.11348980144111	2.21367821416979	3.26198119297187
1.85239209188744	1.09660578451531	2.21581025337662	3.21510356155628
1.85891233922325	1.12361045082014	2.23531997826835	3.30268789507064
1.86543258655907	1.11981013384915	2.25278633100959	3.2993553912963
1.87195283389488	1.14580191153711	2.2600871528256	3.29188740254842
1.8784730812307	1.17331781623585	2.26689278552129	3.31363407334663
1.88499332856651	1.16684465528455	2.25852281778378	3.31095785712809
1.89151357590232	1.14189023224286	2.2796070817054	3.33344518581773
1.89803382323814	1.15250792266705	2.28792169949318	3.31872228083514
1.90455407057395	1.11853022846485	2.29912602767001	3.35371891053149
1.91107431790977	1.17344251629798	2.30350020927962	3.40303611342695
1.91759456524558	1.14940711023192	2.31250601880042	3.35658084530984
1.92411481258139	1.16020038683007	2.33174583631023	3.38991743086119
1.93063505991721	1.17623927403283	2.30554903748094	3.43039144449552
1.93715530725302	1.20633203217299	2.34930589632188	3.38557243291163
1.94367555458884	1.20976383876494	2.34762306398403	3.39875257596926
1.95019580192465	1.1836847001619	2.34593186011285	3.44797030175635
1.95671604926046	1.18651801389684	2.36491554718193	3.4274709444057
1.96323629659628	1.16783136287903	2.37091122482811	3.4364345054853
1.96975654393209	1.20625463303607	2.39536969912836	3.4280818273731
1.97627679126791	1.21744825183995	2.3852771044348	3.46959979771881
1.98279703860372	1.22725536377036	2.40229520113309	3.45433639890327
1.98931728593953	1.24754466515269	2.40419345648135	3.48511881940813
1.99583753327535	1.21467772309154	2.41781983691841	3.50873525835141
2.00235778061116	1.23208569767318	2.42124553248977	3.49762760944469
2.00887802794698	1.26751779739028	2.42061333239076	3.51714812603772
2.01539827528279	1.25781398430708	2.4323271918992	3.50186495084428
2.0219185226186	1.27445997547011	2.44695220963602	3.53650092640207
2.02843876995442	1.25816212639303	2.4546727279142	3.53010532788892
2.03495901729023	1.23710888334946	2.44966297823637	3.56609720216025
2.04147926462605	1.26995620857692	2.47614412887921	3.52631325678175
2.04799951196186	1.26713664236888	2.48377477886603	3.58076984690262
2.05451975929767	1.26086417919339	2.48257638366949	3.59595563540403
2.06104000663349	1.34070425190421	2.4944100940337	3.59931334227161
2.0675602539693	1.31106620406857	2.49883101557657	3.6099549646444
2.07408050130512	1.3177850571228	2.49533197194215	3.62196115027039
2.08060074864093	1.31423783829243	2.51886626234437	3.61302682064956
2.08712099597674	1.32615065615154	2.51529579821273	3.64365777117919
2.09364124331256	1.28644190832935	2.53586956932366	3.61995884761296
2.10016149064837	1.35541545119538	2.54112736567159	3.6750075056254
2.10668173798419	1.32759164606852	2.5514634583452	3.71542553451745
2.11320198532	1.33246045220569	2.55531913088349	3.66772394863847
2.11972223265582	1.37733912742298	2.56816676207466	3.6615552296462
2.12624247999163	1.35538627571944	2.57422234201271	3.70209222903228
2.13276272732744	1.3647486380778	2.58858308405006	3.72522517302105
2.13928297466326	1.32981115448846	2.59446810337782	3.72433776295973
2.14580322199907	1.39877388603972	2.61105758482881	3.7587960707878
2.15232346933489	1.39035711858242	2.60668622648161	3.73613889589978
2.1588437166707	1.38550220993749	2.63020631088488	3.78148517463752
2.16536396400651	1.3633865174189	2.63622026160643	3.75727085828916
2.17188421134233	1.39468790976626	2.64122775583766	3.80765418309378
2.17840445867814	1.39327658283391	2.63590659346773	3.820575316369
2.18492470601396	1.4357209171911	2.66118085501103	3.83616692104141
2.19144495334977	1.44365375821848	2.64006724710505	3.8037957868047
2.19796520068558	1.38603324179713	2.67321462491872	3.81291477037486
2.2044854480214	1.43383516472519	2.68365752438979	3.81605820050654
2.21100569535721	1.42779567244387	2.68264562162475	3.84809840231359
2.21752594269303	1.46246011848828	2.69314385307193	3.84234557475254
2.22404619002884	1.45006068454864	2.70985779219445	3.8919707547162
2.23056643736465	1.4768322985921	2.7076695532174	3.90882840576477
2.23708668470047	1.44433351006244	2.73240323928424	3.89585816532908
2.24360693203628	1.47284132150312	2.72772152651012	3.92821086364549
2.2501271793721	1.4689324242023	2.73261372748089	3.9463483515861
2.25664742670791	1.43265126172379	2.74005890261537	3.92032934939147
2.26316767404372	1.45029671740254	2.75007920671098	3.94828591964963
2.26968792137954	1.47060568321052	2.77583584510466	3.92459980764259
2.27620816871535	1.44935547762876	2.77261962808143	3.95690282460654
2.28272841605117	1.47223472630673	2.7894734597639	3.96156172847118
2.28924866338698	1.50050974695233	2.78095645272706	3.99629594463111
2.29576891072279	1.51527984795885	2.78390009958209	3.98683036994762
2.30228915805861	1.48829482704395	2.8072733231047	3.98994984649698
2.30880940539442	1.55305900579555	2.81987513847695	4.01677380130561
2.31532965273024	1.52194152445592	2.82493263208123	4.00124258409846
2.32184990006605	1.50120098441701	2.83751424090492	4.02023660996758
2.32837014740186	1.54119222350452	2.84568331063384	4.01241128079337
2.33489039473768	1.52747437693011	2.83833017329544	4.06247361595304
2.34141064207349	1.5187443302281	2.86391468536265	4.08613641704742
2.34793088940931	1.54803474341867	2.85785863123561	4.10570183798319
2.35445113674512	1.55577401245444	2.8614810546573	4.10925888443955
2.36097138408093	1.60974802942207	2.88518205615819	4.12065420964945
2.36749163141675	1.57205569147951	2.8902381730696	4.10264039359132
2.37401187875256	1.55620456459943	2.89185044223401	4.14618929174931
2.38053212608838	1.56628439542121	2.88685265339268	4.11363846310891
2.38705237342419	1.58457759891766	2.92549166180138	4.17746101163714
2.39357262076	1.58648088415675	2.92002682373798	4.17306136880997
2.40009286809582	1.60010636013146	2.93227289898321	4.15885571044967
2.40661311543163	1.56942074828909	2.93035454368841	4.15503442398741
2.41313336276745	1.56923070289726	2.94679112511043	4.20106529419283
2.41965361010326	1.60877618758157	2.96076989091883	4.18338968544193
2.42617385743908	1.60672581764778	2.9728874002472	4.23297684381486
2.43269410477489	1.60470961608891	2.96619127087724	4.21451225407615
2.4392143521107	1.63177562640819	2.98265903233775	4.21743309041475
2.44573459944652	1.6255214363269	2.98214815190082	4.23406804894026
2.45225484678233	1.61554875275772	2.99339482036597	4.2530034030525
2.45877509411814	1.63810787260663	3.00260979199636	4.22715195730702
2.46529534145396	1.59700084148059	3.01343714481325	4.30249724363563
2.47181558878977	1.64333148169613	3.01517968671941	4.27611816382548
2.47833583612559	1.65156095436472	3.03293786259231	4.2591041609187
2.4848560834614	1.61857202793252	3.03614412722657	4.30344595431064
2.49137633079722	1.64753206780011	3.04579724808646	4.34604485659887
2.49789657813303	1.64390123581388	3.052436691082	4.31296633371701
2.50441682546884	1.69608893663642	3.06587708802213	4.35386035143029
2.51093707280466	1.72211945869359	3.06748201205864	4.3379561344988
2.51745732014047	1.67204584674474	3.07741469813852	4.3423127480175
2.52397756747629	1.66762411086547	3.09220712358214	4.36288985089496
2.5304978148121	1.6522502979041	3.11834902571538	4.39264906583039
2.53701806214791	1.68210035347906	3.09833980657755	4.3751494583827
2.54353830948373	1.70220834243109	3.11261636765677	4.4315193425749
2.55005855681954	1.70870234130165	3.12438982469759	4.41719947725894
2.55657880415536	1.7601527679115	3.13564685253909	4.45310202987816
2.56309905149117	1.72625636387575	3.13622904619017	4.44230794927809
2.56961929882698	1.75389250113319	3.1475773699215	4.46440112710692
2.5761395461628	1.76781661260672	3.15627190873448	4.47721115119359
2.58265979349861	1.71306112127732	3.15659259337968	4.4673727672959
2.58918004083443	1.71117465344312	3.18464517175157	4.49958290153803
2.59570028817024	1.74318637112102	3.19305089377165	4.50786576638761
2.60222053550605	1.73278840569923	3.21320066495433	4.50441945926993
2.60874078284187	1.72123892954844	3.1950824733003	4.49220383972852
2.61526103017768	1.79086896936698	3.20035845715692	4.53148161883256
2.6217812775135	1.77382201442102	3.21768818794028	4.53830732876935
2.62830152484931	1.75891390165306	3.21678145288365	4.52342952459069
2.63482177218512	1.78529060281631	3.23569730484933	4.57054958817777
2.64134201952094	1.77390121416788	3.24746296358109	4.58578988834573
2.64786226685675	1.78552221516976	3.25045554168046	4.62257960168349
2.65438251419257	1.79387163240201	3.26571994577347	4.5767632244643
2.66090276152838	1.82418311850685	3.2630623143549	4.67979678377441
2.66742300886419	1.82950509993414	3.27235541598875	4.63505544458995
2.67394325620001	1.82845273149204	3.27838734221515	4.64876214289638
2.68046350353582	1.85022649846376	3.29295698834568	4.64128537323261
2.68698375087164	1.86386234555666	3.2966564361191	4.65317890514979
2.69350399820745	1.85001182578901	3.29217182543172	4.66370995077551
2.70002424554327	1.87513850597094	3.31174491341106	4.69044994363685
2.70654449287908	1.81624177313133	3.32077761608341	4.66949077512027
2.71306474021489	1.87708853626034	3.34323871363639	4.70583645546044
2.71958498755071	1.8731743599365	3.34069022305606	4.75333960200355
2.72610523488652	1.92327954562215	3.35142364383183	4.71050774043662
2.73262548222234	1.87189362827523	3.35616240709621	4.70552386988503
2.73914572955815	1.90529265182971	3.3727435440544	4.76436831347212
2.74566597689396	1.87879434208434	3.3707728874034	4.7674934166529
2.75218622422978	1.88533688102307	3.38978300363582	4.76873962700104
2.75870647156559	1.88707650403126	3.39529319699147	4.74628395831622
2.76522671890141	1.89303391462875	3.40469768354906	4.7824072671301
2.77174696623722	1.86627200390427	3.41488498226858	4.8123575952226
2.77826721357303	1.92072709850272	3.42987962093592	4.81368564189236
2.78478746090885	1.93463218748162	3.42642868047263	4.78515829456783
2.79130770824466	1.87406452112789	3.42920171607391	4.86887249532523
2.79782795558048	1.91851754104709	3.45156922158808	4.83429368809116
2.80434820291629	1.88301643813263	3.45832189662013	4.86574847478342
2.8108684502521	1.88139973448339	3.45950352178833	4.83127357349615
2.81738869758792	1.92040726183444	3.46404174100008	4.8557861713171
2.82390894492373	1.90659098298464	3.48386989790528	4.86434553857989
2.83042919225955	1.9772144085424	3.48683849244133	4.89360710015505
2.83694943959536	1.95087369832265	3.50094534012938	4.907087343787
2.84346968693117	1.90596790755325	3.50439864425134	4.93617022779701
2.84998993426699	1.9430437523598	3.5070531250301	4.9354492971439
2.8565101816028	1.96146901299717	3.53017415825463	4.91001648805572
2.86303042893862	1.95774668728758	3.52813107115606	4.96927453309423
2.86955067627443	1.97226012549167	3.53004771402247	4.96351830727581
2.87607092361024	1.98809834928844	3.54167502727667	4.97706431684496
2.88259117094606	1.99263123191608	3.53751396029364	4.97884170324382
2.88911141828187	1.95759057829777	3.54589018445377	4.98717546266876
2.89563166561769	2.01243952931269	3.55298950907087	4.98710655069215
2.9021519129535	1.99560182955439	3.58597266574577	5.05447395758372
2.90867216028931	2.01097136083645	3.58113954209837	4.99671605981917
2.91519240762513	1.98908003208963	3.60118592362237	5.04071466481252
2.92171265496094	1.99926164888058	3.61422241492776	5.04352557363357
2.92823290229676	1.99815684834131	3.61964168009672	5.057208019553
2.93475314963257	2.06624423942335	3.61672441778882	5.08819018379284
2.94127339696838	2.0645376882974	3.6317408384773	5.11367353356617
2.9477936443042	2.04969926417942	3.64609552550617	5.08355523638698
2.95431389164001	2.06416669550047	3.64305361344093	5.09013414363354
2.96083413897583	2.061060668207	3.66220596407893	5.1088589483808
2.96735438631164	2.05701187511334	3.66626620999242	5.16026971870267
2.97387463364745	2.0489199678243	3.66902330796749	5.14216638950046
2.98039488098327	2.05581777301106	3.67119870550627	5.14544508024417
2.98691512831908	2.06056851441938	3.68185684094141	5.12125511235832
2.9934353756549	2.1021052394394	3.69830988338841	5.13407169338606
2.99995562299071	2.09730998188752	3.70251463588649	5.15392893507242
3.00647587032653	2.05235549908487	3.7300168060292	5.2225884517305
3.01299611766234	2.09448777132263	3.70869493154638	5.17201715876612
3.01951636499815	2.09705758014387	3.7348927901299	5.19794636539601
3.02603661233397	2.08841614447818	3.7278667635009	5.2525934976595
3.03255685966978	2.15022292516507	3.74148587708065	5.26461229795717
3.0390771070056	2.09969353003284	3.76064456345037	5.25881594501145
3.04559735434141	2.15862899895051	3.74682798065919	5.24438639534041
3.05211760167722	2.11710388161391	3.7696826456931	5.25517039188131
3.05863784901304	2.12599053443185	3.77363908962821	5.29878905255849
3.06515809634885	2.12860865555476	3.76292326711815	5.285545986028
3.07167834368467	2.10205826965031	3.80804005500679	5.301334437245
3.07819859102048	2.16970969054152	3.82207399045616	5.31614931664523
3.08471883835629	2.17711203808021	3.81852170042687	5.30741040430545
3.09123908569211	2.16417401293678	3.82109100787607	5.33902552044956
3.09775933302792	2.16316650855372	3.8301722845318	5.39409420950791
3.10427958036374	2.15561889749878	3.83211661140198	5.38146347039809
3.11079982769955	2.15505591131403	3.84760424119301	5.32968657613626
3.11732007503536	2.12980527111417	3.86656491640392	5.35204150832635
3.12384032237118	2.16189464755159	3.85389101090223	5.35771566793126
3.13036056970699	2.16449822603273	3.87895461379984	5.39084707320627
3.13688081704281	2.24320398892679	3.88269180647471	5.41421599606391
3.14340106437862	2.24564377985904	3.87410895936362	5.43319154225734
3.14992131171443	2.19641720527871	3.90381233160743	5.46475899571807
3.15644155905025	2.20551401919817	3.91446082267902	5.46264074370831
3.16296180638606	2.24646703238371	3.9063582222604	5.47715230557928
3.16948205372188	2.22031392702956	3.9246043694727	5.47621865348278
3.17600230105769	2.23757578272625	3.91988020898424	5.4927528214431
3.1825225483935	2.25365723966161	3.92971507096876	5.51243353989442
3.18904279572932	2.23951154445958	3.95744571837582	5.49526068204388
3.19556304306513	2.22841781135375	3.94553934468553	5.51133604603701
3.20208329040095	2.27513329723401	3.96876723445216	5.53218240585239
3.20860353773676	2.23611480314581	3.96196302208168	5.53154509236589
3.21512378507257	2.26269147816561	3.9706610200791	5.5418621390046
3.22164403240839	2.24448162884028	3.99801885232841	5.56898390332566
3.2281642797442	2.26039341396317	3.99059379202651	5.56980827091058
3.23468452708002	2.29039619432008	3.99849328589839	5.58674305917405
3.24120477441583	2.25559943423615	4.031667600513	5.55743428207522
3.24772502175164	2.29743025658153	4.00895011129395	5.59671515762341
3.25424526908746	2.33113095995753	4.02861612726871	5.5708609969845
3.26076551642327	2.30835450486707	4.0334692971661	5.57036585266601
3.26728576375909	2.25554890473734	4.03202352804376	5.64408599256398
3.2738060110949	2.31269765135515	4.07806167017523	5.62143469428053
3.28032625843071	2.32139812437448	4.07448230585975	5.62748130126445
3.28684650576653	2.28176513079521	4.07252050454587	5.63697827708458
3.29336675310234	2.32842392729139	4.08613987312846	5.68550026181383
3.29988700043816	2.3376329217798	4.10047373162414	5.68657697874876
3.30640724777397	2.29836503207404	4.09452856108986	5.73406825640685
3.31292749510978	2.35754022657064	4.11578619136787	5.695881903554
3.3194477424456	2.35412292669047	4.10623854394297	5.76916002249773
3.32596798978141	2.33244638996418	4.12391726430377	5.72879210453799
3.33248823711723	2.31706639296558	4.13900872943074	5.75434116977108
3.33900848445304	2.38559966191846	4.1440175739416	5.73672239091987
3.34552873178885	2.35019991520896	4.14293510170622	5.75317726156664
3.35204897912467	2.35688008945113	4.16430186870119	5.77640990400205
3.35856922646048	2.3613062259073	4.15984473098482	5.82809428352306
3.3650894737963	2.3711169520575	4.16972434106426	5.80215340029178
3.37160972113211	2.37402656459959	4.18459978184004	5.82750209640648
3.37812996846793	2.43485458933766	4.19136091592265	5.80823652704895
3.38465021580374	2.40607220444876	4.19899883265749	5.82989954119828
3.39117046313955	2.38350184726414	4.20197807398287	5.84489901870818
3.39769071047537	2.44286232188999	4.22118576860138	5.85300538512255
3.40421095781118	2.41867539424053	4.21951325011012	5.88628761926428
3.410731205147	2.44848005251805	4.21896230355006	5.88878721198236
3.41725145248281	2.44976493183151	4.23738680698589	5.92514818488457
3.42377169981862	2.41610558900906	4.24388697359746	5.88885380273436
3.43029194715444	2.46660410986603	4.24924132586055	5.89932574412169
3.43681219449025	2.44736110845267	4.25968414579596	5.91846763871172
3.44333244182607	2.42251197057995	4.27846490883571	5.97104180842677
3.44985268916188	2.45857619446926	4.28148285547542	5.95805978328783
3.45637293649769	2.47643975551328	4.28797335931146	5.9624085849297
3.46289318383351	2.46607111438471	4.29454165605682	5.94434740333328
3.46941343116932	2.50499616564326	4.32395043565186	5.98461578762407
3.47593367850514	2.49089637380573	4.31329696889989	6.01588271287372
3.48245392584095	2.44182683546345	4.31813812721438	5.98587515249129
3.48897417317676	2.49979104508731	4.33887837071962	6.04094449960462
3.49549442051258	2.50585128715042	4.33034004336732	6.01960445634473
3.50201466784839	2.5348064014396	4.3511317375849	6.0400636892858
3.50853491518421	2.5217010691427	4.35659714177042	6.06323347059616
3.51505516252002	2.54241051530063	4.37394881477323	6.04540146900181
3.52157540985583	2.54484720122919	4.3879617969517	6.05494736953127
3.52809565719165	2.49998548655248	4.38891479237214	6.06895502075176
3.53461590452746	2.50311755707566	4.38960768523984	6.11155332006181
3.54113615186328	2.57808506943716	4.37616125506833	6.13574647889421
3.54765639919909	2.5453600430191	4.40701452443838	6.11119833260273
3.5541766465349	2.55672790278449	4.42824942879018	6.09260875830369
3.56069689387072	2.56081178254153	4.43729878986758	6.12563764176439
3.56721714120653	2.55384900181582	4.4437149969375	6.13751003074405
3.57373738854235	2.55666295831656	4.44406643561244	6.17159337583439
3.58025763587816	2.56472224911681	4.44800102029606	6.2102034882287
3.58677788321397	2.5785047988135	4.44965476337111	6.18671352437071
3.59329813054979	2.5947658399337	4.47859511897176	6.26168470054781
3.5998183778856	2.55103900926753	4.47482062847707	6.2152840282626
3.60633862522142	2.6018315724181	4.46841436109474	6.26346573283946
3.61285887255723	2.61630623096711	4.49767398908511	6.24053062826241
3.61937911989304	2.57383858102741	4.48949386394832	6.23520933760284
3.62589936722886	2.62691029992233	4.50455447375021	6.24363775583718
3.63241961456467	2.60292423617291	4.51241176480945	6.27391943511124
3.63893986190049	2.65571725950501	4.52544444901979	6.26534630256893
3.6454601092363	2.60637974191474	4.52626546671754	6.28937805805984
3.65198035657212	2.64366429771415	4.52312708765021	6.31422676453043
3.65850060390793	2.65484913868874	4.54845578142879	6.29890861027074
3.66502085124374	2.64906707723413	4.55843818008217	6.27512543698402
3.67154109857956	2.67239904510686	4.56916628783351	6.34211033216895
3.67806134591537	2.62732057619519	4.5829032626083	6.30597635814366
3.68458159325119	2.65656536146689	4.60557668189704	6.34287721550928
3.691101840587	2.66227244381028	4.585361243422	6.37374666114014
3.69762208792281	2.67280013089722	4.6111217426751	6.38420343558109
3.70414233525863	2.66151174695906	4.61819181997832	6.41154727669004
3.71066258259444	2.70768582510681	4.62262308646779	6.39336662558318
3.71718282993026	2.69403836664233	4.63579026475553	6.40228734768925
3.72370307726607	2.666167066096	4.6359659289976	6.41214547567615
3.73022332460188	2.67387407115567	4.67424499335146	6.41867128119659
3.7367435719377	2.72047590198483	4.65816438090559	6.42464083463894
3.74326381927351	2.73424983869694	4.65703790481161	6.45455772393959
3.74978406660933	2.74020583654477	4.68392793018991	6.46641638939681
3.75630431394514	2.69290138698727	4.67268686429584	6.51007871469088
3.76282456128095	2.72867619049309	4.68553058243932	6.49415645683873
3.76934480861677	2.70169364548344	4.69733973095674	6.55120433882855
3.77586505595258	2.694785127321	4.70732712857486	6.46969670152959
3.7823853032884	2.73140902254712	4.72592195640864	6.50525435806238
3.78890555062421	2.70445504728174	4.7378797442445	6.53834106780388
3.79542579796002	2.72227122140748	4.72021597641948	6.55499293707569
3.80194604529584	2.75770000521489	4.73052763479905	6.56887259827817
3.80846629263165	2.7420869427903	4.74076398092351	6.57721422812556
3.81498653996747	2.71312948943653	4.74249521580489	6.61346501414949
3.82150678730328	2.76835731909302	4.76471498178627	6.54361044790416
3.82802703463909	2.79144278277204	4.75448486111904	6.61060492421722
3.83454728197491	2.80563523484806	4.78130005169777	6.62125591974533
3.84106752931072	2.81371454389456	4.79507248531585	6.64129056828685
3.84758777664654	2.77565026579106	4.796569938913	6.62158401476098
3.85410802398235	2.78073892210985	4.8100997867203	6.66388931928128
3.86062827131816	2.78728275492385	4.8085063410992	6.59879067040186
3.86714851865398	2.82582659622552	4.80801936153356	6.66089783510613
3.87366876598979	2.74885718689045	4.82489951945397	6.63333190772931
3.88018901332561	2.81330129781262	4.85353787902575	6.7069464914734
3.88670926066142	2.81907875248733	4.85423288184038	6.70867402441103
3.89322950799723	2.8469491338564	4.86798205766722	6.71279315407811
3.89974975533305	2.80881857678623	4.84445306346559	6.7132728058322
3.90627000266886	2.82134088440072	4.88919067749156	6.75073759928893
3.91279025000468	2.82753650768834	4.88781480286617	6.75147896285286
3.91931049734049	2.85058775883234	4.88973523251914	6.787613537319
3.9258307446763	2.85006026726153	4.92288654877664	6.82225216476102
3.93235099201212	2.82167295774436	4.89931162451876	6.77240305232887
3.93887123934793	2.85261461382316	4.93494526678917	6.81280341175606
3.94539148668375	2.89781763318944	4.91849071652691	6.83470415758467
3.95191173401956	2.90993392762548	4.93440358187978	6.83473732594265
3.95843198135538	2.87728992591988	4.94070860442634	6.8306932568475
3.96495222869119	2.89330991607427	4.94548006472265	6.80735283048639
3.971472476027	2.90887515684783	4.95148899520934	6.84200746557235
3.97799272336282	2.8978452551559	4.96662304690109	6.88166871083329
3.98451297069863	2.92371156317376	5.00117288893733	6.88175973668678
3.99103321803444	2.86308652266985	4.9817389588567	6.857564530608
3.99755346537026	2.9536982746938	4.98200149248013	6.90774194650744
4.00407371270607	2.92674882964709	5.01015549736347	6.93937921017372
4.01059396004189	2.91986388039774	4.99856202562598	6.92863575747474
4.0171142073777	2.94677012007305	4.99787940313053	6.97118522303207
4.02363445471352	2.93677719983938	5.02193482313232	6.95067510722312
4.03015470204933	2.92824237058427	5.02836124679368	6.97447374285227
4.03667494938514	2.89163853064767	5.05255867455808	6.97034333555375
4.04319519672096	3.00475822061915	5.05500243898902	6.95456644193463
4.04971544405677	2.91809361662121	5.0636213002497	6.94504996738578
4.05623569139258	2.9926771449917	5.06955259271678	7.02244513580038
4.0627559387284	2.95011223551967	5.0572347472573	7.01496746985912
4.06927618606421	3.05568674960895	5.09450971916023	7.0111676588407
4.07579643340003	3.00891214426098	5.090107423386	7.04144420858645
4.08231668073584	2.99552324220678	5.10040401444528	7.00503320607165
4.08883692807166	2.96334484904379	5.10750600798193	7.09839592977459
4.09535717540747	2.94974864718134	5.09788971244563	7.04117331215334
4.10187742274328	3.01623697262819	5.12747200307634	7.07204804925972
4.1083976700791	2.97440445888705	5.12425931124444	7.09132297764668
4.11491791741491	3.02214568344233	5.16789517732743	7.13036080142642
4.12143816475073	2.99264473951915	5.14306350497011	7.10201175395494
4.12795841208654	3.05494797307847	5.16774966659926	7.14022546073348
4.13447865942235	3.02360775812406	5.16121778217821	7.1722876542197
4.14099890675817	3.02608452957042	5.17833330853675	7.21371133912024
4.14751915409398	3.02122357421926	5.19297544228071	7.15104302426338
4.1540394014298	3.04138107536464	5.18670679295374	7.16412254954241
4.16055964876561	3.00188361002462	5.22006310834441	7.18836069124189
4.16707989610143	3.05393400063056	5.22504547366446	7.20987387705392
4.17360014343724	3.06463235351701	5.22974900449552	7.19706127893051
4.18012039077305	3.05666545853815	5.23369588845136	7.23909802854772
4.18664063810887	3.08470199243944	5.23520050746315	7.2499396700534
4.19316088544468	3.04648444528524	5.25179054757261	7.28194661229281
4.19968113278049	3.09432738013548	5.2390747901798	7.27705630996812
4.20620138011631	3.06389078924322	5.2637922502541	7.20973744670685
4.21272162745212	3.07964645948749	5.25794991558199	7.27653270058067
4.21924187478794	3.10759145209919	5.3059905504256	7.27279587091787
4.22576212212375	3.13218917808325	5.30537639330121	7.32628104697035
4.23228236945956	3.11355089453992	5.28953693556283	7.24880474993923
4.23880261679538	3.08585607529022	5.30542645248386	7.3467323200993
4.24532286413119	3.14958123092642	5.31553598299497	7.3138793806838
4.25184311146701	3.12754301976032	5.31838167226479	7.36208750562114
4.25836335880282	3.18789694716196	5.33005681647309	7.35886368248305
4.26488360613864	3.18839157172774	5.33467369473967	7.36585815190006
4.27140385347445	3.14315720689826	5.35567113728119	7.39021082968308
4.27792410081026	3.17989289894563	5.36842219520713	7.38302884738119
4.28444434814608	3.16980100931272	5.37366262521587	7.44256384568812
4.29096459548189	3.16474923111416	5.38354284533792	7.40985431481939
4.2974848428177	3.19078901299142	5.36502333367112	7.42518174749772
4.30400509015352	3.15710275209449	5.40042069219668	7.42192273900123
4.31052533748933	3.16112260824053	5.40374540007743	7.45954065963404
4.31704558482515	3.16846874468181	5.38070947083528	7.44102128555442
4.32356583216096	3.19996516231122	5.40591950820417	7.45524477217835
4.33008607949678	3.19017041226367	5.42431870030358	7.50096105853689
4.33660632683259	3.16594758525457	5.43220791360722	7.501304067777
4.3431265741684	3.17588053126953	5.42777492110436	7.45965156090722
4.34964682150422	3.20499373999163	5.45113783536624	7.52372025906964
4.35616706884003	3.19773567830763	5.46235036990096	7.52457621700996
4.36268731617585	3.2066220184782	5.47441284836233	7.57480963140455
4.36920756351166	3.21433751546364	5.44843075885675	7.52820103804698
4.37572781084747	3.19190380017976	5.47328640021136	7.55341602220994
4.38224805818329	3.19573906440611	5.48139961244871	7.58232566332188
4.3887683055191	3.21997649560447	5.48700781550046	7.5866026990714
4.39528855285492	3.2653490405233	5.50930904277832	7.55996022899624
4.40180880019073	3.1922664738422	5.52088542769053	7.62687843643737
4.40832904752654	3.24739551364961	5.54121280191084	7.60684967229755
4.41484929486236	3.2783163101523	5.53777918184794	7.59021874798544
4.42136954219817	3.23515728896909	5.54624075576949	7.6104036102165
4.42788978953399	3.26827147350206	5.54001534818437	7.6185387705059
4.4344100368698	3.28248968995376	5.55609687613196	7.62056051250823
4.44093028420561	3.23077431998775	5.55877275789317	7.6447685092929
4.44745053154143	3.27485461928075	5.57626757114389	7.68859681743797
4.45397077887724	3.31338125959616	5.59073456147116	7.69644894526089
4.46049102621306	3.32609547371559	5.58909376747721	7.70974706088071
4.46701127354887	3.30150378921543	5.60096877973687	7.73938173857126
4.47353152088468	3.36312719096272	5.603153930643	7.71057278144543
4.4800517682205	3.27523065297688	5.61254929028644	7.72673696576598
4.48657201555631	3.27449415892614	5.63194156731283	7.70768536029404
4.49309226289213	3.26579266376201	5.62137214738119	7.73009285251343
4.49961251022794	3.31254577064309	5.61490830289637	7.75227155559373
4.50613275756375	3.31972004269736	5.64514752852613	7.82285062170393
4.51265300489957	3.3458618422951	5.64545878509466	7.77315497163526
4.51917325223538	3.32129968938618	5.64700429654125	7.84426471575132
4.5256934995712	3.31311597368572	5.6654635159142	7.81607075196964
4.53221374690701	3.33403865779816	5.66532924333003	7.82002249162239
4.53873399424283	3.36311597698673	5.68679121123842	7.83839352420665
4.54525424157864	3.36396985398736	5.6986077732033	7.86191435356784
4.55177448891445	3.39450749748985	5.688085615679	7.88503313596509
4.55829473625027	3.42343008100722	5.72371758684918	7.89023233670171
4.56481498358608	3.33937689837448	5.73863502215584	7.93923198166419
4.57133523092189	3.40679140479431	5.72343612607905	7.89704294672924
4.57785547825771	3.43850676958443	5.72732244106939	7.89470636431817
4.58437572559352	3.44204030256296	5.75826024575769	7.90451868138534
4.59089597292934	3.42669740820727	5.75749251339499	7.87674557035574
4.59741622026515	3.44100874338472	5.76389152275553	7.90454324555503
4.60393646760097	3.41284403804571	5.78903092100217	7.98028078184085
4.61045671493678	3.46293391140417	5.77943331247551	7.9649571096227
