"mitochan"	"lwrNorm"	"medNorm"	"uprNorm"
-1.90327037354145	-2.78644311453198	-2.49170032757631	-2.18762158879894
-1.89685869040176	-2.77869365656031	-2.47918165571432	-2.16387257013773
-1.89044700726207	-2.77343152871515	-2.48069781799547	-2.1664121816969
-1.88403532412239	-2.77224036603141	-2.46302897340481	-2.1621332692633
-1.8776236409827	-2.75911675810541	-2.45452449781756	-2.16138449078635
-1.87121195784301	-2.7455507496239	-2.45289415970364	-2.16355698765834
-1.86480027470333	-2.75798154782642	-2.44324021095124	-2.14083239305826
-1.85838859156364	-2.72635542829864	-2.42760404838357	-2.12242176589593
-1.85197690842395	-2.72500923020453	-2.42347843595278	-2.11386147946073
-1.84556522528426	-2.72326783453328	-2.42426614551562	-2.10830237726077
-1.83915354214458	-2.7121673285195	-2.41489005854464	-2.09498456950102
-1.83274185900489	-2.69971816269726	-2.40504758584167	-2.10627795306325
-1.8263301758652	-2.69330980525304	-2.39876561661599	-2.09496719960381
-1.81991849272552	-2.69240753971254	-2.38340114804657	-2.07795566589157
-1.81350680958583	-2.67229949725436	-2.38060059230955	-2.07290731585108
-1.80709512644614	-2.6741960202755	-2.36899764367233	-2.06830057373252
-1.80068344330645	-2.66927458417785	-2.35528075183464	-2.03886903217804
-1.79427176016677	-2.65932170131296	-2.35148141186154	-2.06027927504221
-1.78786007702708	-2.64224197158225	-2.34698042368937	-2.04353644206092
-1.78144839388739	-2.64415720695645	-2.34323947194739	-2.04575329428435
-1.7750367107477	-2.630970383607	-2.32769780883893	-2.0233570012169
-1.76862502760802	-2.64260131074207	-2.32068013897109	-2.01327487481591
-1.76221334446833	-2.63163913490028	-2.31414009225617	-2.02567471979242
-1.75580166132864	-2.60054889086099	-2.31675944423294	-2.01145685022408
-1.74938997818896	-2.60436528484121	-2.30529859530369	-2.02092735535649
-1.74297829504927	-2.60279558564923	-2.29250468594599	-1.98989776542544
-1.73656661190958	-2.58850214217049	-2.28679801649498	-1.99120409982182
-1.73015492876989	-2.57468008353154	-2.27249594368718	-1.97185799205183
-1.72374324563021	-2.56986382388972	-2.25781935337647	-1.96252129347534
-1.71733156249052	-2.55614626419766	-2.26496877588169	-1.96221449964436
-1.71091987935083	-2.55216408108459	-2.24594373111314	-1.94587709210594
-1.70450819621115	-2.5502925517037	-2.25029857628239	-1.93980384115471
-1.69809651307146	-2.550409703933	-2.23745436373034	-1.92421440770745
-1.69168482993177	-2.5264359296018	-2.22461052376909	-1.94019226113686
-1.68527314679208	-2.53027108386047	-2.22310612975157	-1.91425766628858
-1.6788614636524	-2.51172254674075	-2.21510617747019	-1.92034010411212
-1.67244978051271	-2.51150347961497	-2.20350616350396	-1.91520249620525
-1.66603809737302	-2.48905720002699	-2.19487413197288	-1.89819921103326
-1.65962641423334	-2.5009659020219	-2.1878339192671	-1.90068893325801
-1.65321473109365	-2.47695135648696	-2.18802259090518	-1.87688135592714
-1.64680304795396	-2.48503177701161	-2.17549131093005	-1.88658043688007
-1.64039136481427	-2.45926711693023	-2.16789405605759	-1.85679480360647
-1.63397968167459	-2.4477996023863	-2.16660732119688	-1.85190150919339
-1.6275679985349	-2.45994067810585	-2.14976493355393	-1.84508371700329
-1.62115631539521	-2.41619606250477	-2.13954511057921	-1.83930090422564
-1.61474463225553	-2.4300466053322	-2.13336373162025	-1.84428374297915
-1.60833294911584	-2.41464418966042	-2.12400714216003	-1.82797218754263
-1.60192126597615	-2.42419994240692	-2.12474176022889	-1.82064165318718
-1.59550958283646	-2.41256502087312	-2.10458907428615	-1.79281117575449
-1.58909789969678	-2.4031629810101	-2.10443517833491	-1.81035670289536
-1.58268621655709	-2.41747145680891	-2.09747182617495	-1.79657005991316
-1.5762745334174	-2.39812678811636	-2.0869097722875	-1.78279400665347
-1.56986285027771	-2.36636449890652	-2.07081427468456	-1.78212994704831
-1.56345116713803	-2.37874799330301	-2.0795168704767	-1.77618955000177
-1.55703948399834	-2.36299009389922	-2.06974791552312	-1.75522894654213
-1.55062780085865	-2.36346856076111	-2.05345464951029	-1.7727816864774
-1.54421611771897	-2.34504700903129	-2.05493338229803	-1.76646982665051
-1.53780443457928	-2.32457015312821	-2.04235970990511	-1.75020691460221
-1.53139275143959	-2.34392911996063	-2.0363751282461	-1.73371514076226
-1.5249810682999	-2.31578340098326	-2.02514359153017	-1.72788482196875
-1.51856938516022	-2.30092358324295	-2.01386532519696	-1.71881095084557
-1.51215770202053	-2.29850703702493	-2.00923182908575	-1.7154325107266
-1.50574601888084	-2.30763082862353	-1.99695743018053	-1.68762194788324
-1.49933433574116	-2.2813258858298	-1.99398897680915	-1.70400750762636
-1.49292265260147	-2.28227473217938	-1.97723462381161	-1.69701070228544
-1.48651096946178	-2.28443382850272	-1.97060668452208	-1.68407808610742
-1.48009928632209	-2.25981086531358	-1.97205046283629	-1.67765527436859
-1.47368760318241	-2.26010514637174	-1.96078828104731	-1.66968604363833
-1.46727592004272	-2.25757455383274	-1.95083641235652	-1.67568238547545
-1.46086423690303	-2.24044256564375	-1.9429451392887	-1.64766942708486
-1.45445255376335	-2.22123198846843	-1.94038730176242	-1.65790232639962
-1.44804087062366	-2.21106215997567	-1.93722034230109	-1.63720301613926
-1.44162918748397	-2.23005567422483	-1.92681063827589	-1.63467130380343
-1.43521750434428	-2.19641510401063	-1.90854351592271	-1.60405326151559
-1.4288058212046	-2.20597804573355	-1.9067211043196	-1.6189713045584
-1.42239413806491	-2.19452675912304	-1.89721623846041	-1.58029892615946
-1.41598245492522	-2.18505517188733	-1.89393679030987	-1.59290718409644
-1.40957077178553	-2.18485457519444	-1.88207103271307	-1.58956940256864
-1.40315908864585	-2.18350758552598	-1.87873798777298	-1.59065946793386
-1.39674740550616	-2.14820790883162	-1.87100949833045	-1.58500933610744
-1.39033572236647	-2.14520177299261	-1.85531383879665	-1.55922332042927
-1.38392403922679	-2.12959123008796	-1.8512219276733	-1.55842452003329
-1.3775123560871	-2.12658329725502	-1.84995377681656	-1.55337990389025
-1.37110067294741	-2.12324953222845	-1.83774863986292	-1.52919630258265
-1.36468898980772	-2.12566797810507	-1.82743818250932	-1.53737765057843
-1.35827730666804	-2.10803712231287	-1.81408811182804	-1.51820496524463
-1.35186562352835	-2.0992037743412	-1.80901830181548	-1.5226759126365
-1.34545394038866	-2.0835703223114	-1.79707788521547	-1.52341087525044
-1.33904225724898	-2.09451551793952	-1.79879237710117	-1.50979693998583
-1.33263057410929	-2.08993307612626	-1.78877693995541	-1.50286621545627
-1.3262188909696	-2.07591499219876	-1.78236123328586	-1.49259135749008
-1.31980720782991	-2.05239238606376	-1.78105223525881	-1.49655925961991
-1.31339552469023	-2.05289757021053	-1.75965023390464	-1.47552606453017
-1.30698384155054	-2.05479992350972	-1.75389071513742	-1.45583441425875
-1.30057215841085	-2.03505115871147	-1.75082482247524	-1.46676179193669
-1.29416047527117	-2.03432665324916	-1.74862450432187	-1.45793493091703
-1.28774879213148	-2.0126101783513	-1.73287174414482	-1.44136371987276
-1.28133710899179	-1.99730210886184	-1.71812275515477	-1.42999154906818
-1.2749254258521	-2.00309827558107	-1.72038090012953	-1.4368197257621
-1.26851374271242	-2.00232362650298	-1.70604873701231	-1.4062231096723
-1.26210205957273	-1.98700855777525	-1.69410940433824	-1.39462292010966
-1.25569037643304	-1.97450670271771	-1.69200479238451	-1.38838261425747
-1.24927869329335	-1.97832174284329	-1.68875680511794	-1.38564342689854
-1.24286701015367	-1.97475445174492	-1.67769713917928	-1.40008239777331
-1.23645532701398	-1.95419923790121	-1.6672795558622	-1.3867364957438
-1.23004364387429	-1.95063549077172	-1.65916928725195	-1.36995396100049
-1.22363196073461	-1.93770769590287	-1.66009664827055	-1.35680486932481
-1.21722027759492	-1.93430898416563	-1.64611531780128	-1.36506840066867
-1.21080859445523	-1.92147993216008	-1.63873114218343	-1.34552630007241
-1.20439691131554	-1.91911760667573	-1.62510615411818	-1.34205554880825
-1.19798522817586	-1.91762008877049	-1.6262345155702	-1.33028180109987
-1.19157354503617	-1.90574893237009	-1.61843854978269	-1.32825063135036
-1.18516186189648	-1.89942381939868	-1.60700370622787	-1.33608722372869
-1.1787501787568	-1.8773702370059	-1.59640556746538	-1.30612985474574
-1.17233849561711	-1.8770323263774	-1.59015216435339	-1.31184298947176
-1.16592681247742	-1.86139266576723	-1.58577531675862	-1.31603865007674
-1.15951512933773	-1.87133350820311	-1.57649270009252	-1.28289690341362
-1.15310344619805	-1.85684232500397	-1.56928217470823	-1.28855891370473
-1.14669176305836	-1.83181634066992	-1.55015422190884	-1.27468629681981
-1.14028007991867	-1.83119186577124	-1.54422179289406	-1.26194327189843
-1.13386839677899	-1.83957804782385	-1.54128717718033	-1.26214594785418
-1.1274567136393	-1.82062285312147	-1.53444743229347	-1.24272549915282
-1.12104503049961	-1.81584641998985	-1.52985480553851	-1.24210002699858
-1.11463334735992	-1.79530994299542	-1.52374219813089	-1.22330914633128
-1.10822166422024	-1.81104197023478	-1.51037136207722	-1.22978168615546
-1.10180998108055	-1.78912556265042	-1.50812914898316	-1.22206587958494
-1.09539829794086	-1.78376794556172	-1.49307452621788	-1.2081678546255
-1.08898661480117	-1.77745144220239	-1.48979667342686	-1.20584442191506
-1.08257493166149	-1.78302722086393	-1.48431407032251	-1.19325126416764
-1.0761632485218	-1.75437936900024	-1.47772154985624	-1.19141082353014
-1.06975156538211	-1.74193431359816	-1.4674632016748	-1.16872808224114
-1.06333988224243	-1.7511389456104	-1.45817073105085	-1.1557110920952
-1.05692819910274	-1.74069229493781	-1.44409440536346	-1.15297906551545
-1.05051651596305	-1.74799861194526	-1.44172862905841	-1.1764032574132
-1.04410483282336	-1.71982455296467	-1.42808246209074	-1.14332168826671
-1.03769314968368	-1.70198907129012	-1.42142280502675	-1.13767794679526
-1.03128146654399	-1.68836157094445	-1.42310980408019	-1.13797572734592
-1.0248697834043	-1.68406937348323	-1.402977372641	-1.11926834190094
-1.01845810026462	-1.68988276487473	-1.3942729066284	-1.11221394053931
-1.01204641712493	-1.69426773607456	-1.39605771116872	-1.10007082878762
-1.00563473398524	-1.67359734660128	-1.38949209195655	-1.08706206839829
-0.999223050845554	-1.68044892168323	-1.37736349720017	-1.09961215100542
-0.992811367705867	-1.66059463372843	-1.36469259638268	-1.09242113629988
-0.98639968456618	-1.64501750697116	-1.36157080904245	-1.06345018754823
-0.979988001426493	-1.64544935367742	-1.35210757617311	-1.06770096889886
-0.973576318286805	-1.62468875823295	-1.34663303887442	-1.05630516387988
-0.967164635147118	-1.62025578997305	-1.33699536290349	-1.0511218252345
-0.960752952007431	-1.61282234025731	-1.33234027833564	-1.05287677187957
-0.954341268867744	-1.59026410556671	-1.32104451946279	-1.02952614478133
-0.947929585728057	-1.59598963957528	-1.31118627154622	-1.0244633259048
-0.941517902588369	-1.58820917642152	-1.30440417601302	-1.01869684393158
-0.935106219448682	-1.59031528598288	-1.30585049888437	-1.01588911697145
-0.928694536308995	-1.58563294960882	-1.29331937663414	-1.01455059191796
-0.922282853169308	-1.55342932440247	-1.28012432226305	-1.00319408729442
-0.91587117002962	-1.55453135908945	-1.27557594530665	-0.988733970263933
-0.909459486889933	-1.57177983795603	-1.26692982963699	-0.980770884179162
-0.903047803750246	-1.53470800540991	-1.25730512522948	-0.98166920809853
-0.896636120610559	-1.53833031814939	-1.26097870352994	-0.967675226557805
-0.890224437470872	-1.52885378383508	-1.23843865150301	-0.960091170180043
-0.883812754331184	-1.51293416072015	-1.23071814860775	-0.949810469250195
-0.877401071191497	-1.50161480370455	-1.22631281143769	-0.94239145864749
-0.87098938805181	-1.50351877800899	-1.2178440992955	-0.921353332759323
-0.864577704912123	-1.50586773070351	-1.21198669868286	-0.91643118798309
-0.858166021772436	-1.48436466803062	-1.20191513158893	-0.923200511939784
-0.851754338632749	-1.47339487096551	-1.19541269037426	-0.918344364824672
-0.845342655493061	-1.47868465041586	-1.18518581335047	-0.906166260045292
-0.838930972353374	-1.4578744973098	-1.18003117884721	-0.897020073663908
-0.832519289213687	-1.47098314827791	-1.17666831342716	-0.882464934580373
-0.826107606074	-1.45558407840559	-1.16645504485893	-0.883684877233881
-0.819695922934313	-1.44804613960604	-1.15821186096877	-0.889323863374212
-0.813284239794625	-1.43817769655241	-1.14949832131945	-0.866147665158508
-0.806872556654938	-1.40071226830125	-1.14148910328929	-0.87004107339163
-0.800460873515251	-1.42878904011075	-1.13508142765319	-0.854631795912145
-0.794049190375564	-1.39773405517013	-1.12806333095714	-0.849795342934244
-0.787637507235877	-1.40549349459051	-1.12098169706237	-0.823256960397733
-0.781225824096189	-1.3954283515996	-1.11244088907825	-0.830880375937923
-0.774814140956502	-1.37023142394081	-1.10588895230288	-0.809542875010505
-0.768402457816815	-1.36338175685782	-1.09574749226367	-0.82151517288722
-0.761990774677128	-1.35913317315982	-1.09120402412905	-0.805041738973148
-0.75557909153744	-1.36377076668776	-1.08149297349454	-0.803390313006632
-0.749167408397753	-1.35209236563304	-1.07185356556973	-0.791416754225976
-0.742755725258066	-1.34515631927979	-1.06616073954628	-0.784281925054535
-0.736344042118379	-1.33628878303724	-1.05301945499984	-0.773272745633398
-0.729932358978692	-1.32472843377768	-1.04499131147122	-0.760152444209024
-0.723520675839005	-1.32159847453403	-1.0323272558339	-0.748683419419529
-0.717108992699317	-1.33145862896039	-1.02879927124405	-0.738121316763205
-0.71069730955963	-1.30690409495625	-1.02873294515641	-0.748101766764184
-0.704285626419943	-1.28416030625816	-1.02029672410814	-0.736584303981025
-0.697873943280256	-1.29455645043833	-1.00818317421314	-0.731806366717741
-0.691462260140569	-1.28343814118723	-0.996083428053074	-0.705423453141863
-0.685050577000881	-1.27220643912514	-0.99512335446779	-0.719289155306808
-0.678638893861194	-1.26408951583307	-0.985788995655481	-0.703015615843316
-0.672227210721507	-1.2584168578684	-0.98016390984821	-0.68352751094488
-0.66581552758182	-1.27270780547647	-0.971778821217887	-0.683055748736361
-0.659403844442133	-1.23079066661999	-0.955554679948396	-0.663713161031622
-0.652992161302445	-1.23117074261692	-0.955475803359759	-0.689923610212487
-0.646580478162758	-1.22622620331741	-0.940801378577443	-0.66708113390908
-0.640168795023071	-1.20945012354792	-0.941715903030026	-0.657593637417047
-0.633757111883384	-1.2199677002415	-0.93068246816521	-0.647085359167259
-0.627345428743697	-1.18712023474302	-0.917746497391531	-0.629780883382417
-0.620933745604009	-1.18246820517011	-0.910939969769815	-0.619097542212326
-0.614522062464322	-1.19886534550678	-0.904554315515914	-0.618895716633698
-0.608110379324635	-1.1851722959599	-0.897397654389881	-0.618600019479816
-0.601698696184948	-1.15555807517412	-0.885353875395898	-0.612198557008515
-0.595287013045261	-1.15918483235756	-0.880462170932645	-0.614027949034833
-0.588875329905574	-1.15091869795406	-0.872383903863318	-0.597844452393706
-0.582463646765886	-1.13861177748948	-0.859090800652152	-0.580957222049501
-0.576051963626199	-1.14268438509078	-0.858915295377416	-0.582208746480613
-0.569640280486512	-1.14468723291869	-0.849355635587388	-0.578167943110185
-0.563228597346825	-1.1283307583941	-0.83605889566123	-0.561422653918006
-0.556816914207138	-1.11721508136026	-0.827595159614176	-0.547646828704571
-0.55040523106745	-1.11171590580037	-0.82579347130012	-0.537617182477262
-0.543993547927763	-1.10116294716621	-0.817807321213401	-0.556904557516815
-0.537581864788076	-1.08868412104171	-0.810027776210638	-0.529527468952897
-0.531170181648389	-1.07583054970211	-0.798566597851066	-0.517007107660729
-0.524758498508701	-1.06996153343824	-0.800946740931798	-0.5276755972534
-0.518346815369014	-1.07102584010846	-0.791448550645831	-0.501788880324271
-0.511935132229327	-1.06790094158853	-0.775648976637342	-0.505871248018142
-0.50552344908964	-1.0588669494736	-0.7761811314946	-0.497686523023795
-0.499111765949953	-1.02539927143491	-0.769369472037948	-0.493647056165232
-0.492700082810265	-1.02971495258905	-0.747284457613318	-0.482977284579397
-0.486288399670578	-1.02640261249064	-0.75045751747048	-0.475733181875887
-0.479876716530891	-1.02036078938878	-0.739129990483484	-0.458074969087283
-0.473465033391204	-0.997118025018602	-0.733255789994478	-0.446964913351353
-0.467053350251517	-0.992472720080759	-0.725551325368346	-0.44670961435593
-0.46064166711183	-0.978364010721267	-0.711165425671681	-0.436504557595046
-0.454229983972142	-0.983572967216743	-0.704137526923017	-0.436987886462465
-0.447818300832455	-0.988616507613287	-0.701222776190261	-0.415912039410276
-0.441406617692768	-0.961399854638385	-0.686610412493606	-0.405928186857599
-0.434994934553081	-0.96733093581261	-0.683476430403543	-0.411562228308758
-0.428583251413394	-0.933576915765446	-0.677014822335164	-0.393829979498269
-0.422171568273706	-0.94936534708627	-0.666684298708302	-0.377143806500113
-0.415759885134019	-0.938852840509813	-0.655965195659666	-0.374917043950672
-0.409348201994332	-0.921183191639318	-0.648891085196071	-0.37181367667812
-0.402936518854645	-0.918800177947663	-0.643266237350004	-0.383972894875928
-0.396524835714958	-0.90442056796372	-0.633964760333248	-0.366511654822249
-0.39011315257527	-0.907496487537489	-0.631567270846657	-0.366252688080534
-0.383701469435583	-0.889844637590802	-0.620164534042479	-0.342763641520002
-0.377289786295896	-0.898528786305465	-0.611004027375361	-0.334663710258238
-0.370878103156209	-0.875879744833424	-0.597426421318056	-0.326384949372248
-0.364466420016522	-0.880255429006055	-0.599918571273235	-0.329811387083723
-0.358054736876834	-0.875292411238657	-0.594091106913685	-0.318850192726078
-0.351643053737147	-0.86272249060943	-0.587470789353257	-0.312172389191742
-0.34523137059746	-0.845774594834632	-0.569768614478281	-0.286771866274393
-0.338819687457773	-0.836602651263051	-0.566380648648461	-0.297458361653024
-0.332408004318085	-0.841299515583866	-0.560556380613267	-0.280284732590115
-0.325996321178398	-0.823166740319989	-0.548129394459712	-0.290424360142148
-0.319584638038711	-0.805835276865389	-0.538901952347612	-0.263090731110321
-0.313172954899024	-0.822533722986137	-0.533733708824258	-0.261194731145559
-0.306761271759337	-0.806525425203014	-0.528984893982592	-0.258113038594979
-0.30034958861965	-0.777014332201227	-0.518852111403591	-0.255493760879313
-0.293937905479962	-0.777345869368757	-0.513348598796757	-0.230974367431046
-0.287526222340275	-0.766277641228244	-0.509640031558002	-0.244313910559243
-0.281114539200588	-0.769852790834722	-0.499383537392055	-0.201806736985087
-0.274702856060901	-0.767179580963661	-0.492309033623324	-0.212958310488081
-0.268291172921214	-0.748485589437884	-0.476474720832087	-0.210220151136131
-0.261879489781526	-0.744013227440279	-0.475323439226595	-0.189610560836428
-0.255467806641839	-0.739488951510239	-0.467167603704916	-0.191918818987947
-0.249056123502152	-0.747855367125871	-0.459361945107226	-0.177098149258148
-0.242644440362465	-0.729035945875299	-0.446267085569882	-0.179240708566689
-0.236232757222778	-0.7051922182075	-0.446431383066389	-0.16060555544695
-0.22982107408309	-0.711736225324067	-0.428413168349748	-0.158390758265959
-0.223409390943403	-0.707159905285644	-0.428722103968296	-0.160723861697186
-0.216997707803716	-0.695092166544837	-0.425015758828281	-0.142533302223551
-0.210586024664029	-0.682555329820096	-0.407917583512544	-0.126588168827301
-0.204174341524342	-0.678629978755944	-0.395510429340354	-0.134087847202724
-0.197762658384654	-0.657620082463128	-0.393052709279763	-0.125932040201202
-0.191350975244967	-0.663563183081181	-0.382055597341379	-0.100648349260869
-0.18493929210528	-0.644929128664115	-0.383202336451571	-0.113815654784254
-0.178527608965593	-0.645097223458284	-0.372187504715974	-0.101517339048797
-0.172115925825906	-0.631209865810836	-0.361642698600664	-0.101254604333072
-0.165704242686219	-0.62571829318014	-0.352689156237154	-0.083958640346845
-0.159292559546531	-0.610815102807445	-0.34949360168066	-0.0807685146631863
-0.152880876406844	-0.610800177690247	-0.341968777040145	-0.0691709257004195
-0.146469193267157	-0.606162163362922	-0.324288900130985	-0.0622686017048496
-0.14005751012747	-0.590795495323591	-0.321738825921274	-0.061226623143596
-0.133645826987782	-0.573224398095801	-0.316876107654251	-0.0536071090529599
-0.127234143848095	-0.585036495758243	-0.309429560664824	-0.035781560096862
-0.120822460708408	-0.563498880487568	-0.3020093311863	-0.0202246938137778
-0.114410777568721	-0.560588696911369	-0.29383063127048	-0.0210752803443521
-0.107999094429034	-0.561925094426238	-0.291552626079518	-0.0174541383350113
-0.101587411289346	-0.533295028717928	-0.278645551976258	-0.00555112096912509
-0.0951757281496592	-0.540983237885108	-0.266184780240823	0.00533397221591911
-0.088764045009972	-0.532361626284027	-0.260359388750021	0.0270379826867043
-0.0823523618702848	-0.528743725863645	-0.252686262080964	0.0149150908180892
-0.0759406787305976	-0.52504033179882	-0.23992904518492	0.0301873554164907
-0.0695289955909104	-0.503296654281478	-0.22997519830481	0.0378905053805098
-0.0631173124512232	-0.5019853015035	-0.231385209521777	0.0442317087272155
-0.0567056293115362	-0.489940152160634	-0.220314422598295	0.0432778409569692
-0.050293946171849	-0.470598062144912	-0.207831483833128	0.0584035782329713
-0.0438822630321618	-0.463828797755382	-0.201860995712564	0.0623459828251932
-0.0374705798924746	-0.479640692946931	-0.196992030455476	0.0613995306626369
-0.0310588967527874	-0.445899671511867	-0.18893082904882	0.0906079305731978
-0.0246472136131002	-0.445741333045288	-0.176793162769196	0.095231841936661
-0.018235530473413	-0.45637525812906	-0.175388256418144	0.115227522024684
-0.0118238473337258	-0.433290802368946	-0.165581466264379	0.0991817093956872
-0.00541216419403856	-0.430648036820595	-0.158737825356096	0.11378198482576
0.000999518945648648	-0.408675618486155	-0.148355847430407	0.124308193405946
0.00741120208533586	-0.404585823202419	-0.146451119245662	0.121478536559597
0.0138228852250231	-0.408677410143789	-0.127826123161613	0.147973687374138
0.0202345683647103	-0.396123138325477	-0.130745633700656	0.144373808187687
0.0266462515043975	-0.382110567211498	-0.118929260383824	0.172068479513636
0.0330579346440847	-0.376796455820952	-0.105982062266554	0.156952151083942
0.0394696177837719	-0.3866858559736	-0.101927836226792	0.155594002909896
0.0458813009234591	-0.372568134110864	-0.0881776344800588	0.162547682788365
0.0522929840631463	-0.36142852303844	-0.0878843622831051	0.185552395337332
0.0587046672028335	-0.354897370351093	-0.0789078538439705	0.191068352105706
0.0651163503425207	-0.329640010619949	-0.065621254545424	0.200669401276266
0.0715280334822079	-0.322102423826376	-0.066292226447986	0.203527927581309
0.0779397166218951	-0.319019339920039	-0.0542096928721242	0.214935059311049
0.0843513997615821	-0.328650166516763	-0.048739886735717	0.215752273456461
0.0907630829012693	-0.311283618600228	-0.0363264531623638	0.220245010073196
0.0971747660409568	-0.29157009531038	-0.0361613208728857	0.232006995981217
0.103586449180644	-0.300094787555976	-0.0250749768939631	0.250151874862591
0.109998132320331	-0.290291665193698	-0.0196710238135284	0.251968169580771
0.116409815460018	-0.277675670999686	-0.0105123778844882	0.25927677432226
0.122821498599706	-0.272432405411241	-0.00297051462987622	0.270382257049781
0.129233181739393	-0.264207039650023	0.00923920997177036	0.272023789423305
0.13564486487908	-0.250425927524353	0.0187913061425359	0.290928114502524
0.142056548018767	-0.244134066385626	0.0346356016367991	0.288622094498475
0.148468231158454	-0.248999396580029	0.0291454164831649	0.2906942497962
0.154879914298141	-0.225252403664376	0.0406185323512867	0.319122534284561
0.161291597437828	-0.23147482236592	0.0479673274072966	0.321764588797553
0.167703280577516	-0.203707871375194	0.0566061489446894	0.316868052114237
0.174114963717203	-0.206444119885814	0.0650765090492325	0.339137066554734
0.18052664685689	-0.199927894173578	0.0674977746241081	0.337216289083036
0.186938329996577	-0.193876917339732	0.081672259099478	0.350120600661881
0.193350013136265	-0.187521054231047	0.0877524739812747	0.346738831300544
0.199761696275952	-0.17266712932459	0.0963229008782357	0.375506810121384
0.206173379415639	-0.157398421251968	0.105738074715393	0.370666768525252
0.212585062555326	-0.130525015015884	0.114541849434101	0.376490949016543
0.218996745695013	-0.142144836750609	0.122175611675992	0.392154578672372
0.2254084288347	-0.143815357671399	0.124158498071783	0.389809427171154
0.231820111974388	-0.140464207475609	0.129264483460825	0.420813861256858
0.238231795114075	-0.113277543255005	0.144495037802437	0.39509412600842
0.244643478253762	-0.108434116696364	0.149950850553669	0.406672491984183
0.251055161393449	-0.102457551101409	0.156144769168786	0.42773618532835
0.257466844533137	-0.111136833984543	0.168150454131675	0.432123162423788
0.263878527672824	-0.096595763249019	0.171069197567519	0.440966176294314
0.270290210812511	-0.082608397108629	0.183866896187138	0.442486452214554
0.276701893952198	-0.07187592148428	0.186672130550288	0.447073870415929
0.283113577091886	-0.0757610871991463	0.201315508492188	0.459344108332438
0.289525260231573	-0.0585102438915216	0.210537935876437	0.486200317544338
0.29593694337126	-0.046482860763315	0.21499742229742	0.481968164816189
0.302348626510947	-0.0365651508827532	0.220777900572459	0.490965999388868
0.308760309650634	-0.0453257783607056	0.227519752440419	0.498164126775849
0.315171992790321	-0.0270785478155389	0.233585099484651	0.497409309494823
0.321583675930008	-0.0174854343409211	0.247253309866749	0.510291106593349
0.327995359069696	-0.0138336369763794	0.240739445677509	0.521595971659452
0.334407042209383	0.00065130987789551	0.260294240387546	0.53299639456096
0.34081872534907	-0.00729817560103697	0.266693569078522	0.527879899958374
0.347230408488757	0.0107227801667987	0.277651007941397	0.551277337908532
0.353642091628445	0.0241736840409822	0.286514261186744	0.556080193818026
0.360053774768132	0.0214779344684853	0.291802786881134	0.56216201760399
0.366465457907819	0.0417115340666428	0.29816939850948	0.575631655712387
0.372877141047506	0.0573850273111428	0.311434202160302	0.586664947185096
0.379288824187193	0.0500106691319358	0.313185636599344	0.591885614648223
0.38570050732688	0.0434923339393424	0.313915054361731	0.586376886286343
0.392112190466568	0.0589318105126746	0.329346862344682	0.601407735587966
0.398523873606255	0.0817634008238717	0.341801544672752	0.590590382029129
0.404935556745942	0.0907901289411078	0.347810944823401	0.611505226457198
0.411347239885629	0.0942708888465101	0.358474038255487	0.636338116307007
0.417758923025317	0.088522708349899	0.358965735116945	0.626897503323791
0.424170606165004	0.106890461088222	0.373243830675537	0.641252689387774
0.430582289304691	0.108246618963565	0.382773556736475	0.647301066423491
0.436993972444378	0.12020622586542	0.394681940413131	0.653891594639749
0.443405655584065	0.152570141349958	0.393012190668216	0.653501057581902
0.449817338723753	0.146493076954281	0.402687136445408	0.668565766769741
0.45622902186344	0.142998012526969	0.408901377899078	0.683617075456403
0.462640705003127	0.153170059395194	0.422049132352147	0.675740351626944
0.469052388142814	0.175363665820134	0.430176407147163	0.681052544630962
0.475464071282501	0.161008673063009	0.432138485572759	0.70042086094818
0.481875754422188	0.177465768104134	0.443868591317643	0.727731083588138
0.488287437561876	0.18220958056911	0.446462254866655	0.707453182229767
0.494699120701563	0.202120323985182	0.457719484591841	0.72481547510665
0.50111080384125	0.220114700302933	0.462390552493903	0.726034316126166
0.507522486980937	0.198318136611388	0.463513544091052	0.729313939283993
0.513934170120625	0.227721737423088	0.479200330850752	0.740571262676942
0.520345853260312	0.227129404562004	0.487924182562147	0.765492732290894
0.526757536399999	0.22374880476932	0.502775357336747	0.766168563503511
0.533169219539686	0.233507273824771	0.50138301496768	0.770892547190254
0.539580902679373	0.251464472402681	0.507733016296981	0.783774116625042
0.54599258581906	0.267098755367236	0.519731990688572	0.790257910261631
0.552404268958748	0.259156974112981	0.528244461471337	0.800538799475487
0.558815952098435	0.272015940566907	0.544679129995315	0.804395055614724
0.565227635238122	0.267456634671066	0.544966437445251	0.820818378353234
0.571639318377809	0.30122573011517	0.556937762262083	0.821459972829079
0.578051001517496	0.296619571255103	0.555034717107387	0.81654850364621
0.584462684657184	0.305604163953477	0.580609959926422	0.831994797984091
0.590874367796871	0.311432524645007	0.582849565997863	0.836593943226172
0.597286050936558	0.311040349671084	0.59067558655778	0.846967491494692
0.603697734076245	0.32567347315888	0.600767552855881	0.864623547427757
0.610109417215932	0.33013848255797	0.596097018573863	0.867039814372827
0.61652110035562	0.323702964085682	0.601460899521913	0.883018323486141
0.622932783495307	0.34874011225596	0.60782872393916	0.886517589201456
0.629344466634994	0.372685621677864	0.62455970473278	0.894576388576528
0.635756149774681	0.382593949700683	0.637152914521957	0.898139318081384
0.642167832914368	0.374223738437073	0.637674870048066	0.902531861598427
0.648579516054056	0.38363252416403	0.646969434939011	0.919701243216026
0.654991199193743	0.379547571703218	0.656922440412846	0.926622403487481
0.66140288233343	0.390710523977639	0.660931566571054	0.913822215924899
0.667814565473117	0.400351956829075	0.669592527458462	0.92721245190994
0.674226248612805	0.395933530088905	0.678517212770801	0.943323547183657
0.680637931752492	0.416386739954257	0.687397372430481	0.950585960674016
0.687049614892179	0.42929835091866	0.689056444583939	0.960326119389486
0.693461298031866	0.439947882208432	0.710399371007673	0.969380826736818
0.699872981171553	0.438798003258988	0.709292488302115	0.982614900725566
0.70628466431124	0.462217596935621	0.719793761369277	0.977344832666176
0.712696347450927	0.455228689031486	0.719564898612073	0.987146283190835
0.719108030590615	0.482167108258794	0.7321828197571	0.999957110403204
0.725519713730302	0.486914135325356	0.738601395032503	1.01558629648304
0.731931396869989	0.498931340177261	0.754547836697628	1.0137083385042
0.738343080009676	0.500257206021186	0.757248653886944	1.01799836309701
0.744754763149364	0.49887633720587	0.763813506875108	1.04338821183569
0.751166446289051	0.511286826034475	0.769569781707411	1.01927105640955
0.757578129428738	0.51874869767415	0.77981105520818	1.04405714352073
0.763989812568425	0.523399201473882	0.788904806327563	1.06098993365159
0.770401495708112	0.540944026959372	0.799518523986445	1.0620991813683
0.776813178847799	0.536818235711001	0.804527900986907	1.05378666595438
0.783224861987487	0.54104156354004	0.811822136360904	1.07243080168373
0.789636545127174	0.547636539180411	0.82041140475373	1.08170420888654
0.796048228266861	0.560568532930936	0.827504858769245	1.10797671155819
0.802459911406548	0.576372545533321	0.840489076317623	1.1047030647532
0.808871594546236	0.586042101333449	0.839671136528699	1.10111764892301
0.815283277685923	0.574759385061513	0.847519726075429	1.10523562586776
0.82169496082561	0.59617853752629	0.856121496067167	1.12997674543888
0.828106643965297	0.595846770915424	0.868048678298856	1.14272970732744
0.834518327104984	0.619359327686446	0.877516048994983	1.12684618295393
0.840930010244672	0.619171224578986	0.883069345636839	1.16120613549917
0.847341693384358	0.627080278004792	0.884506966580686	1.15681483008596
0.853753376524046	0.642831366135256	0.904966886949179	1.16372442024734
0.860165059663733	0.642761145523869	0.911557054925988	1.16453740073985
0.86657674280342	0.645981897353297	0.912162012584928	1.18419500641847
0.872988425943107	0.661620831222787	0.919514299261139	1.17266060489284
0.879400109082795	0.675260572253534	0.929790172205677	1.20093767112585
0.885811792222482	0.680589472016652	0.940752442144761	1.20355813165712
0.892223475362169	0.681497734188352	0.945041362994621	1.20608934495596
0.898635158501856	0.703666153579008	0.959327335995005	1.21890089406027
0.905046841641544	0.70312793127506	0.963767652351299	1.22821739830378
0.911458524781231	0.702336463237009	0.967490279395498	1.23065251748424
0.917870207920918	0.720308789428194	0.974433748662338	1.23514267719896
0.924281891060605	0.725432928639328	0.984812312976481	1.23348128627909
0.930693574200292	0.724775104153577	0.991754301284359	1.27533596451494
0.937105257339979	0.741299062156211	1.00379375833738	1.25943476548857
0.943516940479667	0.74833788072877	1.0132727536411	1.2773719113569
0.949928623619354	0.761801927967078	1.01578189644922	1.2822969987678
0.956340306759041	0.761476926588254	1.02866245783218	1.28906745912375
0.962751989898728	0.780949922780684	1.03238500697038	1.29565453084897
0.969163673038416	0.781012632729723	1.03987879387717	1.30303059251237
0.975575356178103	0.793742225779174	1.04776044699114	1.30479398730281
0.98198703931779	0.789243304976276	1.05312704852046	1.32347060616543
0.988398722457477	0.806238467783727	1.06264012765655	1.34629667037094
0.994810405597164	0.819666576807507	1.07122378371575	1.32567679443217
1.00122208873685	0.817654613136414	1.08605478547857	1.32621421290851
1.00763377187654	0.819356025484148	1.08872982268951	1.35268152520195
1.01404545501623	0.836168066466612	1.09857791527981	1.35383195400527
1.02045713815591	0.84313068912962	1.10622399391373	1.37062250609847
1.0268688212956	0.839481392904207	1.11177169539289	1.37822341782769
1.03328050443529	0.862029360777129	1.11854422004957	1.38577134178109
1.03969218757497	0.866521173353213	1.12766693571082	1.38745666187684
1.04610387071466	0.870401798659691	1.1344066197475	1.39940969597196
1.05251555385435	0.875312653703522	1.14873468310394	1.41210267271592
1.05892723699404	0.886189524735284	1.15003777597883	1.4069430381527
1.06533892013372	0.900513729741779	1.1557294776276	1.40991898334199
1.07175060327341	0.892047079369085	1.16716003673173	1.42625250351997
1.0781622864131	0.906817036668513	1.17468107460341	1.44369433877153
1.08457396955278	0.935683094726557	1.17998234911351	1.4362931861982
1.09098565269247	0.943188649931793	1.19793369988837	1.44445643169969
1.09739733583216	0.94133902863228	1.19883554722116	1.45250171980382
1.10380901897185	0.940128232157567	1.20579057866195	1.47977232735642
1.11022070211153	0.966391172024324	1.20927938744203	1.47239714699798
1.11663238525122	0.978267137495155	1.22397353364295	1.4938978632643
1.12304406839091	0.962828385954701	1.22809749875401	1.47265476795716
1.1294557515306	0.97041255313609	1.23516353331786	1.51316485662661
1.13586743467028	0.984225422678187	1.24263468134062	1.49540621280735
1.14227911780997	0.977432462977663	1.25219215406902	1.51021038320193
1.14869080094966	0.999212607214308	1.25590317516846	1.51569574504552
1.15510248408934	1.01401077899311	1.27041192539494	1.52769156770607
1.16151416722903	1.02181203624245	1.27847815770623	1.54501765385734
1.16792585036872	1.02336805905876	1.28666731144525	1.54587512955896
1.17433753350841	1.0248997781364	1.29154314896503	1.54500584508967
1.18074921664809	1.03544523016551	1.30269788461784	1.54984900562396
1.18716089978778	1.04462000585523	1.30867066829877	1.57701934506906
1.19357258292747	1.05507263332685	1.31653081903003	1.5931943482614
1.19998426606715	1.06194101527448	1.32641267027589	1.58125406660924
1.20639594920684	1.06722733485163	1.32749286266402	1.5959556479358
1.21280763234653	1.06863089029546	1.33806261937364	1.58867461573343
1.21921931548622	1.09571972363226	1.35389771254029	1.62098686426293
1.2256309986259	1.09113959741118	1.35351236531237	1.60721089789155
1.23204268176559	1.10095872844992	1.36680941356895	1.62667255479893
1.23845436490528	1.10887056915565	1.36633934104918	1.62627717670947
1.24486604804496	1.1225145587382	1.38079895304733	1.63257098477117
1.25127773118465	1.12793473599206	1.3862817920078	1.64518399465444
1.25768941432434	1.14735992706678	1.39869316477586	1.65671796173832
1.26410109746403	1.14158659650374	1.40099901924269	1.66668602296362
1.27051278060371	1.15369299746373	1.40909476630327	1.67799677905948
1.2769244637434	1.16289141749676	1.42452715336699	1.68958349407808
1.28333614688309	1.15432623399375	1.42760687483107	1.69266190098488
1.28974783002278	1.16953575418271	1.43467830811842	1.68245508683237
1.29615951316246	1.17660528566839	1.4359618840451	1.69495801479339
1.30257119630215	1.18258537409462	1.44976184008077	1.70822479482497
1.30898287944184	1.197424236297	1.46040254811865	1.72272420567671
1.31539456258152	1.21065439679921	1.46446614200331	1.72115610878945
1.32180624572121	1.21744718229585	1.47518641592677	1.73984987393866
1.3282179288609	1.21195077165006	1.48165932369032	1.7399515896247
1.33462961200059	1.22748079653457	1.4898307160789	1.74324406512978
1.34104129514027	1.23112060632256	1.50172304770643	1.75754001354097
1.34745297827996	1.24547051352053	1.5115777338455	1.76825271608682
1.35386466141965	1.25738159926732	1.52059080115084	1.77096726309006
1.36027634455933	1.26698827225432	1.52282175099699	1.78452864875607
1.36668802769902	1.27308020364943	1.53265426351233	1.78513518919287
1.37309971083871	1.28887076887913	1.53901016565937	1.80844448678343
1.3795113939784	1.28546678744665	1.54390113385675	1.80629139105044
1.38592307711808	1.2996151867533	1.55196322822152	1.81279723875131
1.39233476025777	1.30826106874301	1.56265697364908	1.82535363001688
1.39874644339746	1.3173256827697	1.56637126696432	1.83859255224683
1.40515812653714	1.31759034332598	1.5755232029558	1.84686360676946
1.41156980967683	1.33189706507164	1.58408487931733	1.86040063034266
1.41798149281652	1.33205753509562	1.59379706548848	1.85758537828899
1.42439317595621	1.33205377053867	1.60509130009194	1.84669860305333
1.43080485909589	1.34575856106415	1.60867470810773	1.86253355539196
1.43721654223558	1.35660109723198	1.6200884493268	1.8767158512102
1.44362822537527	1.3636474268298	1.61808254767714	1.86629795707917
1.45003990851496	1.37034778105949	1.63053095779488	1.89401521310128
1.45645159165464	1.37624035573857	1.64168951351617	1.88875115545975
1.46286327479433	1.39052520588825	1.6507784405004	1.9017415034268
1.46927495793402	1.38142706944482	1.64992657538043	1.91216947150955
1.4756866410737	1.40855952428383	1.66008066445995	1.90722641694323
1.48209832421339	1.41554351648715	1.67063930691115	1.93080326753962
1.48851000735308	1.4258438258036	1.68337704400532	1.94051330076125
1.49492169049277	1.42807720221262	1.68883956164132	1.93574536703359
1.50133337363245	1.43894961900022	1.69995521177382	1.96968166872658
1.50774505677214	1.43782665524339	1.7013042779934	1.95513857608656
1.51415673991183	1.44998811894908	1.70727351828199	1.95702082688194
1.52056842305151	1.46023168028977	1.71324902178309	1.96112837922341
1.5269801061912	1.46722691301582	1.72517466065571	1.98377493250693
1.53339178933089	1.4905549219075	1.73071269017033	1.99361326491342
1.53980347247058	1.48106053281464	1.74228047584499	2.00127133130376
1.54621515561026	1.49713213526801	1.75200027863107	2.00203132292021
1.55262683874995	1.50370992194257	1.75364097884671	2.01611798461804
1.55903852188964	1.50545102909913	1.76185327679577	2.03255201989537
1.56545020502932	1.52008135773294	1.77599628439016	2.0411980293217
1.57186188816901	1.51919064875328	1.78361324559071	2.03752460863557
1.5782735713087	1.53165642999916	1.78951659935966	2.03805822574773
1.58468525444839	1.53899784392865	1.7914793838558	2.06153450302861
1.59109693758807	1.5430644099794	1.80636675114988	2.06052900060287
1.59750862072776	1.55449796451509	1.81060102274788	2.06019118679744
1.60392030386745	1.56879026269702	1.82563556400261	2.07674782260138
1.61033198700714	1.56112308550275	1.81766219791746	2.07947108800485
1.61674367014682	1.57866955022541	1.83531690818977	2.10074008109241
1.62315535328651	1.57383370692743	1.8470884071394	2.10192972537277
1.6295670364262	1.58537360142435	1.85003697384939	2.10890513929563
1.63597871956588	1.6091566880564	1.86567518911949	2.11568826681708
1.64239040270557	1.60712768636525	1.87179549643717	2.13161961405842
1.64880208584526	1.63317976188783	1.87843577328958	2.12519077942235
1.65521376898495	1.60976456168243	1.88642840965029	2.14393314299885
1.66162545212463	1.6435184367673	1.89949095185928	2.15241371261787
1.66803713526432	1.63807356775353	1.89875903217075	2.16633803600591
1.67444881840401	1.6406279539628	1.90480588851111	2.1789462575871
1.68086050154369	1.65161231775499	1.91468624264041	2.16891425856709
1.68727218468338	1.66880612959514	1.92127699319451	2.17833097230793
1.69368386782307	1.67922568045592	1.92536181131048	2.19167588619388
1.70009555096276	1.67999003780265	1.9417072904196	2.20774220587569
1.70650723410244	1.68788649499753	1.94700453226696	2.20877269788047
1.71291891724213	1.70004748824673	1.94934803385774	2.20621701403724
1.71933060038182	1.71680615492653	1.96862330089118	2.2301186030341
1.7257422835215	1.71399477246415	1.96805809006015	2.22953680812835
1.73215396666119	1.70429161369275	1.97715813673581	2.24091395562678
1.73856564980088	1.72576550905789	1.98767314733024	2.25166136975436
1.74497733294057	1.72952121346018	1.99238143485164	2.25246573691433
1.75138901608025	1.74651000636898	2.00783985425348	2.27856059551905
1.75780069921994	1.75239107859903	2.01461498171493	2.25834928834779
1.76421238235963	1.74484601243984	2.01504261881444	2.26451109369495
1.77062406549932	1.78134364312171	2.02687868748844	2.2850288082071
1.777035748639	1.77129203183555	2.03347498276281	2.28351069548137
1.78344743177869	1.78103627829805	2.04093988266227	2.29679728946231
1.78985911491838	1.78567796652007	2.04338621939762	2.28797800366
1.79627079805806	1.8081062059473	2.0619828076018	2.32133587689595
1.80268248119775	1.79668463815111	2.06823276180029	2.32255965686518
1.80909416433744	1.8164115172023	2.0721237404655	2.3319844169912
1.81550584747713	1.82370177406079	2.07626146341832	2.32638918156912
1.82191753061681	1.82701153376705	2.09452782849108	2.35165787463964
1.8283292137565	1.84362739115359	2.09462014628658	2.37007691022868
1.83474089689619	1.83976086469977	2.1088249977158	2.36475218109844
1.84115258003587	1.85726707921984	2.10929505978617	2.38259164668372
1.84756426317556	1.84698475411056	2.11992399181632	2.39790000538151
1.85397594631525	1.87105338078509	2.12431083279877	2.38892671664316
1.86038762945494	1.86254717857559	2.13445101877091	2.38605420499024
1.86679931259462	1.89831101339272	2.15014066217987	2.40464656997616
1.87321099573431	1.8768571639388	2.14947478096519	2.4122221713187
1.879622678874	1.8925693540448	2.16057763425302	2.41690248408711
1.88603436201368	1.90657080976754	2.1672314336698	2.44327587953819
1.89244604515337	1.91504186887484	2.169561511526	2.43474114053057
1.89885772829306	1.91641859809257	2.18582411627521	2.43703792841367
1.90526941143275	1.93672505085413	2.19503432741922	2.45938717435469
1.91168109457243	1.93711212203634	2.20089459213214	2.45133817385549
1.91809277771212	1.95749668235441	2.20524368180731	2.46287526607817
1.92450446085181	1.94338754327117	2.21355692962263	2.48427399342925
1.9309161439915	1.96587749827018	2.22323006880489	2.48074125412726
1.93732782713118	1.96564321605441	2.22064049041975	2.49134174780168
1.94373951027087	1.9680287790125	2.23588029413538	2.50739757828512
1.95015119341056	1.99523698067911	2.24704750855675	2.50063722105047
1.95656287655024	1.9942072895074	2.25072298289782	2.50161525479376
1.96297455968993	1.98800152678864	2.2572639564438	2.51948364337815
1.96938624282962	2.01874079149215	2.27304142142627	2.5323645132662
1.97579792596931	2.02605479457492	2.27771115309461	2.5289088297267
1.98220960910899	2.02712734128611	2.28994269847227	2.54905017515598
1.98862129224868	2.03401467034524	2.29302742446628	2.55100322195084
1.99503297538837	2.04800666361589	2.30004002027115	2.5655094996655
2.00144465852805	2.05129258116543	2.31117883842668	2.56963104456251
2.00785634166774	2.05999651681783	2.32020796450804	2.57286927565904
2.01426802480743	2.06468510123694	2.32275543419314	2.57955997145103
2.02067970794712	2.06191644990959	2.33246085286797	2.59074707113049
2.0270913910868	2.08391479132638	2.34387753998955	2.58839558779581
2.03350307422649	2.09009062349969	2.35049179531039	2.60677818739699
2.03991475736618	2.1050230185295	2.35498193281932	2.6100275182321
2.04632644050586	2.10558702390902	2.36184674777738	2.62814356839603
2.05273812364555	2.10940244950702	2.37170306169358	2.63393560694897
2.05914980678524	2.11790998269595	2.38274507885455	2.63352790966553
2.06556148992493	2.11237312428511	2.3867545011632	2.67692108640848
2.07197317306461	2.11930870702242	2.39329860563472	2.64663683177549
2.0783848562043	2.13925581112237	2.39758261043044	2.65920074901059
2.08479653934399	2.15464591504585	2.41607262161197	2.67109442611208
2.09120822248367	2.16191879846923	2.42287059841511	2.67112004613614
2.09761990562336	2.17339234722609	2.42175177226776	2.68175132184352
2.10403158876305	2.1612958602294	2.44099149396784	2.70611441788772
2.11044327190274	2.18151470200411	2.43975402804903	2.70262488834869
2.11685495504242	2.18785656879539	2.45088439435813	2.7016418374224
2.12326663818211	2.19901417309653	2.46094998644545	2.71991613184176
2.1296783213218	2.20787411527946	2.46836556289448	2.7246452324466
2.13609000446149	2.21859443918347	2.47328104276684	2.72890697095189
2.14250168760117	2.2277093480856	2.47930021881582	2.74752671623384
2.14891337074086	2.24966124221849	2.49420928874297	2.7684816896655
2.15532505388055	2.23327990909648	2.49576077761627	2.75845208157302
2.16173673702023	2.23777442513902	2.50865351737488	2.75763818762242
2.16814842015992	2.24045614975772	2.51154714399182	2.76983141088654
2.17456010329961	2.25109128792535	2.52155043591892	2.78267366208574
2.1809717864393	2.27118429011281	2.53281153434984	2.78755726630945
2.18738346957898	2.28382714328405	2.54018575084457	2.79972137844058
2.19379515271867	2.27658372976341	2.54544044020036	2.8127039761365
2.20020683585836	2.29384641194557	2.55139895602875	2.80635484986165
2.20661851899804	2.29946167266072	2.5614555784486	2.82107912354204
2.21303020213773	2.30501365673092	2.56319298789473	2.83670890104688
2.21944188527742	2.30911917010888	2.57539419027369	2.83489957396664
2.22585356841711	2.3227058113144	2.57901403963223	2.84563699810046
2.23226525155679	2.31760077569132	2.59051292837906	2.8457393057517
2.23867693469648	2.3315481447346	2.60230601219182	2.85412535985446
2.24508861783617	2.35205138709855	2.60515757262465	2.85885446071414
2.25150030097585	2.36534187740291	2.61797436709628	2.87224975060146
2.25791198411554	2.36011315722177	2.6218700946531	2.8826721253772
2.26432366725523	2.38323380288327	2.63756190480452	2.89266871557905
2.27073535039492	2.37499924542034	2.64018892682199	2.89532171714918
2.2771470335346	2.39462091955281	2.64996189714252	2.90213879888997
2.28355871667429	2.380008443308	2.65434004751623	2.91761224248369
2.28997039981398	2.40529150573508	2.66527081504573	2.92305538889467
2.29638208295367	2.41480956353039	2.67619617013795	2.93255708807062
2.30279376609335	2.42445011034533	2.6874464333885	2.94456833620147
2.30920544923304	2.43325631064256	2.6877031314344	2.94553670930287
2.31561713237273	2.44425081926667	2.69597655692834	2.95257090385461
2.32202881551241	2.46340609020225	2.70616606050112	2.98667091603142
2.3284404986521	2.44734784839987	2.71649152851586	2.98138935024318
2.33485218179179	2.44306424489936	2.72357184354519	2.97274926714054
2.34126386493148	2.47292513635957	2.72795158218582	2.99195290225423
2.34767554807116	2.48034930512091	2.73463226932953	2.99052003966165
2.35408723121085	2.48805399703373	2.74024565045504	3.01015535791757
2.36049891435054	2.49307211874712	2.75639724225524	3.00379646142699
2.36691059749022	2.5091447124317	2.75344803308587	3.02618617429074
2.37332228062991	2.50182547409287	2.77138348789751	3.03463150163594
2.3797339637696	2.50570090138772	2.77893296141821	3.03344947053465
2.38614564690929	2.5149989326441	2.78049645239704	3.04508443420522
2.39255733004897	2.52443109710114	2.7894329173183	3.05840170390832
2.39896901318866	2.53670596792892	2.79502962604868	3.06015388488201
2.40538069632835	2.55290087398635	2.80942451952635	3.06773954620116
2.41179237946803	2.55591808403587	2.80882809458935	3.06924422914631
2.41820406260772	2.54758554157428	2.82101918871314	3.07003176792901
2.42461574574741	2.57293944508157	2.83192509007114	3.09324900315004
2.4310274288871	2.56275215918069	2.83351942190719	3.10397416516146
2.43743911202678	2.57512922631957	2.84616901382148	3.102918897942
2.44385079516647	2.59912232923678	2.85853950249825	3.10719474272
2.45026247830616	2.58340928757681	2.85677359278784	3.11482177962639
2.45667416144585	2.60841213305469	2.86967279700688	3.13545790426597
2.46308584458553	2.60985049382949	2.87374103476244	3.15508505350923
2.46949752772522	2.60240361872788	2.8741727810867	3.13890770969747
2.47590921086491	2.64015793099201	2.88875821700265	3.15855810618304
2.48232089400459	2.63458845273935	2.89647659424275	3.16285702372295
2.48873257714428	2.64620416625833	2.9097222424324	3.17620640743613
2.49514426028397	2.63936736290984	2.91733094648977	3.19131816606
2.50155594342366	2.6686336082182	2.91695031228873	3.17246578593234
2.50796762656334	2.65730925233599	2.93069468802794	3.1870980132371
2.51437930970303	2.67515877749503	2.93900788587755	3.21342631362373
2.52079099284272	2.66811219452472	2.94070695087357	3.21542065809403
2.5272026759824	2.69292890683612	2.956720664426	3.21831785789119
2.53361435912209	2.70119419480306	2.96661392273654	3.22384559337075
2.54002604226178	2.71637238771847	2.96745528981692	3.23765506722251
2.54643772540147	2.72574100976004	2.9806937764021	3.23747580336346
2.55284940854115	2.71787927154821	2.98809759663386	3.25111996314266
2.55926109168084	2.7255118886999	2.9914224608903	3.25578706911868
2.56567277482053	2.74663030079247	3.00158069415878	3.26272575735291
2.57208445796021	2.74986589376894	3.01539360229365	3.27027080762612
2.5784961410999	2.74649819546485	3.01048107205306	3.26864629870565
2.58490782423959	2.76797562335093	3.02248627272446	3.28703599277947
2.59131950737928	2.77489686114417	3.03309362858014	3.29788470390908
2.59773119051896	2.78599360850352	3.04276689031685	3.30530330993479
2.60414287365865	2.77206615518936	3.05213395169621	3.31713755823317
2.61055455679834	2.80358690954101	3.05527317622944	3.32064924390224
2.61696623993803	2.7944109485479	3.067658561865	3.31697785819512
2.62337792307771	2.80273738136377	3.07586807170597	3.34651184644571
2.6297896062174	2.82917877609834	3.08163732217384	3.35366952176285
2.63620128935709	2.8242257624976	3.09056557001631	3.3521692300242
2.64261297249677	2.84393937165652	3.10079159629705	3.35998937896934
2.64902465563646	2.83646817951689	3.1107950945234	3.37317593628728
2.65543633877615	2.85484947005264	3.11383052684285	3.37173382412243
2.66184802191584	2.8584843662718	3.12268610600414	3.39329616229078
2.66825970505552	2.88696826897236	3.13437613860078	3.39643942683128
2.67467138819521	2.87210047285797	3.13429580707412	3.39594402814053
2.6810830713349	2.88460415008842	3.14386256557466	3.42009359902398
2.68749475447458	2.89119872686453	3.1497132448119	3.41028743483883
2.69390643761427	2.88923537220158	3.15739390920041	3.42202101409847
2.70031812075396	2.8943064682603	3.16687476598629	3.42951956274552
2.70672980389365	2.91132855587502	3.17715628919741	3.4328549807056
2.71314148703333	2.91937741164157	3.18247128105404	3.45835413801769
2.71955317017302	2.93117675709314	3.19488404769425	3.46883726076229
2.72596485331271	2.93990088383223	3.19931726096062	3.4679946097244
2.73237653645239	2.94935137624623	3.20827596778347	3.47078013787563
2.73878821959208	2.95583467731428	3.20967401251002	3.47871854974277
2.74519990273177	2.96714438387456	3.22651446497572	3.48585669440808
2.75161158587146	2.96557019665658	3.23021494006465	3.49255347627286
2.75802326901114	2.97036620587103	3.23682526548802	3.50055297441468
2.76443495215083	2.98418333284891	3.24161278556194	3.51458648377598
2.77084663529052	2.98391982579382	3.25555510321599	3.51464825366113
2.7772583184302	2.99291914321228	3.26303400038807	3.52805941584337
2.78367000156989	3.00878432009456	3.26547275913568	3.53456161266057
2.79008168470958	3.02346330378099	3.28094086634825	3.53851176287201
2.79649336784927	3.02345699297492	3.27850479377838	3.55508448525967
2.80290505098895	3.03383357940624	3.29833450614762	3.56701838651488
2.80931673412864	3.03974181649811	3.30259056602584	3.57165556857532
2.81572841726833	3.02509080904746	3.31668717545887	3.58541624026421
2.82214010040802	3.04581194275773	3.32000410084632	3.57965397538944
2.8285517835477	3.06211931395932	3.32804405560141	3.60022347367582
2.83496346668739	3.06222843901823	3.33581701653651	3.60028020612974
2.84137514982708	3.07459851798086	3.34135227408373	3.59561144337767
2.84778683296676	3.089109155699	3.34568147113543	3.60977611069975
2.85419851610645	3.10376567545241	3.35164663978498	3.62297832673451
2.86061019924614	3.10949673204643	3.36502701118566	3.63855671831483
2.86702188238583	3.11614316220376	3.37775286454714	3.63294261530117
2.87343356552551	3.10976072998915	3.3908978758422	3.64855866900458
2.8798452486652	3.12939674021223	3.389189589873	3.64522822960669
2.88625693180489	3.13217087993531	3.39515501765633	3.65862070815362
2.89266861494457	3.1282013020856	3.4029134963502	3.67670151173594
2.89908029808426	3.15748339479307	3.41363821219261	3.67955755892759
2.90549198122395	3.15979206786948	3.41520220954004	3.69079201561569
2.91190366436364	3.16819986632947	3.42532105064932	3.69232327336492
2.91831534750332	3.15982245658131	3.43184822077433	3.71200459638212
2.92472703064301	3.18529389178043	3.44092169357189	3.7236495629364
2.9311387137827	3.19472002562736	3.46014673644756	3.72459199586423
2.93755039692239	3.18242178968277	3.46151545425541	3.71344935043249
2.94396208006207	3.19775992342989	3.46594442476232	3.71638443428041
2.95037376320176	3.21589969405452	3.46927608260488	3.72538086874006
2.95678544634145	3.2209683296655	3.48506376622331	3.75518284012427
2.96319712948113	3.22061064602541	3.49595991028579	3.74627042229975
2.96960881262082	3.24319658469942	3.50169243958229	3.75699410349651
2.97602049576051	3.22686553942466	3.50196829801568	3.79224559381183
2.9824321789002	3.23751971952511	3.51333448884616	3.76975567310279
2.98884386203988	3.25747215360797	3.52074521175979	3.77718036883939
2.99525554517957	3.27886827795816	3.53017529217369	3.78406298151128
3.00166722831926	3.28273753771204	3.54347307770646	3.80126314096817
3.00807891145894	3.28632120775833	3.54167391500285	3.81426891915189
3.01449059459863	3.28621393229085	3.54993508486145	3.82272315862825
3.02090227773832	3.29818584199586	3.56227296566587	3.82714899951442
3.02731396087801	3.29583038571632	3.57155755253955	3.82623770558935
3.03372564401769	3.30110306382363	3.58068553648298	3.84899929617157
3.04013732715738	3.32338929587242	3.58614839297917	3.83475684364227
3.04654901029707	3.31867995895079	3.59083973049243	3.85880201174856
3.05296069343675	3.33864736353696	3.60175659364181	3.87881950098983
3.05937237657644	3.35027586756111	3.6041230546425	3.86950905432544
3.06578405971613	3.35753656753653	3.62492586053818	3.88985803292461
3.07219574285582	3.37173122903393	3.62806073391637	3.90031116010393
3.0786074259955	3.36848982947759	3.6312949348245	3.90393810003685
3.08501910913519	3.37859009705565	3.64227422864945	3.91561647895255
3.09143079227488	3.37620889041353	3.64443467058916	3.91864963745499
3.09784247541457	3.39339736983808	3.65888338384003	3.92699734590976
3.10425415855425	3.40741831634133	3.66594107506915	3.94213645302367
3.11066584169394	3.39922993144326	3.67458951203128	3.94685604330946
3.11707752483363	3.41128727993519	3.67194729448138	3.95784153782777
3.12348920797331	3.39864077240789	3.68387369875236	3.93885903893938
3.129900891113	3.42232937928217	3.69973452009858	3.96163480592671
3.13631257425269	3.44321764241206	3.70271359887102	3.98547593722403
3.14272425739238	3.4449983916423	3.71618745560144	3.97961034879524
3.14913594053206	3.45104053655284	3.72109403385515	3.98224575499435
3.15554762367175	3.44903493251814	3.72730497869765	4.01162791329032
3.16195930681144	3.4615345957222	3.73199637070324	3.98739366962373
3.16837098995112	3.47357752449259	3.74687695166338	4.01684123810937
3.17478267309081	3.47976602493954	3.75079878982321	4.02451304765382
3.1811943562305	3.48466289177797	3.76075788067141	4.03540170473745
3.18760603937019	3.50207175825049	3.76579640358333	4.03038555718179
3.19401772250987	3.5165446992382	3.77424171487919	4.040778554444
3.20042940564956	3.53194426935175	3.77870350933496	4.04031012163107
3.20684108878925	3.53509035792394	3.78055093462091	4.06075010345471
3.21325277192893	3.52443766910603	3.80291478788418	4.05861836465177
3.21966445506862	3.53425012816351	3.81090102247828	4.06684626956235
3.22607613820831	3.55322298793582	3.82531471912117	4.07137812179682
3.232487821348	3.5609374342752	3.82841698602924	4.09646874612555
3.23889950448768	3.54973843349916	3.8256698169525	4.08195680727262
3.24531118762737	3.56311874274092	3.8393291971146	4.11897164647038
3.25172287076706	3.57799087481672	3.847552306224	4.1131643599824
3.25813455390675	3.59028258577979	3.85446343523526	4.12437257993184
3.26454623704643	3.5903263005707	3.86345129098928	4.13274192681312
3.27095792018612	3.60498996359077	3.86897986327771	4.13507326857881
3.27736960332581	3.60395611523185	3.87376142565777	4.14012457384249
3.28378128646549	3.614581863749	3.88787146004253	4.14694986512345
3.29019296960518	3.62605370934927	3.89314400649055	4.15517614110126
3.29660465274487	3.64971032026618	3.8969816356179	4.18185606656219
3.30301633588455	3.62986194091214	3.90874124982375	4.18563605422506
3.30942801902424	3.6673822493543	3.9159133585411	4.1755732082196
3.31583970216393	3.66454453031636	3.91605411206102	4.18218917821042
3.32225138530362	3.64326945741152	3.93047412491824	4.19367449282305
3.3286630684433	3.67784533217351	3.94779608920686	4.21684307498138
3.33507475158299	3.67213946424089	3.93910328790082	4.21461131789632
3.34148643472268	3.69800588797595	3.95962836718719	4.23442464738479
3.34789811786237	3.69237263451	3.97098725345005	4.247476301627
3.35430980100205	3.70389230035777	3.97270245998095	4.23105349266974
3.36072148414174	3.712528861256	3.9840528376232	4.25736908322593
3.36713316728143	3.71829814125246	3.98732529785402	4.25535620608991
3.37354485042111	3.72904460253323	3.99363468537882	4.26806752246866
3.3799565335608	3.73733173904128	4.00243494877141	4.26808252592336
3.38636821670049	3.73299744719794	4.00963507367302	4.27982002991273
3.39277989984018	3.75032004113251	4.02385257781575	4.29755465559647
3.39919158297986	3.76295759209749	4.0312111094052	4.30320544455244
3.40560326611955	3.77357017830057	4.03644862880481	4.3025775965596
3.41201494925924	3.76492083773738	4.0478283325965	4.31316893161421
3.41842663239892	3.77287668001996	4.04872980816391	4.32836593817883
3.42483831553861	3.7824266271662	4.05957047778549	4.33573128762744
3.4312499986783	3.79192821281925	4.06109322669675	4.33761592359991
3.43766168181799	3.79335487702375	4.07724915225937	4.34066168492678
3.44407336495767	3.80649950343851	4.08424290475314	4.36000876259316
3.45048504809736	3.82064924401477	4.09514573575806	4.35895333042678
3.45689673123705	3.8246001144521	4.09780299301118	4.36261217128145
3.46330841437673	3.84355689113458	4.10355729183587	4.37355170064609
3.46972009751642	3.84763456937825	4.11238288900019	4.39177004805503
3.47613178065611	3.85283743074772	4.11767597417548	4.40049937527379
3.4825434637958	3.85978992942428	4.13110033502364	4.39669429935341
3.48895514693548	3.86465564559727	4.13918130984544	4.40386827717533
3.49536683007517	3.87502613412939	4.14246517155551	4.41486633656893
3.50177851321486	3.86794197050614	4.15002726106255	4.42165544973933
3.50819019635455	3.89129434513977	4.16321572398563	4.42621401672102
3.51460187949423	3.87996318914664	4.16144438696193	4.42680601427337
3.52101356263392	3.89148517244363	4.17519798329861	4.45298515575043
3.52742524577361	3.89736218333147	4.18337615034253	4.46130151750117
3.53383692891329	3.92407883389177	4.19601437971012	4.46349434897814
3.54024861205298	3.90235353299233	4.2002371255144	4.48238946708378
3.54666029519267	3.92583155174051	4.21040530290187	4.4819215560852
3.55307197833236	3.93290886367829	4.21792154328003	4.49736709752268
3.55948366147204	3.94363864744593	4.22625211651981	4.50986651782706
3.56589534461173	3.95384294231281	4.23406788632617	4.49113962788285
3.57230702775142	3.98156569893808	4.23731308319497	4.52194920978689
3.5787187108911	3.98738610378839	4.24943295460278	4.52513763706765
3.58513039403079	3.99694906052027	4.25618531629658	4.53568319976659
3.59154207717048	3.98155366137152	4.26003571195737	4.53340035648444
3.59795376031017	4.00918419096756	4.27540304012615	4.54525412270052
3.60436544344985	4.00362490932893	4.27957234175731	4.55488352379184
3.61077712658954	4.0100409724548	4.29017425199611	4.55428193219064
3.61718880972923	4.02729958798888	4.28941153341628	4.57266060616654
3.62360049286891	4.0317354472055	4.30043673446935	4.56871094499753
3.6300121760086	4.03067441861195	4.31170846419301	4.59104940977891
3.63642385914829	4.04803368108133	4.31268962884969	4.59498162614476
3.64283554228798	4.0411646859224	4.32001490652167	4.60913665158524
3.64924722542766	4.05071612557178	4.33528005313586	4.60469311569071
3.65565890856735	4.06308747150663	4.34300874482593	4.62190329765443
3.66207059170704	4.07022531587647	4.35165945134047	4.62774779321744
3.66848227484673	4.08044671183785	4.35920992964614	4.62678432415509
3.67489395798641	4.08647349213674	4.3698176542655	4.64182368260794
3.6813056411261	4.09725991664636	4.37546561087319	4.63916951760764
3.68771732426579	4.1070795478142	4.3786320156168	4.65562803452758
3.69412900740547	4.11803845287695	4.39320337110467	4.66153683736854
3.70054069054516	4.12091272186986	4.39348779010567	4.67076191317443
3.70695237368485	4.12647292738787	4.40510126532181	4.68966886256953
3.71336405682454	4.13720540792585	4.41041191863985	4.68592090552756
3.71977573996422	4.13931547958056	4.42576232121692	4.69243949937289
3.72618742310391	4.15887209418454	4.43334505997848	4.70175141327049
3.7325991062436	4.1672213357227	4.43888149226578	4.70700933807265
3.73901078938328	4.1612349075514	4.43728453114495	4.73219591643432
3.74542247252297	4.16811909646266	4.45368865322462	4.72063016764106
3.75183415566266	4.18324695619071	4.45556964197156	4.72786222472479
3.75824583880235	4.19286116972778	4.46694265080026	4.74227276567734
3.76465752194203	4.20110902836455	4.46787471155311	4.74885601529522
3.77106920508172	4.21084373863305	4.48694903663771	4.77481834686385
3.77748088822141	4.21857523200361	4.4903906687449	4.75313953845066
3.7838925713611	4.22100327936533	4.50665411797328	4.78898170143422
3.79030425450078	4.22523515715096	4.50684007115411	4.7804146995629
3.79671593764047	4.24194121698198	4.5153357292504	4.79782447341864
3.80312762078016	4.26025906798457	4.52259702068391	4.79502391296815
3.80953930391984	4.25420241871957	4.53323131921021	4.81714561342787
3.81595098705953	4.26039391656287	4.54014524598154	4.82068308579401
3.82236267019922	4.27921149125852	4.54465008416399	4.80935659457797
3.82877435333891	4.27388764532257	4.55465690463405	4.83023679190585
3.83518603647859	4.2754890652174	4.55806797074495	4.83452268500973
3.84159771961828	4.29234744425501	4.57041008857685	4.8516177284002
3.84800940275797	4.3023229741442	4.58464808356235	4.84770697450674
3.85442108589765	4.30424142971246	4.58795293016517	4.85903925448587
3.86083276903734	4.3104661998162	4.59578609906835	4.87527230562926
3.86724445217703	4.32306028949122	4.60213372051852	4.88054390400444
3.87365613531672	4.33985633335276	4.61629654573591	4.87594774615612
3.8800678184564	4.3468806008416	4.61926726637895	4.88716753196664
3.88647950159609	4.34562181136069	4.62615052696951	4.90512584686057
3.89289118473578	4.35120892145091	4.63397184411458	4.90218514428585
3.89930286787546	4.37045594897656	4.63939275078028	4.91835809841507
3.90571455101515	4.37917692158129	4.64578954861648	4.91516001685722
3.91212623415484	4.3795673087003	4.65468845188124	4.9262319015622
3.91853791729453	4.39021288930046	4.66714827406457	4.94408943888466
3.92494960043421	4.37845650021966	4.67031523358511	4.94143794380475
3.9313612835739	4.40141161779159	4.67478734238861	4.96687186833819
3.93777296671359	4.41057072005707	4.69027911417988	4.96608621368354
3.94418464985327	4.40333529163969	4.69649852346176	4.98456407948782
3.95059633299296	4.42139222325008	4.70728840062808	4.98118530499005
3.95700801613265	4.42748745276932	4.7047580933822	4.99609041804899
3.96341969927234	4.43664216090243	4.72353530451082	4.9905464524308
3.96983138241202	4.44993999704797	4.73168269474987	5.01276007885193
3.97624306555171	4.454257380283	4.74234054083979	5.03050262963053
3.9826547486914	4.45833604804677	4.73840814626596	5.01493290335781
3.98906643183109	4.46234616176187	4.75197738726748	5.02620990598923
3.99547811497077	4.48185330041824	4.76125472541951	5.02879877697405
4.00188979811046	4.48430513418478	4.76779323421595	5.0430595927644
4.00830148125015	4.49250211717222	4.77611820700091	5.04799512191265
4.01471316438983	4.50905216296144	4.78692804991099	5.0537628202332
4.02112484752952	4.49878243435671	4.78853968196279	5.07506757860546
4.02753653066921	4.50754251199356	4.79367028770695	5.06667062058467
4.0339482138089	4.5241501773509	4.80345301344036	5.08404611528423
4.04035989694858	4.53864889317101	4.81132440341464	5.10017356851003
4.04677158008827	4.53932611155215	4.82077515127706	5.08509836960283
4.05318326322796	4.54079065574872	4.83092616693109	5.10684346944226
4.05959494636764	4.55823909486948	4.83563889404179	5.11565944509766
4.06600662950733	4.56553777548566	4.84569182513679	5.1275725707134
4.07241831264702	4.56806282537878	4.85338541922849	5.12363229085925
4.07882999578671	4.58004707517281	4.85943779193001	5.14885032659145
4.08524167892639	4.58336845727025	4.86755522228795	5.16362808337937
4.09165336206608	4.59612447291158	4.88143362294746	5.15483507655633
4.09806504520577	4.61237526070999	4.89207312064135	5.17367982286482
4.10447672834546	4.61451480653536	4.88288614360524	5.17747867901111
4.11088841148514	4.62049961589295	4.89536328265695	5.18978265236972
4.11730009462483	4.61653727257975	4.91163713569679	5.19098354887339
4.12371177776452	4.63155827836517	4.90937629646546	5.18277227089124
4.1301234609042	4.63979861394584	4.92183688355796	5.20256543582577
4.13653514404389	4.66411541999227	4.93398858410501	5.23156970976094
4.14294682718358	4.65894603702527	4.94451041344146	5.21798146243431
4.14935851032327	4.67878502554452	4.94496879176778	5.23437467156072
4.15577019346295	4.67725085184288	4.95841439850846	5.23818824942056
4.16218187660264	4.66818435954855	4.960196554717	5.25721065117397
4.16859355974233	4.69046513492716	4.96878448633426	5.26741134112569
4.17500524288201	4.7019258934354	4.98922565835553	5.2625417494584
4.1814169260217	4.69695776227471	4.98671127624821	5.27185103590989
4.18782860916139	4.71699402874637	4.99829217015644	5.29113942844961
4.19424029230108	4.71281431394734	5.00142901039369	5.29398895242662
4.20065197544076	4.72455068963105	5.00517883719954	5.28651405588862
4.20706365858045	4.73076150561467	5.01487102376259	5.29457562542317
4.21347534172014	4.74441833060605	5.03079318940137	5.30352619638043
4.21988702485982	4.76386759068304	5.0391844877434	5.31555479651107
4.22629870799951	4.74929878223071	5.04917966719122	5.32819915759022
4.2327103911392	4.78029599941146	5.05254776302797	5.32250665946641
4.23912207427889	4.78841911819167	5.06119973164261	5.3515148134078
4.24553375741857	4.77249828434422	5.06735334247015	5.35323146842502
4.25194544055826	4.78872374762972	5.07728784689813	5.37364882636041
4.25835712369795	4.80026087987014	5.07658989843956	5.37544804164121
4.26476880683764	4.80666054230544	5.08937771065074	5.38082916656532
4.27118048997732	4.83059328133824	5.10024253626566	5.38368718887247
4.27759217311701	4.81736727451611	5.1033693654496	5.39343580263846
4.2840038562567	4.83340319407852	5.10800487570174	5.40026432786101
4.29041553939638	4.85074422306485	5.12728079873231	5.41486330061022
4.29682722253607	4.84063071564167	5.12944838319101	5.41873846571664
4.30323890567576	4.85993089005782	5.13517193275224	5.42330555429735
4.30965058881545	4.85119261590857	5.15137609699309	5.44898196852924
4.31606227195513	4.85774708544464	5.15620832341225	5.45508171864517
4.32247395509482	4.87396658734243	5.15512083235512	5.45060919886376
4.32888563823451	4.87925422903227	5.16420673135054	5.44627862171857
4.33529732137419	4.8877739724599	5.1732864630074	5.46739905814547
4.34170900451388	4.90315718581181	5.19153369323865	5.47458161249745
4.34812068765357	4.90938557788751	5.19323980026257	5.48071923249287
4.35453237079326	4.90495879470298	5.19927492384314	5.49203691685286
4.36094405393294	4.91017360921821	5.20674435393001	5.49809495343165
4.36735573707263	4.93777777378193	5.21601567022183	5.51258233036293
4.37376742021232	4.93730756528624	5.22305672710299	5.50223881665732
4.380179103352	4.9521154724144	5.23546726525233	5.52250624328617
4.38659078649169	4.95593462540297	5.23692936573532	5.5262237012388
4.39300246963138	4.95584780102849	5.24649124240501	5.52513222118106
4.39941415277107	4.96183673166833	5.25368278837524	5.54233199927684
4.40582583591075	4.97663617689985	5.2639501251979	5.55860809850562
4.41223751905044	4.97622881789349	5.27135542709756	5.56464269102843
4.41864920219013	5.00472485415013	5.27494871787638	5.55897096344198
4.42506088532982	4.99305667027803	5.28705628975178	5.57424319309515
4.4314725684695	5.00254627891025	5.29960541080002	5.5868288783511
4.43788425160919	5.01346458736166	5.2964272346004	5.59591225997443
4.44429593474888	5.02049287937209	5.31437111891885	5.58686090599387
4.45070761788856	5.03101325445644	5.31546739795788	5.60141800605797
4.45711930102825	5.04190111970775	5.33107986344609	5.61922385465615
4.46353098416794	5.0373251042797	5.33235951173616	5.61487936071719
4.46994266730763	5.05161238765657	5.33495886460202	5.63674955195524
4.47635435044731	5.05774447759352	5.35155412566664	5.64080139788123
4.482766033587	5.06573792578201	5.36013087206692	5.64141563039551
4.48917771672669	5.08140096415498	5.369351888233	5.63756507579387
4.49558939986637	5.08699584847622	5.37400783308984	5.65038770078764
4.50200108300606	5.09014921209513	5.37798684782857	5.66639747075433
