"mitochan"	"lwrNorm"	"medNorm"	"uprNorm"
-1.90327037354145	-3.92060765330287	-2.82129003719069	-1.73848587661851
-1.89685869040176	-3.92458215775054	-2.79389436423299	-1.75087730785067
-1.89044700726207	-3.90701053448412	-2.7845293379148	-1.70610338508855
-1.88403532412239	-3.89179935832116	-2.78127523813865	-1.70394099017903
-1.8776236409827	-3.85310495808249	-2.77505057849692	-1.69789894454551
-1.87121195784301	-3.89039618559116	-2.75794858938269	-1.7153154874335
-1.86480027470333	-3.86911366302259	-2.75471869555918	-1.70681947740959
-1.85838859156364	-3.88317951636364	-2.74021285986905	-1.69347759670092
-1.85197690842395	-3.82191269344628	-2.7421538251844	-1.69391585621717
-1.84556522528426	-3.81215301950245	-2.72811310604001	-1.68319131926484
-1.83915354214458	-3.83392345120694	-2.72037080477534	-1.66684634663095
-1.83274185900489	-3.80490315219927	-2.70397431657768	-1.66093097493366
-1.8263301758652	-3.78788055890355	-2.69160966983919	-1.65223003926684
-1.81991849272552	-3.80700800976774	-2.67837833461259	-1.67084410009684
-1.81350680958583	-3.78883919645289	-2.69044035175247	-1.6661191873864
-1.80709512644614	-3.73906173018692	-2.66885102493056	-1.65178118882083
-1.80068344330645	-3.7064110895271	-2.65906126379619	-1.66405905693823
-1.79427176016677	-3.73834680249719	-2.64579823781227	-1.61168649416333
-1.78786007702708	-3.74012373176042	-2.64060287982294	-1.63225435117984
-1.78144839388739	-3.69568952497132	-2.63441196867017	-1.59532468889245
-1.7750367107477	-3.68127284818186	-2.62869528553622	-1.60397362885293
-1.76862502760802	-3.67130676875489	-2.61651942730929	-1.6197193416191
-1.76221334446833	-3.69629768475823	-2.60461181153011	-1.62404077412998
-1.75580166132864	-3.65732101693318	-2.59228128816207	-1.60630438291261
-1.74938997818896	-3.64677745979096	-2.59976286797063	-1.5882555952079
-1.74297829504927	-3.64488567180327	-2.56461867017909	-1.56558338365731
-1.73656661190958	-3.60609353845207	-2.56714905706153	-1.5458446493874
-1.73015492876989	-3.62063910133531	-2.55506806682595	-1.54900889509234
-1.72374324563021	-3.60455448503474	-2.5545426413787	-1.57497187335369
-1.71733156249052	-3.57512917363209	-2.52552566310228	-1.53795680490713
-1.71091987935083	-3.56868497656338	-2.51699434552639	-1.55964481422283
-1.70450819621115	-3.55592162676176	-2.52422843892738	-1.54939917179557
-1.69809651307146	-3.55218175242489	-2.50979599138707	-1.55320764033767
-1.69168482993177	-3.55079198121392	-2.50264738704197	-1.50278300510954
-1.68527314679208	-3.54911305318781	-2.49337715283803	-1.47221061407606
-1.6788614636524	-3.49827286832279	-2.49410393617962	-1.53870357837742
-1.67244978051271	-3.46033366216197	-2.48134205081306	-1.51462766954614
-1.66603809737302	-3.50894562093966	-2.46575795743465	-1.48772242995706
-1.65962641423334	-3.47833880477231	-2.46407051929837	-1.47162380982578
-1.65321473109365	-3.47512927621793	-2.44378062506375	-1.46651296475622
-1.64680304795396	-3.43860813387923	-2.43227424479613	-1.46176497954796
-1.64039136481427	-3.4483811874523	-2.4243489244523	-1.43367794987394
-1.63397968167459	-3.44010496494028	-2.41805817394385	-1.45438905070381
-1.6275679985349	-3.42815980825016	-2.42348056411118	-1.48690626407611
-1.62115631539521	-3.3981111576222	-2.39891453624042	-1.44291994289844
-1.61474463225553	-3.40808100805463	-2.39962860504335	-1.44343529410052
-1.60833294911584	-3.36471126928517	-2.38010570692436	-1.43323011180061
-1.60192126597615	-3.40257740744781	-2.36369177233456	-1.40821125074137
-1.59550958283646	-3.3762533490179	-2.37139698913746	-1.40416654768809
-1.58909789969678	-3.36447795529592	-2.35668051189528	-1.40298402983264
-1.58268621655709	-3.36175768406913	-2.35791790060765	-1.40795605315811
-1.5762745334174	-3.33323316844674	-2.32674408212115	-1.3755325724997
-1.56986285027771	-3.33478689377052	-2.31891371947196	-1.38909113538089
-1.56345116713803	-3.32638776405891	-2.31622696017282	-1.38592419719149
-1.55703948399834	-3.28188350022756	-2.31323951320922	-1.38451910838197
-1.55062780085865	-3.29976658689056	-2.307480956679	-1.36434129207744
-1.54421611771897	-3.24029716860915	-2.28708322089138	-1.35101263835478
-1.53780443457928	-3.26331086080849	-2.26956403257422	-1.34433634111628
-1.53139275143959	-3.26952528008339	-2.27952893130619	-1.33589798384653
-1.5249810682999	-3.27817717653606	-2.26688213698282	-1.3181210127477
-1.51856938516022	-3.22769054019424	-2.2590662653442	-1.33351038980391
-1.51215770202053	-3.21882994392047	-2.25595067399533	-1.31642273397471
-1.50574601888084	-3.20691557572762	-2.23877901755843	-1.32252305830691
-1.49933433574116	-3.19494731443753	-2.23663753833355	-1.30378937535514
-1.49292265260147	-3.18884351443094	-2.20744542241067	-1.30023434287822
-1.48651096946178	-3.17417162664935	-2.2111965254968	-1.28590105483917
-1.48009928632209	-3.16098164150428	-2.20359564703437	-1.27087439856504
-1.47368760318241	-3.12044565593919	-2.19046424335056	-1.30473032155682
-1.46727592004272	-3.15001330774914	-2.19415204769832	-1.27657356912855
-1.46086423690303	-3.09769423127208	-2.15637412714293	-1.29836271833899
-1.45445255376335	-3.12832999023106	-2.16833045964897	-1.27326511912795
-1.44804087062366	-3.07179440506044	-2.14612200363769	-1.27406070901304
-1.44162918748397	-3.0891431903148	-2.14584353188022	-1.25905853516954
-1.43521750434428	-3.05884012879123	-2.14221980585411	-1.21429356145883
-1.4288058212046	-3.05708332510738	-2.12667388859736	-1.24019803349459
-1.42239413806491	-3.03722192547507	-2.11043468149114	-1.22790428154026
-1.41598245492522	-3.02301076980213	-2.11789461213284	-1.21907541616884
-1.40957077178553	-3.07962602142143	-2.10041448071823	-1.24159118869884
-1.40315908864585	-2.98497812425173	-2.07926829841294	-1.19207331607509
-1.39674740550616	-3.01421335532567	-2.07148728814618	-1.19035139607336
-1.39033572236647	-3.03137784112779	-2.07948524365247	-1.1861450685431
-1.38392403922679	-2.97757858753479	-2.05813736896734	-1.15020735643626
-1.3775123560871	-2.98124844595575	-2.04891356042255	-1.14987929089472
-1.37110067294741	-2.95862474280503	-2.03772054067702	-1.16904573874288
-1.36468898980772	-2.9725479555456	-2.03247587647475	-1.17136028964701
-1.35827730666804	-2.92930628184115	-2.02092211768789	-1.13602363744686
-1.35186562352835	-2.95914858139314	-2.03108552670345	-1.15402462273806
-1.34545394038866	-2.88841421739324	-1.99695691295581	-1.13104540720795
-1.33904225724898	-2.90571390598186	-1.99982399544578	-1.12735228525261
-1.33263057410929	-2.9276429220614	-1.98425002333313	-1.13697721079158
-1.3262188909696	-2.88064264460157	-1.98220251341667	-1.11892545734125
-1.31980720782991	-2.84411430457651	-1.95916197632871	-1.11955078077779
-1.31339552469023	-2.86858520384034	-1.96291478666143	-1.12220621072524
-1.30698384155054	-2.84997517132869	-1.95751806251431	-1.09083762409674
-1.30057215841085	-2.80826788965545	-1.9424588681403	-1.07364488260239
-1.29416047527117	-2.81406657824167	-1.93580129159978	-1.09831533874368
-1.28774879213148	-2.80518371728602	-1.93256348140018	-1.06973462947007
-1.28133710899179	-2.8010476338801	-1.91796594753464	-1.06296033684435
-1.2749254258521	-2.76297840916143	-1.89069071857695	-1.05227498885104
-1.26851374271242	-2.79260235737135	-1.90500018281371	-1.06119584047025
-1.26210205957273	-2.7705910842559	-1.89224449166975	-1.05020721199993
-1.25569037643304	-2.72627608294717	-1.87908743787329	-1.01262850730543
-1.24927869329335	-2.73369794730141	-1.8781469534014	-1.03399643444608
-1.24286701015367	-2.74177752951738	-1.85651819464573	-1.02506200715908
-1.23645532701398	-2.72263728588444	-1.84201809674639	-1.02239982189911
-1.23004364387429	-2.69684596279598	-1.8406915218611	-0.98443656799933
-1.22363196073461	-2.74208215335181	-1.82540512536688	-1.02703595754933
-1.21722027759492	-2.69191565163482	-1.81955411758535	-1.0257607287667
-1.21080859445523	-2.66408751456034	-1.81903999723858	-0.979394776485782
-1.20439691131554	-2.66743274797083	-1.81428475439379	-0.987111959189133
-1.19798522817586	-2.67081607779684	-1.80517316489485	-0.959136243651598
-1.19157354503617	-2.66174895164205	-1.78047908020343	-0.9874133897979
-1.18516186189648	-2.63153117793209	-1.77042780267791	-0.957318007043261
-1.1787501787568	-2.62455307391676	-1.76860744353937	-0.957150826655936
-1.17233849561711	-2.62859853482545	-1.75154962947692	-0.956743472186756
-1.16592681247742	-2.5944090719578	-1.74436306149878	-0.976714629696067
-1.15951512933773	-2.58618863293879	-1.74252855110364	-0.929134979452189
-1.15310344619805	-2.54947387948961	-1.72720452288652	-0.914572354126798
-1.14669176305836	-2.54553009879256	-1.72384457580847	-0.920014604457217
-1.14028007991867	-2.53258544397579	-1.71433598899116	-0.916823888798693
-1.13386839677899	-2.54004031537894	-1.70479133548425	-0.901795056229685
-1.1274567136393	-2.53334154172986	-1.69439488333484	-0.922963049708926
-1.12104503049961	-2.50269790229818	-1.6823204287927	-0.879660977399062
-1.11463334735992	-2.50821961758075	-1.67623970458117	-0.875134692536195
-1.10822166422024	-2.48074960810203	-1.66824301852756	-0.871219891023705
-1.10180998108055	-2.4955850997553	-1.65337502760055	-0.850380636718634
-1.09539829794086	-2.46650067703865	-1.65592284810324	-0.854560005485054
-1.08898661480117	-2.47892887541653	-1.64583437217384	-0.85640597803465
-1.08257493166149	-2.41560172327594	-1.63170933325586	-0.853463733118438
-1.0761632485218	-2.46173216054134	-1.6329057888096	-0.83609007318029
-1.06975156538211	-2.41894750452914	-1.59951946678543	-0.820134486043516
-1.06333988224243	-2.41150148467197	-1.59713468802718	-0.8292643293363
-1.05692819910274	-2.39477221295612	-1.59212020783806	-0.818450543585048
-1.05051651596305	-2.41060891166717	-1.58746514902304	-0.79277376509369
-1.04410483282336	-2.36675986681987	-1.56580605254493	-0.789499195031551
-1.03769314968368	-2.36465989861778	-1.57334737653297	-0.79708053168977
-1.03128146654399	-2.3806328857153	-1.54906878364664	-0.785793270245617
-1.0248697834043	-2.35979923748409	-1.55025567368676	-0.783284145430113
-1.01845810026462	-2.34807389428164	-1.54221367870886	-0.800538586470104
-1.01204641712493	-2.35311086074795	-1.53004460557188	-0.769984840266311
-1.00563473398524	-2.29989250742085	-1.51993864626204	-0.73892740300409
-0.999223050845554	-2.28406429152217	-1.50908683272018	-0.761483078589659
-0.992811367705867	-2.29631225356323	-1.49840651943957	-0.775253219641495
-0.98639968456618	-2.30255498435646	-1.49655682494979	-0.741279013800717
-0.979988001426493	-2.26675587792827	-1.47958432817983	-0.751792785162378
-0.973576318286805	-2.27646089250174	-1.47519701123097	-0.704450277628484
-0.967164635147118	-2.25761549746584	-1.47190238325129	-0.705287773923572
-0.960752952007431	-2.25485557746122	-1.45902885799783	-0.716298856001068
-0.954341268867744	-2.23434211723318	-1.45297844774742	-0.701416893112472
-0.947929585728057	-2.22910074320216	-1.43034715841973	-0.693210383639894
-0.941517902588369	-2.21988973985444	-1.42649016795642	-0.671546666228478
-0.935106219448682	-2.21742133946333	-1.41989436822263	-0.689090911546466
-0.928694536308995	-2.17274650428568	-1.40207388966516	-0.661433265652569
-0.922282853169308	-2.18422188552349	-1.39875127590122	-0.696864586657001
-0.91587117002962	-2.14265945597246	-1.39003262818564	-0.660882490446113
-0.909459486889933	-2.14245070894201	-1.37742432124401	-0.635125416359027
-0.903047803750246	-2.11774416275221	-1.37282098515768	-0.598707590819951
-0.896636120610559	-2.13668723279202	-1.36394475723306	-0.641907040005557
-0.890224437470872	-2.11553437509631	-1.36799224716042	-0.627016502936323
-0.883812754331184	-2.11506778312484	-1.34396842863677	-0.590055739544446
-0.877401071191497	-2.08552470114858	-1.33257002006649	-0.60898157053244
-0.87098938805181	-2.09382664083173	-1.3277496498486	-0.573622488884977
-0.864577704912123	-2.08765075502349	-1.32226264003	-0.582569743998866
-0.858166021772436	-2.06166598959816	-1.30315239237166	-0.59621635292388
-0.851754338632749	-2.06388822056971	-1.29717580641152	-0.581196967653252
-0.845342655493061	-2.03377753700243	-1.30145501255243	-0.594129286954169
-0.838930972353374	-2.01133058775539	-1.28485579499319	-0.568072619138527
-0.832519289213687	-2.00698422168973	-1.26689149980801	-0.546274051141985
-0.826107606074	-2.0070658331338	-1.25819086769563	-0.565474406471225
-0.819695922934313	-1.99341940995107	-1.25342131758671	-0.542313845105164
-0.813284239794625	-1.99699305756929	-1.25189752087337	-0.528265173749301
-0.806872556654938	-1.9770873095062	-1.23788395296961	-0.533648047023168
-0.800460873515251	-1.95784840870197	-1.23497023639876	-0.492620678383091
-0.794049190375564	-1.97099654427942	-1.2244182233073	-0.498141718832692
-0.787637507235877	-1.94124647996816	-1.20149822780435	-0.512722329830249
-0.781225824096189	-1.96156498481723	-1.19712598962206	-0.485837568181012
-0.774814140956502	-1.92963990088389	-1.19057634976085	-0.500937500436004
-0.768402457816815	-1.89931966507857	-1.18089949470683	-0.480181305679202
-0.761990774677128	-1.90125254730707	-1.1634877223617	-0.488931041770765
-0.75557909153744	-1.90813108617337	-1.15473022452252	-0.447295961080247
-0.749167408397753	-1.86342579504607	-1.15559429200056	-0.438391553618503
-0.742755725258066	-1.86341234932311	-1.14279649820396	-0.427698516722442
-0.736344042118379	-1.82939571334281	-1.13157696704379	-0.441787786628944
-0.729932358978692	-1.85451521205496	-1.13073650758929	-0.447250658558072
-0.723520675839005	-1.84388533123778	-1.10757750272695	-0.442592806074868
-0.717108992699317	-1.81592895702644	-1.10665495578886	-0.425994074482871
-0.71069730955963	-1.8058098085647	-1.10563294106521	-0.398612139259669
-0.704285626419943	-1.8297557524556	-1.08568574141384	-0.390820112621116
-0.697873943280256	-1.79621461987727	-1.07158506968924	-0.386765457996354
-0.691462260140569	-1.7684949015932	-1.06149348311178	-0.385975968238652
-0.685050577000881	-1.78911256261381	-1.04848781562925	-0.365636122989966
-0.678638893861194	-1.75639172382953	-1.04763697440729	-0.372004044425974
-0.672227210721507	-1.74761966983018	-1.04802473361797	-0.368563076696305
-0.66581552758182	-1.72676776347119	-1.03829108470533	-0.377305056933323
-0.659403844442133	-1.74573161367422	-1.02636308112395	-0.349224033298215
-0.652992161302445	-1.71674167875441	-0.999348202021659	-0.354400402381278
-0.646580478162758	-1.69271277290072	-1.00005253271811	-0.336488118323365
-0.640168795023071	-1.67612446563398	-0.998256431854498	-0.300191831895061
-0.633757111883384	-1.69129627369994	-0.987005389684693	-0.3187235063063
-0.627345428743697	-1.6722826153387	-0.977040975843639	-0.291338218293743
-0.620933745604009	-1.66866035597454	-0.972549998091126	-0.287781285734154
-0.614522062464322	-1.67758493325458	-0.957703934497874	-0.285265755977439
-0.608110379324635	-1.61910186630508	-0.962324102814807	-0.298837222251886
-0.601698696184948	-1.62873754962115	-0.933955680466391	-0.276917224064236
-0.595287013045261	-1.62967937752101	-0.932584399042931	-0.279914083276551
-0.588875329905574	-1.59423278682108	-0.923717458664155	-0.239206495397582
-0.582463646765886	-1.6134268543595	-0.917853233687219	-0.2463944365118
-0.576051963626199	-1.61665464960264	-0.908040173268144	-0.2394049841835
-0.569640280486512	-1.5676933577794	-0.893737619846342	-0.23636116138336
-0.563228597346825	-1.5883971619027	-0.885905069281732	-0.224418363885757
-0.556816914207138	-1.5722380537385	-0.869923142248226	-0.187011630843781
-0.55040523106745	-1.56522166082406	-0.866167508297408	-0.221350408307409
-0.543993547927763	-1.54646131963229	-0.852912333136949	-0.215052728644681
-0.537581864788076	-1.5250369708114	-0.851814594058678	-0.232247144295032
-0.531170181648389	-1.50529856073481	-0.850230707434944	-0.186638741661728
-0.524758498508701	-1.50502160757103	-0.841739869809896	-0.187081866688452
-0.518346815369014	-1.4948741112179	-0.808419726731308	-0.143872462515573
-0.511935132229327	-1.49012400904237	-0.804201779793737	-0.158373682828773
-0.50552344908964	-1.47863887056264	-0.811426400081178	-0.166573006397623
-0.499111765949953	-1.47503586157539	-0.794457242713364	-0.138968038758401
-0.492700082810265	-1.46417272715759	-0.785994267159625	-0.144718326681657
-0.486288399670578	-1.44816260968722	-0.787279493910831	-0.156179134332677
-0.479876716530891	-1.44596386935713	-0.762282232069909	-0.137332458560529
-0.473465033391204	-1.41769940662299	-0.763507791160361	-0.100262022074126
-0.467053350251517	-1.43007257844371	-0.756059001127909	-0.105652912669998
-0.46064166711183	-1.41558948374912	-0.74075016321817	-0.109075155640854
-0.454229983972142	-1.40183654952113	-0.739144357171928	-0.0834526067804271
-0.447818300832455	-1.37847942110458	-0.720987306862896	-0.0800751649679393
-0.441406617692768	-1.37646734690311	-0.71876228093372	-0.105767834893119
-0.434994934553081	-1.37234462703893	-0.701951903307603	-0.0746413516007012
-0.428583251413394	-1.38076440661153	-0.685945665179681	-0.0791347414886835
-0.422171568273706	-1.35149481454879	-0.687453381320731	-0.0273181417613184
-0.415759885134019	-1.35914785318997	-0.677482557066809	-0.0383980489931134
-0.409348201994332	-1.32228656725527	-0.663001032058806	-0.0342813971992765
-0.402936518854645	-1.28886758984879	-0.657268400050635	-0.0108874544882263
-0.396524835714958	-1.31986995109986	-0.656491659096162	0.000722326527324344
-0.39011315257527	-1.29719853315282	-0.638331605802287	-0.00614285315821415
-0.383701469435583	-1.27766538388482	-0.621232436813883	0.0130355298594847
-0.377289786295896	-1.26324451783142	-0.617574245979104	0.0166093765003241
-0.370878103156209	-1.27903902519786	-0.611739815588817	0.0203387786302665
-0.364466420016522	-1.24617027959737	-0.591904787580125	0.0427148469738687
-0.358054736876834	-1.22886362132834	-0.594706808723074	0.0487935156387708
-0.351643053737147	-1.25371344248606	-0.593319825310027	0.0545947226253734
-0.34523137059746	-1.23893169632581	-0.577981639284294	0.0247731127357121
-0.338819687457773	-1.22137882080985	-0.562540260290283	0.0917615740345887
-0.332408004318085	-1.19554957585054	-0.549533368613645	0.0742006437840378
-0.325996321178398	-1.21235255746069	-0.546417865851943	0.069942226872933
-0.319584638038711	-1.18294509193833	-0.535573454135632	0.0745605659271787
-0.313172954899024	-1.14781415500887	-0.534060279299675	0.110423736793344
-0.306761271759337	-1.16162487045034	-0.523727305152894	0.136494682521589
-0.30034958861965	-1.1586608528927	-0.513625524692592	0.137940508097355
-0.293937905479962	-1.14795197601832	-0.502368259428416	0.13421206965866
-0.287526222340275	-1.13066478118429	-0.488536061387492	0.126434138422028
-0.281114539200588	-1.14329658872264	-0.484318860506732	0.120873257973941
-0.274702856060901	-1.11967218780987	-0.482276035031822	0.15328642057639
-0.268291172921214	-1.1031793420128	-0.470476714194826	0.165970429293748
-0.261879489781526	-1.09305696105	-0.455331769941244	0.175429722741323
-0.255467806641839	-1.08644473816932	-0.442012313905273	0.175767582387184
-0.249056123502152	-1.08269647708209	-0.433699479749442	0.187628431329431
-0.242644440362465	-1.05561025469857	-0.433928367420315	0.2094047501456
-0.236232757222778	-1.07938187335007	-0.417864343030957	0.207841956015806
-0.22982107408309	-1.03713083851556	-0.40259603722553	0.212380178094852
-0.223409390943403	-1.0561991720126	-0.399110148759095	0.200416822686035
-0.216997707803716	-1.04177166713507	-0.389180494519368	0.240253459118635
-0.210586024664029	-1.02111544323282	-0.390820654973186	0.234692287548557
-0.204174341524342	-0.988183571677288	-0.377339450171266	0.221890738284991
-0.197762658384654	-1.00056928420891	-0.35833695180599	0.247390783702931
-0.191350975244967	-0.987503018160315	-0.359154873878719	0.281925125749762
-0.18493929210528	-0.970911327889326	-0.352135507991484	0.257050421163203
-0.178527608965593	-0.975623552359275	-0.335736271052149	0.288384888804647
-0.172115925825906	-0.982974788550755	-0.312100308893468	0.277894683276191
-0.165704242686219	-0.965145893573253	-0.316235798480654	0.301864965956133
-0.159292559546531	-0.921607136135012	-0.311164131836553	0.297994812991167
-0.152880876406844	-0.939056082755845	-0.292139835715052	0.307369808339347
-0.146469193267157	-0.918075635450256	-0.295107373568984	0.315025570065096
-0.14005751012747	-0.88687734623698	-0.278557735123604	0.310883646525616
-0.133645826987782	-0.894101452287175	-0.2703648146388	0.357919669939755
-0.127234143848095	-0.890852478655574	-0.263869643262766	0.340548435483546
-0.120822460708408	-0.871306479293175	-0.258523182382982	0.35342287628153
-0.114410777568721	-0.879664940377606	-0.24390757725814	0.359945266102013
-0.107999094429034	-0.867774537772662	-0.228432331791449	0.379043681924236
-0.101587411289346	-0.834205993067013	-0.236322663320259	0.378570475771726
-0.0951757281496592	-0.854809004516721	-0.210937302433137	0.400212057574735
-0.088764045009972	-0.821050167529174	-0.194261459790559	0.405816434043507
-0.0823523618702848	-0.845161693807166	-0.196195370877127	0.405182530011515
-0.0759406787305976	-0.81424536520457	-0.179394826623668	0.412630618774213
-0.0695289955909104	-0.820234148461856	-0.177970417675527	0.412944168487733
-0.0631173124512232	-0.788253423460248	-0.16839872519754	0.407775855065462
-0.0567056293115362	-0.783682428975487	-0.15460076771249	0.473640420672893
-0.050293946171849	-0.794999913036795	-0.148163427138338	0.443173885788336
-0.0438822630321618	-0.779375770744832	-0.142914084171392	0.47021438620667
-0.0374705798924746	-0.746262661085954	-0.137124112455515	0.47667611764631
-0.0310588967527874	-0.747921004349173	-0.111994255453516	0.461909297948695
-0.0246472136131002	-0.743280203567405	-0.114531370035302	0.489295657755605
-0.018235530473413	-0.731646892311251	-0.10225095692907	0.50237666937435
-0.0118238473337258	-0.72158896859903	-0.0915680410861225	0.51258209641524
-0.00541216419403856	-0.703664781626102	-0.0900877146562319	0.511545083872704
0.000999518945648648	-0.697323546167107	-0.0844950376504273	0.543322445766814
0.00741120208533586	-0.703878238104512	-0.0691884852794412	0.530676744900172
0.0138228852250231	-0.685866581276193	-0.0645119681279651	0.593426703135175
0.0202345683647103	-0.694625496742097	-0.0460019164840489	0.567606818452752
0.0266462515043975	-0.679208912907456	-0.0479500812881768	0.541122637303549
0.0330579346440847	-0.651842841189219	-0.0370661652912387	0.583438852991402
0.0394696177837719	-0.656634760202602	-0.0224794664720346	0.607052745880963
0.0458813009234591	-0.647967317219365	-0.00518280616488563	0.597928139639702
0.0522929840631463	-0.626460265343155	-0.00392624447860357	0.607434806468494
0.0587046672028335	-0.624826391575889	0.0163856358131765	0.641307240617256
0.0651163503425207	-0.607879804065434	0.0149307340933943	0.644051294463827
0.0715280334822079	-0.578075238806786	0.0114640220440592	0.620144583049423
0.0779397166218951	-0.575051888085917	0.0348676815910653	0.619298719373366
0.0843513997615821	-0.583823859584162	0.0486610981524853	0.647170292268262
0.0907630829012693	-0.572600642664232	0.0474497131901541	0.650967426600834
0.0971747660409568	-0.567941573537572	0.0683626648589041	0.673297125314034
0.103586449180644	-0.564718039147694	0.0708311624198999	0.683282492410098
0.109998132320331	-0.527970397445172	0.0787425139555098	0.703282289393443
0.116409815460018	-0.497791978360565	0.0876483173636087	0.699057688444373
0.122821498599706	-0.53886618568318	0.0983540781785944	0.692270998083336
0.129233181739393	-0.532349367124495	0.107519655486814	0.689983576306374
0.13564486487908	-0.488897449310218	0.111432052926675	0.729308994843474
0.142056548018767	-0.521108421085892	0.126376954860481	0.740188351594181
0.148468231158454	-0.484024843945992	0.126144976583005	0.757789434349731
0.154879914298141	-0.475968050625159	0.134472322510431	0.745164983616143
0.161291597437828	-0.475841623872952	0.151382934600935	0.76750477803261
0.167703280577516	-0.469793394369551	0.165107115595918	0.779150797123403
0.174114963717203	-0.441618578431186	0.160815853835367	0.786705177519351
0.18052664685689	-0.441511656118117	0.178224768864613	0.797542163169391
0.186938329996577	-0.428349844430208	0.182743614377894	0.809967054546877
0.193350013136265	-0.426769503687772	0.205685160323901	0.824735220730857
0.199761696275952	-0.425830728524553	0.207851574863402	0.830167422871373
0.206173379415639	-0.40934067241364	0.223592345721617	0.846649119275481
0.212585062555326	-0.404922079387453	0.221094236413236	0.83282026211892
0.218996745695013	-0.394442485829787	0.240070438912952	0.838295169302063
0.2254084288347	-0.381987192773458	0.247168161688158	0.875412235303323
0.231820111974388	-0.357927448257506	0.254198145052546	0.86397691378934
0.238231795114075	-0.357084032556775	0.258803770525891	0.864224311784275
0.244643478253762	-0.360952302921017	0.270268902650502	0.904631084018345
0.251055161393449	-0.34598282042601	0.284021418981329	0.918505455273902
0.257466844533137	-0.309715540746014	0.292318683549112	0.904356404239179
0.263878527672824	-0.333103930920949	0.294638526787403	0.915508592688387
0.270290210812511	-0.331342358008095	0.317575811201041	0.950425445972547
0.276701893952198	-0.311451440645614	0.320007862227315	0.940086964192938
0.283113577091886	-0.278584501022792	0.325696629986075	0.95177182686833
0.289525260231573	-0.275638878879375	0.335457635043485	0.965700108827037
0.29593694337126	-0.300834530726345	0.330009184275106	0.961741901750315
0.302348626510947	-0.277918615582154	0.352407425381576	0.967280237651607
0.308760309650634	-0.276038439766544	0.369817023974828	1.01347133791824
0.315171992790321	-0.21770478419551	0.378114184842342	0.996872890470017
0.321583675930008	-0.233788226898055	0.37288769092495	1.0099276841484
0.327995359069696	-0.268623310037304	0.391181272760831	1.01616677482013
0.334407042209383	-0.243694295806069	0.40193599144893	1.04428182323819
0.34081872534907	-0.220335341109245	0.401141850161725	1.05980271330281
0.347230408488757	-0.199410403199643	0.417686683799469	1.0498022184286
0.353642091628445	-0.214000091849626	0.435114079630345	1.03925221860277
0.360053774768132	-0.179865380636245	0.431928573623854	1.06448129763513
0.366465457907819	-0.19624027538579	0.43708071724592	1.08660855349868
0.372877141047506	-0.183642353838303	0.449789872071605	1.10507371428024
0.379288824187193	-0.212326524303201	0.459888773653968	1.09968747007243
0.38570050732688	-0.150549527420376	0.48029657304779	1.11536075454292
0.392112190466568	-0.150050275476553	0.472453148190685	1.11507591967593
0.398523873606255	-0.14830987749286	0.489152277212474	1.13751401394255
0.404935556745942	-0.12449114790928	0.504113716072433	1.14580571868293
0.411347239885629	-0.129551749591421	0.515877280086532	1.13201631943308
0.417758923025317	-0.123891656170285	0.517048595023518	1.16317823024246
0.424170606165004	-0.14028688767488	0.531378833801955	1.14436698847637
0.430582289304691	-0.117196194713162	0.531960997783713	1.19027146804943
0.436993972444378	-0.118365494153462	0.55204988953017	1.20268695987818
0.443405655584065	-0.10457935644953	0.566978163279472	1.1957236618959
0.449817338723753	-0.0756941250161625	0.566718961848406	1.22242330267734
0.45622902186344	-0.0880817470890018	0.584155992449967	1.2000095422899
0.462640705003127	-0.0656612084728215	0.58757474586321	1.23150458122733
0.469052388142814	-0.101725009261725	0.596351717724672	1.24647657405139
0.475464071282501	-0.0804421595702004	0.602705240397856	1.24723915919865
0.481875754422188	-0.038481175686306	0.610360613224008	1.26038290533595
0.488287437561876	-0.04968997594124	0.617598506918367	1.27168273255142
0.494699120701563	-0.0430227942372033	0.62688977711552	1.2896006519164
0.50111080384125	-0.00925116093382052	0.639262472851416	1.28272634571941
0.507522486980937	0.0145384957080321	0.648506031158501	1.31762105214861
0.513934170120625	-0.0212884602642494	0.659507089789443	1.31932838908763
0.520345853260312	-0.0310199356283199	0.667953561532077	1.33474766712075
0.526757536399999	0.0207682450234513	0.675602946705628	1.34175928630314
0.533169219539686	0.0276513390506072	0.689037365164929	1.35057143345035
0.539580902679373	0.0201458018622457	0.692020712293838	1.35038761167857
0.54599258581906	0.0487843004097347	0.695310790020207	1.3743117024539
0.552404268958748	0.0537868180284082	0.711085291410263	1.37237844345017
0.558815952098435	0.0271964581017504	0.720494124942749	1.4025459124037
0.565227635238122	0.0540842010573465	0.717630126257401	1.37963314758208
0.571639318377809	0.053997188079893	0.746962077217877	1.41507436915092
0.578051001517496	0.0918182741558132	0.753011240058917	1.39727760399699
0.584462684657184	0.0758350124165435	0.742839880008301	1.42234761512667
0.590874367796871	0.087584910755163	0.767338815058486	1.44061180800644
0.597286050936558	0.110928302540807	0.772185514021775	1.43671090850517
0.603697734076245	0.123142804702737	0.787063530352774	1.46286657380949
0.610109417215932	0.107298071262852	0.790948188239586	1.45924328827519
0.61652110035562	0.133280906552131	0.813491617206415	1.48374528143394
0.622932783495307	0.139191212865304	0.813840037910785	1.473441662665
0.629344466634994	0.137551167217368	0.820892162341176	1.50629969826351
0.635756149774681	0.163387529526533	0.82636534467284	1.50675117763798
0.642167832914368	0.144602862641422	0.837159990086153	1.52084914882516
0.648579516054056	0.157603263703242	0.84871328420783	1.54734257882829
0.654991199193743	0.19168151791713	0.868710126508282	1.55049962861234
0.66140288233343	0.159182847328642	0.873083142011614	1.54074486871368
0.667814565473117	0.192297565332845	0.883163908692137	1.58961859361623
0.674226248612805	0.221524268757522	0.891001358644313	1.55171438066074
0.680637931752492	0.19330981971032	0.893549304388397	1.58009103053647
0.687049614892179	0.192851470937091	0.910224614719454	1.57395985214342
0.693461298031866	0.236999614806908	0.907466277273388	1.5940154983171
0.699872981171553	0.223292934049304	0.922438025197092	1.60191957130186
0.70628466431124	0.239824857529247	0.93407226505653	1.64018423954754
0.712696347450927	0.25680247098386	0.943189229585683	1.63849764585907
0.719108030590615	0.238564897580178	0.94578698705081	1.63705196600836
0.725519713730302	0.290209889022177	0.960763135340944	1.66786676762666
0.731931396869989	0.26462270334412	0.971064271265939	1.67108722325333
0.738343080009676	0.268900555157951	0.981600437497371	1.65749968150196
0.744754763149364	0.285032564761418	0.993366246259599	1.70059690116475
0.751166446289051	0.294801305599741	1.00291318079443	1.69867511532339
0.757578129428738	0.269144871672162	1.00823491328199	1.7173555906343
0.763989812568425	0.310269465063163	1.02058236782218	1.72859609852416
0.770401495708112	0.314861512828551	1.02137253275855	1.75705556691814
0.776813178847799	0.307525975123758	1.02716238797785	1.72500190037781
0.783224861987487	0.350446898065447	1.02864285114941	1.76713323284466
0.789636545127174	0.300983311959213	1.05733237261275	1.77339222788519
0.796048228266861	0.35985543858339	1.0594556282793	1.8057068642963
0.802459911406548	0.330782287720051	1.07381007095347	1.78666929136102
0.808871594546236	0.377336842278902	1.06368925604992	1.79018642460663
0.815283277685923	0.357210282968091	1.08284988707989	1.82176934598475
0.82169496082561	0.372990165937688	1.09285523651789	1.81378067611182
0.828106643965297	0.387242208260026	1.105784540671	1.83425355432235
0.834518327104984	0.374025991937326	1.1102419334854	1.81848227285061
0.840930010244672	0.409267339943145	1.12386724519426	1.85540644056859
0.847341693384358	0.420991188444563	1.138135740646	1.83718214678639
0.853753376524046	0.424573044445516	1.14458470942778	1.88018387898476
0.860165059663733	0.390188219507832	1.1451080072807	1.87189755552429
0.86657674280342	0.39654955287362	1.15462250679301	1.87194621806144
0.872988425943107	0.44490075134447	1.17296740358195	1.91559829928687
0.879400109082795	0.41227882916764	1.18338904819793	1.92054062047229
0.885811792222482	0.462331356669013	1.18513718595984	1.91350808674517
0.892223475362169	0.457857584380292	1.20558495283422	1.92256387149066
0.898635158501856	0.474011604303293	1.21429334160998	1.96527046245481
0.905046841641544	0.438316015037518	1.2149431198202	1.94772091341762
0.911458524781231	0.475141242589918	1.22591951805863	1.93673485769586
0.917870207920918	0.48487508373757	1.23852646196584	1.98952782651528
0.924281891060605	0.47801755414142	1.23655985381178	1.96816284969218
0.930693574200292	0.482228745001205	1.25704415502882	1.99342605781166
0.937105257339979	0.497230018067052	1.26287805795904	2.03222728285129
0.943516940479667	0.516186779692952	1.27488831360655	2.04958581621363
0.949928623619354	0.545747511740626	1.27895602788728	2.03400072616504
0.956340306759041	0.511803510112707	1.29033810322469	2.07250376380584
0.962751989898728	0.505370873827944	1.30395037255753	2.07816667219483
0.969163673038416	0.541448070457876	1.30418054495076	2.09776814593711
0.975575356178103	0.560316825651774	1.32148101593488	2.08206902930848
0.98198703931779	0.570777906439844	1.32277557259884	2.11343526329712
0.988398722457477	0.567403286049976	1.34169483666024	2.09922399285052
0.994810405597164	0.604275009323661	1.35286542278228	2.09878249268934
1.00122208873685	0.554562600248281	1.34765323457521	2.11541196669393
1.00763377187654	0.586957302872632	1.36320845100149	2.11754105060144
1.01404545501623	0.591703955740318	1.36974217694233	2.12657660427692
1.02045713815591	0.590577256044964	1.38224739738854	2.16157946102544
1.0268688212956	0.597037595535024	1.4029610362457	2.16403391750997
1.03328050443529	0.624341310124142	1.39683406669555	2.20720676910451
1.03969218757497	0.636724185416189	1.40392823121468	2.18367827144368
1.04610387071466	0.651935771675142	1.42137218618471	2.20078843673065
1.05251555385435	0.613474088713338	1.42800378763148	2.19409685482361
1.05892723699404	0.644854840097909	1.43534345451944	2.23018956701648
1.06533892013372	0.637759019228137	1.45487772508189	2.24208390734679
1.07175060327341	0.668878839877249	1.45295210381272	2.24767790786016
1.0781622864131	0.626663299969327	1.47153587324266	2.25763372268657
1.08457396955278	0.658645764952478	1.48103640535911	2.24999538536972
1.09098565269247	0.716734670912835	1.48564191548169	2.28550329487557
1.09739733583216	0.711245860693721	1.49300361220628	2.28634252311723
1.10380901897185	0.689033194011383	1.4977632375115	2.28604390676509
1.11022070211153	0.677553312135665	1.52140108411608	2.33569152855943
1.11663238525122	0.687491371155108	1.5206892208772	2.31911371159807
1.12304406839091	0.737633368653115	1.53843699429143	2.34227079651481
1.1294557515306	0.68763585592853	1.53966312289613	2.37383874356307
1.13586743467028	0.738117339276712	1.54914616772742	2.35957619493138
1.14227911780997	0.749614150730346	1.5573838251817	2.38791906276727
1.14869080094966	0.700343226725232	1.55272992830374	2.37863372327861
1.15510248408934	0.708282808229666	1.57548120211926	2.41212818374952
1.16151416722903	0.735192133444405	1.59474272625246	2.39661796427836
1.16792585036872	0.757109888557389	1.59157651441911	2.41363460819467
1.17433753350841	0.771899637006883	1.60263831675275	2.42062895321525
1.18074921664809	0.76380833406715	1.60894168410814	2.46756518300515
1.18716089978778	0.778434251132101	1.60502886672814	2.47035838984313
1.19357258292747	0.790513813558127	1.62871421331216	2.46122994727059
1.19998426606715	0.798054530845322	1.65071170744814	2.46944326592306
1.20639594920684	0.7912177457167	1.64651070393219	2.47832144932133
1.21280763234653	0.820325974367015	1.66086005514281	2.49172149069143
1.21921931548622	0.819888243064549	1.67085870450053	2.49123821688336
1.2256309986259	0.824844780879533	1.68747231560863	2.51150854550379
1.23204268176559	0.83055385077955	1.68484363952759	2.51222359748457
1.23845436490528	0.827940230428539	1.69798284669546	2.5581784129762
1.24486604804496	0.865530740267118	1.7164618472906	2.52326765609413
1.25127773118465	0.843560818383437	1.71361706628563	2.56132789399738
1.25768941432434	0.857508359273467	1.71487102724244	2.57127872998628
1.26410109746403	0.87400213594903	1.74133832249354	2.56968752057686
1.27051278060371	0.865064651606479	1.74612246405097	2.5742444364243
1.2769244637434	0.882290043584987	1.74424092334878	2.61397987355443
1.28333614688309	0.873347434147298	1.76626417570122	2.63082423513317
1.28974783002278	0.901104986770209	1.76824456626358	2.63148395657675
1.29615951316246	0.904803490906516	1.76508862036865	2.6571066647195
1.30257119630215	0.921687056142822	1.79545345351442	2.63566692475264
1.30898287944184	0.901507152700285	1.79816449126512	2.64073586004383
1.31539456258152	0.948621649569322	1.80640835205388	2.66228776133776
1.32180624572121	0.913589774191068	1.81441107355794	2.66208995188256
1.3282179288609	0.930665245613921	1.82075770359056	2.68303357294751
1.33462961200059	0.935921457157235	1.84285396287848	2.69710669861207
1.34104129514027	0.946861263592263	1.84263278393713	2.73361559367282
1.34745297827996	0.995053868199333	1.85716640881164	2.73062088818799
1.35386466141965	1.00110580356417	1.85212692433363	2.72388731558926
1.36027634455933	0.97378073600462	1.87383727646653	2.76354183683043
1.36668802769902	0.967957976762376	1.88126656015491	2.77259324967951
1.37309971083871	1.00821027107448	1.88629281066979	2.78585989545722
1.3795113939784	1.01823571105782	1.8939333013862	2.78242983915507
1.38592307711808	0.983405557101389	1.91658417977421	2.80454080249156
1.39233476025777	1.02014122123148	1.92082068457547	2.81473337167283
1.39874644339746	1.01737848815918	1.93580197304374	2.81530954788277
1.40515812653714	1.01691987547732	1.94353604677651	2.84719049391744
1.41156980967683	1.02319436245403	1.95545799985819	2.84943602522826
1.41798149281652	0.994953526198286	1.95767508051511	2.86086977124238
1.42439317595621	1.04035439407617	1.96500570376799	2.88052162645283
1.43080485909589	1.04856724663311	1.9736959116382	2.89521295466925
1.43721654223558	1.06276386306803	1.98230634419162	2.8843846484591
1.44362822537527	1.08330300355328	1.99603687190112	2.91213329700001
1.45003990851496	1.04762606285112	2.00123975165873	2.89285483962319
1.45645159165464	1.06756179414704	2.00236386656702	2.95729724363341
1.46286327479433	1.09120099966719	2.01472991276913	2.92763419007671
1.46927495793402	1.07692727035477	2.03357331223324	2.95294803188262
1.4756866410737	1.07042318893148	2.0374444483533	2.94889858247548
1.48209832421339	1.124322603419	2.04492164535864	2.98616881489173
1.48851000735308	1.06088642262714	2.05765348947405	2.95989826742096
1.49492169049277	1.11801504805297	2.07287443857325	2.98278174425456
1.50133337363245	1.11356781454754	2.08418685143578	2.97040370759165
1.50774505677214	1.11720406715847	2.07741209841838	3.00811884485343
1.51415673991183	1.12983739372829	2.08430149214154	3.04026232749996
1.52056842305151	1.12682149749424	2.10401183928832	3.04465499419321
1.5269801061912	1.15900276511461	2.10601026777416	3.03824123291608
1.53339178933089	1.15435959663808	2.12632933562486	3.03476569036065
1.53980347247058	1.17064851136478	2.12986298549436	3.06043343311836
1.54621515561026	1.18032928172093	2.15216868560074	3.0754635802181
1.55262683874995	1.19099881814757	2.15557692664773	3.10416312451752
1.55903852188964	1.1948273301344	2.1697483151601	3.08188011203388
1.56545020502932	1.20261208905854	2.17449550280914	3.11789978855134
1.57186188816901	1.15824961746835	2.17874264020452	3.13682423511014
1.5782735713087	1.2362045138974	2.19605621411732	3.1259435880143
1.58468525444839	1.1872466456081	2.20037876746067	3.15998126878741
1.59109693758807	1.21124290481941	2.20417353756487	3.16109535437001
1.59750862072776	1.23419878982394	2.21802535938475	3.19189852990698
1.60392030386745	1.24862723296046	2.2253890511709	3.22380789466261
1.61033198700714	1.20618669885937	2.23674446239596	3.20137348315868
1.61674367014682	1.25424156260828	2.2460945854084	3.19520243517703
1.62315535328651	1.24484368368036	2.24919164634036	3.2447854752071
1.6295670364262	1.24568744732687	2.25932550325895	3.2395390118325
1.63597871956588	1.25318394759945	2.26708562182825	3.23932203289541
1.64239040270557	1.2821147412085	2.28744619188277	3.2324958786446
1.64880208584526	1.30609668954451	2.28690912028608	3.24110668428689
1.65521376898495	1.32805337692375	2.29705611963261	3.25800323618141
1.66162545212463	1.2612280741604	2.29904015025893	3.3135612574604
1.66803713526432	1.33277764236794	2.31992734184302	3.3309496205741
1.67444881840401	1.29339364713913	2.32213966717193	3.33052468088814
1.68086050154369	1.31658977290219	2.34284773075519	3.3118730345544
1.68727218468338	1.3307254317358	2.35056646277231	3.34212093850697
1.69368386782307	1.32229275624241	2.35539431452105	3.36147896071818
1.70009555096276	1.33109792346889	2.38046201625531	3.35258719483203
1.70650723410244	1.32027412625799	2.37084404573228	3.38050307946657
1.71291891724213	1.33108040968187	2.38308345483503	3.36230374777542
1.71933060038182	1.37106900760077	2.3915379419505	3.41155229861513
1.7257422835215	1.35170186761323	2.40754804296111	3.41038584368953
1.73215396666119	1.38095101865628	2.40897020295541	3.4076108293993
1.73856564980088	1.36065647138681	2.42510932485753	3.4260078425101
1.74497733294057	1.34975358975496	2.42422785827256	3.47239736202432
1.75138901608025	1.38656466566721	2.43762196207445	3.45859415546036
1.75780069921994	1.40694821531137	2.44283636804446	3.49267630930804
1.76421238235963	1.42351272065354	2.45566862087434	3.49391999553723
1.77062406549932	1.3850913181208	2.47470358458612	3.50834825501771
1.777035748639	1.39788769436756	2.48103988682376	3.47153122544523
1.78344743177869	1.39677900324092	2.48250799204904	3.51431266327995
1.78985911491838	1.435607018958	2.48518148396113	3.53298722370544
1.79627079805806	1.45583973266169	2.50999826499847	3.56297154778099
1.80268248119775	1.46597972326468	2.52135559632432	3.53681621673844
1.80909416433744	1.43897932463255	2.50666321238623	3.57973279490195
1.81550584747713	1.44733215259838	2.53352148662736	3.57014813208426
1.82191753061681	1.46205882197937	2.5332705962932	3.6276921168092
1.8283292137565	1.49742123210101	2.54827182794723	3.59313426374745
1.83474089689619	1.46292841968021	2.55984173164187	3.62409879674822
1.84115258003587	1.4709802617675	2.56764584544815	3.6345617923159
1.84756426317556	1.46284501676686	2.57964614969404	3.63519794944282
1.85397594631525	1.51071888498342	2.5932279706242	3.65574827920773
1.86038762945494	1.49037084953969	2.59549990244268	3.67207152196356
1.86679931259462	1.51606041531439	2.59289427524292	3.68138750255631
1.87321099573431	1.50387638694452	2.61054196839736	3.68019468048861
1.879622678874	1.542830567296	2.62919183324193	3.71188108776092
1.88603436201368	1.54849294853329	2.63501370324269	3.70810350189324
1.89244604515337	1.54763410359775	2.64401879232528	3.69036303006614
1.89885772829306	1.55794054078142	2.63473219555043	3.74242878719246
1.90526941143275	1.53570713904621	2.66120900199697	3.74551291558833
1.91168109457243	1.53706688077974	2.65896701445949	3.75638686633358
1.91809277771212	1.5832588374025	2.68424420961671	3.74112628846601
1.92450446085181	1.56860315531096	2.69828222151926	3.78660815846209
1.9309161439915	1.55328564691745	2.69235002196668	3.80746349018958
1.93732782713118	1.5969657509619	2.69917131746386	3.83249799117814
1.94373951027087	1.62539633798677	2.73137413018965	3.81206064031213
1.95015119341056	1.61666822680714	2.73106786278021	3.83525509988415
1.95656287655024	1.60458078603249	2.73817920786424	3.81353175897444
1.96297455968993	1.62885226347143	2.73425614218748	3.87625534097105
1.96938624282962	1.62301005184676	2.77019924014223	3.8682724232097
1.97579792596931	1.62187613919865	2.75981437380655	3.83652028703401
1.98220960910899	1.62011503792987	2.77915832563398	3.90654260261825
1.98862129224868	1.61293294510465	2.76737825847329	3.90121014200574
1.99503297538837	1.61794123212207	2.79088171820405	3.91813341739737
2.00144465852805	1.63155380480016	2.79230273386068	3.90195903709932
2.00785634166774	1.63134472302066	2.80778377172383	3.93297642377794
2.01426802480743	1.6303382895646	2.81704006396434	3.94242273679116
2.02067970794712	1.66946354325578	2.83929017218526	3.93062195823228
2.0270913910868	1.69514569611939	2.82427964182083	4.00154396641787
2.03350307422649	1.69682052361127	2.85523185691048	3.93915438702389
2.03991475736618	1.69951761324794	2.8581235498408	3.98916674291357
2.04632644050586	1.65425593499148	2.86578333154375	4.01506629464693
2.05273812364555	1.74446196846379	2.86634446733882	3.9965963884817
2.05914980678524	1.69844506647148	2.88321633104236	3.98629654529736
2.06556148992493	1.72773475325377	2.88386724062013	4.01342159546499
2.07197317306461	1.74122437626635	2.90389273772048	4.04132049295656
2.0783848562043	1.72601542622589	2.92233413525115	4.05632438819501
2.08479653934399	1.7248678039828	2.92571783516041	4.06416949664262
2.09120822248367	1.70869055829962	2.93766420983992	4.05240259755279
2.09761990562336	1.73960221385267	2.93971138200561	4.07498801403392
2.10403158876305	1.7481727576858	2.95466561899029	4.104224777791
2.11044327190274	1.76230052285562	2.94782970435624	4.13252572851267
2.11685495504242	1.76375103988512	2.96763559644008	4.12076635478588
2.12326663818211	1.78774686815116	2.98041051333676	4.14538067835019
2.1296783213218	1.78261606092558	2.98098006230735	4.13144373854667
2.13609000446149	1.8017431602102	2.99406721189514	4.14817162391815
2.14250168760117	1.78754627835543	3.01287072452056	4.21547189694468
2.14891337074086	1.79919106441614	3.01507549373912	4.18902982900162
2.15532505388055	1.81821703373942	3.01728825007372	4.18871213185596
2.16173673702023	1.84872674163112	3.0331464417427	4.19587118978524
2.16814842015992	1.82988988105427	3.03296852066193	4.18618769358107
2.17456010329961	1.82650387193859	3.05692941122952	4.20530513591248
2.1809717864393	1.8061105979832	3.04796449828557	4.21551014488459
2.18738346957898	1.85606639900964	3.0632841044137	4.26424404243146
2.19379515271867	1.82140690539934	3.07160329745012	4.26854359903227
2.20020683585836	1.81086302287854	3.07718044168404	4.2979670004451
2.20661851899804	1.8726050887481	3.0900962980139	4.27351862077505
2.21303020213773	1.87579487711773	3.11357436648319	4.2875644761901
2.21944188527742	1.85838959414148	3.11958925461377	4.3249952854871
2.22585356841711	1.86657060722263	3.1173694316713	4.33917263236514
2.23226525155679	1.87836775666016	3.13538432856615	4.34660698988236
2.23867693469648	1.87373858130163	3.14619513140454	4.371788536451
2.24508861783617	1.90059795487084	3.14808524500705	4.37853097480843
2.25150030097585	1.91097313490285	3.16392482521371	4.38018956331879
2.25791198411554	1.93315218669203	3.17151645049944	4.37764193126671
2.26432366725523	1.93283757056643	3.18838787738173	4.41866423578938
2.27073535039492	1.95637211013486	3.18745938633899	4.38761111088093
2.2771470335346	1.92728718974163	3.20205153068971	4.39163390777443
2.28355871667429	1.92199621598088	3.19461966891082	4.44366367149134
2.28997039981398	1.94924357678837	3.21401968427349	4.4677304386651
2.29638208295367	1.97022690531566	3.22448935044421	4.42957090108839
2.30279376609335	1.94038924026947	3.23776725678238	4.49243544485046
2.30920544923304	1.95522730843169	3.23041120357409	4.4886116899033
2.31561713237273	1.98837089924346	3.24686855522016	4.4804830901078
2.32202881551241	1.97881314541049	3.25634206275922	4.51489212858709
2.3284404986521	1.96358648712459	3.26483528998831	4.50286626409663
2.33485218179179	2.01262510677428	3.28466426452982	4.50656481501187
2.34126386493148	2.00863667179932	3.28417159528893	4.50319827743774
2.34767554807116	1.97545869489977	3.29837201755557	4.5490972624336
2.35408723121085	2.0537430063414	3.30741342643187	4.53316905391095
2.36049891435054	2.00281702042072	3.3271833830158	4.55367838381965
2.36691059749022	1.99832199876119	3.32215556327964	4.60082902760053
2.37332228062991	2.01244748311406	3.34257224294151	4.60120575521006
2.3797339637696	2.0448492693255	3.34655750274435	4.633208668713
2.38614564690929	2.01310841561193	3.34754587414581	4.59505697533514
2.39255733004897	2.04365979182218	3.36826200387744	4.66784165515638
2.39896901318866	2.04010841737189	3.37070776494477	4.67898772057691
2.40538069632835	2.07356648238561	3.38246322633669	4.65808904775859
2.41179237946803	2.05118061401285	3.39033191516188	4.66293962410038
2.41820406260772	2.12997804730692	3.39992770794034	4.71137971854529
2.42461574574741	2.05607877124197	3.40890343632258	4.70287062159989
2.4310274288871	2.07751498940212	3.4119930439875	4.70985957312201
2.43743911202678	2.10568377594511	3.43729525455561	4.75176178019646
2.44385079516647	2.08219683545587	3.43789331755802	4.73143532498192
2.45026247830616	2.11962082792961	3.44114172883532	4.75152938358312
2.45667416144585	2.09733344603226	3.44627453584955	4.76395713447868
2.46308584458553	2.10572456036928	3.44983823021452	4.78820386474473
2.46949752772522	2.12759954516778	3.47489655302197	4.78655201618776
2.47590921086491	2.13984873910036	3.48877993770473	4.78788240790545
2.48232089400459	2.1485655582055	3.48273605694717	4.77607954950831
2.48873257714428	2.15742763830248	3.48810836332789	4.806578703042
2.49514426028397	2.14955475717627	3.4968041086948	4.81837638055464
2.50155594342366	2.11277254582281	3.50636299380808	4.85142062247748
2.50796762656334	2.16387038843082	3.54249038693298	4.86924725662599
2.51437930970303	2.15096958074106	3.53186033586254	4.87197055635616
2.52079099284272	2.18812314489452	3.5616603079449	4.87462115738449
2.5272026759824	2.19358871538406	3.5564531126271	4.88064872222332
2.53361435912209	2.18217389221586	3.5636665147158	4.88793761297267
2.54002604226178	2.18138251398772	3.56966735350803	4.92779019090816
2.54643772540147	2.21016301104095	3.58995053606878	4.90484279263262
2.55284940854115	2.1991619468661	3.58442040798142	4.96564061502678
2.55926109168084	2.17513957184014	3.59853199698861	4.93569444871175
2.56567277482053	2.23505521426264	3.61536743101043	4.94575028103956
2.57208445796021	2.26091048254092	3.63083139726078	4.98235219996566
2.5784961410999	2.22791760695898	3.6315764329152	4.98434763717229
2.58490782423959	2.29336769408455	3.6274434343963	5.01390985437019
2.59131950737928	2.24197240497732	3.64643443093897	5.0134364546695
2.59773119051896	2.24318543678724	3.65694562866846	5.02533311720172
2.60414287365865	2.2522527809711	3.67871118597941	5.06012673893757
2.61055455679834	2.2945710848792	3.67597392672779	5.0398222387998
2.61696623993803	2.25451159816542	3.67035448871026	5.045952402021
2.62337792307771	2.29257930377716	3.69224200485657	5.03431591620627
2.6297896062174	2.29957577814946	3.70185672662522	5.10756790940106
2.63620128935709	2.26229258101571	3.70084314420078	5.06408019032598
2.64261297249677	2.29518979794011	3.71468694962529	5.14088269384863
2.64902465563646	2.30985273861855	3.72398846156158	5.1172617928951
2.65543633877615	2.28440532960082	3.75052247755092	5.12089075250774
2.66184802191584	2.29461540743194	3.75871703227596	5.1514359128008
2.66825970505552	2.33675626388324	3.75290696231026	5.12845949469766
2.67467138819521	2.35447231759396	3.76499707038835	5.17902124729332
2.6810830713349	2.31438376437869	3.78312626453403	5.17568902103439
2.68749475447458	2.38535405252146	3.7819616457059	5.17740337269974
2.69390643761427	2.36611805195611	3.78368496391597	5.19637063699807
2.70031812075396	2.32182067369073	3.80428856024269	5.23177440576959
2.70672980389365	2.36824412368636	3.79840932794146	5.23220334458481
2.71314148703333	2.31889979574701	3.82942031777283	5.27348386512836
2.71955317017302	2.37074501033753	3.84677854598456	5.28090694746707
2.72596485331271	2.37702308360222	3.84116595422132	5.21678453773388
2.73237653645239	2.40606124694053	3.8522612258497	5.26700503742001
2.73878821959208	2.36358236355849	3.86993988851498	5.2979453328698
2.74519990273177	2.4201326531174	3.87938759519422	5.27613644100703
2.75161158587146	2.41858585194572	3.86636225145976	5.31982122914986
2.75802326901114	2.40605306115901	3.8781868266306	5.29094708245489
2.76443495215083	2.45706518777778	3.898865839138	5.33561648527098
2.77084663529052	2.42053029417389	3.90245040038762	5.34355435367512
2.7772583184302	2.40081711640067	3.91611861996683	5.36243107179697
2.78367000156989	2.40810921431393	3.92592380443781	5.3516486533824
2.79008168470958	2.43076383284456	3.91719153403031	5.37712657442383
2.79649336784927	2.47586452546155	3.93866498465126	5.38194515651077
2.80290505098895	2.48518335182712	3.94794230763053	5.39763740776414
2.80931673412864	2.4976781604347	3.97345096406972	5.41289941657238
2.81572841726833	2.48110098119204	3.97190991667588	5.42454072197783
2.82214010040802	2.47046740882334	3.98211613477606	5.40291506164515
2.8285517835477	2.48483006385294	3.99833056470075	5.43820734195318
2.83496346668739	2.52031927368645	3.98711450512901	5.47372184665705
2.84137514982708	2.48947605785611	4.00614703395343	5.490073430951
2.84778683296676	2.52067811738989	4.00400268543705	5.42278449372634
2.85419851610645	2.54835918388479	4.01609341631019	5.51311392575111
2.86061019924614	2.53907718975368	4.03676958551877	5.47228402944169
2.86702188238583	2.5332994727669	4.04525416431642	5.56035979940842
2.87343356552551	2.50359241380865	4.05951596348008	5.5248349628723
2.8798452486652	2.52426777470389	4.07187669957596	5.49917495058615
2.88625693180489	2.51308520350381	4.07462355304249	5.55616967501566
2.89266861494457	2.53608770399218	4.08229299574027	5.56300285988914
2.89908029808426	2.5734411705542	4.10076541380083	5.55525153092548
2.90549198122395	2.53831993571893	4.09898870197967	5.57331200422286
2.91190366436364	2.53302405073228	4.10697543672088	5.59951524811659
2.91831534750332	2.56633798998633	4.10386878599994	5.57390195679744
2.92472703064301	2.56685167210612	4.11836939569003	5.58737386794539
2.9311387137827	2.59663557376245	4.12388279061007	5.60863508148668
2.93755039692239	2.55641723594766	4.15948201567809	5.65196711099221
2.94396208006207	2.61222656070845	4.15144239014629	5.65940417325439
2.95037376320176	2.61282295984024	4.15571831152023	5.66116793251879
2.95678544634145	2.61785127155118	4.17326085200226	5.63442697555678
2.96319712948113	2.61235098213136	4.19314686040037	5.69044898415463
2.96960881262082	2.59788916103778	4.19396206044198	5.72779924229071
2.97602049576051	2.64229186920555	4.20377728333973	5.73468514402577
2.9824321789002	2.62693779403184	4.21604308547728	5.74084281953783
2.98884386203988	2.66882361356344	4.22565858418166	5.73327246312313
2.99525554517957	2.65359243166106	4.2361647354113	5.77105139197775
3.00166722831926	2.6658507482736	4.24887128972165	5.79929366212351
3.00807891145894	2.64527084010699	4.2522914792444	5.81406792573683
3.01449059459863	2.62158141990403	4.2650191481765	5.81231513007505
3.02090227773832	2.63645389916468	4.273157475298	5.834338737454
3.02731396087801	2.70371968213079	4.28050006496092	5.80193899428759
3.03372564401769	2.68701075577285	4.30450408728699	5.84430666177627
3.04013732715738	2.63216844187746	4.28858322246901	5.79820541967663
3.04654901029707	2.66781520481344	4.29048455231474	5.83363532440224
3.05296069343675	2.68062255824576	4.32717521248282	5.8360756984127
3.05937237657644	2.7220498648579	4.33634065333674	5.87043379323097
3.06578405971613	2.67123282481021	4.34411112350694	5.86350892273451
3.07219574285582	2.74593905397673	4.33777979115708	5.87853862196474
3.0786074259955	2.73455850452593	4.34799486053092	5.85859592535803
3.08501910913519	2.72634004625734	4.34755803301337	5.86674393815225
3.09143079227488	2.7394701781379	4.36289630079314	5.94944288358591
3.09784247541457	2.75119018151094	4.37768243636664	5.92205240337634
3.10425415855425	2.77554564130542	4.38166325673702	6.01333553406015
3.11066584169394	2.72494567725691	4.38530264591278	5.96433771986632
3.11707752483363	2.7750621846	4.40059943796657	5.95444793887713
3.12348920797331	2.78479373645222	4.42669761981855	5.99772368560772
3.129900891113	2.75189832123528	4.43424230923339	6.01424512092849
3.13631257425269	2.78686001752388	4.42537768777865	5.99200453384054
3.14272425739238	2.75447268256265	4.45294391650372	6.01048727815927
3.14913594053206	2.78756772288972	4.45197923419798	6.04056793055909
3.15554762367175	2.80469241681933	4.44453529962729	6.04833732137976
3.16195930681144	2.80276972773816	4.47671359460685	6.05352613754442
3.16837098995112	2.82372487806653	4.48361674674749	6.09859337896808
3.17478267309081	2.7775984265616	4.46870384927204	6.13209025731649
3.1811943562305	2.82536550831597	4.50619720016597	6.08143190420843
3.18760603937019	2.8571066806646	4.50279645300889	6.12761416005071
3.19401772250987	2.86218909066184	4.52524186073396	6.08066084433418
3.20042940564956	2.8285739382439	4.53165336516509	6.16362613022435
3.20684108878925	2.86963478880428	4.52107994873183	6.15446051456485
3.21325277192893	2.87347991560233	4.53751694637677	6.18807685145933
3.21966445506862	2.8634446022713	4.5651911537173	6.16947502449958
3.22607613820831	2.86125503074159	4.55201525986086	6.180984156685
3.232487821348	2.86816752424308	4.57037378003284	6.19493982201183
3.23889950448768	2.911167447301	4.57109724578147	6.17428610124567
3.24531118762737	2.89349217829876	4.59495977820218	6.26000596351092
3.25172287076706	2.92656478343146	4.5926868027822	6.21371065195119
3.25813455390675	2.90191298186523	4.60596365181036	6.22625406308298
3.26454623704643	2.89784482732278	4.62786330039443	6.27772493446015
3.27095792018612	2.92510109630217	4.6189741361135	6.30697292542746
3.27736960332581	2.92980079491433	4.62069713841234	6.26443677506672
3.28378128646549	2.9549464096475	4.6394305389276	6.28693027725167
3.29019296960518	2.95690491040913	4.65587816692793	6.30725186590519
3.29660465274487	2.91875288443428	4.66124344365868	6.28891658137725
3.30301633588455	2.95039904880673	4.67477107174599	6.34359733347541
3.30942801902424	2.95962136226335	4.66804595497993	6.35194695614986
3.31583970216393	2.98306992053687	4.6841438175587	6.35256584658438
3.32225138530362	3.01503457154189	4.6912000730714	6.37027528541023
3.3286630684433	2.95594443189338	4.71102095194025	6.38253392480594
3.33507475158299	2.97954809653534	4.71676358910679	6.39776044789343
3.34148643472268	2.98029439811099	4.71965586772551	6.41071316673971
3.34789811786237	2.96102905171992	4.7418238974852	6.43187965083502
3.35430980100205	3.00265029694264	4.74228298094335	6.44904645566292
3.36072148414174	2.97041319455751	4.76042086136916	6.41055448429189
3.36713316728143	2.95578331508811	4.7585527841953	6.48196136037272
3.37354485042111	2.97595725424983	4.77447375889211	6.46184366527938
3.3799565335608	3.03735398942531	4.76551607973955	6.48884937458595
3.38636821670049	3.03461483297235	4.79431767740465	6.52147810672484
3.39277989984018	3.00662822234005	4.80567862084108	6.52902932943397
3.39919158297986	2.99925214241928	4.80280431238157	6.50142309832658
3.40560326611955	3.01262885988262	4.81028784502144	6.45994435365006
3.41201494925924	3.05522567545446	4.82551482520611	6.56672318708097
3.41842663239892	3.09126253246183	4.84645112449951	6.54671361797993
3.42483831553861	3.06306676495092	4.8575443538687	6.57845179240386
3.4312499986783	3.09045696220909	4.86078237507466	6.62398234693993
3.43766168181799	3.04105169967876	4.87327612339546	6.57726576000778
3.44407336495767	3.12140080381427	4.85245888521764	6.58625142693282
3.45048504809736	3.13578515971419	4.89496745773794	6.59609944923357
3.45689673123705	3.11037785367183	4.91483469623598	6.63994754663755
3.46330841437673	3.07313869392656	4.92303218633479	6.67285417775871
3.46972009751642	3.10333465068561	4.92315001888591	6.67244939811779
3.47613178065611	3.06685645067222	4.93606982943122	6.6386383624368
3.4825434637958	3.10589618355237	4.92658839824387	6.6445765434065
3.48895514693548	3.11443281664438	4.9298063703222	6.72445710956819
3.49536683007517	3.13299521888724	4.95620800941594	6.68933730206157
3.50177851321486	3.08363039676185	4.94820226600196	6.6979136489875
3.50819019635455	3.08419085474782	4.96145023604184	6.70193913314368
3.51460187949423	3.18247729578982	4.96672374856762	6.73928568068553
3.52101356263392	3.19161050513302	4.98545921826763	6.75152092184576
3.52742524577361	3.19787251674741	4.9994345408002	6.78401824237463
3.53383692891329	3.17090557250028	4.99360266405544	6.72950326835955
3.54024861205298	3.19069189197075	5.01554725324332	6.78080135352799
3.54666029519267	3.1668254960884	5.03682714194238	6.76263979046235
3.55307197833236	3.191270494876	5.0443932673976	6.79623692582369
3.55948366147204	3.16779627971605	5.03814837495347	6.79557068302739
3.56589534461173	3.19484685645587	5.05765779893441	6.83263243081693
3.57230702775142	3.18042090799569	5.0716307079767	6.88326404594605
3.5787187108911	3.21149687709685	5.06173423096584	6.82372574666978
3.58513039403079	3.19443809847199	5.07487965310326	6.87787043548321
3.59154207717048	3.18367319815591	5.0907934645463	6.88297582454211
3.59795376031017	3.23874836433515	5.08791953654289	6.90244116946734
3.60436544344985	3.20403202780559	5.09554815742237	6.92003417126857
3.61077712658954	3.28135466628043	5.10839000282876	6.87227144584707
3.61718880972923	3.2510789816197	5.1263376190502	6.87270452957416
3.62360049286891	3.27751791582602	5.11954454172842	6.93528718678388
3.6300121760086	3.23785805799091	5.14405973574448	6.9397452540231
3.63642385914829	3.29365489318512	5.15499830593609	7.02351857030342
3.64283554228798	3.28016129769299	5.15878607617063	6.95131595410823
3.64924722542766	3.26347895132435	5.16535888349213	6.96255694015417
3.65565890856735	3.27511048091891	5.18152711290832	6.9605937688646
3.66207059170704	3.2471714628275	5.1768746624495	6.9610968435904
3.66848227484673	3.30839986230405	5.19542053462997	7.0160980043854
3.67489395798641	3.33046745986526	5.19714824878917	7.05263470378592
3.6813056411261	3.28974719172584	5.21974590286328	7.05605551126446
3.68771732426579	3.29656233363419	5.21548803909994	7.0633603152903
3.69412900740547	3.29223323110028	5.24044465720447	7.07739828343508
3.70054069054516	3.33355118326692	5.2333048073807	7.04276489628692
3.70695237368485	3.31327175780283	5.24638935064552	7.06665176823529
3.71336405682454	3.30653652382608	5.2593006141079	7.08860115176908
3.71977573996422	3.35752811716163	5.28548856438035	7.13724484172965
3.72618742310391	3.30936237925804	5.26986165213127	7.10237180463733
3.7325991062436	3.36505991268445	5.2737138762181	7.14440069849215
3.73901078938328	3.33898916292975	5.29644317649574	7.17810382549689
3.74542247252297	3.38757988263958	5.30657342165157	7.17068514088252
3.75183415566266	3.34321581370509	5.31689015586299	7.17622353848393
3.75824583880235	3.41651897316188	5.31722087963774	7.18907738984487
3.76465752194203	3.36124866109324	5.33549509920457	7.17832160153116
3.77106920508172	3.37420341817775	5.35325898463632	7.25352526363219
3.77748088822141	3.38006649396982	5.35407777782509	7.20336394650372
3.7838925713611	3.39682712751664	5.3555008370186	7.25302309984722
3.79030425450078	3.42731368644894	5.37068917053435	7.17154088556525
3.79671593764047	3.42694685300969	5.38303855848422	7.22958516151224
3.80312762078016	3.42658577054891	5.38743937778849	7.24312469561554
3.80953930391984	3.41756427253644	5.40441507653797	7.26415618847474
3.81595098705953	3.41172149929966	5.39488845621732	7.31794136218809
3.82236267019922	3.43235431545154	5.4238622920716	7.36172971500281
3.82877435333891	3.45866789261024	5.43889550437297	7.30223289490457
3.83518603647859	3.43526267049524	5.44149120037653	7.31335916635418
3.84159771961828	3.45099286410252	5.4340411818475	7.30340681495666
3.84800940275797	3.44206325580867	5.4349351781336	7.33115711400443
3.85442108589765	3.45026714488268	5.44409193288966	7.37509948073914
3.86083276903734	3.44318570033895	5.47618000127814	7.34160802209743
3.86724445217703	3.4839226706776	5.4625286562119	7.34797898057911
3.87365613531672	3.48818508036112	5.48343643279751	7.40124817300555
3.8800678184564	3.52866749905261	5.48497230484857	7.35426346792936
3.88647950159609	3.51742656637906	5.4994550221766	7.43406416612445
3.89289118473578	3.52344356909597	5.52265821842317	7.39175305920643
3.89930286787546	3.54962414582624	5.54221580414571	7.38891463723324
3.90571455101515	3.53407537704774	5.54517651239362	7.4425429744017
3.91212623415484	3.51772321382012	5.55186354208136	7.50572167238043
3.91853791729453	3.51055578192013	5.55849986842899	7.49310410963372
3.92494960043421	3.51325056676017	5.56325416084151	7.53531564326831
3.9313612835739	3.53924858209779	5.57751500719742	7.53083711877068
3.93777296671359	3.54404921086821	5.57530684954457	7.54933996254031
3.94418464985327	3.53724134751914	5.59363590074895	7.53222408379555
3.95059633299296	3.54306279685304	5.61165343766688	7.54744872683321
3.95700801613265	3.56248612985413	5.62185938241235	7.555965565551
3.96341969927234	3.59688698803881	5.61082814864921	7.55490152213485
3.96983138241202	3.58634180745829	5.62860430113981	7.62709057738498
3.97624306555171	3.58108997666107	5.62041045588055	7.56570216323187
3.9826547486914	3.63681525276776	5.66684874798728	7.60805389536513
3.98906643183109	3.588064971896	5.65545204297702	7.62848292516183
3.99547811497077	3.63614575275194	5.65988230372584	7.62360299098598
4.00188979811046	3.63114494393714	5.65959519003927	7.64677115538214
4.00830148125015	3.58894623561027	5.68153663620419	7.7220262080696
4.01471316438983	3.6431605906652	5.6877375642146	7.68036225037522
4.02112484752952	3.60546220181629	5.69736220342426	7.66570887887576
4.02753653066921	3.62115895447263	5.70392280537868	7.7243350495619
4.0339482138089	3.63562252253258	5.71830263130697	7.68602774048032
4.04035989694858	3.62412335236502	5.71849828800092	7.71684500523993
4.04677158008827	3.68752502647092	5.74479227768628	7.69393907011114
4.05318326322796	3.58128488958691	5.7489590947306	7.74462120442541
4.05959494636764	3.65600844207116	5.75943820039973	7.73842425876512
4.06600662950733	3.65172185460135	5.75934428776842	7.75718026680083
4.07241831264702	3.72533001047842	5.7661520844878	7.79412326179423
4.07882999578671	3.63736627602494	5.77543891018212	7.78642628998514
4.08524167892639	3.687231298987	5.79655995670373	7.79374440658359
4.09165336206608	3.64108574583921	5.8006219350506	7.8342266999121
4.09806504520577	3.68326107328862	5.814454406348	7.83465908631318
4.10447672834546	3.69680982673219	5.82344009245903	7.85477113159059
4.11088841148514	3.70026670543884	5.8507489932898	7.80131021090252
4.11730009462483	3.76941734228578	5.84074832031376	7.8851532523432
4.12371177776452	3.75125168960583	5.85306330355244	7.80600278423438
4.1301234609042	3.68146852093247	5.8559202002251	7.9201997890737
4.13653514404389	3.71871178647916	5.8542475803229	7.90733887261712
4.14294682718358	3.73954163644194	5.8705663473604	7.89717654412486
4.14935851032327	3.73258025936729	5.87415766063644	7.9365860004882
4.15577019346295	3.73482601678967	5.88709272832613	7.92343048500022
4.16218187660264	3.75351584701186	5.91623353477949	7.94299357788209
4.16859355974233	3.76152474207839	5.90297273565999	8.01060784845871
4.17500524288201	3.77668349816475	5.91465022567803	7.9356681339247
4.1814169260217	3.79959339420276	5.93845759927571	7.96131423696214
4.18782860916139	3.7602302550074	5.9449259080144	7.98397482177995
4.19424029230108	3.82739359368495	5.9548737679665	7.99787550511277
4.20065197544076	3.83470734765194	5.94012352727565	8.06524983439201
4.20706365858045	3.81540742720568	5.98051181914644	8.02181066873327
4.21347534172014	3.78256923641065	5.98590111306649	8.04647344918972
4.21988702485982	3.7947270355503	5.98948977721519	8.06489866437023
4.22629870799951	3.86015503134332	5.96660182006836	8.02322737736505
4.2327103911392	3.82055256723561	6.00763844774414	8.07493812070641
4.23912207427889	3.85085664251169	6.01483212758115	8.0794223057338
4.24553375741857	3.77266573072129	6.02001244351285	8.15487691048967
4.25194544055826	3.81387954193567	6.0269129135247	8.11341032265955
4.25835712369795	3.83769742468925	6.0354018654882	8.12800827219753
4.26476880683764	3.85436891602441	6.05547307699988	8.17492979053669
4.27118048997732	3.87269017569534	6.0600980051869	8.17335616328775
4.27759217311701	3.8591586216191	6.08256774127617	8.2325370204259
4.2840038562567	3.90351908666282	6.07444995924682	8.19452091000668
4.29041553939638	3.89034089543712	6.11146373350994	8.17545568875764
4.29682722253607	3.91115390809497	6.09943841718696	8.19848174518783
4.30323890567576	3.88658652172146	6.09990928897549	8.23491604021614
4.30965058881545	3.90821608418598	6.12314576010959	8.27331466367519
4.31606227195513	3.8897480355575	6.13600199841843	8.24671287412768
4.32247395509482	3.90778741548349	6.1438214895748	8.26842644484936
4.32888563823451	3.95065916061949	6.14896829763855	8.26083919121612
4.33529732137419	3.87411005882465	6.15520374301274	8.28380227567819
4.34170900451388	3.93151224098149	6.16268735853218	8.3405562312433
4.34812068765357	3.90920168788719	6.16423731814692	8.34284775890062
4.35453237079326	3.91772888410602	6.16467987661846	8.34697451846028
4.36094405393294	3.88048621960849	6.19217713911887	8.28655393252468
4.36735573707263	3.91321059663406	6.20552906976129	8.32525077374064
4.37376742021232	3.96302219217936	6.20892861001594	8.32622591836721
4.380179103352	3.96688654957873	6.20852780126222	8.36105374570549
4.38659078649169	3.94722743900389	6.2168058519415	8.39586607810254
4.39300246963138	3.97144173454036	6.22253442930105	8.42258070730206
4.39941415277107	4.00773074084225	6.24584998921729	8.42916957604086
4.40582583591075	3.97196913758846	6.25064610226897	8.37495147327301
4.41223751905044	3.98222241118843	6.27820596849253	8.40656003653247
4.41864920219013	4.02839644574354	6.25899394046405	8.45942534864358
4.42506088532982	3.9932958058629	6.28121540378324	8.4877011795897
4.4314725684695	4.05329411440518	6.29015419445063	8.51072461007336
4.43788425160919	4.01068992399678	6.3091363092265	8.48495142055911
4.44429593474888	4.01361739500201	6.31512101409731	8.49993305711557
4.45070761788856	4.01416432571771	6.31484948998623	8.48714032148668
4.45711930102825	4.10288207000345	6.33079777983917	8.5060025229901
4.46353098416794	4.02806636767328	6.35136890315432	8.47686533260633
4.46994266730763	4.01432267604551	6.35739656961247	8.53364639211166
4.47635435044731	4.07308162501715	6.34924831694194	8.57937466547765
4.482766033587	4.00093717069068	6.36622888663477	8.554792994643
4.48917771672669	4.09609857603496	6.37816498674698	8.55521045697521
4.49558939986637	4.09380540023915	6.38012531312018	8.58398821099032
4.50200108300606	4.09561211125528	6.3829642116507	8.61174185262523
