"mitochan"	"lwrNorm"	"medNorm"	"uprNorm"
-1.88999910457734	-2.99969642344823	-2.70550882601728	-2.43615117777185
-1.88381087706544	-2.9920137702899	-2.69696762136582	-2.39929131367261
-1.87762264955355	-2.99096312815972	-2.69100355694164	-2.40334557013469
-1.87143442204165	-2.96727835995251	-2.68207628117351	-2.38838826984617
-1.86524619452975	-2.97440338962628	-2.67792608685035	-2.37247889734541
-1.85905796701786	-2.96628556331821	-2.67034131915481	-2.3838235275088
-1.85286973950596	-2.94737080319372	-2.66434155905475	-2.36697971590641
-1.84668151199407	-2.93768703759386	-2.6455088065558	-2.35420056026705
-1.84049328448217	-2.94509500973144	-2.64990975594617	-2.35679058536799
-1.83430505697027	-2.94539241866451	-2.63583289543229	-2.34389288954544
-1.82811682945838	-2.93140573329799	-2.62676850798224	-2.34338824229555
-1.82192860194648	-2.91174674605511	-2.61986569542389	-2.32652903903979
-1.81574037443459	-2.90701690164258	-2.60792391844806	-2.31972979339728
-1.80955214692269	-2.88236720752635	-2.60186249076276	-2.31563030311042
-1.80336391941079	-2.88468714057304	-2.59175820030386	-2.29790375026519
-1.7971756918989	-2.88093749618612	-2.5887700753427	-2.3032003228504
-1.790987464387	-2.8549565669324	-2.57163139275978	-2.28688232983211
-1.7847992368751	-2.86451409053071	-2.56475642146381	-2.26915994276956
-1.77861100936321	-2.84580514098597	-2.56300594244252	-2.26090169545847
-1.77242278185131	-2.85380376645858	-2.54918399758641	-2.24344167309003
-1.76623455433942	-2.83725687593869	-2.54411025842113	-2.24076244247858
-1.76004632682752	-2.82006300399565	-2.54177029082304	-2.25341411367956
-1.75385809931562	-2.82809554946326	-2.52369494465916	-2.24398628804604
-1.74766987180373	-2.81591854392626	-2.51969523445749	-2.21932838248083
-1.74148164429183	-2.80568911775501	-2.5097304551095	-2.21274237000646
-1.73529341677994	-2.79543492518409	-2.50255107308351	-2.206692382899
-1.72910518926804	-2.79496605231371	-2.48749416298732	-2.20606856845017
-1.72291696175614	-2.77520025129926	-2.48628532228549	-2.18137331596116
-1.71672873424425	-2.77001697890241	-2.47653345398133	-2.18586335124481
-1.71054050673235	-2.75739897579251	-2.46987975564248	-2.17195293270805
-1.70435227922046	-2.75143803920052	-2.4592725890068	-2.17180081554983
-1.69816405170856	-2.75663051259114	-2.44304159615247	-2.13991720376643
-1.69197582419666	-2.75521820037334	-2.43880969137177	-2.14304969082877
-1.68578759668477	-2.71373671888413	-2.42321023142517	-2.1368242308995
-1.67959936917287	-2.72714372463825	-2.42373619619902	-2.13443037043197
-1.67341114166098	-2.71429799291289	-2.41873415295869	-2.12196474379907
-1.66722291414908	-2.69643739870627	-2.4120631566288	-2.10730582640976
-1.66103468663718	-2.6987661229544	-2.39462275509845	-2.11365939903837
-1.65484645912529	-2.69559007993143	-2.3958121734616	-2.09873837728664
-1.64865823161339	-2.67808756960319	-2.39134830156125	-2.10807542747332
-1.6424700041015	-2.67138551355609	-2.37594616247402	-2.0798422881181
-1.6362817765896	-2.6554830742006	-2.37468942658349	-2.0774603883083
-1.6300935490777	-2.63940640469544	-2.35933827879311	-2.05865969594249
-1.62390532156581	-2.65475843788243	-2.34856262856522	-2.06282146932534
-1.61771709405391	-2.63093552992244	-2.34579223070258	-2.06502482117368
-1.61152886654201	-2.60920288508001	-2.33605204565398	-2.03163510422299
-1.60534063903012	-2.61360159929979	-2.32528349695493	-2.04294643528799
-1.59915241151822	-2.60305594073052	-2.32118640182391	-2.02484568132027
-1.59296418400633	-2.59151283049973	-2.30744832550642	-2.02047008842953
-1.58677595649443	-2.58531344611797	-2.30105326897476	-2.0023166120083
-1.58058772898253	-2.58044654147603	-2.2910179072556	-2.00266849386739
-1.57439950147064	-2.57803468788422	-2.28741959371336	-1.99549662289973
-1.56821127395874	-2.54627315197998	-2.27506751883526	-1.97080354123278
-1.56202304644685	-2.56585391916501	-2.27132884470534	-1.97950010927942
-1.55583481893495	-2.55149196789615	-2.25756311340654	-1.97037420431919
-1.54964659142305	-2.53468846271104	-2.24302584354013	-1.95058422060212
-1.54345836391116	-2.53326774209861	-2.24507487038764	-1.95195246168893
-1.53727013639926	-2.52804543321491	-2.23313504830335	-1.94477710874317
-1.53108190888737	-2.52583477989529	-2.23431540768902	-1.93552751228912
-1.52489368137547	-2.5109729321882	-2.22091875249498	-1.93141581614716
-1.51870545386357	-2.49244200184034	-2.20653654663987	-1.92209534297385
-1.51251722635168	-2.49728309007123	-2.19809043553003	-1.91597683266814
-1.50632899883978	-2.46981661351138	-2.19337775634105	-1.89420681469433
-1.50014077132789	-2.46838156491331	-2.18099229157989	-1.89097184631862
-1.49395254381599	-2.46034053970675	-2.177480858356	-1.88687274838821
-1.48776431630409	-2.46010104762305	-2.16294686807161	-1.88650018494408
-1.4815760887922	-2.44773445220427	-2.16058407402844	-1.85282547721437
-1.4753878612803	-2.44897508504816	-2.15620626060405	-1.86455875819916
-1.46919963376841	-2.44028533979345	-2.14320438077358	-1.85354658813033
-1.46301140625651	-2.42422419948389	-2.12690724556234	-1.83680644939149
-1.45682317874461	-2.42925066379574	-2.12623410287777	-1.82979397354773
-1.45063495123272	-2.40738822213729	-2.11838371124284	-1.82755469474297
-1.44444672372082	-2.38545477870655	-2.11224287350582	-1.8114778765954
-1.43825849620893	-2.41512250464058	-2.11055494432309	-1.81068455593581
-1.43207026869703	-2.3990898546312	-2.09627596887552	-1.81334944638348
-1.42588204118513	-2.37066325828839	-2.08732950759637	-1.80520334624945
-1.41969381367324	-2.376473628206	-2.07525253477402	-1.78455372730188
-1.41350558616134	-2.3547773006411	-2.0648378475716	-1.79984581565692
-1.40731735864944	-2.36489554868803	-2.05766298501992	-1.77652909611637
-1.40112913113755	-2.34046975707391	-2.05346474122222	-1.77546817035608
-1.39494090362565	-2.3289548355378	-2.04360115740852	-1.77126156219869
-1.38875267611376	-2.33388636166023	-2.03793265729144	-1.75363990636794
-1.38256444860186	-2.30714871514084	-2.02729529012997	-1.74263188681947
-1.37637622108996	-2.31487188994575	-2.02451245297557	-1.73782049334528
-1.37018799357807	-2.30823801163546	-2.01273950250519	-1.72492708609143
-1.36399976606617	-2.29519241018448	-1.99960639671238	-1.72627629584841
-1.35781153855428	-2.27725147144608	-1.99126495691704	-1.69846280198007
-1.35162331104238	-2.27198628037464	-1.98721196216417	-1.69504294995013
-1.34543508353048	-2.24966460969462	-1.97506290845786	-1.70227396414191
-1.33924685601859	-2.25454234959237	-1.97155753122123	-1.698709471651
-1.33305862850669	-2.24050953061886	-1.96241463022271	-1.68043276291088
-1.3268704009948	-2.24823518374772	-1.94769963757848	-1.6586547556979
-1.3206821734829	-2.2500260823806	-1.94468489877962	-1.65898273373814
-1.314493945971	-2.210876701552	-1.94058656246699	-1.65606433110219
-1.30830571845911	-2.20599550632897	-1.92999735961843	-1.64887970106243
-1.30211749094721	-2.21139045577065	-1.92471706637442	-1.63915438825915
-1.29592926343532	-2.204065891261	-1.91160543012005	-1.62889670956147
-1.28974103592342	-2.18368972329339	-1.90778747538309	-1.61304229792925
-1.28355280841152	-2.17102007432566	-1.8989814426197	-1.6215675284821
-1.27736458089963	-2.18662750596446	-1.88756403538366	-1.60561582551883
-1.27117635338773	-2.16769835959887	-1.88011750299029	-1.60167132058393
-1.26498812587584	-2.13935334268119	-1.86957827653877	-1.5941744342767
-1.25879989836394	-2.14233952717225	-1.87255137199692	-1.5829680224738
-1.25261167085204	-2.14587841198523	-1.85649036458722	-1.58488774505346
-1.24642344334015	-2.13855059793552	-1.84337530023246	-1.57071245828199
-1.24023521582825	-2.1186379729507	-1.83534598528347	-1.55761555356237
-1.23404698831636	-2.11200263148037	-1.8218189305507	-1.55074246259871
-1.22785876080446	-2.10174958331149	-1.82607541995925	-1.54730868215611
-1.22167053329256	-2.09060483594259	-1.8125678944024	-1.51756769230458
-1.21548230578067	-2.09928770651636	-1.80833299472607	-1.52068500796383
-1.20929407826877	-2.0900211268069	-1.80055095559824	-1.51618784135738
-1.20310585075687	-2.07451303983456	-1.7849834473127	-1.5031523074481
-1.19691762324498	-2.0521460229273	-1.77442712370343	-1.49605305908924
-1.19072939573308	-2.05811124552462	-1.77149559513358	-1.49874825935342
-1.18454116822119	-2.03845954697921	-1.76839559309301	-1.47341230533283
-1.17835294070929	-2.04566647491703	-1.75766829893749	-1.46354886376295
-1.17216471319739	-2.04670559971858	-1.74735762560751	-1.44840610659488
-1.1659764856855	-2.04126328587413	-1.7403121785117	-1.46486922187912
-1.1597882581736	-2.01004972213441	-1.7292544187771	-1.45134193305487
-1.15360003066171	-2.01486344098419	-1.72436099896047	-1.44708907250809
-1.14741180314981	-1.99317424058125	-1.71298960205214	-1.42972619006978
-1.14122357563791	-2.01184423036671	-1.70215349283803	-1.4210204854018
-1.13503534812602	-1.99162056348099	-1.69739302077095	-1.4280309448266
-1.12884712061412	-1.98334449868222	-1.6944368715437	-1.40328869405952
-1.12265889310223	-1.96667171420239	-1.68698405811839	-1.40449368749795
-1.11647066559033	-1.96024076368842	-1.66826407435227	-1.39070810786779
-1.11028243807843	-1.93685453213369	-1.65681622419534	-1.36972369043889
-1.10409421056654	-1.92803136358283	-1.65468814490839	-1.36408617229218
-1.09790598305464	-1.94047522085331	-1.65536758411293	-1.35497326352192
-1.09171775554275	-1.91321984095053	-1.64121861080405	-1.33379086265678
-1.08552952803085	-1.91487470334945	-1.63402709530346	-1.32954995433389
-1.07934130051895	-1.90755985782704	-1.62456114791664	-1.33295921746451
-1.07315307300706	-1.9135403720236	-1.61947058362993	-1.33109533348359
-1.06696484549516	-1.89192104709503	-1.60704462751644	-1.32460377917305
-1.06077661798327	-1.88237358698318	-1.59603843640667	-1.31380927868548
-1.05458839047137	-1.88493345508196	-1.59050855883886	-1.30632321583397
-1.04840016295947	-1.86045423244215	-1.58397019517615	-1.30126516574445
-1.04221193544758	-1.84155459290171	-1.57550412744377	-1.29012887640295
-1.03602370793568	-1.8408847078036	-1.55714306540976	-1.27499165996027
-1.02983548042379	-1.83708967903361	-1.56102541142653	-1.28471523704684
-1.02364725291189	-1.83225882336242	-1.5534198392003	-1.26411838260725
-1.01745902539999	-1.82168534844805	-1.54079795136316	-1.26682027154758
-1.0112707978881	-1.81060086602244	-1.53182711663703	-1.22856453214664
-1.0050825703762	-1.79996995776662	-1.52575403511226	-1.25209342084996
-0.998894342864305	-1.80385890033281	-1.51171129563467	-1.23195791617596
-0.992706115352409	-1.78685310750742	-1.50158425094984	-1.22385509932918
-0.986517887840513	-1.77564481846103	-1.49756861124768	-1.21764468375066
-0.980329660328616	-1.75995614075262	-1.48824776021254	-1.20594858319774
-0.97414143281672	-1.7695089082602	-1.48056339589327	-1.19840712197873
-0.967953205304824	-1.75436495118381	-1.47011754151444	-1.18728786783629
-0.961764977792928	-1.75872093869674	-1.46851234126495	-1.18241105331689
-0.955576750281032	-1.73688183589095	-1.45732181790201	-1.17565277190604
-0.949388522769136	-1.73331725458654	-1.44571385228875	-1.15973884195945
-0.94320029525724	-1.7221832957711	-1.44408556192945	-1.15555509120645
-0.937012067745344	-1.7154044746614	-1.43451012289503	-1.1558034668392
-0.930823840233448	-1.71419123698229	-1.42350569549712	-1.13686611643866
-0.924635612721552	-1.70184239009758	-1.41748074314118	-1.13504553344399
-0.918447385209656	-1.68148776651909	-1.40285251151058	-1.1169770179228
-0.91225915769776	-1.6940845610998	-1.39974129693475	-1.11967964626819
-0.906070930185864	-1.67213635126406	-1.39141920687647	-1.11071024962951
-0.899882702673968	-1.64495921238308	-1.38151851199511	-1.09092350902022
-0.893694475162072	-1.65013092202492	-1.37080852874421	-1.08951161447176
-0.887506247650176	-1.64174131948106	-1.36251469859375	-1.08423395013437
-0.88131802013828	-1.63316129990608	-1.35467528424487	-1.08271265030732
-0.875129792626383	-1.62806879360914	-1.34353620949929	-1.07144446962196
-0.868941565114487	-1.64424420276649	-1.35103117156934	-1.05777939708906
-0.862753337602591	-1.60616745936767	-1.33292265194914	-1.04517981434671
-0.856565110090695	-1.59424414168836	-1.32176599102378	-1.0506019421247
-0.850376882578799	-1.59362286806078	-1.31034147268665	-1.02873446282966
-0.844188655066903	-1.5873783401354	-1.30392407227791	-1.02989930862787
-0.838000427555007	-1.57397713853432	-1.29571011844696	-1.02531662107156
-0.831812200043111	-1.57391353351085	-1.29605449964133	-1.0107876872608
-0.825623972531215	-1.5784369283913	-1.27649798751536	-1.00273299070532
-0.819435745019319	-1.55543794567639	-1.27336956997857	-0.980963072618086
-0.813247517507423	-1.54001954251065	-1.26666366010811	-0.995832593555746
-0.807059289995527	-1.53179860380627	-1.25679257562734	-0.982308663501761
-0.800871062483631	-1.53547228148447	-1.24946270428641	-0.96288606653379
-0.794682834971735	-1.52643486337365	-1.24067099303551	-0.950729122142052
-0.788494607459838	-1.51762202957131	-1.23510770212654	-0.94822888216637
-0.782306379947942	-1.50042565819348	-1.22608117271598	-0.93275054250237
-0.776118152436046	-1.484977741201	-1.21911905868605	-0.941194246374681
-0.76992992492415	-1.48532478528136	-1.20694021729899	-0.912969548939053
-0.763741697412254	-1.49387668047966	-1.20072488386393	-0.928545457162341
-0.757553469900358	-1.48222502478407	-1.19680931870298	-0.92540847648266
-0.751365242388462	-1.4490997484434	-1.17864343895494	-0.89633797945619
-0.745177014876566	-1.443817563955	-1.17078065882995	-0.898146409703736
-0.73898878736467	-1.45610216063921	-1.16970436522623	-0.887219615503772
-0.732800559852774	-1.44546607186645	-1.15735064927481	-0.85949421246219
-0.726612332340878	-1.44878554679716	-1.15573118806365	-0.873445827032278
-0.720424104828982	-1.41340623673879	-1.14099762939477	-0.862175538739114
-0.714235877317086	-1.40512301606877	-1.13202644379629	-0.842203725565917
-0.70804764980519	-1.39888333975926	-1.12252211668224	-0.84744154562228
-0.701859422293294	-1.3986381891304	-1.12238938297631	-0.840904629804961
-0.695671194781398	-1.40865585214771	-1.10474278740242	-0.830879354237672
-0.689482967269502	-1.37783028411442	-1.09821155855088	-0.837650545868893
-0.683294739757605	-1.38078044128624	-1.09207803374095	-0.80271938236445
-0.677106512245709	-1.36720673371027	-1.08724987895578	-0.8230669549508
-0.670918284733813	-1.35275408029831	-1.07124413453369	-0.803763881675098
-0.664730057221917	-1.34767873079137	-1.0669548029792	-0.779105844537748
-0.658541829710021	-1.34784210594393	-1.06278909876441	-0.782732212249183
-0.652353602198125	-1.32275638771649	-1.05532714460875	-0.778703614404421
-0.646165374686229	-1.31558273103341	-1.04404069118923	-0.758440578359161
-0.639977147174333	-1.30301543485378	-1.04255809718801	-0.741801988924502
-0.633788919662437	-1.30787419945969	-1.02859936889735	-0.765532348376114
-0.627600692150541	-1.28864463803116	-1.0227913530298	-0.749053912534462
-0.621412464638645	-1.29522462252092	-1.01357799503953	-0.731282162069019
-0.615224237126749	-1.28930990546778	-1.00977632076328	-0.725131056379937
-0.609036009614853	-1.2713395043894	-1.00108037705253	-0.72466205008925
-0.602847782102957	-1.26328959601678	-0.989556580854485	-0.71966624749429
-0.59665955459106	-1.25062821464987	-0.976313533731985	-0.704215448221163
-0.590471327079164	-1.254897543594	-0.967727045648513	-0.691983579832428
-0.584283099567268	-1.23262538838335	-0.96188188763622	-0.69685987916879
-0.578094872055372	-1.21605811010622	-0.954296896286738	-0.672324596328868
-0.571906644543476	-1.2137435499982	-0.951197753505291	-0.678136514767079
-0.56571841703158	-1.20600876753985	-0.936735991324706	-0.660340514823452
-0.559530189519684	-1.19688765606693	-0.925822798124105	-0.645404076590761
-0.553341962007788	-1.19802689325186	-0.919553713122539	-0.649576998089481
-0.547153734495892	-1.19724509116304	-0.908511113032569	-0.627270140028905
-0.540965506983996	-1.17435208837449	-0.896579280883057	-0.627863378024201
-0.5347772794721	-1.1785743003853	-0.89276730142766	-0.624568354857638
-0.528589051960204	-1.15326940870011	-0.88437511404461	-0.600755529993017
-0.522400824448308	-1.15219185868289	-0.876609810007098	-0.606853285114381
-0.516212596936412	-1.15186923423361	-0.870253473112644	-0.597274399672116
-0.510024369424516	-1.130424721693	-0.866033246069457	-0.596417743487469
-0.50383614191262	-1.14230337564318	-0.847003476076631	-0.567082478681886
-0.497647914400724	-1.12109709413342	-0.849900645273518	-0.570056810742967
-0.491459686888827	-1.11646847509183	-0.833306482062133	-0.5587878479328
-0.485271459376931	-1.10203524484145	-0.827915227747673	-0.546539929214509
-0.479083231865035	-1.09553336602913	-0.813864395163043	-0.529585571303876
-0.472895004353139	-1.08472781251697	-0.814051565223862	-0.539188008175843
-0.466706776841243	-1.09079458679365	-0.795048451653203	-0.525043238316737
-0.460518549329347	-1.08134916540369	-0.794239633154309	-0.515520297080499
-0.454330321817451	-1.06818193190241	-0.778487013709927	-0.507807026375889
-0.448142094305555	-1.04770978745201	-0.766309924174875	-0.485765457158063
-0.441953866793659	-1.04436499459382	-0.764483922451871	-0.508455452697673
-0.435765639281763	-1.03729719568679	-0.761819690552617	-0.487227036158409
-0.429577411769867	-1.02920864568744	-0.750711969942778	-0.469208308940774
-0.423389184257971	-1.02011119114946	-0.749727083114837	-0.470335681048659
-0.417200956746075	-1.0061311605713	-0.736387516174857	-0.46123017549896
-0.411012729234179	-1.00792041046252	-0.724097290699045	-0.454815313547394
-0.404824501722282	-1.00033385159181	-0.720567126712989	-0.429717569546121
-0.398636274210386	-0.973259452265139	-0.707242396010455	-0.420231407774116
-0.392448046698491	-0.97745512461103	-0.714832540382161	-0.436183259993959
-0.386259819186594	-0.958980532610168	-0.697715122435224	-0.428001426679096
-0.380071591674698	-0.963764456780302	-0.682808758671043	-0.409955936959075
-0.373883364162802	-0.95563669584456	-0.679198038315764	-0.409232816700976
-0.367695136650906	-0.95642229217668	-0.670608405194186	-0.375343988985819
-0.36150690913901	-0.949635356906894	-0.66595246704656	-0.385111051844952
-0.355318681627114	-0.924939632623003	-0.650019029767211	-0.375062146861139
-0.349130454115218	-0.928826816679725	-0.64551088970069	-0.369639456524148
-0.342942226603322	-0.890564060194414	-0.641324773430317	-0.36732843328298
-0.336753999091426	-0.906897479532777	-0.628129384255547	-0.358536808975956
-0.33056577157953	-0.90421055956599	-0.62236762660145	-0.352352821386714
-0.324377544067634	-0.883882988438142	-0.61068174271992	-0.346289919353122
-0.318189316555738	-0.874831284316454	-0.599552433733008	-0.334523690565614
-0.312001089043842	-0.857768623895483	-0.596152670262828	-0.329524272561046
-0.305812861531946	-0.843122601253982	-0.588512102106753	-0.305584123470644
-0.299624634020049	-0.859115103966415	-0.582507551969381	-0.310427742776799
-0.293436406508153	-0.838766913177251	-0.57035253157981	-0.306655588608866
-0.287248178996257	-0.846335302310384	-0.559225665050348	-0.279799234910118
-0.281059951484361	-0.842010731659582	-0.55966593095332	-0.269849594025722
-0.274871723972465	-0.815783121687338	-0.546226258284825	-0.270111128656984
-0.268683496460569	-0.809990622232457	-0.537956756224746	-0.274328027560091
-0.262495268948673	-0.813045921594248	-0.525310249590124	-0.255657365898085
-0.256307041436777	-0.816853875054812	-0.526506564858478	-0.247418725013106
-0.250118813924881	-0.787481577191073	-0.519165959997901	-0.244875642679741
-0.243930586412985	-0.771030434310307	-0.504547658956634	-0.222034422878044
-0.237742358901089	-0.761675246880776	-0.500066559817793	-0.221812340307258
-0.231554131389193	-0.785338578525024	-0.492474412340527	-0.204715438478921
-0.225365903877297	-0.75319854325416	-0.48146509836264	-0.218119114817868
-0.219177676365401	-0.734760185002669	-0.465801718616182	-0.209728791361409
-0.212989448853505	-0.747891564530379	-0.465783165734388	-0.203117147828215
-0.206801221341609	-0.73469945952193	-0.451392244012492	-0.168630575128046
-0.200612993829713	-0.710124783943056	-0.44710166773278	-0.175156346677076
-0.194424766317816	-0.705754591490777	-0.437434665771294	-0.15927108679788
-0.18823653880592	-0.702377953650683	-0.426063900922732	-0.153221759182358
-0.182048311294024	-0.702016157691536	-0.428629278204525	-0.141420013454295
-0.175860083782128	-0.683708947729944	-0.406611234711549	-0.148723797767661
-0.169671856270232	-0.675425644397909	-0.406073207542221	-0.139521616359059
-0.163483628758336	-0.664870903306359	-0.393671769933465	-0.135224437983109
-0.15729540124644	-0.663847993357216	-0.383755935704285	-0.106765488782382
-0.151107173734544	-0.644086321522854	-0.379421059401004	-0.11398149142475
-0.144918946222648	-0.657874430352925	-0.372718500347732	-0.0944654293204934
-0.138730718710752	-0.635567687360828	-0.362148029767417	-0.0860647019544856
-0.132542491198856	-0.642195242427194	-0.349539897629706	-0.0839418253854533
-0.12635426368696	-0.627473394232068	-0.351484662177662	-0.0651624411108261
-0.120166036175064	-0.612152895132169	-0.347396159346553	-0.0545551582523829
-0.113977808663168	-0.606340086851158	-0.33232572045472	-0.0572332662083826
-0.107789581151271	-0.604056436141476	-0.328134005034556	-0.0506705330225075
-0.101601353639375	-0.596050931711191	-0.31502304162926	-0.0481616140586725
-0.0954131261274793	-0.573490135493878	-0.306213457089675	-0.0124469009798136
-0.0892248986155832	-0.572730045206367	-0.301266183666956	-0.0275225903533486
-0.0830366711036872	-0.562241683001683	-0.289243548897542	-0.021565179653234
-0.0768484435917911	-0.561799023600585	-0.288427751154241	-0.0195634934478302
-0.070660216079895	-0.5395781496137	-0.267676331413755	0.00687824339880748
-0.064471988567999	-0.525482592832843	-0.264233203585727	0.00830578944219231
-0.0582837610561029	-0.521628792449253	-0.258007703774284	0.018626742102041
-0.0520955335442068	-0.514237098503036	-0.248065337160272	0.0279474868640396
-0.0459073060323107	-0.524375041986803	-0.239587305576266	0.0237069146616195
-0.0397190785204149	-0.500376993872754	-0.229501610860798	0.0306947400224149
-0.0335308510085188	-0.503827469980803	-0.2225483516476	0.0440232349430064
-0.0273426234966228	-0.500227481795098	-0.216493484718237	0.0541728386484519
-0.0211543959847267	-0.482341916359361	-0.206754919447487	0.0645449958914111
-0.0149661684728306	-0.47482183144478	-0.184536201172728	0.0845378582133424
-0.00877794096093454	-0.45943974813312	-0.186357078856815	0.0901917661720056
-0.00258971344903847	-0.44683917736105	-0.175118490354376	0.0946290297858054
0.0035985140628576	-0.432361335414193	-0.166611187392703	0.108137785949109
0.00978674157475368	-0.443705285559546	-0.167369103556575	0.10281303291182
0.0159749690866497	-0.43079953029349	-0.153991812016585	0.122744452538681
0.0221631965985458	-0.417033308151598	-0.146301494068595	0.136257559898445
0.0283514241104419	-0.406740794415476	-0.141286863792777	0.129039226071264
0.034539651622338	-0.390743351687392	-0.1345677646995	0.139158341944437
0.040727879134234	-0.383398304357609	-0.121810593573683	0.141135724004139
0.0469161066461301	-0.372380506110861	-0.115528808691105	0.161745408816926
0.0531043341580262	-0.385878934143697	-0.112291989869807	0.168879511158514
0.0592925616699223	-0.377007083414261	-0.0980786032968348	0.175308370260985
0.0654807891818183	-0.353019510239868	-0.099556713082967	0.184628736027712
0.0716690166937144	-0.370974962821022	-0.087255353549361	0.186504053651977
0.0778572442056105	-0.337808110183199	-0.0671490628802376	0.208939155432248
0.0840454717175065	-0.343897254031847	-0.0712734812038473	0.211594741744025
0.0902336992294026	-0.346942857451494	-0.0583859328685085	0.214069025432067
0.0964219267412987	-0.332222748400891	-0.0514038980640723	0.244176367004215
0.102610154253195	-0.310059584348033	-0.036509002685634	0.248567467063007
0.108798381765091	-0.318776002409569	-0.0392962467340735	0.228543934360986
0.114986609276987	-0.292789888568195	-0.0320939100972251	0.237503011367099
0.121174836788883	-0.299132713954664	-0.0258953189243024	0.25394345582311
0.127363064300779	-0.278093408790015	-0.00792917320038679	0.259102414881543
0.133551291812675	-0.259408723094056	0.00611040860197332	0.271600711926405
0.139739519324571	-0.265200130697737	0.0109105369812111	0.268375319783973
0.145927746836467	-0.263974534940078	0.0190171921449663	0.291307577606664
0.152115974348363	-0.249720925413026	0.0269547663481478	0.288834118311184
0.158304201860259	-0.20746169269421	0.035686686619944	0.296588257543393
0.164492429372155	-0.233041933688167	0.0498713109021633	0.313674537433197
0.170680656884052	-0.205334996499155	0.0552395296019409	0.323854375048683
0.176868884395947	-0.223251492663393	0.0587184396450032	0.334373951688132
0.183057111907844	-0.196106796388311	0.0637337050984355	0.348629904981651
0.18924533941974	-0.193318245378824	0.0816810173800795	0.346847443274096
0.195433566931636	-0.174737624960638	0.0885192401117283	0.359423115317389
0.201621794443532	-0.182614085635323	0.0938548313889287	0.353175620607087
0.207810021955428	-0.173519740826693	0.107570403184814	0.390215228277812
0.213998249467324	-0.157816245684901	0.110315017571802	0.380768334633629
0.22018647697922	-0.15985245246666	0.115712974489419	0.399593068906913
0.226374704491116	-0.145181598183326	0.132317627888082	0.401569281107798
0.232562932003012	-0.130171883419063	0.135087599903856	0.405623829365399
0.238751159514908	-0.12585037507694	0.144724963614568	0.410898702071475
0.244939387026804	-0.141396652107569	0.149791018080979	0.423635139173779
0.2511276145387	-0.111320497547543	0.15754920892273	0.427225632056209
0.257315842050596	-0.106856973954833	0.166541724709305	0.436005285938728
0.263504069562492	-0.0958372021384026	0.179296226233879	0.461315475053929
0.269692297074388	-0.0926792142971879	0.178277924693111	0.459807533189115
0.275880524586285	-0.0809386621638019	0.186755810116848	0.456586211510352
0.28206875209818	-0.0705154462928787	0.204508996131353	0.468457023424068
0.288256979610077	-0.0675330099400412	0.213509201868798	0.477597684163656
0.294445207121973	-0.0408352306815188	0.212286846083245	0.476485826580004
0.300633434633869	-0.0367540340443248	0.220378702441989	0.497488533973409
0.306821662145765	-0.0447640543565531	0.229754047788275	0.497601164607974
0.313009889657661	-0.0214007934394439	0.241774403775993	0.507250086795198
0.319198117169557	-0.0278272400211437	0.248013290090047	0.517760966162242
0.325386344681453	-0.0279550136403204	0.259367069524252	0.531887380976308
0.331574572193349	0.00257306416346098	0.266005380021418	0.546951632402932
0.337762799705245	0.00412790947679812	0.269815300359096	0.533795432844368
0.343951027217141	0.0153696587940686	0.283763811743189	0.557626346109653
0.350139254729037	0.0287408940049293	0.288475602999111	0.575602501940341
0.356327482240933	0.0240189529234146	0.298972017523495	0.566364443971655
0.36251570975283	0.0347420285183874	0.308964902863748	0.577099335153399
0.368703937264725	0.0609179199046838	0.315743087834472	0.586668851853802
0.374892164776622	0.0571397970032961	0.315042183209638	0.594988878734965
0.381080392288518	0.0468896700758148	0.336497057524528	0.605807797321691
0.387268619800414	0.057891366913019	0.342922824848177	0.604707295707498
0.39345684731231	0.078473297161581	0.353638537035336	0.624750773761642
0.399645074824206	0.0889230797286136	0.354308335222776	0.640484677250266
0.405833302336102	0.0941856156596372	0.354900778970312	0.632330014153676
0.412021529847998	0.0973032939110795	0.367802328568204	0.63786681591691
0.418209757359894	0.103834254084777	0.381403697399164	0.660614433417318
0.42439798487179	0.120213375131494	0.389484756119666	0.670087209565054
0.430586212383686	0.129868492633024	0.404381414724197	0.670350459671041
0.436774439895582	0.129780702332973	0.410184300193841	0.678648602226297
0.442962667407478	0.147898486485473	0.414538294638652	0.685559083817923
0.449150894919374	0.147523905442234	0.425093337526036	0.704284325819822
0.45533912243127	0.150265472446711	0.428545967552373	0.685323422143043
0.461527349943166	0.16843039325894	0.439267254355914	0.708899242640471
0.467715577455063	0.182192722745861	0.44648059903775	0.721442224356194
0.473903804966958	0.181605248859393	0.454606858390993	0.72452307577185
0.480092032478855	0.206061274400868	0.464666886691573	0.747520502090762
0.48628025999075	0.191365862808181	0.477864146394217	0.7329497740487
0.492468487502647	0.207911277909475	0.480784949575542	0.750048954140386
0.498656715014543	0.216473993107312	0.490237924365113	0.761710592529831
0.504844942526439	0.225823006676363	0.498561249808459	0.752796963415495
0.511033170038335	0.22342189589652	0.505790449026089	0.775065371357934
0.517221397550231	0.244570013066729	0.509632500493806	0.780168656757895
0.523409625062127	0.258651375165913	0.532993716028908	0.798588076617812
0.529597852574023	0.25820397092323	0.528743165245011	0.79638402400875
0.535786080085919	0.251352536559848	0.530223629984236	0.813987514983984
0.541974307597815	0.268788961256449	0.545033736480389	0.820802579654256
0.548162535109711	0.288015668240338	0.557298482502509	0.820814524677274
0.554350762621608	0.281618642835655	0.556871876659147	0.833348060017431
0.560538990133503	0.302085784658877	0.573750442999646	0.847529268917287
0.5667272176454	0.303799030701105	0.587263594064096	0.865493431300546
0.572915445157296	0.331345345675764	0.595895286227555	0.867517280612047
0.579103672669191	0.323132197161062	0.590837542306949	0.869997075009155
0.585291900181088	0.331109098536327	0.607414080938658	0.881182777989156
0.591480127692984	0.355118085452406	0.613958005368134	0.890024355103604
0.59766835520488	0.343019808112656	0.621403133684945	0.898957811441941
0.603856582716776	0.371297158750119	0.62730988102098	0.886942446503492
0.610044810228672	0.366958304986925	0.64742171375371	0.916611859941247
0.616233037740568	0.378343726870092	0.647778913603069	0.905783765251801
0.622421265252464	0.400488110972081	0.650212819483589	0.920382781376983
0.62860949276436	0.388024099093936	0.665531209523611	0.947117379493353
0.634797720276256	0.402355435089065	0.675527129954771	0.931257711940541
0.640985947788152	0.409939063385581	0.681222258049108	0.9396311109857
0.647174175300048	0.417880146883856	0.687931213194697	0.965928157139903
0.653362402811944	0.413279753594598	0.696659265403408	0.959175623068455
0.65955063032384	0.435697246362169	0.699662665105494	0.977268035025199
0.665738857835736	0.449367326987448	0.712857158364796	0.983651010745611
0.671927085347633	0.470209414866588	0.721221329168487	0.988473574620475
0.678115312859529	0.457920798699777	0.728920753102266	1.0075748920728
0.684303540371425	0.457078998402227	0.734821428356522	1.00076946796482
0.690491767883321	0.468795889311101	0.7457546931114	0.999442647501304
0.696679995395217	0.482618694501594	0.752729932851712	1.02203743436199
0.702868222907113	0.486610607319865	0.767482627572581	1.04854454114771
0.709056450419009	0.504226725938523	0.77261298091249	1.04380091152189
0.715244677930905	0.516112385692644	0.769891471239436	1.05575406456936
0.721432905442801	0.529273934469437	0.787043250828938	1.05318686571343
0.727621132954697	0.527797327899016	0.795054946085041	1.08514323494851
0.733809360466593	0.529425467049089	0.804049403830266	1.07018642006542
0.739997587978489	0.546505139200994	0.815095503367396	1.08448484571415
0.746185815490386	0.55105625337544	0.819937609782282	1.08583068676181
0.752374043002281	0.560758664840507	0.821899700582536	1.0989571934616
0.758562270514177	0.567405011981622	0.836367191798324	1.09967078890934
0.764750498026074	0.562811658736229	0.847963776364938	1.11734617763136
0.770938725537969	0.574717078152544	0.845860231162077	1.12084740503904
0.777126953049866	0.586577314415234	0.862677420398823	1.12358725907473
0.783315180561762	0.590301130827519	0.861812743589594	1.13950842174149
0.789503408073658	0.604584458987966	0.874198712190699	1.1446851916729
0.795691635585554	0.599673988163633	0.890454229505607	1.16295899024535
0.80187986309745	0.622992668566325	0.900630094749605	1.16859038747863
0.808068090609346	0.646559103876833	0.90456484679486	1.19085740230194
0.814256318121242	0.638355593331265	0.908458933005199	1.18184213997767
0.820444545633138	0.64932323418951	0.924129117573649	1.19086600951555
0.826632773145034	0.662186821637652	0.930698856862985	1.1984244174054
0.83282100065693	0.666990020200058	0.936361524516932	1.20929763035049
0.839009228168826	0.6744187083669	0.943787908664077	1.20562207856389
0.845197455680722	0.673112454639883	0.954203121535795	1.22396686532558
0.851385683192619	0.690112887052989	0.958789845682377	1.22240090033153
0.857573910704514	0.682156070441599	0.969313977948495	1.24071011438073
0.863762138216411	0.689574983526011	0.98288722741948	1.25171349948387
0.869950365728307	0.721230685068678	0.98856177260332	1.27865757578522
0.876138593240203	0.724784863633884	0.999442081818927	1.25684022575408
0.882326820752099	0.725663904172213	1.00257451635798	1.27363253083054
0.888515048263995	0.736144274444007	1.00952489167987	1.28618607879489
0.894703275775891	0.750546424418978	1.01664002988709	1.28180495147677
0.900891503287787	0.771429781238487	1.02396359276832	1.29761768117348
0.907079730799683	0.761369534836672	1.03965005412514	1.29156994044472
0.913267958311579	0.788597313509116	1.04823072485748	1.31550773210549
0.919456185823475	0.788367556834512	1.05427329695876	1.31755500418712
0.925644413335371	0.790709307923165	1.06186114152761	1.33819942343937
0.931832640847267	0.799575191138943	1.07530880346057	1.33713772488633
0.938020868359163	0.805575721793742	1.07460886672094	1.34788076382734
0.944209095871059	0.813303200795703	1.08178487322985	1.36040572945699
0.950397323382955	0.824379297429728	1.0908975135451	1.36561164160313
0.956585550894852	0.837474455572166	1.09999951776215	1.37322118340292
0.962773778406747	0.843567504161797	1.1109966481829	1.38147768418296
0.968962005918644	0.854051135791145	1.11782328899157	1.38556663797134
0.97515023343054	0.862501894509553	1.12531098504978	1.40580315370117
0.981338460942436	0.868095727516364	1.13501886112899	1.40293800159267
0.987526688454332	0.880496211274464	1.14745385016512	1.40496261003881
0.993714915966228	0.882268782899594	1.15192547198967	1.43208744704526
0.999903143478124	0.891272976702029	1.16138285556287	1.43549569566437
1.00609137099002	0.89957439460128	1.1664839504036	1.44904077929285
1.01227959850192	0.894293027902686	1.16825423326998	1.44102010134004
1.01846782601381	0.907885633309133	1.18710354534545	1.45048150851815
1.02465605352571	0.934626907094507	1.18792209678592	1.464805643678
1.0308442810376	0.933220534208884	1.20277872814485	1.47117308443194
1.0370325085495	0.950550570920186	1.21470173483653	1.48532671954349
1.0432207360614	0.94853910501656	1.21809981286078	1.49117573486122
1.04940896357329	0.959947187949338	1.22274815246934	1.48913236763622
1.05559719108519	0.971266348163776	1.235031865491	1.50678072518305
1.06178541859708	0.97705787457602	1.24169956537459	1.51039995107721
1.06797364610898	0.989510239822181	1.25159149312347	1.51591368962764
1.07416187362088	0.980921410619729	1.2613820119303	1.52414461588493
1.08035010113277	0.985794725334486	1.26845141827936	1.54559804518699
1.08653832864467	1.01216160445254	1.2747173070824	1.54552161484494
1.09272655615657	1.03419482823297	1.2867909293092	1.54190087746515
1.09891478366846	1.03249038912289	1.29150175473196	1.55796881179972
1.10510301118036	1.02712178685689	1.30112901413704	1.57076153274143
1.11129123869225	1.02853546136478	1.30516646888622	1.56930683066156
1.11747946620415	1.04156443233018	1.32040581776627	1.58551486428527
1.12366769371605	1.06075453757502	1.32152722222729	1.60977252997007
1.12985592122794	1.07231619319057	1.3354796985473	1.60216121484659
1.13604414873984	1.0734609394811	1.33643087382663	1.59736681292469
1.14223237625173	1.08329414042754	1.35074385331845	1.63057481389678
1.14842060376363	1.08523708113667	1.35403594046175	1.63206660294788
1.15460883127553	1.0977988550733	1.37012114122636	1.64320412203029
1.16079705878742	1.0887581953515	1.37340815143761	1.64880145178925
1.16698528629932	1.10101485044392	1.38058560338522	1.64856249640424
1.17317351381121	1.13092823729768	1.39501252947014	1.6602292131406
1.17936174132311	1.14124329472947	1.39890418861353	1.67640344953992
1.18554996883501	1.14695180326154	1.41397122423002	1.68378250966066
1.1917381963469	1.1365275362614	1.41372216271263	1.69468710314164
1.1979264238588	1.1628115874472	1.42318586627734	1.69439117693693
1.20411465137069	1.17584532997389	1.42901478822273	1.72113777279274
1.21030287888259	1.18400455769035	1.44298909581264	1.7101388907241
1.21649110639449	1.17361417088009	1.45236194241107	1.72048725234993
1.22267933390638	1.1919620399893	1.4568277589249	1.73906826843806
1.22886756141828	1.19736603080646	1.47107789083022	1.74363936082027
1.23505578893017	1.21780927283706	1.47041996193737	1.73398479668913
1.24124401644207	1.21438245881896	1.4863849536264	1.75416957463014
1.24743224395397	1.21972272049562	1.49413403103198	1.73881486691065
1.25362047146586	1.2296300779168	1.49967476505722	1.77446828761793
1.25980869897776	1.23805277821798	1.5065335669311	1.7735641777901
1.26599692648965	1.24992542910128	1.51394967186535	1.78769923567145
1.27218515400155	1.25121170967833	1.52121896779004	1.8058402914516
1.27837338151345	1.26043396368301	1.52964557926412	1.8108445472254
1.28456160902534	1.27379754364934	1.54274646771185	1.81160781261834
1.29074983653724	1.28362289550585	1.54793320860146	1.81176114929529
1.29693806404913	1.2906366648686	1.55520197049399	1.82141017912853
1.30312629156103	1.30480310744843	1.5721232198728	1.84906149480981
1.30931451907293	1.30816254849598	1.57136149528529	1.82463855660244
1.31550274658482	1.3051070050951	1.57890670961582	1.85266934614285
1.32169097409672	1.32431730553865	1.58847413296289	1.86305882230659
1.32787920160862	1.32963959549846	1.6008707161825	1.89542513314499
1.33406742912051	1.32923861152833	1.61159071827945	1.87378819573528
1.34025565663241	1.36006753742171	1.61797375691731	1.87818601668685
1.3464438841443	1.37214406673283	1.6218739120166	1.88497477756799
1.3526321116562	1.36671548234837	1.62951415102054	1.89112529957502
1.3588203391681	1.35753004695791	1.64103092610563	1.89144407232809
1.36500856667999	1.37022162469256	1.64677178167504	1.93790732179326
1.37119679419189	1.39531208186248	1.65668429193798	1.91948809628961
1.37738502170378	1.38667710209844	1.67033582410014	1.94590516180564
1.38357324921568	1.39895009147075	1.66906918457179	1.92816048040962
1.38976147672758	1.41505363782489	1.67821961591687	1.95096041334459
1.39594970423947	1.4042518972348	1.68673509444177	1.96068936118851
1.40213793175137	1.42081225724804	1.69681793439467	1.97125736594984
1.40832615926326	1.43599668563297	1.70541994027691	1.9820779947206
1.41451438677516	1.46246349103121	1.7127429235012	1.99003943453561
1.42070261428706	1.45801393061093	1.71950540028898	1.99100907029777
1.42689084179895	1.47502076345956	1.73694071337584	2.00495048534592
1.43307906931085	1.48568846543565	1.74304720181422	1.99720905377732
1.43926729682274	1.48784718692125	1.75075998406503	2.02085140540385
1.44545552433464	1.48801188407886	1.75832847675922	2.03826867067013
1.45164375184654	1.49464272631466	1.75765380015525	2.0336438443002
1.45783197935843	1.50341173664911	1.77305582435102	2.03755475597862
1.46402020687033	1.50201759077312	1.78479759474088	2.04573898632084
1.47020843438222	1.50651418226286	1.79016597442323	2.03929764421695
1.47639666189412	1.52555795630343	1.79464062944225	2.05519795044997
1.48258488940602	1.53432262567933	1.80376388526846	2.09345427223835
1.48877311691791	1.53208602029874	1.81639344830535	2.08894080188598
1.49496134442981	1.55817436955616	1.8224287455016	2.09260921020677
1.5011495719417	1.5628664706302	1.82593008799865	2.10401423214839
1.5073377994536	1.57150140954467	1.83450203668232	2.11669779965552
1.5135260269655	1.57160878188038	1.84364368699298	2.12164153201673
1.51971425447739	1.5767245077889	1.85410101014264	2.12478047007461
1.52590248198929	1.59874919106867	1.85885243309107	2.1280774377901
1.53209070950119	1.59563918442883	1.87322996345075	2.13464006030796
1.53827893701308	1.60077163909255	1.87898123235924	2.14685654651492
1.54446716452498	1.61777527822182	1.89093001430277	2.17944222499701
1.55065539203687	1.60825761828599	1.88829019542866	2.16575693638756
1.55684361954877	1.63458125282423	1.90191866894747	2.17245923352222
1.56303184706067	1.64641815969199	1.92081321572537	2.18897696773517
1.56922007457256	1.65031946672223	1.92527642275042	2.18846060538358
1.57540830208446	1.65578123573762	1.92630971651966	2.19958015053011
1.58159652959635	1.66178552482456	1.94465394577672	2.2098812542986
1.58778475710825	1.68820787181055	1.9463680810397	2.20708016405064
1.59397298462015	1.68795439839608	1.96010554885586	2.22561661565569
1.60016121213204	1.697126567592	1.96744390658621	2.23548003709517
1.60634943964394	1.68500980376752	1.96547380688375	2.2337653531055
1.61253766715583	1.72585603681342	1.9785565240794	2.26739425571163
1.61872589466773	1.71822241043861	1.98374800749957	2.25990927283314
1.62491412217963	1.73419822099492	1.99337009497673	2.27342480313173
1.63110234969152	1.74073346168	2.00709229022999	2.28066905660448
1.63729057720342	1.73675506451838	2.01245745512132	2.28190815768214
1.64347880471531	1.7449039051617	2.02046431859932	2.28715395098626
1.64966703222721	1.76171769268714	2.03426877636198	2.31433873890943
1.65585525973911	1.7551959936745	2.02703383786104	2.31490932658286
1.662043487251	1.76940000187937	2.03845048376641	2.31775373073215
1.6682317147629	1.77391970898812	2.05825919010665	2.32486555430083
1.6744199422748	1.80171759217554	2.06724737952019	2.33648216551676
1.68060816978669	1.81631853652875	2.0706662889939	2.33387697662454
1.68679639729859	1.80545892058276	2.08024852092865	2.35594654256179
1.69298462481048	1.81441528707991	2.08861454755779	2.36113190627513
1.69917285232238	1.82848344092594	2.09531923916436	2.3574711205779
1.70536107983428	1.84465679513714	2.10851564175429	2.37046753489161
1.71154930734617	1.85136727148889	2.11586316599	2.37748348038148
1.71773753485807	1.85084986879128	2.122541634555	2.38505915564005
1.72392576236996	1.85902932174398	2.12407313187915	2.39760510480046
1.73011398988186	1.86226159801391	2.13951412575731	2.42339912645053
1.73630221739376	1.8657351468752	2.14776589628701	2.42533806339916
1.74249044490565	1.88375015041148	2.15898464085792	2.42443948377883
1.74867867241755	1.8863020360226	2.16592970831122	2.42876023945248
1.75486689992944	1.89720318057599	2.17209804616839	2.42986630855573
1.76105512744134	1.90800552866881	2.17906517946783	2.44493712873306
1.76724335495324	1.92669880360166	2.18559933290704	2.45977723908456
1.77343158246513	1.92265324385162	2.19022432176929	2.46630165997427
1.77961980997703	1.93116546806414	2.20576396615474	2.48369272791068
1.78580803748892	1.9473492283256	2.22220374480248	2.48537096687857
1.79199626500082	1.94295092447612	2.22416464350712	2.49985917437811
1.79818449251272	1.94944659348935	2.22855077898565	2.50458295512694
1.80437272002461	1.95289849164719	2.24169390673156	2.51862508670611
1.81056094753651	1.97482801881873	2.24553069853207	2.51672402427099
1.8167491750484	1.99594442375254	2.2552854138448	2.51155654557226
1.8229374025603	1.98926007094852	2.25697485198154	2.54122721652998
1.8291256300722	1.99638220640242	2.26581186276461	2.53539762288247
1.83531385758409	1.99500282354971	2.2789456114533	2.54939128555578
1.84150208509599	1.99816436126377	2.28471962811531	2.56084621573346
1.84769031260788	2.0344452058046	2.29748739035162	2.55400516606642
1.85387854011978	2.02825198770339	2.30264737120292	2.57822000040218
1.86006676763168	2.03013055873424	2.30827540575484	2.57628691099731
1.86625499514357	2.06280280046006	2.32040188588813	2.59242491530015
1.87244322265547	2.06446423608417	2.33224459663114	2.60765221161168
1.87863145016737	2.06119457325656	2.33765612573036	2.61005801264675
1.88481967767926	2.0903076978081	2.34664256546839	2.60926117812823
1.89100790519116	2.07858652578602	2.35233122217289	2.61514064658256
1.89719613270305	2.07972517179218	2.36032226440728	2.62427383217872
1.90338436021495	2.10469313214309	2.36720063904529	2.63793496280166
1.90957258772685	2.11665230205283	2.37976881132082	2.65070658672362
1.91576081523874	2.10455710210077	2.38743347089701	2.67422240123818
1.92194904275064	2.11918537034602	2.39202765415831	2.65295504278844
1.92813727026253	2.14320987298026	2.39949844702522	2.67778744605676
1.93432549777443	2.13413004503676	2.41131995011476	2.69680760833328
1.94051372528633	2.13331393550551	2.42346989767573	2.68649113941934
1.94670195279822	2.15250201657507	2.43173522343413	2.69897241444441
1.95289018031012	2.17145792824306	2.44178472377798	2.7098077401381
1.95907840782201	2.15489630197093	2.4490368086409	2.72417761630802
1.96526663533391	2.18144976350489	2.45288705945721	2.73162782057005
1.97145486284581	2.18273666791494	2.45757166774177	2.72962614612556
1.9776430903577	2.18841912216422	2.47258975047554	2.75053677576825
1.9838313178696	2.20272380478505	2.47534300849193	2.74118808320955
1.99001954538149	2.21030858857087	2.4769817062898	2.76032032035511
1.99620777289339	2.19818832716923	2.48522315460018	2.7615695583987
2.00239600040529	2.25086822498281	2.50965733694725	2.78091728387138
2.00858422791718	2.23182408952316	2.50822718405883	2.78863602794387
2.01477245542908	2.25400404206708	2.51640839409458	2.7827554033169
2.02096068294097	2.25608504091853	2.52482064987005	2.79509901423749
2.02714891045287	2.27324808045375	2.53569776723967	2.80113227003344
2.03333713796477	2.27000777466529	2.54605726380145	2.81053317114846
2.03952536547666	2.26904675914815	2.55903132880657	2.82387613232687
2.04571359298856	2.29296442501807	2.56155201232727	2.83757287821431
2.05190182050045	2.30424651580502	2.57365918740471	2.84016245675041
2.05809004801235	2.29139562481515	2.57655424091745	2.84088151296653
2.06427827552425	2.3234715954003	2.58257628085005	2.86850367706956
2.07046650303614	2.31587219676758	2.5901114653071	2.87250438195771
2.07665473054804	2.33622211928047	2.6053041725214	2.86845079289037
2.08284295805994	2.33313385493824	2.60381897646975	2.87079817874999
2.08903118557183	2.35076283645245	2.61423077556302	2.88317437401462
2.09521941308373	2.36277922870217	2.62378345034976	2.89658995660393
2.10140764059562	2.3594770672405	2.62459184142642	2.90677651094892
2.10759586810752	2.35682605539099	2.63844355933068	2.91503951561584
2.11378409561942	2.36680577858359	2.6531178583145	2.935751857876
2.11997232313131	2.38233582200223	2.66441938310118	2.92749522229378
2.12616055064321	2.39344347826361	2.66753805931549	2.94404198239065
2.1323487781551	2.40335170480445	2.68133378658612	2.94720627363599
2.138537005667	2.43077175928745	2.68191367209761	2.95950889483781
2.1447252331789	2.41447695707892	2.69472998427297	2.96260904288439
2.15091346069079	2.41962814401627	2.70187633946613	2.98787735019123
2.15710168820269	2.43824185665564	2.70761220130254	2.97881260478975
2.16328991571458	2.44396644255518	2.70864531087818	2.98500900592644
2.16947814322648	2.44334822958712	2.72178950041519	3.00264981340327
2.17566637073838	2.44309969186002	2.72629253077615	3.00634758145219
2.18185459825027	2.47566190945161	2.73863465305973	3.0236772341868
2.18804282576217	2.48015979978623	2.74191431601912	3.03331625562369
2.19423105327406	2.48083132784121	2.76138074690232	3.02894303480679
2.20041928078596	2.4946468693741	2.7591448359462	3.05013853835499
2.20660750829786	2.50435146310827	2.77338080105861	3.05513423239601
2.21279573580975	2.50098399497874	2.77746289705532	3.06268022639501
2.21898396332165	2.52961170810958	2.80031082073908	3.07980872195543
2.22517219083354	2.52665578275705	2.80042299525748	3.07017655460416
2.23136041834544	2.53232599442291	2.80402200110951	3.07110054335284
2.23754864585734	2.54959715986591	2.82446665230399	3.08287614111562
2.24373687336923	2.55060456209849	2.82435567972067	3.10730587155406
2.24992510088113	2.55406105259009	2.82426502154073	3.09947493986716
2.25611332839303	2.56651172329035	2.8417055710824	3.1239756371705
2.26230155590492	2.5681347602895	2.84733543004213	3.12539648877305
2.26848978341682	2.57477266639458	2.85688355818538	3.13648675187913
2.27467801092871	2.59975162468151	2.86748764009909	3.1491596975941
2.28086623844061	2.59303708303591	2.87047641894662	3.14074926170151
2.2870544659525	2.61709040979985	2.88365377861629	3.15048009942888
2.2932426934644	2.61241744017074	2.88598832015821	3.16752929387363
2.2994309209763	2.62463232115932	2.89426224252612	3.18072440755919
2.30561914848819	2.62012132565079	2.9060044280946	3.18867644286272
2.31180737600009	2.62835913261441	2.91088478370199	3.19984654178208
2.31799560351199	2.64397655300038	2.91770497680583	3.1900752303467
2.32418383102388	2.66602173945738	2.93373793035386	3.20918253512268
2.33037205853578	2.65920949505722	2.93972223166737	3.20046872815909
2.33656028604767	2.68077275124015	2.94497233739921	3.22246062925026
2.34274851355957	2.677661803688	2.94917640620077	3.24234978107536
2.34893674107147	2.67588000639266	2.96459083319502	3.23416667764673
2.35512496858336	2.70877042083663	2.97259879649242	3.2385052660087
2.36131319609526	2.70040770128477	2.9851553837784	3.26294755901293
2.36750142360715	2.69815138350718	2.99027972633719	3.27627375473234
2.37368965111905	2.72948867949239	2.99259975634579	3.26084733454834
2.37987787863095	2.72823277654051	2.99852459300464	3.2936491826313
2.38606610614284	2.72581055061643	3.01814065621603	3.30091816686477
2.39225433365474	2.74111847476464	3.02358488099485	3.29127997695846
2.39844256116663	2.75513079721629	3.03299411283384	3.30223803475398
2.40463078867853	2.76399597634153	3.03819894243764	3.30919436904952
2.41081901619043	2.78463100681053	3.05644469748853	3.32960603749351
2.41700724370232	2.78101464051564	3.05747782742692	3.33221109437586
2.42319547121422	2.76956432241446	3.06142694834878	3.34508351538842
2.42938369872611	2.79625481444406	3.07729200804142	3.35444038111855
2.43557192623801	2.79553594646465	3.08569398595379	3.35990118362727
2.44176015374991	2.79821775670811	3.09340016932911	3.3677787223909
2.4479483812618	2.82659902212069	3.09370451516696	3.38180290264496
2.4541366087737	2.83376939991392	3.10490994210724	3.38334323236292
2.4603248362856	2.83798025839021	3.11099795422245	3.38676831096755
2.46651306379749	2.85975365181143	3.12306543488173	3.40043451258679
2.47270129130939	2.85455890957257	3.13147084969273	3.4275997595507
2.47888951882128	2.87331346573075	3.13664427443533	3.42314906048725
2.48507774633318	2.87554868691559	3.14353557091383	3.41541309770257
2.49126597384508	2.86077841687946	3.14953570920284	3.43166999726598
2.49745420135697	2.88387816341345	3.16273531686163	3.44954815570749
2.50364242886887	2.88362283533211	3.1702948737914	3.45022531400427
2.50983065638076	2.89524898374741	3.18509294029707	3.45172439738706
2.51601888389266	2.90021243042207	3.19097737255164	3.46748576647174
2.52220711140456	2.92545756291218	3.20342927710728	3.48428227894594
2.52839533891645	2.92832660656491	3.20576939669786	3.4835728304598
2.53458356642835	2.95415036481854	3.21789339255994	3.48405122572462
2.54077179394024	2.93966298583177	3.21948584292322	3.49160396995101
2.54696002145214	2.94720614569192	3.23415600898323	3.51130772308788
2.55314824896404	2.96516215820238	3.23857674488215	3.51367410532673
2.55933647647593	2.98001860782255	3.24651374377812	3.51618570991979
2.56552470398783	2.97152496385627	3.25305992977555	3.52941592441941
2.57171293149972	2.98683623271392	3.26629798092675	3.54070209680508
2.57790115901162	2.99078154771138	3.27540299698615	3.54623129062778
2.58408938652352	3.00496183038277	3.28185357631717	3.55947039910909
2.59027761403541	3.02371711567281	3.28816262149832	3.57865946942267
2.59646584154731	3.01048214935365	3.29767464037366	3.57785956301771
2.6026540690592	3.02522196541525	3.3062532893285	3.58057129875435
2.6088422965711	3.0432927902769	3.30775580410895	3.60218788772282
2.615030524083	3.04517625723447	3.32160818224407	3.60691731980367
2.62121875159489	3.05584548990451	3.3305811363992	3.62099048301866
2.62740697910679	3.05733308803364	3.33864469749	3.61666080566406
2.63359520661868	3.08229285735801	3.35035089588856	3.63334615308242
2.63978343413058	3.07156252081917	3.35025336570253	3.63006103404456
2.64597166164248	3.08894322510081	3.36519946885041	3.64099048325053
2.65215988915437	3.08404153109024	3.36388863575995	3.64428903943549
2.65834811666627	3.09611733305361	3.3733789955985	3.65465083175952
2.66453634417817	3.10016566040157	3.39374348193879	3.66089080070786
2.67072457169006	3.10761061403587	3.39974387436914	3.67607506273324
2.67691279920196	3.13126451062516	3.40379461790841	3.69680264058804
2.68310102671385	3.12921399702361	3.40534299956811	3.69196222088903
2.68928925422575	3.1314864315461	3.41539416391185	3.69630320775957
2.69547748173765	3.15196094265943	3.4319306296293	3.70136163461239
2.70166570924954	3.15485675259159	3.43484188709447	3.70280344076226
2.70785393676144	3.15969227647955	3.44424206667372	3.71601497305825
2.71404216427333	3.16682907998024	3.44915445460144	3.73738101092283
2.72023039178523	3.17769716191063	3.45889071088624	3.72405929666846
2.72641861929713	3.17487444702141	3.47035705060231	3.77298155827043
2.73260684680902	3.21346548877922	3.4734539501718	3.76249256782376
2.73879507432092	3.19962783164847	3.49657311474875	3.76216136288518
2.74498330183281	3.20850882883305	3.49730118421057	3.77453103699047
2.75117152934471	3.23538301857029	3.50944110072638	3.77033128267338
2.75735975685661	3.22862931973808	3.50390868774917	3.80223426757305
2.7635479843685	3.24382577601376	3.51536331596025	3.79109500642303
2.7697362118804	3.25014007574068	3.53096966733164	3.80453911298794
2.77592443939229	3.26348540981867	3.53724999216234	3.81384260011895
2.78211266690419	3.26892057411902	3.55151761012096	3.81906954403848
2.78830089441609	3.26215245980001	3.55310221510525	3.83174468290997
2.79448912192798	3.25994340054697	3.56398572855663	3.83261618459505
2.80067734943988	3.28659026008689	3.56959363346467	3.85168438384152
2.80686557695177	3.2916879652181	3.57266181048053	3.85204124897673
2.81305380446367	3.31852255633999	3.58378194872704	3.84594143598448
2.81924203197557	3.3128509572921	3.59296962842276	3.86958938137379
2.82543025948746	3.32680820776515	3.60892191213232	3.87103843785082
2.83161848699936	3.334103933201	3.60330799329563	3.88160415233714
2.83780671451125	3.34303606677248	3.62298028888043	3.90406909149522
2.84399494202315	3.35790394122542	3.62337179260845	3.89365032987396
2.85018316953505	3.36002788603076	3.62628338928978	3.90159904223288
2.85637139704694	3.35546497558485	3.64769545391883	3.9240249072933
2.86255962455884	3.3863512420356	3.65820846264611	3.93837640025714
2.86874785207074	3.38824609338312	3.66666291253705	3.93432729422407
2.87493607958263	3.40669631762006	3.67613614408648	3.94765238373855
2.88112430709453	3.38921575067483	3.67595302316853	3.97432207722529
2.88731253460642	3.39190974867787	3.67804554707594	3.9518207246141
2.89350076211832	3.41561590975615	3.69329868104241	3.96594666439107
2.89968898963022	3.41513503404834	3.70327851958931	3.98376084523496
2.90587721714211	3.43540668130023	3.70661571623947	3.99578386250359
2.91206544465401	3.43816118352202	3.71395017514931	4.00566657558382
2.9182536721659	3.4306861470276	3.72344519008163	3.99763198375613
2.9244418996778	3.44060783210598	3.7334156298916	4.017388899491
2.9306301271897	3.46387342832139	3.74196554487805	4.01663186420435
2.93681835470159	3.48110383668732	3.74515671264468	4.04330456759171
2.94300658221349	3.4817947318697	3.75468357793813	4.04980882936637
2.94919480972538	3.46860242675882	3.76593634164578	4.03745771285751
2.95538303723728	3.51215263409213	3.77195564231269	4.05054257612595
2.96157126474918	3.51611139781865	3.78597561945413	4.05559017452441
2.96775949226107	3.51676822450067	3.79442897070364	4.08184999001523
2.97394771977297	3.51687238246347	3.80700345075892	4.09038635028854
2.98013594728486	3.51585239313263	3.8114084747523	4.08882152738261
2.98632417479676	3.5369822853997	3.81486230090557	4.10514496553583
2.99251240230866	3.55219320879013	3.8305509236109	4.13034765867767
2.99870062982055	3.54560405182744	3.83912167702688	4.11705674381444
3.00488885733245	3.5668253969538	3.84714486117464	4.11299975523007
3.01107708484434	3.57328548795095	3.85638686693466	4.13769549843609
3.01726531235624	3.56514787416508	3.85444298171725	4.13204336627269
3.02345353986814	3.57462022038939	3.86992996464418	4.16190490265946
3.02964176738003	3.57430981034853	3.87546211880462	4.15472153398769
3.03582999489193	3.60986127023475	3.88439088399358	4.16829424756101
3.04201822240383	3.61855526295463	3.89792598089796	4.17100391791989
3.04820644991572	3.61479191165619	3.8958341085212	4.19182772474237
3.05439467742762	3.61676360277532	3.90742732628995	4.18539123577215
3.06058290493951	3.62396009764868	3.91803022090893	4.19375406158288
3.06677113245141	3.63792530823978	3.91769388718049	4.21200681306498
3.0729593599633	3.64998314054067	3.93136304539312	4.2204479677038
3.0791475874752	3.67069064580188	3.94446290770274	4.2408130583374
3.0853358149871	3.67139256053946	3.94898326038865	4.2277560679563
3.09152404249899	3.67295066808968	3.9538083312619	4.23458239458372
3.09771227001089	3.68134321014104	3.96936487812786	4.24266925023195
3.10390049752279	3.68412187795909	3.97580259403376	4.2584308204648
3.11008872503468	3.72147945139074	3.98576658042844	4.27019060188949
3.11627695254658	3.69330976474734	3.98519857960988	4.27229233575041
3.12246518005847	3.71908243167892	3.99858322063702	4.27906575542799
3.12865340757037	3.73939477064448	4.01157998974263	4.29324713004331
3.13484163508227	3.74265291517455	4.02072367521925	4.30952935842146
3.14102986259416	3.74832576742398	4.03062038552896	4.3095543517385
3.14721809010606	3.7426230640035	4.03534783489738	4.31355882114449
3.15340631761795	3.75172024084626	4.04640052097093	4.32986642691935
3.15959454512985	3.76703740033126	4.05148608857401	4.33524542482181
3.16578277264175	3.77212336991614	4.06073334727302	4.35053390282876
3.17197100015364	3.78559990020532	4.06963118836454	4.33828775398971
3.17815922766554	3.80002554707068	4.0844792256068	4.36841212554956
3.18434745517743	3.80285251259899	4.08417912132112	4.35918416252973
3.19053568268933	3.81194080918782	4.09309412144211	4.38641786865984
3.19672391020123	3.8195159379962	4.09711489673263	4.37302755924136
3.20291213771312	3.81397447168349	4.10815817240564	4.40880113059904
3.20910036522502	3.84589885263439	4.1216668162858	4.39982849067481
3.21528859273691	3.84809125772129	4.12811313736263	4.41999681064681
3.22147682024881	3.86056913621675	4.13189616293537	4.41616947118674
3.22766504776071	3.85647005773109	4.14456000209695	4.43321983619188
3.2338532752726	3.85540998561543	4.1556513755401	4.44481775816703
3.2400415027845	3.86709814615528	4.15922327294768	4.43966627801378
3.2462297302964	3.88451052932408	4.16908013873545	4.44797869012392
3.25241795780829	3.89613938027077	4.17609521473865	4.44876811410783
3.25860618532019	3.88763563812932	4.18264924587618	4.45668426129208
3.26479441283208	3.90991976784399	4.18733321437422	4.47746563536553
3.27098264034398	3.91019363011142	4.19511571960527	4.4643414891337
3.27717086785588	3.91583649408516	4.20725289464089	4.50025225968992
3.28335909536777	3.93647108172888	4.21820451726349	4.51259593247364
3.28954732287967	3.9284401612967	4.22181345060977	4.50352974833309
3.29573555039156	3.95427426964565	4.23672780634131	4.52415313383059
3.30192377790346	3.93571343655984	4.23438414502778	4.5131720675407
3.30811200541536	3.9634278352131	4.24988486640648	4.52911749733352
3.31430023292725	3.97425944123108	4.25512437605647	4.55020292642643
3.32048846043915	3.98485333150816	4.26334095184522	4.56011112931542
3.32667668795104	3.99220209059162	4.2699081780993	4.55083753900127
3.33286491546294	3.99930421780405	4.27578594115235	4.58100483582995
3.33905314297484	3.99328178842287	4.29528874918305	4.57375060260224
3.34524137048673	4.0008832128554	4.3004192156537	4.59493188694823
3.35142959799863	4.02609069199513	4.31219682582294	4.59138469296329
3.35761782551052	4.01882537728444	4.31322443311653	4.60212511533741
3.36380605302242	4.02962028398243	4.32280976931387	4.62280149037697
3.36999428053432	4.0425559099657	4.33339626457675	4.63474216708473
3.37618250804621	4.0539536171978	4.34201204174838	4.64756316391279
3.38237073555811	4.05078047440823	4.34650989610286	4.63727959182249
3.38855896307	4.06974008104205	4.35281537363683	4.64799282473148
3.3947471905819	4.06971819848602	4.35953784182053	4.64501433337288
3.4009354180938	4.09203685581046	4.37013842230573	4.66930264389462
3.40712364560569	4.0864988895349	4.37737893819721	4.64535826699826
3.41331187311759	4.09961923418347	4.39200182143755	4.67490068321649
3.41950010062948	4.10145218046813	4.39929155009635	4.68434650577815
3.42568832814138	4.11709110764203	4.40109479859206	4.69225041173955
3.43187655565328	4.13260817893254	4.41308970821847	4.70813447223223
3.43806478316517	4.13620235091094	4.41963303941102	4.73161308940951
3.44425301067707	4.13671668187226	4.43010105325171	4.72024284127233
3.45044123818897	4.14790410988635	4.44267474638243	4.72439456779372
3.45662946570086	4.15710965422131	4.44478151522824	4.73935096518679
3.46281769321276	4.15729442711278	4.45234915728702	4.73921943517329
3.46900592072465	4.17722250843883	4.4634069963794	4.77399514953189
3.47519414823655	4.17654055518049	4.47915015513586	4.76269223622623
3.48138237574845	4.1829860897292	4.48094140093432	4.78103878399292
3.48757060326034	4.20479986903316	4.48633074004521	4.76768451752074
3.49375883077224	4.19038820655143	4.49111651415636	4.77447743928227
3.49994705828413	4.21180299023953	4.51095572233064	4.79006701443856
3.50613528579603	4.22228139666464	4.51064218634617	4.79094547510144
3.51232351330793	4.23725527029472	4.52172247368872	4.80334645774547
3.51851174081982	4.24664518949153	4.52791587913631	4.80523290060256
3.52469996833172	4.2493803231312	4.53814714684602	4.83858979704097
3.53088819584361	4.2507272082001	4.54354599324306	4.81635332278399
3.53707642335551	4.25538667779824	4.55114830687415	4.83405681005304
3.54326465086741	4.28929109595901	4.56468128297513	4.84409609833135
3.5494528783793	4.28435666383264	4.57414307897972	4.86258202122227
3.5556411058912	4.30033829563145	4.57275491086836	4.85876964535584
3.56182933340309	4.29654175276242	4.59054715765648	4.86650611255604
3.56801756091499	4.31430149926171	4.59323169541566	4.89460003974344
3.57420578842689	4.31129828845099	4.61146248132501	4.90969289428963
3.58039401593878	4.32489294131987	4.615190851957	4.90070141132961
3.58658224345068	4.34402100396662	4.62448671463615	4.91608262761895
3.59277047096257	4.3494832586319	4.63239306386329	4.92861018245005
3.59895869847447	4.34504772502925	4.64146172405832	4.92609178958292
3.60514692598637	4.36787988271397	4.64907623495427	4.93378705913244
3.61133515349826	4.35943865463982	4.65454841290571	4.95042778936008
3.61752338101016	4.37972835010568	4.66455931077816	4.94088259527343
3.62371160852205	4.38212054984087	4.67747974757996	4.95828115322947
3.62989983603395	4.38569656826349	4.67108665262782	4.97038234592846
3.63608806354585	4.39708751500276	4.68824253234733	4.9813047745281
3.64227629105774	4.40670916308606	4.69562852556247	4.98808851756659
3.64846451856964	4.41603508234479	4.69861828919144	4.9927680254143
3.65465274608154	4.44228618054666	4.711362485811	5.01803340099159
3.66084097359343	4.41831472070016	4.72060404817273	5.00365172937073
3.66702920110533	4.44878448521063	4.72867525711904	5.01126500688451
3.67321742861722	4.46969747025831	4.73839967759628	5.04346468364634
3.67940565612912	4.45476438543611	4.747832657144	5.02123440636915
3.68559388364102	4.46644458762057	4.7634332115827	5.04485109818575
3.69178211115291	4.45156229286251	4.76025990459852	5.05921922180907
3.69797033866481	4.47684795698869	4.77418144686594	5.07521960354295
3.7041585661767	4.49337954768529	4.78062603345198	5.07287022033513
3.7103467936886	4.49087300266697	4.78658869932109	5.08152987842469
3.7165350212005	4.49992413425681	4.80040683527015	5.07184233768734
3.72272324871239	4.52084447676115	4.80546913623059	5.10278941703208
3.72891147622429	4.52643813996497	4.80898470108831	5.09731141322797
3.73509970373618	4.52070863809827	4.81794631948384	5.11271903347167
3.74128793124808	4.54001990321735	4.82715860381887	5.11550504796284
3.74747615875998	4.54521755885951	4.83840266081411	5.12330712478085
3.75366438627187	4.55348836494733	4.84383709174306	5.13974677857523
3.75985261378377	4.56047162613038	4.85118059293885	5.13510622121794
3.76604084129566	4.57501430219993	4.85924988636014	5.16355195723749
3.77222906880756	4.56838445232663	4.86773792224357	5.15168549931646
3.77841729631946	4.57985148744475	4.86871980075335	5.17222939974665
3.78460552383135	4.57793804195893	4.87919706048727	5.1919813173548
3.79079375134325	4.60075091991433	4.89403755945606	5.19562280014971
3.79698197885514	4.61310977207065	4.90565450096345	5.19631117368105
3.80317020636704	4.60785048822447	4.90180160792225	5.20478782036193
3.80935843387894	4.63005899279043	4.91872936552522	5.2149419296886
3.81554666139083	4.63103810080032	4.92860306573314	5.22093588891615
3.82173488890273	4.64227115473298	4.93920114473018	5.22286542144847
3.82792311641463	4.64429449373236	4.94716752158891	5.22593660559726
3.83411134392652	4.64648943341522	4.95204444512209	5.24445645311228
3.84029957143842	4.6668914733428	4.96255890030147	5.26857060685909
3.84648779895031	4.67881722543306	4.9700668518005	5.2649863506299
3.85267602646221	4.69294556891739	4.97348442691003	5.26975582394715
3.85886425397411	4.69095668969187	4.98070146988308	5.27225590381123
3.865052481486	4.68467714600332	4.98268446838573	5.28250821319815
3.8712407089979	4.71017446825553	5.00139907390565	5.29637758346835
3.87742893650979	4.72770233725156	5.01281622750174	5.31099105830625
3.88361716402169	4.72690424816136	5.01891070923963	5.32385072742732
3.88980539153359	4.73423978598388	5.02381822159725	5.3384662941426
3.89599361904548	4.75207064917756	5.03560558244742	5.32317649684128
3.90218184655738	4.7410341458835	5.03723556665611	5.32549492485332
3.90837007406927	4.75473691477904	5.04627994197626	5.36194869636862
3.91455830158117	4.75961860783912	5.05927452206126	5.36460824803057
3.92074652909307	4.77138313252622	5.07277705306929	5.3658333946081
3.92693475660496	4.78313793611312	5.07607557204504	5.36259657873049
3.93312298411686	4.8013068050853	5.086760734946	5.36837045969009
3.93931121162875	4.78319082485881	5.08935441953776	5.37948640391468
3.94549943914065	4.8079821078919	5.10368862204118	5.41094139461631
3.95168766665255	4.82123798626017	5.10529643406138	5.39374192326747
3.95787589416444	4.83665517997138	5.120868277104	5.40827580751041
3.96406412167634	4.82429051238157	5.12393759971544	5.41523396740057
3.97025234918823	4.84410373947932	5.13765040621302	5.42340778609761
3.97644057670013	4.86035939713916	5.14801015285311	5.43648877505454
3.98262880421203	4.84797958519548	5.1498484437032	5.46251819348087
3.98881703172392	4.87220515566915	5.15858627538923	5.47222617447548
3.99500525923582	4.88909597886418	5.16731668698164	5.46703820675358
4.00119348674771	4.86457273525645	5.17509818468324	5.47476177419359
4.00738171425961	4.8764860369101	5.18237761545322	5.47387487062322
4.01356994177151	4.8931520200898	5.19407597636927	5.49089046694797
4.0197581692834	4.91550947043272	5.20731467854911	5.50881491741152
4.0259463967953	4.91939351684938	5.20752705908448	5.49423364952547
4.0321346243072	4.91628887998601	5.2223328334029	5.5167434734084
4.03832285181909	4.92868058589733	5.2238507881837	5.5354706965062
4.04451107933099	4.93086736062024	5.23415380929161	5.53701199837588
4.05069930684288	4.94556317472126	5.24710807588463	5.53646184383185
4.05688753435478	4.96483922723934	5.24676153595758	5.54570286601026
4.06307576186668	4.9426371602198	5.2570476925139	5.55649816124192
4.06926398937857	4.97362361661031	5.2616337129673	5.56066685669194
4.07545221689047	4.97786298616752	5.26945180691093	5.56176379717967
4.08164044440236	4.99234990827803	5.28271529081921	5.56910054811911
4.08782867191426	5.00159580874431	5.29992195637223	5.6092356256171
4.09401689942616	4.99909395600134	5.29765337936341	5.58786524246614
4.10020512693805	5.01532342768971	5.29924353812167	5.62421579947805
4.10639335444995	5.01689374557326	5.3151031453661	5.61973403583536
4.11258158196184	5.03703631259298	5.32682080207656	5.62419224838607
4.11876980947374	5.02605406984906	5.33293798649248	5.62680280686586
4.12495803698564	5.03280362798236	5.34036789839326	5.6390107575354
4.13114626449753	5.05581443276191	5.3528619919299	5.64668023091355
4.13733449200943	5.07255972451235	5.35883897261623	5.67110016366086
4.14352271952133	5.04956583711016	5.36911161301638	5.66321031653861
4.14971094703322	5.07446286964435	5.38055963580806	5.67762283171539
4.15589917454512	5.08663608479769	5.38404688737675	5.68748429714166
4.16208740205701	5.09740622281511	5.38885493442522	5.69397274572329
4.16827562956891	5.11572820802296	5.39923783048886	5.69714155580782
4.1744638570808	5.08646308177699	5.40528085530284	5.71823318678933
4.1806520845927	5.11925200821493	5.42223792237919	5.71979676719204
4.1868403121046	5.12555714973897	5.42433578227426	5.73290270957371
4.19302853961649	5.13970407009166	5.43999539471989	5.74240397413273
4.19921676712839	5.13446949225461	5.43644301589056	5.75799170847199
4.20540499464028	5.15681668574564	5.4457644766631	5.74869356278723
4.21159322215218	5.15988213003277	5.46048197622086	5.76438429022338
4.21778144966408	5.16825545070144	5.45719734159331	5.77428298517688
4.22396967717597	5.17190582098557	5.4687079039683	5.76410769361261
4.23015790468787	5.19279315854876	5.49151928036324	5.80105999847748
4.23634613219977	5.19197056495333	5.48391696678387	5.78452078468163
4.24253435971166	5.19521678850507	5.50130171414264	5.81092390740869
4.24872258722356	5.20227072159694	5.51180744273228	5.82146762191733
4.25491081473545	5.21155108363691	5.51031874982156	5.81517951997481
4.26109904224735	5.2164482574954	5.52259104880444	5.81353587084485
4.26728726975925	5.23802943206168	5.53002616719839	5.84508922311112
4.27347549727114	5.24523025980018	5.54269681559204	5.83608726089808
4.27966372478304	5.25231957792528	5.54171148055659	5.84768251907912
4.28585195229493	5.27053125286336	5.55663308386284	5.86284826653119
4.29204017980683	5.26620344642052	5.56724564353537	5.86862022990634
