"mitochan"	"lwrNorm"	"medNorm"	"uprNorm"
-1.90327037354145	-2.51387791943402	-2.25177611908706	-1.97028482796451
-1.8966507915407	-2.5002743861091	-2.2460859386001	-1.98640688882652
-1.89003120953995	-2.49920590613376	-2.23185277558035	-1.9763802308851
-1.88341162753921	-2.48591777845427	-2.22530746912866	-1.96315743659009
-1.87679204553846	-2.49034708293315	-2.21323908106782	-1.9585560825131
-1.87017246353771	-2.47390197488439	-2.20390525560002	-1.94542579835126
-1.86355288153697	-2.45560813159828	-2.19484329177426	-1.93099529321739
-1.85693329953622	-2.44144736031921	-2.18844838646387	-1.95161700567801
-1.85031371753547	-2.44222822536229	-2.18046780524869	-1.91764257694808
-1.84369413553472	-2.43396398299244	-2.18006500973973	-1.92731120708744
-1.83707455353398	-2.44055025689664	-2.16673691368917	-1.8880941125589
-1.83045497153323	-2.41138046288386	-2.15142335992033	-1.89089597307647
-1.82383538953248	-2.41728604814114	-2.14493493424013	-1.89219681889894
-1.81721580753174	-2.41544364288182	-2.14986559892051	-1.87040836926034
-1.81059622553099	-2.39362188120183	-2.13163975362397	-1.86758806382726
-1.80397664353024	-2.37993699298738	-2.12391665045913	-1.87328255678694
-1.7973570615295	-2.37293932892788	-2.11854645940359	-1.85526571143135
-1.79073747952875	-2.37632081387339	-2.10674034024686	-1.85687185629699
-1.784117897528	-2.35711365673107	-2.09563457015144	-1.83422065920211
-1.77749831552725	-2.33781709196687	-2.09255297335946	-1.82561611315255
-1.77087873352651	-2.3390500948544	-2.07636053662044	-1.82092420603994
-1.76425915152576	-2.32823630458036	-2.07368529893117	-1.8099824573452
-1.75763956952501	-2.31592311300681	-2.06318023110368	-1.8042804080055
-1.75101998752427	-2.31039044791753	-2.05292029442975	-1.79156295647071
-1.74440040552352	-2.31494273437461	-2.04235373821589	-1.77429374933456
-1.73778082352277	-2.3133995019948	-2.0384912544679	-1.77174125268834
-1.73116124152202	-2.29154234751924	-2.03030912959394	-1.77449891917069
-1.72454165952128	-2.29474862118122	-2.01946565347379	-1.75827607147952
-1.71792207752053	-2.27223664679271	-2.01512592258807	-1.74667448221109
-1.71130249551978	-2.27185536598664	-2.00612251163886	-1.75435901047548
-1.70468291351904	-2.24974198349154	-1.99714609007993	-1.74062453641603
-1.69806333151829	-2.23997531494657	-1.98506376789987	-1.72584004123672
-1.69144374951754	-2.24199053344145	-1.97986471019073	-1.73382975567111
-1.68482416751679	-2.23105888855862	-1.97320196875739	-1.70885744475209
-1.67820458551605	-2.23257895681637	-1.96876665222287	-1.69469927350432
-1.6715850035153	-2.20785588403657	-1.94824608561464	-1.68509578504133
-1.66496542151455	-2.20279329813177	-1.94829616707994	-1.69038015425075
-1.65834583951381	-2.20206554694338	-1.93924947209626	-1.67346643696913
-1.65172625751306	-2.19613553050478	-1.93119602856976	-1.66409569880346
-1.64510667551231	-2.1746636159514	-1.91814150742857	-1.66909305502642
-1.63848709351156	-2.16134123445615	-1.90703865504288	-1.65135873241626
-1.63186751151082	-2.15488796629667	-1.90313692832631	-1.64077755978556
-1.62524792951007	-2.14122462164223	-1.89219919939814	-1.63080625732338
-1.61862834750932	-2.15020871217668	-1.88432239586395	-1.63071693767921
-1.61200876550858	-2.14944237958351	-1.88093977408281	-1.6287982079395
-1.60538918350783	-2.11953370221775	-1.86365478010941	-1.60488653136776
-1.59876960150708	-2.12169113216116	-1.86402667763514	-1.60589912993056
-1.59215001950634	-2.11612762426487	-1.85006595406399	-1.59654487494006
-1.58553043750559	-2.10755087074747	-1.84033601654936	-1.5906872937671
-1.57891085550484	-2.10175366480865	-1.83963645559945	-1.59098553725934
-1.57229127350409	-2.07764594328234	-1.82612371135753	-1.58344987639657
-1.56567169150335	-2.08866565121581	-1.82060852148948	-1.55884480593927
-1.5590521095026	-2.06499652966049	-1.81087785138544	-1.56834785055309
-1.55243252750185	-2.05455379074875	-1.80599479125443	-1.54606118024716
-1.54581294550111	-2.05338482042245	-1.79417493716349	-1.52541084226398
-1.53919336350036	-2.06639781450858	-1.78762257713374	-1.53747322122585
-1.53257378149961	-2.04063756076725	-1.78154085162399	-1.52279564890878
-1.52595419949886	-2.02247417143577	-1.76312566617367	-1.51710274603009
-1.51933461749812	-2.01376212441223	-1.76478710727112	-1.48920942490309
-1.51271503549737	-2.01582788654806	-1.75177324671351	-1.4993122915176
-1.50609545349662	-2.00449940828195	-1.74497866391274	-1.47249795482995
-1.49947587149588	-1.98916603372945	-1.73486870485766	-1.48505299415418
-1.49285628949513	-1.98495115479258	-1.71630488448746	-1.46728313385713
-1.48623670749438	-1.96517814939142	-1.71809705444192	-1.45290453749197
-1.47961712549363	-1.97448101205031	-1.70781484577351	-1.4506092015468
-1.47299754349289	-1.94925118983524	-1.70068796642624	-1.44490701997156
-1.46637796149214	-1.94986891847019	-1.69141744124468	-1.43754614795588
-1.45975837949139	-1.93501690883737	-1.68169337702198	-1.41339139089727
-1.45313879749065	-1.93947650510942	-1.67905704661113	-1.42400819561869
-1.4465192154899	-1.9222449411911	-1.6688485178526	-1.41976035530446
-1.43989963348915	-1.90232118725263	-1.65182528554791	-1.41772512658595
-1.4332800514884	-1.89970321816813	-1.64771359647506	-1.39838533375953
-1.42666046948766	-1.89336651740271	-1.64308408173199	-1.38722748996237
-1.42004088748691	-1.90048537858842	-1.63460026691701	-1.38035718119467
-1.41342130548616	-1.87373041876297	-1.62727865088886	-1.3749026760066
-1.40680172348542	-1.8766135705315	-1.62119795517289	-1.3602112280717
-1.40018214148467	-1.85637897192063	-1.60899288879843	-1.35490660418642
-1.39356255948392	-1.84968348406626	-1.59378470826798	-1.33059583443856
-1.38694297748318	-1.84553428957173	-1.59197061035635	-1.3345470140387
-1.38032339548243	-1.84848265679778	-1.59066305358672	-1.33251029644621
-1.37370381348168	-1.8288675776087	-1.57609852000277	-1.30999384106802
-1.36708423148093	-1.82737828952056	-1.57108283120273	-1.30803158913333
-1.36046464948019	-1.80585781869	-1.55186641945628	-1.3131393446022
-1.35384506747944	-1.81231888133431	-1.54632551960447	-1.29142986974114
-1.34722548547869	-1.79813732599699	-1.54347952582676	-1.29103625018632
-1.34060590347795	-1.78888152838733	-1.53341447052614	-1.27518093608825
-1.3339863214772	-1.79959709083055	-1.52665696034053	-1.25178163516974
-1.32736673947645	-1.76631000429014	-1.51779916510013	-1.25375770720129
-1.3207471574757	-1.76109808086704	-1.50994631863316	-1.25090092553836
-1.31412757547496	-1.74601070448508	-1.49843628719614	-1.25331033905607
-1.30750799347421	-1.76167361551813	-1.49622577858253	-1.23662803052258
-1.30088841147346	-1.73832564962926	-1.48124276882987	-1.21888592320213
-1.29426882947272	-1.735335035489	-1.46543247739484	-1.20941143937143
-1.28764924747197	-1.71149294795478	-1.46451312880954	-1.21463920496215
-1.28102966547122	-1.71774560146536	-1.45266657698194	-1.19069966129191
-1.27441008347047	-1.70948741894619	-1.44864867734584	-1.19318602771769
-1.26779050146973	-1.68837401668559	-1.44186742136301	-1.19774715719841
-1.26117091946898	-1.68665931479563	-1.43089936881909	-1.17838303680959
-1.25455133746823	-1.69328344348791	-1.42018686756489	-1.18625880997202
-1.24793175546749	-1.67966813482169	-1.41231056772542	-1.16297397227009
-1.24131217346674	-1.67456741062863	-1.40947892299018	-1.15754667787255
-1.23469259146599	-1.63344784884542	-1.39344046002735	-1.14290042554126
-1.22807300946525	-1.64405952592527	-1.38893459840345	-1.13961717928679
-1.2214534274645	-1.65252260947528	-1.38129764582329	-1.12739776800807
-1.21483384546375	-1.63214633047336	-1.37021036034405	-1.11823434096803
-1.208214263463	-1.61820754986596	-1.35832023228951	-1.10427475093432
-1.20159468146226	-1.61612027539892	-1.35603716681978	-1.09680524675792
-1.19497509946151	-1.59509358929445	-1.34350943519474	-1.10770860803158
-1.18835551746076	-1.58509824058715	-1.33645168422753	-1.08578237572395
-1.18173593546002	-1.58959300946195	-1.33181588538066	-1.08420370393585
-1.17511635345927	-1.58965690792078	-1.3203121622528	-1.06520644345673
-1.16849677145852	-1.55738441514712	-1.31406241109894	-1.06463483389995
-1.16187718945777	-1.563146624984	-1.3078070106169	-1.05887805195198
-1.15525760745703	-1.54615113153546	-1.30131664462585	-1.05294677482039
-1.14863802545628	-1.54127833396968	-1.28638884577581	-1.02068491718748
-1.14201844345553	-1.5337708526232	-1.27651998080084	-1.03609220968297
-1.13539886145479	-1.52242440655286	-1.27246485414745	-1.0206748008729
-1.12877927945404	-1.52223592621774	-1.26238275825965	-1.01317078420188
-1.12215969745329	-1.50926354145981	-1.25609306494543	-0.994820517668617
-1.11554011545254	-1.50368052677805	-1.24396940926073	-0.974640820492395
-1.1089205334518	-1.48827405456697	-1.23617415070819	-0.998000951681169
-1.10230095145105	-1.47622237393679	-1.22118800555035	-0.958605925920902
-1.0956813694503	-1.47015117912786	-1.22033008918346	-0.966951545863051
-1.08906178744956	-1.44831682183583	-1.2116235517328	-0.947186052515246
-1.08244220544881	-1.4541881711647	-1.20136250900569	-0.966259008968552
-1.07582262344806	-1.45200522543048	-1.19535666878292	-0.947578658959013
-1.06920304144731	-1.44536034857466	-1.18434251974908	-0.92761968150969
-1.06258345944657	-1.43062017504939	-1.17535607271152	-0.92367707812997
-1.05596387744582	-1.43983273696014	-1.17204048115528	-0.911717418921707
-1.04934429544507	-1.39937133484408	-1.15654090251726	-0.903495667533974
-1.04272471344433	-1.40306361039891	-1.15424810079103	-0.895890629049621
-1.03610513144358	-1.4047517445233	-1.14735641317778	-0.893814171970392
-1.02948554944283	-1.39221821569055	-1.13729053228945	-0.883344549646148
-1.02286596744209	-1.38667532662557	-1.12389462855027	-0.870113617330348
-1.01624638544134	-1.3811346073338	-1.12085827802283	-0.871740841016362
-1.00962680344059	-1.38063844872555	-1.10995423521132	-0.85173313799455
-1.00300722143984	-1.3705801612026	-1.10273470402624	-0.858657498811371
-0.996387639439097	-1.35206510448037	-1.10039527538092	-0.843468864896213
-0.98976805743835	-1.3455031669611	-1.08244444700162	-0.842741920629385
-0.983148475437603	-1.32705064343544	-1.07604198528236	-0.810324607404761
-0.976528893436855	-1.33741464279384	-1.0649632712417	-0.816151573315705
-0.969909311436108	-1.32253661544032	-1.05701401681094	-0.804948634164884
-0.963289729435361	-1.29344723812222	-1.05048277907432	-0.794587408401608
-0.956670147434614	-1.29387824396337	-1.0457957363247	-0.792777072751351
-0.950050565433867	-1.285169026018	-1.03775562718046	-0.778159405736296
-0.94343098343312	-1.28682035381479	-1.02487405154383	-0.769920129069363
-0.936811401432373	-1.26963937012223	-1.02096552700165	-0.778413862239148
-0.930191819431626	-1.25746018907983	-1.00991890840122	-0.756985890281872
-0.923572237430879	-1.2421778909071	-1.00319436673154	-0.756155796398297
-0.916952655430131	-1.24277837717557	-0.989421516177546	-0.739151108718439
-0.910333073429384	-1.22974518442825	-0.991155797893906	-0.734205388311075
-0.903713491428637	-1.23289595950208	-0.98350727480832	-0.720631896135941
-0.89709390942789	-1.22075493851236	-0.967465771162333	-0.71933169055922
-0.890474327427143	-1.22091203594437	-0.962684081320319	-0.701457059624713
-0.883854745426396	-1.2106998247986	-0.955135910575795	-0.694433398186959
-0.877235163425649	-1.19558191053436	-0.949273981249786	-0.687314497311287
-0.870615581424902	-1.17680886228194	-0.927112485662861	-0.676391704757922
-0.863995999424155	-1.18857378904915	-0.93046094645611	-0.669978844716873
-0.857376417423408	-1.16723260749332	-0.91454703408718	-0.66367210067875
-0.85075683542266	-1.1632858835523	-0.912621571553044	-0.657915906436244
-0.844137253421913	-1.1521084467117	-0.900507684708869	-0.647356289796522
-0.837517671421166	-1.14352092744659	-0.894818466602952	-0.642943187288229
-0.830898089420419	-1.13638543752609	-0.887628699158699	-0.642956409722061
-0.824278507419672	-1.11858989573431	-0.876673784019724	-0.627370266950212
-0.817658925418925	-1.12897343348883	-0.870360345730795	-0.618506683671704
-0.811039343418178	-1.10186919280913	-0.860583834300007	-0.622109386536528
-0.804419761417431	-1.10169589488224	-0.850980260188554	-0.594468578140468
-0.797800179416684	-1.08574807618655	-0.841742266000446	-0.59045274727628
-0.791180597415937	-1.09072530763237	-0.844063374251664	-0.577739005106807
-0.78456101541519	-1.08236665958526	-0.823894912968331	-0.572401332935776
-0.777941433414443	-1.06355802408294	-0.818723236358055	-0.558494101496126
-0.771321851413695	-1.05215334822988	-0.804025687902816	-0.558497462934413
-0.764702269412948	-1.05893030634195	-0.801863119710233	-0.551102710146107
-0.758082687412201	-1.05219829081665	-0.791787254286746	-0.542174134172364
-0.751463105411454	-1.0419851634155	-0.786291566980177	-0.522681880176201
-0.744843523410707	-1.02295479390003	-0.772199791055938	-0.514968729297281
-0.73822394140996	-1.02377195386738	-0.766918549605116	-0.513081460105235
-0.731604359409213	-1.02050766247413	-0.757011134155564	-0.514886875007689
-0.724984777408466	-1.00354479257034	-0.74507729351184	-0.508418135604629
-0.718365195407719	-0.980592443538539	-0.735715541519658	-0.485612282974117
-0.711745613406972	-0.987906073193079	-0.725198836305838	-0.478807073258487
-0.705126031406224	-0.976387962505622	-0.727106283628868	-0.466396869322568
-0.698506449405477	-0.968923942895864	-0.716908525061763	-0.46970411328427
-0.69188686740473	-0.961262905040212	-0.709531334193928	-0.478189724637459
-0.685267285403983	-0.94752997820927	-0.693529371211118	-0.450574679224794
-0.678647703403236	-0.937171180181587	-0.688367591742292	-0.442500672917892
-0.672028121402489	-0.932706445772409	-0.685675653441501	-0.423369180606009
-0.665408539401742	-0.935059863751301	-0.669219183738551	-0.408971628913458
-0.658788957400995	-0.90116403397154	-0.660027865314108	-0.424245480939701
-0.652169375400248	-0.917635402074642	-0.657368179201877	-0.410136071440791
-0.6455497933995	-0.89049252382369	-0.644785622442627	-0.393103311948084
-0.638930211398753	-0.89936079195453	-0.63868506225171	-0.385658330101868
-0.632310629398006	-0.896190203218943	-0.635595696262833	-0.376675873596842
-0.625691047397259	-0.879019200090772	-0.619300944452575	-0.373895842629473
-0.619071465396512	-0.846662615109844	-0.616679378820824	-0.358205102183559
-0.612451883395765	-0.875762589697408	-0.608196959371327	-0.356496813446362
-0.605832301395018	-0.8632835878682	-0.596855779717452	-0.333012722950952
-0.599212719394271	-0.842250931705831	-0.593385833111508	-0.332693002277855
-0.592593137393524	-0.816125642973359	-0.582866296248924	-0.33189515939747
-0.585973555392777	-0.824767910589038	-0.571385300356331	-0.329521847851679
-0.57935397339203	-0.817105888478289	-0.561608203006918	-0.313599279199032
-0.572734391391283	-0.818581907684193	-0.555916618554981	-0.289790199960774
-0.566114809390535	-0.801229203732754	-0.543590406569055	-0.288310239471439
-0.559495227389788	-0.792060499860612	-0.541567433765662	-0.290620036832321
-0.552875645389041	-0.785846884430358	-0.531755575640063	-0.291968411308396
-0.546256063388294	-0.783901415069263	-0.521582896370364	-0.270956163106592
-0.539636481387547	-0.765393755963062	-0.512757301127988	-0.259964694784645
-0.5330168993868	-0.748911469719327	-0.506611632781664	-0.26455578845692
-0.526397317386053	-0.74702046997378	-0.497329777453085	-0.250338298755678
-0.519777735385306	-0.74860801171603	-0.487931511165788	-0.247806749576971
-0.513158153384559	-0.733390078099757	-0.478014926569963	-0.222207669968555
-0.506538571383812	-0.721831764774307	-0.471640264452578	-0.212786711070776
-0.499918989383064	-0.713690104338971	-0.466736568715308	-0.20721021678637
-0.493299407382317	-0.708286429733999	-0.450211176341767	-0.199411542155773
-0.48667982538157	-0.693420448255191	-0.43994687992443	-0.190064942354146
-0.480060243380823	-0.694355371230925	-0.427251462371428	-0.185694956874426
-0.473440661380076	-0.682657258801136	-0.42516252522522	-0.18299679161337
-0.466821079379329	-0.662782788562442	-0.421688040245409	-0.176390084687375
-0.460201497378582	-0.662160298598144	-0.409714042823976	-0.152842342129508
-0.453581915377835	-0.651677966141808	-0.397367957064741	-0.138968047164797
-0.446962333377088	-0.648200647375902	-0.393025166677959	-0.148944614919813
-0.44034275137634	-0.630993735797512	-0.391210321237393	-0.128893545014058
-0.433723169375593	-0.62455442828474	-0.378215716348986	-0.125805952443838
-0.427103587374846	-0.623918211058526	-0.375917143295684	-0.118421498856079
-0.420484005374099	-0.611681284154426	-0.364706706538324	-0.128731258863065
-0.413864423373352	-0.594972280768631	-0.347713350412554	-0.0912165350026228
-0.407244841372605	-0.599593095551756	-0.351235191877067	-0.102895139147262
-0.400625259371858	-0.588758515653518	-0.337979157237704	-0.0925882955605247
-0.394005677371111	-0.572468928837743	-0.323133240948154	-0.0885319689042361
-0.387386095370364	-0.57095338701504	-0.321595415311478	-0.0534147906873739
-0.380766513369617	-0.551554408357676	-0.317031379209868	-0.059695837179257
-0.37414693136887	-0.548944617198379	-0.30279625551634	-0.0581367903155588
-0.367527349368123	-0.535537494419727	-0.294928099696866	-0.0499593777521985
-0.360907767367376	-0.535734236477677	-0.287563198919545	-0.0331384723323766
-0.354288185366628	-0.522991530337406	-0.281183995725179	-0.0191678352271239
-0.347668603365881	-0.536699110710998	-0.271204832835034	-0.0205477153851043
-0.341049021365134	-0.507385301602498	-0.262200086180706	-0.0143469990872905
-0.334429439364387	-0.519470474352227	-0.253023216450916	-0.00223696478562915
-0.32780985736364	-0.494921948284029	-0.248008919772501	0.00778835080874636
-0.321190275362893	-0.484224542915028	-0.236088552408876	0.00621779421883863
-0.314570693362146	-0.484433104483407	-0.219890218587247	0.0233341104143476
-0.307951111361399	-0.468695648891526	-0.220711535999744	0.0208698414853743
-0.301331529360652	-0.462395070880698	-0.212055281052835	0.041386792923799
-0.294711947359904	-0.459434947168306	-0.204448605258587	0.0351351531542989
-0.288092365359157	-0.440038678263184	-0.192733749762532	0.0506241126615473
-0.28147278335841	-0.451409054869886	-0.188180529858137	0.0535506870888699
-0.274853201357663	-0.438502911149547	-0.173991267267632	0.0632932541461402
-0.268233619356916	-0.419027319435192	-0.175990090910655	0.0832759508769205
-0.261614037356169	-0.397270009914713	-0.163495546363727	0.0822404572070431
-0.254994455355422	-0.39939306117363	-0.155701251329524	0.098885346159822
-0.248374873354675	-0.38704322309814	-0.143255102763261	0.101375107981548
-0.241755291353928	-0.385921323567585	-0.131536890943166	0.116410449688943
-0.23513570935318	-0.387048558180826	-0.128082982219405	0.121373236352678
-0.228516127352433	-0.370569730950212	-0.120615758585055	0.142564414500014
-0.221896545351686	-0.35571003598939	-0.102062929696924	0.142872445035294
-0.215276963350939	-0.349844597567766	-0.101676214727542	0.148638649524634
-0.208657381350192	-0.351030983737808	-0.0928740084738186	0.154462599835111
-0.202037799349445	-0.31339715905078	-0.0867424222352465	0.168539528143706
-0.195418217348698	-0.322808878897861	-0.0716922693902685	0.18178299417564
-0.188798635347951	-0.317410415635144	-0.0690330380715111	0.176040832347092
-0.182179053347204	-0.308809706603633	-0.0565882763317363	0.194995446905033
-0.175559471346457	-0.302623863330426	-0.0480231437016329	0.202744181138495
-0.16893988934571	-0.295681117584709	-0.045781751972723	0.20034759200227
-0.162320307344963	-0.27994027949834	-0.0266928903973731	0.223443118085967
-0.155700725344215	-0.275549096333392	-0.0241099318471032	0.228293320389952
-0.149081143343468	-0.26246460061562	-0.0148633319844552	0.230383647131552
-0.142461561342721	-0.250504004425477	-0.00564911199731574	0.238967764545562
-0.135841979341974	-0.245093320630425	-0.00258917786226895	0.255823193485853
-0.129222397341227	-0.240131727154032	0.00694081311741882	0.264407262841112
-0.12260281534048	-0.228255604528622	0.0152002089251504	0.279158956085369
-0.115983233339733	-0.220284040253356	0.0265894517686225	0.280725183460207
-0.109363651338986	-0.200800105879047	0.0361628352482011	0.281791782103227
-0.102744069338239	-0.201312526069858	0.0426369403818938	0.281602391183758
-0.0961244873374916	-0.2126644717179	0.0512668628316873	0.304713193972358
-0.0895049053367445	-0.182295707542831	0.0605007667014527	0.308854387415549
-0.0828853233359974	-0.187717901792264	0.0615432695357739	0.319913718351392
-0.0762657413352503	-0.152446359191177	0.0758949132011666	0.336991176439802
-0.0696461593345032	-0.151130770576352	0.0874621379776401	0.352150128982853
-0.0630265773337562	-0.160897768384479	0.095112529772242	0.345135548974553
-0.0564069953330089	-0.144950429513266	0.0995977074806696	0.338115314869834
-0.0497874133322618	-0.131555115931524	0.109149008610072	0.360333320523145
-0.0431678313315147	-0.148275424637466	0.120397147180643	0.361768408596781
-0.0365482493307676	-0.121543248686777	0.129955337884444	0.371639784677084
-0.0299286673300205	-0.129866150169849	0.131323732595177	0.383752777639638
-0.0233090853292734	-0.103183122227459	0.145716796658419	0.397960229494819
-0.0166895033285264	-0.0914869489166965	0.151487754773994	0.399101412488945
-0.0100699213277793	-0.0858153339988566	0.156496757468441	0.403782431224251
-0.0034503393270322	-0.0741462883656234	0.172238179770465	0.424240063456079
0.00316924267371488	-0.082649551968941	0.180287364560365	0.430312745155313
0.00978882467446196	-0.060796273781468	0.18166853872008	0.425734539520674
0.016408406675209	-0.0610814336785745	0.193767587958779	0.442448488631058
0.0230279886759561	-0.0408041333768011	0.207596886296563	0.450969932881034
0.0296475706767032	-0.0437229782925245	0.206946788935	0.460330842068216
0.0362671526774503	-0.0371675332688296	0.219979166300358	0.479707867103813
0.0428867346781976	-0.00932663287099122	0.229787436064808	0.459642882339441
0.0495063166789447	-0.00898954361843554	0.240827500583512	0.478752955870537
0.0561258986796918	-0.0111893593785494	0.251419002316137	0.498248492289311
0.0627454806804388	0.0052071423142627	0.260580589286269	0.495999068887899
0.0693650626811859	0.0173932486797315	0.258080143199691	0.499664175479554
0.075984644681933	0.0109053291424261	0.27318295482756	0.52009584664341
0.0826042266826801	0.0258048379906887	0.274202319946068	0.523795010717873
0.0892238086834272	0.0506283065626387	0.282990073691401	0.53528805654277
0.0958433906841742	0.050175237533716	0.295025793788613	0.550076985659346
0.102462972684922	0.0647266318132212	0.30016882002973	0.548749247980609
0.109082554685668	0.0547729195198929	0.312097928597417	0.56073630917015
0.115702136686416	0.0642272680002905	0.320174314568157	0.567987639050745
0.122321718687163	0.0885590131693573	0.329437941823954	0.564388983021211
0.12894130068791	0.103944041387399	0.339879664024756	0.595651690423646
0.135560882688657	0.0866147751224322	0.343953707063941	0.600792041104862
0.142180464689404	0.10590567007257	0.35601989219597	0.604089438913933
0.148800046690151	0.103894369878608	0.356936186734086	0.61678179823415
0.155419628690898	0.125711204739118	0.368804856598015	0.617545281440186
0.162039210691645	0.11999169996216	0.389889939425717	0.628259091792403
0.168658792692392	0.128316665642009	0.38363859187013	0.636629554864525
0.175278374693139	0.155828188106092	0.39865995356514	0.643541861410963
0.181897956693887	0.168358354532866	0.402906990622383	0.659721217676568
0.188517538694633	0.17329113700459	0.419329696719429	0.672137291841462
0.195137120695381	0.180439136727021	0.417096248804921	0.685651219655244
0.201756702696128	0.183586282106041	0.43204607089867	0.677256983784234
0.208376284696875	0.191260707996737	0.438621318720625	0.683951611916833
0.214995866697622	0.200871172846786	0.443084387994427	0.694889302164784
0.221615448698369	0.208750616651684	0.446271560845301	0.693682169241476
0.228235030699116	0.209113799879042	0.459626156343396	0.704425250587386
0.234854612699863	0.224126114014161	0.474193600889548	0.721543101352809
0.24147419470061	0.225015742494539	0.474773774390989	0.729954485445003
0.248093776701357	0.241434172298003	0.485449079406074	0.73443776237994
0.254713358702105	0.24767164941034	0.492135251901513	0.750982365381013
0.261332940702852	0.281628600916578	0.511021446692317	0.750971055419929
0.267952522703599	0.257574543572733	0.518664529818424	0.788663973370862
0.274572104704346	0.271986026450749	0.522182056464731	0.761412145157942
0.281191686705093	0.287780950596635	0.537632353216972	0.779720227833904
0.28781126870584	0.280967710691767	0.539199710904655	0.787098473256036
0.294430850706587	0.296383420361981	0.547326845193406	0.797491642953814
0.301050432707334	0.320928261551367	0.556208753739456	0.8047140363078
0.307670014708081	0.315407642058575	0.563936861016394	0.808107158482535
0.314289596708829	0.328037702009563	0.572357281671055	0.80729352595588
0.320909178709575	0.326709329705901	0.579301749441297	0.817236247378161
0.327528760710323	0.328567256688982	0.585142662816216	0.836194295015723
0.33414834271107	0.340864900351006	0.603516889953197	0.85290692671373
0.340767924711817	0.369554425985093	0.604723278462122	0.874191554360217
0.347387506712564	0.363400853534467	0.616100792966306	0.856459444432547
0.354007088713311	0.369727552049956	0.62536260637426	0.885118199051709
0.360626670714058	0.37810283904638	0.627365481960832	0.877268011624477
0.367246252714805	0.38937181951649	0.641656084816422	0.871404906862777
0.373865834715552	0.401717454711848	0.646788051245414	0.894107918389342
0.380485416716299	0.396318416200379	0.65561279779982	0.908946668687386
0.387104998717046	0.404040730514897	0.662542315359526	0.917101848625044
0.393724580717794	0.420723548840892	0.671420890419706	0.926925838735473
0.400344162718541	0.423095997104234	0.679095696910108	0.906571069926581
0.406963744719288	0.446672617559279	0.700223514219449	0.947466649055636
0.413583326720035	0.450702554389531	0.701214966160381	0.937827167041518
0.420202908720782	0.457218476179128	0.70320561036349	0.951056423784378
0.426822490721529	0.465798736482049	0.713728121403711	0.972479547538748
0.433442072722276	0.47131371082446	0.732227136248107	0.972614829034318
0.440061654723023	0.482788194773741	0.736326113613489	0.983708376543209
0.44668123672377	0.495010564628253	0.748698820831854	0.991785859735789
0.453300818724518	0.50771083416043	0.751922615001966	0.992999953034464
0.459920400725264	0.508467491171497	0.758091066202444	1.01252738910122
0.466539982726012	0.528047427127704	0.769281635255831	1.02168437903506
0.473159564726759	0.520934842898585	0.775373791009629	1.02784057823171
0.479779146727506	0.54294047999748	0.786280157639746	1.04012961196609
0.486398728728253	0.552317848464455	0.789195830660229	1.04444847661503
0.493018310729	0.549704407504609	0.801143207371494	1.0537267955193
0.499637892729747	0.547465098283294	0.805024812141529	1.0640599065856
0.506257474730494	0.573128418825819	0.81738388313348	1.07117933708786
0.512877056731242	0.573688515785756	0.826464504675027	1.06716037305787
0.519496638731988	0.590029786026063	0.838097753093412	1.08541899398839
0.526116220732736	0.592966612694705	0.844752747860925	1.08534731063125
0.532735802733483	0.598608315374237	0.848588577217352	1.09021620247794
0.53935538473423	0.613490868809337	0.862589940447979	1.12523129301192
0.545974966734977	0.62425052265063	0.868708425827669	1.11992753577878
0.552594548735724	0.631121597128244	0.878806954620655	1.11788795050968
0.559214130736471	0.63618563238851	0.884950938085035	1.1334350546916
0.565833712737218	0.644595527512273	0.888484874099848	1.12254828115274
0.572453294737965	0.654259596007561	0.900798754194428	1.14372014333614
0.579072876738712	0.651505096419968	0.91403706890028	1.15659762648029
0.585692458739459	0.679899667518389	0.9154492984516	1.16429040678066
0.592312040740206	0.678080714881536	0.92263393606187	1.17581151744672
0.598931622740954	0.699595331758787	0.939431870431094	1.19147677432409
0.605551204741701	0.69937081868996	0.94113233319566	1.1748751650395
0.612170786742448	0.698417674586969	0.949968378501087	1.19396126641566
0.618790368743195	0.715290749526524	0.955901294198484	1.22798755564377
0.625409950743942	0.712635542811491	0.966659929249794	1.21932004614017
0.632029532744689	0.720960868796956	0.979578562561363	1.21560020465077
0.638649114745436	0.744228319867036	0.989200678246345	1.22878135414554
0.645268696746183	0.750013105986722	0.989545168588257	1.24106046122385
0.65188827874693	0.750859922623594	0.991462067530617	1.24122781934394
0.658507860747677	0.76335812198296	1.00845038517662	1.25688310138594
0.665127442748425	0.769716659071245	1.01625527333638	1.27354587197772
0.671747024749171	0.78298736793438	1.03099734759015	1.27453318824194
0.678366606749919	0.781773676090221	1.03363063011883	1.283015205208
0.684986188750666	0.793204366126685	1.04544269712476	1.29955006426897
0.691605770751413	0.802712447912951	1.05045795217213	1.30824242903435
0.69822535275216	0.808444373002051	1.05918529713609	1.30860831522642
0.704844934752907	0.802636838306472	1.06917918649713	1.32024692065633
0.711464516753654	0.824079840866397	1.07790021624009	1.31582418521213
0.718084098754401	0.844251621853407	1.08871937699363	1.33835082753184
0.724703680755149	0.841953764222413	1.08984060232743	1.34839344921757
0.731323262755895	0.844111225971986	1.10353882745059	1.35422539629978
0.737942844756643	0.865622833872672	1.11420462027993	1.35706429593315
0.74456242675739	0.86685379816347	1.12577355067489	1.37539472747511
0.751182008758137	0.868115164041647	1.12741202948854	1.37456146753803
0.757801590758884	0.888129600062083	1.13825861159216	1.37853681835162
0.764421172759631	0.894121844964469	1.14977798709478	1.39946378987535
0.771040754760378	0.904474414136153	1.15652939136366	1.40950941968909
0.777660336761125	0.918778551803579	1.16321932250301	1.42095020070915
0.784279918761872	0.923468328133979	1.17182916477564	1.4199588856189
0.790899500762619	0.933449414018869	1.17985340578006	1.42353926076257
0.797519082763367	0.94421046326894	1.18511663249974	1.43801185537696
0.804138664764114	0.947795073678474	1.19876502346977	1.446774214903
0.810758246764861	0.967684507826573	1.21258823342188	1.454998394787
0.817377828765608	0.97348468318739	1.21727815284436	1.45810311765457
0.823997410766355	0.965730723661216	1.22611039646763	1.47123973292037
0.830616992767102	0.984315215312067	1.23674960006821	1.47211057004557
0.837236574767849	0.977098871732044	1.23681989421292	1.48684739238946
0.843856156768596	0.988404356596703	1.24975161596076	1.49088345619992
0.850475738769343	1.01175210951795	1.25186416274798	1.50395482542498
0.85709532077009	1.01845750220028	1.2621886580267	1.50804003515488
0.863714902770838	1.02429779329062	1.2753562288695	1.52392317509879
0.870334484771584	1.02299538741256	1.27946753653017	1.52671716000382
0.876954066772332	1.05519226968383	1.29238033397566	1.53546765603951
0.883573648773079	1.05195466141339	1.29614568350566	1.54491517444474
0.890193230773826	1.06540182391143	1.30669924263675	1.55550199479026
0.896812812774573	1.05715560697347	1.31206033993837	1.56275120950604
0.90343239477532	1.07032900922284	1.32268560082425	1.56944472694828
0.910051976776067	1.07217065167406	1.32620325422516	1.58183433576167
0.916671558776814	1.093046606853	1.33694776266963	1.58267173784663
0.923291140777561	1.09408293308066	1.35001158985202	1.61288916044622
0.929910722778308	1.1130227855018	1.35824647967052	1.59689903047515
0.936530304779056	1.10887842114526	1.37041903931143	1.6135316468644
0.943149886779802	1.1309737073936	1.37251090016267	1.61431774811456
0.94976946878055	1.12740212542294	1.37871107665965	1.63204158387713
0.956389050781297	1.13915790490957	1.38604878517358	1.64489073893994
0.963008632782044	1.13843051423819	1.39884818211004	1.65531430726565
0.969628214782791	1.17361920243662	1.40822643302552	1.65745188317998
0.976247796783538	1.17515306841129	1.4129885054225	1.65958371478443
0.982867378784285	1.17371570600472	1.42614503665306	1.67704065398056
0.989486960785032	1.19132763756251	1.43350064612116	1.67484027690191
0.99610654278578	1.20297723701874	1.43732278092653	1.68919811148608
1.00272612478653	1.19623031892105	1.44952619944169	1.69197275201538
1.00934570678727	1.21735647256251	1.46050389477629	1.70912437792936
1.01596528878802	1.22113293005839	1.46234083193688	1.70816252596924
1.02258487078877	1.22484465345752	1.47207902245796	1.72553902637212
1.02920445278951	1.2377190530998	1.48361967643906	1.73182025080876
1.03582403479026	1.23568038344341	1.49200369223295	1.7341091605646
1.04244361679101	1.2500671924388	1.49609432850875	1.75171859054056
1.04906319879176	1.27042388959047	1.50824788393233	1.75719311375444
1.0556827807925	1.26790457563449	1.51537523575403	1.77166761251466
1.06230236279325	1.26784287079831	1.52654530537905	1.77010470653618
1.068921944794	1.29104642463145	1.53274798512013	1.77274892089545
1.07554152679474	1.2895533829202	1.54418531025114	1.78480910680791
1.08216110879549	1.30264908749855	1.5488193001725	1.79264542551152
1.08878069079624	1.30640859081526	1.56008350884615	1.80769170884508
1.09540027279699	1.32017177213279	1.56040010956824	1.80747182902601
1.10201985479773	1.33038079358633	1.57856875468293	1.82827016662278
1.10863943679848	1.33531080064801	1.58503930624661	1.83703770753577
1.11525901879923	1.3458106660692	1.59423578257058	1.83666516438367
1.12187860079997	1.35225744184995	1.60052297741216	1.85704373018913
1.12849818280072	1.36956114824796	1.60637896473224	1.86077569096993
1.13511776480147	1.36725073668656	1.61730228043607	1.85594068641089
1.14173734680222	1.37594854949352	1.62637277885491	1.86722893591427
1.14835692880296	1.38230432972589	1.63229918010194	1.90639330369299
1.15497651080371	1.39149821185104	1.64353269574885	1.88583348236744
1.16159609280446	1.42346184256414	1.65438297540917	1.90052310473253
1.1682156748052	1.40204077699001	1.6553389259277	1.90429517082042
1.17483525680595	1.41899954099344	1.66260855426297	1.91473642835649
1.1814548388067	1.42906369629459	1.67801122792515	1.91328332674154
1.18807442080745	1.43576423053285	1.6891551445188	1.92993279512819
1.19469400280819	1.43850729352363	1.68897439465878	1.93710120604502
1.20131358480894	1.45644467485041	1.70210032976742	1.94532726121361
1.20793316680969	1.46342245081143	1.71459837358961	1.96179926542318
1.21455274881043	1.48117249312221	1.71543949744677	1.97144216333078
1.22117233081118	1.47472552066427	1.7221744669559	1.98222101610642
1.22779191281193	1.46950841973468	1.73916475322124	1.97969909725256
1.23441149481267	1.50366333695477	1.74199563512647	1.99763136914649
1.24103107681342	1.50656497967621	1.75401041364055	2.00739138878068
1.24765065881417	1.51410414108564	1.75399400453683	2.00286123730119
1.25427024081492	1.51546634742913	1.7730481421907	2.01938766536895
1.26088982281566	1.52119757342183	1.77698401190239	2.02151991526136
1.26750940481641	1.53868078226784	1.785492395534	2.04206228617622
1.27412898681716	1.54732591633674	1.7969209575952	2.03895488792132
1.2807485688179	1.56263424753803	1.80658583257996	2.05755141283392
1.28736815081865	1.57036360160911	1.80966659458085	2.05761408154932
1.2939877328194	1.56539168343895	1.82200958939215	2.07587431945341
1.30060731482015	1.58199653387833	1.82339979607635	2.07253772723612
1.30722689682089	1.59832066378059	1.84364163639293	2.0924316095616
1.31384647882164	1.60177946317634	1.84244041214703	2.09537683591404
1.32046606082239	1.60144274194205	1.85287059783654	2.10236195443933
1.32708564282313	1.60234766081539	1.86412143897745	2.11325360332798
1.33370522482388	1.62121249163635	1.86742217674331	2.11930613451019
1.34032480682463	1.63998489243371	1.87663839473175	2.12303166249908
1.34694438882538	1.65195882406617	1.89175358116101	2.13473895994434
1.35356397082612	1.65441259124712	1.89956398418581	2.14991351104441
1.36018355282687	1.6594595410963	1.90978437952906	2.16334826400121
1.36680313482762	1.65552789984766	1.91264722729423	2.15102905842983
1.37342271682836	1.68234609214393	1.92317370337531	2.17566440514451
1.38004229882911	1.68063931978249	1.92844776387396	2.18407567852555
1.38666188082986	1.69296812855198	1.93585601383344	2.18860904029049
1.39328146283061	1.68996087786829	1.9415726143333	2.207327396192
1.39990104483135	1.70870097229622	1.95438679687688	2.20919545012166
1.4065206268321	1.72338709337932	1.96002108020704	2.20094115608416
1.41314020883285	1.72425564595592	1.97179829515847	2.24059109131496
1.41975979083359	1.72774623953774	1.98116851870855	2.22435143413606
1.42637937283434	1.74319755450591	1.98808686810788	2.23446720615502
1.43299895483509	1.7517827143037	1.99669944837778	2.2430449989688
1.43961853683583	1.75644443765816	2.00772340033949	2.24883681863216
1.44623811883658	1.76877126205163	2.01215113113761	2.25887897773116
1.45285770083733	1.76821931166364	2.02414469219908	2.2634380157013
1.45947728283808	1.78424358500207	2.03269389044047	2.27555546333992
1.46609686483882	1.78596374854965	2.03632978288199	2.27870223015706
1.47271644683957	1.80431629436569	2.0446925961489	2.30492230579292
1.47933602884032	1.80199641724605	2.05266941461837	2.30530792554968
1.48595561084106	1.8153514348976	2.05525336278888	2.313687981549
1.49257519284181	1.82748188308762	2.06536769219485	2.32831382906581
1.49919477484256	1.82966429705188	2.0836375592107	2.33982833608537
1.50581435684331	1.83489977108853	2.0895833203018	2.34549862857248
1.51243393884405	1.85476600569994	2.10111570068217	2.34169253336262
1.5190535208448	1.860667962588	2.10784817475115	2.35087509621257
1.52567310284555	1.85952650062143	2.11696281085222	2.35899379431467
1.53229268484629	1.87981988726304	2.12322628672932	2.37224311528902
1.53891226684704	1.88922304034544	2.12693067919394	2.38019607329246
1.54553184884779	1.88660418071226	2.13787122145685	2.38691380860474
1.55215143084854	1.88510936001438	2.1476445805344	2.38935986122427
1.55877101284928	1.92153298462259	2.16357271030685	2.41117596794286
1.56539059485003	1.9191188838495	2.16529797414195	2.41572210767536
1.57201017685078	1.93147216788323	2.17976168884226	2.41581044960908
1.57862975885152	1.93242062648077	2.18295760311963	2.43347663263758
1.58524934085227	1.94802831380746	2.18886656009976	2.44113505846112
1.59186892285302	1.94901685217971	2.2050974298763	2.45565825491266
1.59848850485377	1.95382677496469	2.20474257412078	2.46039007520538
1.60510808685451	1.95868952372318	2.21043714410854	2.4580697748624
1.61172766885526	1.98658511845497	2.22215956187744	2.47392926340834
1.61834725085601	1.98968384561342	2.23223008885991	2.49628560283686
1.62496683285675	1.97858700504253	2.24215294555449	2.49426096971629
1.6315864148575	2.00218325481028	2.24856975390801	2.49379083985624
1.63820599685825	2.01652664743644	2.25435668111175	2.51430821137675
1.644825578859	2.01447288078807	2.2654515555194	2.49626087384337
1.65144516085974	2.03180664057988	2.27644605894756	2.52719793789532
1.65806474286049	2.04042185104398	2.28268089094353	2.52585937231624
1.66468432486124	2.03937402823915	2.28728181982373	2.53464316793063
1.67130390686198	2.03265974375185	2.29737378002931	2.54674979659858
1.67792348886273	2.06789614679761	2.31059743170643	2.54596980485497
1.68454307086348	2.06383952495058	2.31302576593386	2.55268464021656
1.69116265286422	2.0661798581319	2.31944651728045	2.56640193625199
1.69778223486497	2.08376363712799	2.33397342336722	2.58991092338976
1.70440181686572	2.0989418844667	2.34265202261882	2.59193386032468
1.71102139886647	2.10810125950594	2.35106165215539	2.60679283992825
1.71764098086721	2.10957263773079	2.3628948610538	2.60281879478156
1.72426056286796	2.12730220040396	2.35829579902988	2.61472685986594
1.73088014486871	2.13329890934647	2.37359260255669	2.6398435584798
1.73749972686945	2.12942235584927	2.38450733512168	2.62794433222694
1.7441193088702	2.1421693401055	2.39118445095287	2.6351599960602
1.75073889087095	2.1573147342087	2.40080145737709	2.63789378147951
1.7573584728717	2.15037918838	2.40685862722852	2.67399882211118
1.76397805487244	2.16094601879397	2.42057379488485	2.67437222050243
1.77059763687319	2.17980092810716	2.4206685145442	2.68759493777184
1.77721721887394	2.19256292018668	2.43273252101038	2.67674291022961
1.78383680087468	2.19810079421268	2.43460272471197	2.68869183016069
1.79045638287543	2.19367246059396	2.45301301243306	2.703818780254
1.79707596487618	2.21145989967486	2.45442294073964	2.70481897909717
1.80369554687693	2.22935882737814	2.46816280420619	2.70125933640582
1.81031512887767	2.23206207409156	2.47452387149447	2.71746838936197
1.81693471087842	2.22939240826787	2.48640228315273	2.74703332617848
1.82355429287917	2.24929583391037	2.49339376975463	2.75490120097999
1.83017387487991	2.25996984670212	2.50931967420447	2.73978491751787
1.83679345688066	2.26935963602327	2.50727803522912	2.76954436404833
1.84341303888141	2.27705644943091	2.52348432022144	2.77178564055251
1.85003262088215	2.2818330825607	2.52327220453352	2.77840901090288
1.8566522028829	2.27282970052127	2.53970792883796	2.78551599740532
1.86327178488365	2.30347924208356	2.54529247620442	2.79213131607553
1.8698913668844	2.28999727301732	2.55075501224874	2.79439734741327
1.87651094888514	2.30934562361486	2.55669745343665	2.81185516977672
1.88313053088589	2.31994106134768	2.56911276260518	2.8162509436353
1.88975011288664	2.33576303501491	2.58216748524206	2.82293932880832
1.89636969488738	2.34285945625343	2.58320166784626	2.83663062218128
1.90298927688813	2.34909311646491	2.59492769232934	2.83949204360642
1.90960885888888	2.36188890201903	2.60318499981536	2.85716058710451
1.91622844088963	2.36142753147622	2.61191976880535	2.87192252141925
1.92284802289037	2.37505790474796	2.61395107965304	2.86908656816035
1.92946760489112	2.38999217758635	2.6264512852216	2.87193228939629
1.93608718689187	2.37846821441046	2.63144556129665	2.88066034227185
1.94270676889261	2.38740230626287	2.642906285177	2.8880711132819
1.94932635089336	2.39498766202859	2.65018153679707	2.90743318756005
1.95594593289411	2.42439567276336	2.66134607998417	2.92399891622529
1.96256551489486	2.41148513152973	2.67074956103677	2.89763233218243
1.9691850968956	2.4276370821706	2.67970934189524	2.93226866080432
1.97580467889635	2.44054942671981	2.68360388545044	2.93095124308006
1.9824242608971	2.44788395584503	2.6915328781015	2.94441072129876
1.98904384289784	2.45878327925724	2.69726054826909	2.94052645843384
1.99566342489859	2.4664962462061	2.71294304754286	2.95573743623708
2.00228300689934	2.47035907338937	2.71749054442533	2.96056053526575
2.00890258890009	2.48009523821544	2.72561979619075	2.97365346619614
2.01552217090083	2.48682411711106	2.74032224295241	2.96840980398207
2.02214175290158	2.49158033142743	2.73946802054286	2.9994239457322
2.02876133490233	2.50686767060203	2.7602950219305	3.01001643647633
2.03538091690307	2.53343398632231	2.7658204912201	3.00816427902648
2.04200049890382	2.52255017089469	2.76469572071464	3.01945795730291
2.04862008090457	2.541682023543	2.77627530130252	3.03475396702947
2.05523966290531	2.54103513915593	2.79210559743413	3.05021795200269
2.06185924490606	2.55396030672509	2.79497028813493	3.0456981156196
2.06847882690681	2.55348750182671	2.80643241300133	3.03535004889059
2.07509840890756	2.5577397226884	2.81276384447125	3.05840382314357
2.0817179909083	2.54735758316296	2.82002635731419	3.0611404291761
2.08833757290905	2.58769821489681	2.83535413203909	3.08968242458869
2.0949571549098	2.59220123285038	2.84880164494283	3.09175544716636
2.10157673691054	2.59035256136143	2.85103020873232	3.09814475765008
2.10819631891129	2.61363043442069	2.8585593070985	3.10687888741407
2.11481590091204	2.62870957255343	2.86564455181077	3.10444806807323
2.12143548291279	2.63031669685206	2.86788993038104	3.1203621955428
2.12805506491353	2.62942530125135	2.8789737010813	3.12126431335469
2.13467464691428	2.63554557024476	2.88638559639437	3.152499136685
2.14129422891503	2.65063217564708	2.89986647979663	3.1527945265999
2.14791381091577	2.65367266446731	2.90538488034259	3.16974036899663
2.15453339291652	2.6567114514719	2.91896052025847	3.15712704775372
2.16115297491727	2.68159434548117	2.92528559391472	3.1890812942245
2.16777255691802	2.6902875303472	2.93386587442355	3.17658758737728
2.17439213891876	2.68606282350098	2.93731899324037	3.18586505097262
2.18101172091951	2.69956545219776	2.95148146870795	3.20092918643353
2.18763130292026	2.69724079965695	2.9524100679622	3.20802372642493
2.194250884921	2.7146240362169	2.96624558991014	3.21343051868673
2.20087046692175	2.71856009326179	2.97603402544955	3.21634750366044
2.2074900489225	2.72536255314885	2.97765210624169	3.23420215876146
2.21410963092325	2.74012193606554	2.99170067224237	3.25210272609445
2.22072921292399	2.75590900041034	3.0014953249446	3.24350313153542
2.22734879492474	2.76321589511012	3.00854129717721	3.2519722677191
2.23396837692549	2.76867915451924	3.01996408057732	3.27209280405778
2.24058795892623	2.76686111214792	3.02244414948433	3.25736234428321
2.24720754092698	2.79020142084255	3.03130383610922	3.28404988219142
2.25382712292773	2.788766535604	3.03883113604132	3.29054997482591
2.26044670492848	2.80277664322991	3.04485710242803	3.30244458261259
2.26706628692922	2.81680997530518	3.06175536851592	3.31726092894746
2.27368586892997	2.80812777121509	3.06634287056594	3.3063347891994
2.28030545093072	2.81652680136353	3.07387303313631	3.32461699395075
2.28692503293146	2.84000448170927	3.07869841806958	3.3246325550305
2.29354461493221	2.84133342534021	3.09705983480789	3.33902628120456
2.30016419693296	2.84654456839159	3.09240539593961	3.32949633257584
2.3067837789337	2.86399109844888	3.11245382677783	3.36567239225022
2.31340336093445	2.8554290942953	3.11411750544741	3.36144214851473
2.3200229429352	2.87824331697978	3.12838485302728	3.36932838188012
2.32664252493595	2.90557837166809	3.13603334661252	3.3797199467527
2.33326210693669	2.899003937714	3.13972356541538	3.39097268671249
2.33988168893744	2.9047147403856	3.15500757138476	3.38577494456207
2.34650127093819	2.91229579414022	3.16201565956672	3.40582215274856
2.35312085293893	2.89458490578	3.17373044727981	3.42212065666137
2.35974043493968	2.91917650362595	3.17205464959691	3.41746759480518
2.36636001694043	2.93074262257442	3.1877127727713	3.43827895100025
2.37297959894118	2.95982076416954	3.20076509630859	3.44566287092092
2.37959918094192	2.95830373552443	3.20126724574449	3.46019170878619
2.38621876294267	2.96051570802109	3.20549473164098	3.46400218768911
2.39283834494342	2.96357398629374	3.21042960526087	3.45981549918775
2.39945792694416	2.974430434389	3.22512822539628	3.47797927045055
2.40607750894491	2.98481258798055	3.23317899011371	3.48616906631154
2.41269709094566	2.99508348004228	3.24367503225663	3.48151558222287
2.4193166729464	3.01013215555492	3.25222325532085	3.49149532510922
2.42593625494715	3.00545319484991	3.26088918500248	3.51856821302235
2.4325558369479	3.0225318395102	3.2736083595143	3.52281826923458
2.43917541894865	3.02547260230633	3.27987090349416	3.52653253995556
2.44579500094939	3.0445557763178	3.28473620973727	3.53895431435059
2.45241458295014	3.03661693485456	3.29435659817942	3.55866019636018
2.45903416495089	3.05817131489014	3.30481114680142	3.54211226151933
2.46565374695163	3.06907790400179	3.31281886187248	3.56598898068183
2.47227332895238	3.08090346049848	3.32270833483132	3.56506047423736
2.47889291095313	3.06755758672748	3.32984039750744	3.587404009379
2.48551249295388	3.07999310982255	3.33504691556724	3.5819602757215
2.49213207495462	3.0920884906221	3.3463282296097	3.59940975277389
2.49875165695537	3.09411396383477	3.35695538429445	3.60515070754334
2.50537123895612	3.11118422073657	3.36305068521993	3.61033822811587
2.51199082095686	3.13156923165223	3.36750150856932	3.62473034675467
2.51861040295761	3.12137430878224	3.38028910469314	3.63882604063139
2.52522998495836	3.12816597323014	3.38682398491956	3.63284206531189
2.53184956695911	3.15043516957228	3.39659450097525	3.64922775081895
2.53846914895985	3.15111066312681	3.39863355339645	3.6514644738112
2.5450887309606	3.15938903989574	3.41053900966216	3.66621591341472
2.55170831296135	3.16639439683328	3.43070695464656	3.67305357062866
2.55832789496209	3.17830554554282	3.42801198178542	3.68520654905204
2.56494747696284	3.17102311160336	3.43518499631506	3.69079721393142
2.57156705896359	3.19834677061434	3.44253020653263	3.70494945687271
2.57818664096434	3.2132065311881	3.45703135676098	3.70657246403721
2.58480622296508	3.21663901366405	3.45612250418608	3.70137796807746
2.59142580496583	3.20752819903816	3.46922005192256	3.72116992228214
2.59804538696658	3.22774651375382	3.47557171934778	3.73518003073336
2.60466496896732	3.23397078686122	3.48617597432259	3.72670616945128
2.61128455096807	3.2398667768531	3.49521683763082	3.73999605946287
2.61790413296882	3.24320000879132	3.50121427487433	3.75196918816629
2.62452371496956	3.26425609389054	3.51130088527341	3.76999277085337
2.63114329697031	3.24976582328859	3.5248955289679	3.7771443673843
2.63776287897106	3.27753476724715	3.52387441629635	3.8123262984583
2.64438246097181	3.28302210348608	3.53689158596442	3.783696892911
2.65100204297255	3.30488757312825	3.54804241438223	3.77842203433693
2.6576216249733	3.31408972937916	3.54907819799604	3.80457284041056
2.66424120697405	3.31338667137863	3.56171786663751	3.82146075888842
2.67086078897479	3.32950732755026	3.57272853584616	3.81524078992221
2.67748037097554	3.32977891877143	3.57450270910334	3.83168499127211
2.68409995297629	3.35338169995025	3.5900885160155	3.83733229279962
2.69071953497704	3.34905494906469	3.59043463732961	3.8505297117326
2.69733911697778	3.34356648405916	3.59955236557576	3.86047992564568
2.70395869897853	3.37272985430821	3.61079277136283	3.88047460206645
2.71057828097928	3.38204373489509	3.62741541129126	3.88192124434488
2.71719786298002	3.38211495199977	3.63462102761762	3.87928735682489
2.72381744498077	3.4002814618111	3.64245671004758	3.89872559063232
2.73043702698152	3.40097405905534	3.65131761628214	3.90556685674778
2.73705660898227	3.41097553661489	3.6598943861175	3.90823918078603
2.74367619098301	3.41270751353364	3.66129037507574	3.91257808800983
2.75029577298376	3.42118314022205	3.67452720566045	3.92208041870008
2.75691535498451	3.42021673550103	3.67943749541052	3.94925457326584
2.76353493698525	3.43073304486922	3.69162482415859	3.94222407206981
2.770154518986	3.4559973114616	3.69671509023343	3.94721282877291
2.77677410098675	3.46405842238841	3.70554532052174	3.95360902157309
2.7833936829875	3.45135037652859	3.71036476391317	3.95438580697798
2.79001326498824	3.47899360187422	3.72396719153458	3.97289731955203
2.79663284698899	3.48451869154298	3.73311906037811	3.97825701263323
2.80325242898974	3.48748143408912	3.73969225492617	3.99992423191337
2.80987201099048	3.49017215698646	3.74394296427331	4.00215724859015
2.81649159299123	3.49257057650878	3.75658684477612	4.01550168825293
2.82311117499198	3.51033229557846	3.76233682104554	4.01158029253434
2.82973075699273	3.52882329362241	3.76953046076316	4.02965662353694
2.83635033899347	3.53214210501977	3.77359292913358	4.04448200129377
2.84296992099422	3.53631640726185	3.79100008260947	4.04529026577374
2.84958950299497	3.54491297314737	3.79402077701625	4.03581614149239
2.85620908499571	3.55396777315992	3.80860081940159	4.06383932653647
2.86282866699646	3.56051958186272	3.81242992683071	4.05877239065523
2.86944824899721	3.56607427533601	3.82967370320131	4.07535505608362
2.87606783099795	3.58099316172107	3.83463316122526	4.07484665357338
2.8826874129987	3.58584459500294	3.83592876419864	4.08619677337695
2.88930699499945	3.59367136837329	3.85058316353862	4.09316938670361
2.8959265770002	3.59992076144843	3.85454420724156	4.12415841357253
2.90254615900094	3.61698159885969	3.86683085037336	4.12385176772329
2.90916574100169	3.61625219245701	3.87431509541824	4.12889666054396
2.91578532300244	3.64311804339053	3.87984770368724	4.13321531408167
2.92240490500318	3.6204304436725	3.8899627985735	4.15533115513154
2.92902448700393	3.64009032066972	3.89745514081703	4.14862312566775
2.93564406900468	3.66717285107894	3.91081266923176	4.16537064295367
2.94226365100543	3.65402754199261	3.91451028962755	4.16332511796234
2.94888323300617	3.67518995018353	3.91905012375163	4.18300067515027
2.95550281500692	3.69382809671027	3.93226301582924	4.17650698276555
2.96212239700767	3.67482047092861	3.94444787038132	4.19517700401009
2.96874197900841	3.70577578142082	3.9478642765487	4.21918466151243
2.97536156100916	3.7013274443875	3.95744349054453	4.21136362499738
2.98198114300991	3.71239289271568	3.97063713774076	4.23004648490656
2.98860072501066	3.71449508332646	3.97875627070598	4.21928669206056
2.9952203070114	3.72672550697895	3.99177531030408	4.23682083278044
3.00183988901215	3.75280722465356	3.99441159709135	4.25393729112831
3.0084594710129	3.74653177098792	4.00046196740212	4.24325661373224
3.01507905301364	3.75179982191546	4.01012962468932	4.25673368913415
3.02169863501439	3.7767192745409	4.02419728259859	4.27290055008762
3.02831821701514	3.77230314104706	4.03203949628085	4.27602573468223
3.03493779901589	3.7819594160536	4.03765463954796	4.27826646000359
3.04155738101663	3.79465509248759	4.04807060733722	4.285541002605
3.04817696301738	3.78894655417502	4.0468093045605	4.29990763218959
3.05479654501813	3.79598910359263	4.05822235162249	4.31528222529234
3.06141612701887	3.813396752728	4.06329097873008	4.32188022432325
3.06803570901962	3.82019770634772	4.07683200499542	4.32949760733411
3.07465529102037	3.84102283312456	4.08161815872876	4.33701817267504
3.08127487302112	3.82806638584886	4.09344099737129	4.34880360511102
3.08789445502186	3.84633996967312	4.10482443282105	4.34744594717059
3.09451403702261	3.85715662426485	4.11364523240581	4.35831059834128
3.10113361902336	3.86458340156775	4.11949260378331	4.37737454611608
3.1077532010241	3.87124135171668	4.12064126074505	4.38163944586254
3.11437278302485	3.88046660744554	4.13589958824405	4.38745567807874
3.1209923650256	3.89111310656596	4.14555337328212	4.39266742644109
3.12761194702634	3.90240436783469	4.15006210911302	4.39989867773522
3.13423152902709	3.90870838895962	4.15599400705078	4.40769630632008
3.14085111102784	3.90465904736777	4.16569520418772	4.42773474656122
3.14747069302859	3.92287894738568	4.17749496056545	4.43122428841054
3.15409027502933	3.93741963852252	4.18728032397538	4.44009874404362
3.16070985703008	3.93972147396803	4.18777468082353	4.4544949378808
3.16732943903083	3.94111059484596	4.20206048473311	4.4597889700304
3.17394902103157	3.95973323168232	4.22052463456097	4.46880941441963
3.18056860303232	3.96703531541275	4.21962341950496	4.4703436088988
3.18718818503307	3.97478147319699	4.22621848845573	4.47354568144365
3.19380776703382	3.99193959223334	4.22768076607741	4.5052726083476
3.20042734903456	3.98026423468652	4.24676968378965	4.49222113124615
3.20704693103531	3.99747989143971	4.24907172074935	4.49761645520164
3.21366651303606	4.01128554596734	4.26343334664952	4.51641145493179
3.2202860950368	4.00820074316733	4.27136629344054	4.52512410257656
3.22690567703755	4.01157784898316	4.27845827935776	4.52722994925906
3.2335252590383	4.03169387090066	4.28918930626058	4.53757485719203
3.24014484103904	4.03822684844964	4.30115624779807	4.55294702236129
3.24676442303979	4.05264033712868	4.29773718422588	4.55816830381469
3.25338400504054	4.06256041866283	4.31593422437744	4.57001409826776
3.26000358704129	4.06189666327565	4.31785052912711	4.57708594277248
3.26662316904203	4.06177813347333	4.32752109101952	4.58026622342915
3.27324275104278	4.07047968876307	4.34189029529376	4.60884779376663
3.27986233304353	4.09173432336483	4.34170738656778	4.59784950015459
3.28648191504427	4.11320101787353	4.36110196242357	4.61401390359838
3.29310149704502	4.10616971088618	4.36302929742277	4.61130770055383
3.29972107904577	4.11125029044891	4.37417835331765	4.6286454063756
3.30634066104652	4.12747572714099	4.3772045919568	4.63940405503767
3.31296024304726	4.13828206919443	4.39067386833397	4.65224817787924
3.31957982504801	4.11522703755867	4.39719431029474	4.63261917829903
3.32619940704876	4.15647405210268	4.4046410529975	4.67452745338878
3.3328189890495	4.1610127297686	4.41939387272895	4.67101751983631
3.33943857105025	4.16543321186168	4.42249379860023	4.67379348467401
3.346058153051	4.18269436800299	4.4306355630155	4.68094417035143
3.35267773505175	4.17873484475455	4.43600637511094	4.69099580002233
3.35929731705249	4.19006894796892	4.44276554656013	4.69312570869864
3.36591689905324	4.20333171546675	4.45418199788443	4.71062458794137
3.37253648105399	4.21648130626374	4.46558725289698	4.71581099992291
3.37915606305473	4.20262375659551	4.47105308931865	4.72793244297435
3.38577564505548	4.22624599794882	4.48268422829527	4.73241248413683
3.39239522705623	4.23757622811344	4.49097255593702	4.74680152165498
3.39901480905698	4.2317674350907	4.49795791955168	4.7406735675262
3.40563439105772	4.2492886096804	4.50108785934032	4.76086773637916
3.41225397305847	4.25527466234589	4.51050586006252	4.76885916017495
3.41887355505922	4.28091429372026	4.52345875226387	4.78645226752216
3.42549313705996	4.27937358035928	4.53012493128221	4.7813213381252
3.43211271906071	4.28107703122236	4.54081255911732	4.80292573973986
3.43873230106146	4.29059044740084	4.55186010939293	4.81938145387117
3.4453518830622	4.30084418506975	4.55579782110951	4.81343600970323
3.45197146506295	4.29325357308828	4.56647817555018	4.8300139682509
3.4585910470637	4.30979457698062	4.57611254578931	4.82682016843889
3.46521062906445	4.32723528201272	4.58665831038604	4.83252871628284
3.47183021106519	4.33227138004482	4.58760317455144	4.84736146287743
3.47844979306594	4.35493730525258	4.60381220117905	4.85199813387641
3.48506937506669	4.34158890950491	4.60916364062951	4.86653346086434
3.49168895706743	4.35853676400214	4.62040957173159	4.87010013317285
3.49830853906818	4.3553690970154	4.62642375361061	4.8757103770142
3.50492812106893	4.37595806661591	4.63081096140001	4.88254662101744
3.51154770306968	4.37877624318713	4.64607395123946	4.91069051513998
3.51816728507042	4.38347159175409	4.64761217244351	4.90046169068143
3.52478686707117	4.41097802686465	4.65586322282019	4.91744048185047
3.53140644907192	4.39652985807297	4.66511778405913	4.92440449707725
3.53802603107266	4.42263341371843	4.67313425812721	4.92762997952096
3.54464561307341	4.42130969242053	4.68355592718255	4.93309724219033
3.55126519507416	4.42683392840035	4.69294071088338	4.94689533836172
3.55788477707491	4.44099918938247	4.69884517537249	4.95802943977514
3.56450435907565	4.44357649113951	4.70790645037324	4.96726428766737
3.5711239410764	4.458626900838	4.71886895574372	4.96345847123262
3.57774352307715	4.43954425346128	4.72237936035904	4.97790385568795
3.58436310507789	4.49477255869083	4.73897365657008	5.0020444410647
3.59098268707864	4.48939736886474	4.7450393194716	5.00376128388456
3.59760226907939	4.47966234449241	4.74408100506494	4.99251545316673
3.60422185108014	4.51290865815705	4.76288693824272	5.03621239182169
3.61084143308088	4.50971830085029	4.76831316427788	5.03078306421759
3.61746101508163	4.50848960584339	4.77396001638764	5.03972977271725
3.62408059708238	4.52802979751726	4.79015444090342	5.03848091431909
3.63070017908312	4.54418846667768	4.79314098418377	5.03860759543943
3.63731976108387	4.53416275330886	4.80466045314025	5.06466468305621
3.64393934308462	4.54692466148413	4.81221408385468	5.07324092474877
3.65055892508537	4.57624331521443	4.81538723002915	5.07371160317758
3.65717850708611	4.55250107471907	4.82325371733017	5.07391243650103
3.66379808908686	4.57005867872136	4.83321004234541	5.08210092397682
3.67041767108761	4.57103819521229	4.84033045701549	5.09036342173967
3.67703725308835	4.60106590666943	4.85610505541617	5.13253582094036
3.6836568350891	4.60691989607735	4.85449154618734	5.10456508046973
3.69027641708985	4.61990329162942	4.86782547981672	5.12899594185223
3.6968959990906	4.61563491093243	4.88214275426916	5.11903470287052
3.70351558109134	4.63351187237783	4.88188333868944	5.14470768230415
3.71013516309209	4.62870357531074	4.89857539287459	5.15584422157362
3.71675474509284	4.62741852928698	4.89883638552784	5.14919033918169
3.72337432709358	4.65341307059542	4.91561485017472	5.16946518951321
3.72999390909433	4.66587022628518	4.92148872923088	5.18562168010135
3.73661349109508	4.67381113330214	4.92659461871683	5.18732857926291
3.74323307309582	4.67037113349365	4.94031491818105	5.20044808148575
3.74985265509657	4.68415320975217	4.94518953005581	5.20766567812255
3.75647223709732	4.69548737169701	4.95302790689724	5.21398084526771
3.76309181909807	4.71981068366843	4.96771295490771	5.22497155652243
3.76971140109881	4.71043122811486	4.96383872969866	5.22630670918172
3.77633098309956	4.71919252572078	4.97950022200462	5.24369308736547
3.78295056510031	4.71544623970803	4.99106846440543	5.24035820765971
3.78957014710105	4.73131914177307	4.99057415956763	5.24308646781774
3.7961897291018	4.7618077517133	5.00363213667791	5.26129201580283
3.80280931110255	4.74369431073504	5.01210109630906	5.28057980885583
3.8094288931033	4.75455707181787	5.02511743243308	5.28435424361449
3.81604847510404	4.75841152305788	5.02554312047129	5.28302560542239
3.82266805710479	4.76488248147907	5.03624709109247	5.29237708581785
3.82928763910554	4.76774476047376	5.04703920032236	5.30961653686452
3.83590722110628	4.79264375670598	5.05795080516014	5.30641575607505
3.84252680310703	4.81526157430931	5.06182629926705	5.315991504916
3.84914638510778	4.79736042204321	5.0692546894737	5.33044815453486
3.85576596710853	4.82580919091207	5.07636707696455	5.33577819483204
3.86238554910927	4.83126750075776	5.09398797923933	5.34883844369879
3.86900513111002	4.83775840151089	5.09703748085014	5.35832231719506
3.87562471311077	4.83665280711267	5.11070029557442	5.3646937734856
3.88224429511151	4.86124355821835	5.11883488424026	5.3677975972676
3.88886387711226	4.86841177478705	5.12123090167935	5.38137552911801
3.89548345911301	4.87454121312898	5.128201408731	5.39477190905718
3.90210304111375	4.88952473624203	5.13268879807274	5.39300806297088
3.9087226231145	4.89212509068645	5.1477181949516	5.41746208625465
3.91534220511525	4.88156806611455	5.15195099311768	5.41323180506323
3.921961787116	4.9159618644034	5.16662542593202	5.42448342455462
3.92858136911674	4.90395389074465	5.1704719170237	5.43987609846128
3.93520095111749	4.93133778016409	5.17990709511462	5.43931045862231
3.94182053311824	4.9224427961554	5.18635540593512	5.43747862856221
3.94844011511898	4.93740455258101	5.20281005474617	5.44434562520324
3.95505969711973	4.93897631287856	5.20459037227897	5.48125033362294
3.96167927912048	4.9545672359809	5.2124196810708	5.47188354052311
3.96829886112123	4.97525944999829	5.21809216918204	5.47121886373804
3.97491844312197	4.97353794867153	5.22880738038497	5.48885134199313
3.98153802512272	4.97279753145496	5.2397134473801	5.49480413450592
3.98815760712347	4.9827588972873	5.24779215805512	5.50393155087305
3.99477718912421	5.00291068067006	5.2544683527254	5.50472273436889
4.00139677112496	5.0136058876212	5.27002059283628	5.52889287468955
4.00801635312571	5.01726093200176	5.2746250275733	5.544621018873
4.01463593512645	5.00866141121749	5.28332456296678	5.54395090546032
4.0212555171272	5.03772639773134	5.28916419421084	5.55256932407058
4.02787509912795	5.03273893526876	5.29743977073488	5.56472099569519
4.0344946811287	5.05361935525549	5.3023001276709	5.56381417956999
4.04111426312944	5.05649115825474	5.31504995932352	5.58311904450385
4.04773384513019	5.05579761902503	5.325772390269	5.59062176341267
4.05435342713094	5.08081063682992	5.3356659823224	5.59842763846627
4.06097300913168	5.08356662249431	5.34284876904966	5.59271615917881
4.06759259113243	5.08262929085564	5.35189964690519	5.61390897933163
4.07421217313318	5.10129686400743	5.36083769456768	5.63733697429239
4.08083175513393	5.10802857484095	5.36597356480679	5.63359600931166
4.08745133713467	5.09915638803349	5.37392342060766	5.64042126310016
4.09407091913542	5.12413761802143	5.38100612979595	5.64951675834746
4.10069050113617	5.13175579966488	5.39015981342858	5.64980768346319
4.10731008313691	5.14692257968554	5.40543068315207	5.65229617548614
4.11392966513766	5.15408434253559	5.41207082736701	5.6750758560194
4.12054924713841	5.15331264742948	5.41870353352718	5.67613700614495
4.12716882913916	5.16058789686454	5.43128732751546	5.69542843557341
4.1337884111399	5.15600383309084	5.42962409161773	5.69237760719351
4.14040799314065	5.16555932836297	5.44168003713349	5.69674838949551
4.1470275751414	5.19226929812221	5.45316139232033	5.72159263717795
4.15364715714214	5.20945638030394	5.46043090697263	5.73167997047832
4.16026673914289	5.20574834296638	5.46927996103699	5.73093532388176
4.16688632114364	5.2127085120139	5.47447459498111	5.74810531727905
4.17350590314439	5.22891378016088	5.47953217877272	5.7460544517482
4.18012548514513	5.22259428981991	5.49126122273591	5.75900566446633
4.18674506714588	5.21808730027793	5.49271292806395	5.76086734766202
4.19336464914663	5.24651764453587	5.50381778222173	5.76972779171819
4.19998423114737	5.249008365861	5.51820889426538	5.77689677551095
4.20660381314812	5.26009589821	5.52562290825902	5.78775584486702
4.21322339514887	5.27299419536106	5.53227606494969	5.81084440388075
4.21984297714962	5.28767013536957	5.54362261560006	5.81527034168061
4.22646255915036	5.27986394624434	5.55020233066023	5.81638141385422
4.23308214115111	5.30437897857237	5.56082967180503	5.82307000170651
4.23970172315186	5.30777997863777	5.57095210171159	5.84200149747313
4.2463213051526	5.32095006411618	5.57907516533285	5.84112562376132
4.25294088715335	5.32027618696278	5.58086513059831	5.85374044766014
4.2595604691541	5.33621094980199	5.59055494873475	5.85926387825058
4.26618005115484	5.34217876884224	5.60020155284386	5.85400050045161
4.27279963315559	5.34990789678794	5.60472434407506	5.85895534743415
4.27941921515634	5.37085518799159	5.61701403348676	5.88974446448579
4.28603879715709	5.36351628189226	5.6303307877149	5.87344394164343
4.29265837915783	5.38488086143176	5.64159510353755	5.89133308287673
4.29927796115858	5.3843768713033	5.64134065389729	5.90108810965568
4.30589754315933	5.38927931427871	5.6558886304816	5.92091349818776
4.31251712516007	5.39661935083862	5.65488528227896	5.90767813230489
4.31913670716082	5.40718782016048	5.67332032483701	5.93242632066917
4.32575628916157	5.41976113872949	5.67557315410535	5.93640809961383
4.33237587116232	5.4193960610909	5.67797276088463	5.94132909808843
4.33899545316306	5.43463759646882	5.69871422855999	5.95890929221809
4.34561503516381	5.43707433437018	5.70304164556405	5.96132163689026
4.35223461716456	5.44475799361421	5.70844209916312	5.97973731059145
4.3588541991653	5.44728976030191	5.72556705671015	5.97518520154425
4.36547378116605	5.47229776020878	5.7283045825586	5.98483290632627
4.3720933631668	5.47418586539988	5.73724989626358	5.99909642347425
4.37871294516755	5.47088835907536	5.74257767795387	6.01511017127586
4.38533252716829	5.48141832169778	5.75471457359613	6.01664968870791
4.39195210916904	5.49246846233938	5.76601828650243	6.02582870461012
4.39857169116979	5.51921234411915	5.76958398876927	6.03568848665756
4.40519127317053	5.51915324610589	5.78029280526591	6.03954207806577
4.41181085517128	5.52637578336271	5.78615085716623	6.04737196219904
4.41843043717203	5.53744247977442	5.79309894004538	6.06885664293032
4.42505001917278	5.54092456640305	5.80293642274836	6.05943770736613
4.43166960117352	5.56553786615234	5.81207502613065	6.07737538301307
4.43828918317427	5.5444101834322	5.82049775179448	6.10110867077331
4.44490876517502	5.56984601103296	5.8325845880162	6.09067352135914
4.45152834717576	5.55748067170406	5.83316477153937	6.09899012187158
4.45814792917651	5.57824892246048	5.84470372625862	6.10497225706985
4.46476751117726	5.59343033980141	5.85307416213558	6.10873625878392
4.47138709317801	5.60851232946991	5.86944766950178	6.12790576638382
4.47800667517875	5.61140576319448	5.86981431133203	6.13432373307822
4.4846262571795	5.61646524607482	5.8794919257233	6.15080120344655
4.49124583918025	5.61217020884276	5.89425213022365	6.1436795184363
4.49786542118099	5.62817344592749	5.89144871284855	6.16421358247985
4.50448500318174	5.6543812759997	5.91144064293709	6.1807086824154
4.51110458518249	5.64518502353169	5.91583942675266	6.17277097909722
4.51772416718324	5.65069723104675	5.92119921297375	6.18217692649417
4.52434374918398	5.6584725660704	5.92748262525634	6.17857996127259
4.53096333118473	5.69352344941022	5.93930380592235	6.20481209928387
4.53758291318548	5.69099297058653	5.95285546778172	6.20255437989427
4.54420249518622	5.69565190019903	5.95585269919043	6.2092116175919
4.55082207718697	5.69299489856694	5.96735127542949	6.239931937564
4.55744165918772	5.69121210364735	5.96847788112238	6.23094051051987
4.56406124118846	5.71608662102043	5.97882610029839	6.23756588940321
4.57068082318921	5.71783448911788	5.98924196212886	6.25220257259104
4.57730040518996	5.7119941849003	5.99355736395089	6.26927827028934
4.58391998719071	5.73013316872898	6.00382802870175	6.27779788080644
4.59053956919145	5.73201793274529	6.02045083801412	6.27577241655683
4.5971591511922	5.76672954001463	6.02007301541477	6.28476112283834
4.60377873319295	5.7543398169698	6.02963215877596	6.28384475487077
4.61039831519369	5.76979696348323	6.04136269515129	6.31706321003703
4.61701789719444	5.78566660750331	6.04789531958861	6.31733787113547
4.62363747919519	5.78970776816951	6.05982050915378	6.31071927829391
4.63025706119594	5.80737577332191	6.06966241217779	6.34186058193917
4.63687664319668	5.80820064201068	6.07236652521504	6.35218853468017
4.64349622519743	5.79724930496345	6.08550518477516	6.35213496706959
4.65011580719818	5.81229706615999	6.0925072745889	6.36919084347018
4.65673538919892	5.81915345188387	6.09413101441686	6.3672323731005
4.66335497119967	5.83581133225815	6.10848585659189	6.36802426919959
4.66997455320042	5.84398599938609	6.11259032007007	6.36819233327999
4.67659413520117	5.84885386960731	6.12199660668582	6.37669588423305
4.68321371720191	5.87635496137133	6.13509052015493	6.39781527881174
4.68983329920266	5.86810654293303	6.14172241496844	6.39137303425894
4.69645288120341	5.88671198201339	6.15057922034627	6.4212763843539
4.70307246320415	5.89421803425016	6.1613079075939	6.41772520719068
4.7096920452049	5.89624435085473	6.1639793773874	6.44227603829102
