"mitochan"	"lwrNorm"	"medNorm"	"uprNorm"
-1.90327037354145	-3.70294359311645	-2.5521264169939	-1.44110728462866
-1.89616204912226	-3.67019714761038	-2.54647658012246	-1.43794281141444
-1.88905372470308	-3.67948878033136	-2.53291387294786	-1.45496146974719
-1.88194540028389	-3.6047299232307	-2.54071053277312	-1.40597564419895
-1.8748370758647	-3.62443504046023	-2.50798826634638	-1.4062517046083
-1.86772875144552	-3.59729035482216	-2.50279697931922	-1.41168072624584
-1.86062042702633	-3.58749706030795	-2.50425490694252	-1.43384450851114
-1.85351210260715	-3.60812016799252	-2.493922954651	-1.35906715071139
-1.84640377818796	-3.60214580171428	-2.48899242176309	-1.39810380878359
-1.83929545376877	-3.58795137660165	-2.46954803444714	-1.38750713266034
-1.83218712934959	-3.5490220549936	-2.45650529505061	-1.40826897573093
-1.8250788049304	-3.53957103757351	-2.44558309996831	-1.4017937687633
-1.81797048051122	-3.52185716003119	-2.4443384760037	-1.36853419958544
-1.81086215609203	-3.53297595254999	-2.4338058379808	-1.33604771577216
-1.80375383167284	-3.50734401616588	-2.43724138053787	-1.33601795932298
-1.79664550725366	-3.49842252778937	-2.41180533819914	-1.37076778224964
-1.78953718283447	-3.49717488455228	-2.41176202439199	-1.34256457072262
-1.78242885841529	-3.43875727400912	-2.39250354334686	-1.34003265151389
-1.7753205339961	-3.45300494134175	-2.40308768454751	-1.31559691160748
-1.76821220957691	-3.43182385376541	-2.38345377209857	-1.34880418269924
-1.76110388515773	-3.4304834653444	-2.36505417222094	-1.34996379749145
-1.75399556073854	-3.45427438474909	-2.37627959146477	-1.30457212579183
-1.74688723631936	-3.40717476530932	-2.35080127252917	-1.34215349959837
-1.73977891190017	-3.39965213659408	-2.3416933817307	-1.29719041658247
-1.73267058748098	-3.36634359140389	-2.34517686404904	-1.29142360653519
-1.7255622630618	-3.3885444976585	-2.32784854797636	-1.25569169782566
-1.71845393864261	-3.33886209515309	-2.32481868553512	-1.28574575575385
-1.71134561422343	-3.31797921577934	-2.3113600826073	-1.27589791535954
-1.70423728980424	-3.36510479219804	-2.30213342248863	-1.27871659493081
-1.69712896538505	-3.34674899377995	-2.29349945418585	-1.27247876412394
-1.69002064096587	-3.33282683080485	-2.26854484003798	-1.23679444159877
-1.68291231654668	-3.29992129029378	-2.28037119761813	-1.2479636803585
-1.6758039921275	-3.26795274284992	-2.26531391342873	-1.24451619208262
-1.66869566770831	-3.28714048175789	-2.25800441395713	-1.22727867325468
-1.66158734328912	-3.28699466597608	-2.24728914682773	-1.22076932883332
-1.65447901886994	-3.26608088576382	-2.23117143050596	-1.2435439806995
-1.64737069445075	-3.23725254748965	-2.23811687356395	-1.20425290543801
-1.64026237003157	-3.23905094351315	-2.22365262183724	-1.21136102173444
-1.63315404561238	-3.25224065521904	-2.22100014460075	-1.21101209609643
-1.62604572119319	-3.22140556493912	-2.20320532344728	-1.18673942287921
-1.61893739677401	-3.19426938882366	-2.18461675506928	-1.20727643831201
-1.61182907235482	-3.18533862774641	-2.18110469712873	-1.19376498638273
-1.60472074793564	-3.16822887047283	-2.15855132201311	-1.16807809762494
-1.59761242351645	-3.17958305567378	-2.15646481096671	-1.16248291982023
-1.59050409909726	-3.12089076755328	-2.15393633068171	-1.16480172900378
-1.58339577467808	-3.14748554558383	-2.14594029956086	-1.17363021527219
-1.57628745025889	-3.12098351614832	-2.13416128851971	-1.15121314645748
-1.56917912583971	-3.12783591528769	-2.13075350347131	-1.15147018997695
-1.56207080142052	-3.08997696116682	-2.11565056056443	-1.15994461523644
-1.55496247700133	-3.10433109406886	-2.11165355394227	-1.14274994994813
-1.54785415258215	-3.10453612786016	-2.09968243947353	-1.12958861108029
-1.54074582816296	-3.05730812097862	-2.08757563331849	-1.09781438590132
-1.53363750374378	-3.04665108592931	-2.07694640619858	-1.10047680623453
-1.52652917932459	-3.02767369683461	-2.07895681834645	-1.11458553897955
-1.5194208549054	-3.05825502399883	-2.07202065125821	-1.05388411339934
-1.51231253048622	-3.01739819448728	-2.07036130418589	-1.11590740635127
-1.50520420606703	-3.0042323751356	-2.03893467905458	-1.10372123192083
-1.49809588164785	-2.99319223122026	-2.02812927351309	-1.05704500694188
-1.49098755722866	-2.98001869335077	-2.02123650381948	-1.0679103447948
-1.48387923280947	-2.94435869582954	-2.02827918834463	-1.08833662665863
-1.47677090839029	-2.93852933819728	-2.00918239508301	-1.07603157832733
-1.4696625839711	-2.94884186296409	-2.00629019621619	-1.03465928607376
-1.46255425955192	-2.97276591275578	-1.99894766798782	-1.04654538522675
-1.45544593513273	-2.90667285762017	-1.9757115737061	-1.03584076488822
-1.44833761071354	-2.93675857633324	-1.96744624560623	-1.0416927565171
-1.44122928629436	-2.91768539820135	-1.95989696414659	-1.02939376518097
-1.43412096187517	-2.86842899312986	-1.95372638466158	-1.03674153828582
-1.42701263745599	-2.85006238776608	-1.93505771506422	-1.0025058351257
-1.4199043130368	-2.84979796749742	-1.94848168702932	-1.0044319847145
-1.41279598861761	-2.87908109654631	-1.93157662943586	-0.992601258779515
-1.40568766419843	-2.82891471234971	-1.92198279471544	-1.02691947791231
-1.39857933977924	-2.83977879096883	-1.90941191308284	-0.96799616888585
-1.39147101536006	-2.8097063759267	-1.8928580214549	-0.945274658740032
-1.38436269094087	-2.8133186154374	-1.88964971032397	-0.987767916692722
-1.37725436652168	-2.79834717534366	-1.8744660830049	-0.982032250729888
-1.3701460421025	-2.78769080786483	-1.86360801243736	-0.95361646765058
-1.36303771768331	-2.76753721007795	-1.87485413288729	-0.940291988011044
-1.35592939326413	-2.76381180704387	-1.85413185329363	-0.953333940241928
-1.34882106884494	-2.75750588536846	-1.84185603381988	-0.918392705152214
-1.34171274442575	-2.75223695494692	-1.83811294993436	-0.917976971206422
-1.33460442000657	-2.72178191348314	-1.8350068931987	-0.93087829125879
-1.32749609558738	-2.70605083200204	-1.8037725087158	-0.919100174167062
-1.3203877711682	-2.7428124433922	-1.81017137019332	-0.889701886394123
-1.31327944674901	-2.68577033376676	-1.79456584292452	-0.908538258696428
-1.30617112232982	-2.69946136780183	-1.80717829922555	-0.872930714377752
-1.29906279791064	-2.65849733404413	-1.77948163808858	-0.923913124534803
-1.29195447349145	-2.65267035880562	-1.75533389490493	-0.904867045695122
-1.28484614907227	-2.64861812582128	-1.76055870731378	-0.863033716891058
-1.27773782465308	-2.63905661211098	-1.75379822952762	-0.864854904369673
-1.27062950023389	-2.63863669013328	-1.7568872796178	-0.869819654673093
-1.26352117581471	-2.61796704625791	-1.74267567259302	-0.859260106870955
-1.25641285139552	-2.62745766842979	-1.7256913226505	-0.855835726072617
-1.24930452697634	-2.58214433962982	-1.71560217227695	-0.831131277722387
-1.24219620255715	-2.63846189828127	-1.70281623611932	-0.810507053933275
-1.23508787813796	-2.58513901164648	-1.69846369261381	-0.829082288899963
-1.22797955371878	-2.53912571782223	-1.69653107513355	-0.813705293462148
-1.22087122929959	-2.53610095563536	-1.68035539945129	-0.812744254731543
-1.21376290488041	-2.52049477000879	-1.66005562845215	-0.821278966183071
-1.20665458046122	-2.51426817364162	-1.67312666642697	-0.780022414447762
-1.19954625604203	-2.49962941689498	-1.64891678848862	-0.789369017636117
-1.19243793162285	-2.50269963276717	-1.63409956724485	-0.780441287112604
-1.18532960720366	-2.46032764583975	-1.63846909876249	-0.794296864473353
-1.17822128278448	-2.47103675042757	-1.61989310776599	-0.752281070672744
-1.17111295836529	-2.47845480744414	-1.61712327075166	-0.78693516155253
-1.1640046339461	-2.43598881259153	-1.61721320265275	-0.743711073969749
-1.15689630952692	-2.45216641516194	-1.60839386559169	-0.765471773053283
-1.14978798510773	-2.42238699136043	-1.59152916899328	-0.753594019353835
-1.14267966068855	-2.40370580085527	-1.58223632923365	-0.755140893669014
-1.13557133626936	-2.41934657927545	-1.5820654721871	-0.732439152796458
-1.12846301185017	-2.39810419433458	-1.57099304623224	-0.708599147617319
-1.12135468743099	-2.38666188056706	-1.55166375740791	-0.695179056256011
-1.1142463630118	-2.38067536907761	-1.5466660269876	-0.716513375725476
-1.10713803859262	-2.37178008791067	-1.54255381088401	-0.726714773075226
-1.10002971417343	-2.35739956282442	-1.5290056990935	-0.698580090517437
-1.09292138975424	-2.33287257397756	-1.53499322362314	-0.688411640865974
-1.08581306533506	-2.31785814226343	-1.51253978830378	-0.680803896119384
-1.07870474091587	-2.31448521611754	-1.50220102464261	-0.656735563939674
-1.07159641649669	-2.27345021531275	-1.49018136026461	-0.662798719755622
-1.0644880920775	-2.29208867185769	-1.48376562575315	-0.674770718732394
-1.05737976765831	-2.2877435703977	-1.46546602708756	-0.641906358986895
-1.05027144323913	-2.27976039798603	-1.45894234072434	-0.681313279029836
-1.04316311881994	-2.26899437508258	-1.44787929212949	-0.63357688118549
-1.03605479440076	-2.25087950398363	-1.44016509771093	-0.639745805180793
-1.02894646998157	-2.24602607974803	-1.44069019716815	-0.65100465600144
-1.02183814556238	-2.21740004622913	-1.42614255655973	-0.636550089664456
-1.0147298211432	-2.21639630032595	-1.42227277593749	-0.608508940443985
-1.00762149672401	-2.22553749343565	-1.39975940050096	-0.622941192710695
-1.00051317230483	-2.18970219662198	-1.39230981042726	-0.579770560907792
-0.99340484788564	-2.18213131545022	-1.38782389038259	-0.60056617365055
-0.986296523466454	-2.1581260056029	-1.37503028984171	-0.605762979838505
-0.979188199047268	-2.16219238826292	-1.3652339848583	-0.599857575219252
-0.972079874628082	-2.15954298395453	-1.36576448351307	-0.536214607984165
-0.964971550208896	-2.14694024607239	-1.35440854695889	-0.554061000564226
-0.95786322578971	-2.11469343907528	-1.35166452239132	-0.571628864612048
-0.950754901370524	-2.12974035247134	-1.33514994334031	-0.542800040815052
-0.943646576951338	-2.08944185995406	-1.32453948490449	-0.530740561491434
-0.936538252532152	-2.09220204935699	-1.31675721874967	-0.539554910984667
-0.929429928112966	-2.08870083070596	-1.31032357113869	-0.522424811411943
-0.92232160369378	-2.0444954158279	-1.29494050323712	-0.517216919377769
-0.915213279274594	-2.07757189355423	-1.28669598949228	-0.514805311872775
-0.908104954855408	-2.05505773492513	-1.2858351682059	-0.476606090566032
-0.900996630436222	-2.03120279344601	-1.27345199973085	-0.513258290504403
-0.893888306017036	-2.03886155742845	-1.26515651914317	-0.50942912507489
-0.88677998159785	-2.00208252337128	-1.25791437964309	-0.492064731907451
-0.879671657178664	-2.01834074678096	-1.24715701486897	-0.476784636785325
-0.872563332759478	-2.00341766189834	-1.22575994458677	-0.473728424911201
-0.865455008340292	-1.98267688950974	-1.21527749025025	-0.461206832700415
-0.858346683921106	-1.98655798377045	-1.21000462127424	-0.473452850456684
-0.85123835950192	-1.98412078736072	-1.19891122378111	-0.446022233835946
-0.844130035082734	-1.93526152785277	-1.20329895001583	-0.446828799318815
-0.837021710663548	-1.9200655193908	-1.19114331125883	-0.4507675768972
-0.829913386244362	-1.90884181023764	-1.1834289610282	-0.437010813629168
-0.822805061825176	-1.9378453058666	-1.17751347128907	-0.418550002879549
-0.81569673740599	-1.86171560375221	-1.16517740810092	-0.393866411005578
-0.808588412986804	-1.90077717453719	-1.15639854062691	-0.413389648175318
-0.801480088567618	-1.86933610682809	-1.13811223336158	-0.396700653550558
-0.794371764148432	-1.85282395964973	-1.13434690413379	-0.38730985108716
-0.787263439729246	-1.83905287999824	-1.12321945035637	-0.392025717447417
-0.78015511531006	-1.86612137729179	-1.11356187205397	-0.37405268293755
-0.773046790890874	-1.83730565800967	-1.11616208587193	-0.371209193950651
-0.765938466471688	-1.82677534807738	-1.10293214172407	-0.365849578575236
-0.758830142052502	-1.80849354594646	-1.09241836951088	-0.317247970385771
-0.751721817633316	-1.78419329564684	-1.08075753925183	-0.347287700606268
-0.74461349321413	-1.80298781152353	-1.07470001864842	-0.350901369207003
-0.737505168794944	-1.79522807303669	-1.05407771800843	-0.334930656350719
-0.730396844375758	-1.79539648058937	-1.05632992946027	-0.307229609197053
-0.723288519956572	-1.78933321278363	-1.04590916026112	-0.318545937228317
-0.716180195537386	-1.78236668350543	-1.03831589999647	-0.316342891152578
-0.7090718711182	-1.72800686885002	-1.02047019629119	-0.275320281388658
-0.701963546699014	-1.72789038588463	-1.01376285411062	-0.299890751925057
-0.694855222279828	-1.7131649139775	-1.00750078117956	-0.270213056750579
-0.687746897860642	-1.7200412393757	-0.996642755806821	-0.285161840810314
-0.680638573441456	-1.6972748734808	-0.978910992120291	-0.2584073274937
-0.67353024902227	-1.6642893257552	-0.983597991907827	-0.251968244683904
-0.666421924603084	-1.69125140800942	-0.980808818701295	-0.253444539436296
-0.659313600183898	-1.64833578189393	-0.957006864001194	-0.241172480325894
-0.652205275764712	-1.68805346510082	-0.961803778272834	-0.23728018004815
-0.645096951345526	-1.63335685635127	-0.942195747008444	-0.236034158615793
-0.63798862692634	-1.63450132487516	-0.932135473403527	-0.246401750356662
-0.630880302507154	-1.60823039551589	-0.921208374897827	-0.210897635191178
-0.623771978087968	-1.60785527113065	-0.911603106526452	-0.195222998785555
-0.616663653668782	-1.61828822050652	-0.912948786157769	-0.195030401070441
-0.609555329249596	-1.60467499062782	-0.897431511217607	-0.164939281088954
-0.60244700483041	-1.57391303425755	-0.897862547011075	-0.184038638006818
-0.595338680411224	-1.5771727237646	-0.873213477046175	-0.172924398906412
-0.588230355992038	-1.58995110477716	-0.873578806919198	-0.176912307917357
-0.581122031572852	-1.54537928891374	-0.85602247737003	-0.129876529291988
-0.574013707153666	-1.5277863013482	-0.854537521305286	-0.180253538027765
-0.56690538273448	-1.54332992924608	-0.844167198824131	-0.135990601257544
-0.559797058315294	-1.50837953701623	-0.837839383656648	-0.141499381783954
-0.552688733896108	-1.47711706359029	-0.827494096824706	-0.153473876826947
-0.545580409476922	-1.51229412149808	-0.82400909415755	-0.110888722863564
-0.538472085057736	-1.478806420553	-0.818776938857794	-0.118712316127053
-0.53136376063855	-1.47027827589765	-0.806490371711002	-0.117624882878639
-0.524255436219364	-1.47905060813585	-0.781346049921909	-0.0877526866861863
-0.517147111800178	-1.45689605338603	-0.791287806812442	-0.123144874892819
-0.510038787380992	-1.44496430362446	-0.773103460026408	-0.10003085909443
-0.502930462961806	-1.4496056951941	-0.760648980491704	-0.0664041343425135
-0.49582213854262	-1.42941828294423	-0.747465812715798	-0.0628202342419018
-0.488713814123434	-1.42667828779606	-0.744854035565295	-0.0701376711399402
-0.481605489704248	-1.39302893914212	-0.730473084578353	-0.0776020552159675
-0.474497165285062	-1.36805810644594	-0.719327277135518	-0.0616615885283223
-0.467388840865876	-1.39434206608893	-0.712728530448028	-0.0659826951326511
-0.46028051644669	-1.36068241213841	-0.692671487375499	-0.0189547091232555
-0.453172192027504	-1.36833409436972	-0.706085385642223	-0.0194867190277057
-0.446063867608318	-1.33005226968396	-0.682004905564132	-0.0366424942855626
-0.438955543189132	-1.3376309910721	-0.683645236767879	0.00882369193810392
-0.431847218769946	-1.32336205616671	-0.669102139874373	-0.00705993762989277
-0.42473889435076	-1.30599388967775	-0.659155810134627	0.0121958845970198
-0.417630569931574	-1.28164476387553	-0.65568403751944	0.0233439184354434
-0.410522245512388	-1.31736949892523	-0.642802175963023	0.0533526094183732
-0.403413921093202	-1.28822444210859	-0.635772958173652	0.0411226844771564
-0.396305596674016	-1.27182217642367	-0.617466435301874	0.0534569461669157
-0.38919727225483	-1.27139080121948	-0.612769888819042	0.0809254910648098
-0.382088947835644	-1.28910262694226	-0.607908736935508	0.0765571072305333
-0.374980623416458	-1.25736401704762	-0.601693025501692	0.0811558607275972
-0.367872298997272	-1.25027969278959	-0.582522407072212	0.0572586775221207
-0.360763974578086	-1.22041654884581	-0.582746817440693	0.0863668675435631
-0.3536556501589	-1.26405997003926	-0.577151594299739	0.0665941314298594
-0.346547325739714	-1.20366114181776	-0.553000631035302	0.0877731424239048
-0.339439001320528	-1.22780252807387	-0.554989516180624	0.122280511553732
-0.332330676901342	-1.20005268965774	-0.552379985604188	0.13625607106273
-0.325222352482156	-1.1936095699083	-0.543280021547356	0.144057677123962
-0.31811402806297	-1.19147910031048	-0.525340453833595	0.0982032473711459
-0.311005703643784	-1.15964671011773	-0.497775014688099	0.0999670557273825
-0.303897379224598	-1.1585321026639	-0.512957845368863	0.131218175017364
-0.296789054805412	-1.12704117644359	-0.503779069422699	0.148366430615538
-0.289680730386226	-1.12722972109195	-0.495371157317025	0.174634728499907
-0.28257240596704	-1.14223357531238	-0.481741480356412	0.177493394277322
-0.275464081547854	-1.11115482825489	-0.47326340149496	0.184285613856033
-0.268355757128668	-1.08932220162684	-0.468556779347428	0.185378946854775
-0.261247432709482	-1.07280685589892	-0.465069053695035	0.214400964568771
-0.254139108290296	-1.08995944067508	-0.453013247596774	0.214276969600791
-0.24703078387111	-1.08622347842154	-0.446866593861577	0.213083472584442
-0.239922459451924	-1.06475881928926	-0.417324202736787	0.21765709927493
-0.232814135032738	-1.06291834267191	-0.424949586120206	0.259436189563386
-0.225705810613552	-1.05975867744658	-0.405862379719226	0.240590268416102
-0.218597486194366	-1.02410483972932	-0.408809385272775	0.253208349525616
-0.21148916177518	-1.05419240071884	-0.390025705503839	0.227287866158927
-0.204380837355994	-1.02826371575702	-0.376526886379997	0.300226863979278
-0.197272512936808	-0.993469951566573	-0.368904673720317	0.273023322986373
-0.190164188517622	-0.979325634300951	-0.371244794849978	0.282684351977258
-0.183055864098436	-0.97930175738024	-0.355490114888151	0.28882549383806
-0.17594753967925	-0.996790991187162	-0.344412345528886	0.315900944061703
-0.168839215260064	-0.973310556937362	-0.335796331768508	0.322808078546776
-0.161730890840878	-0.950561521575504	-0.341032159920069	0.33533142683165
-0.154622566421692	-0.926506739311049	-0.320735822953715	0.33071956991215
-0.147514242002506	-0.948554643614627	-0.304469483857073	0.336571744277618
-0.14040591758332	-0.929383290498826	-0.288688863761986	0.372930050587462
-0.133297593164134	-0.914913261223366	-0.290264950394317	0.355307951378565
-0.126189268744948	-0.908299861296072	-0.27565204041445	0.351464026359558
-0.119080944325761	-0.902726233894697	-0.275258201172718	0.371094639341879
-0.111972619906576	-0.871588927316804	-0.259660185193187	0.362645807050534
-0.10486429548739	-0.86545632698355	-0.255238826979953	0.405834154563589
-0.0977559710682034	-0.879235211204442	-0.235093563906307	0.4046894203666
-0.0906476466490176	-0.854535228156547	-0.229117159873256	0.410638039469885
-0.0835393222298315	-0.859201542006124	-0.232954795702839	0.419632847876426
-0.0764309978106454	-0.848877429897207	-0.224137826675669	0.416417358204855
-0.0693226733914596	-0.827995865685495	-0.210993095547361	0.431531618358931
-0.0622143489722735	-0.83885937318479	-0.196824480477527	0.455291921300644
-0.0551060245530874	-0.849896976985679	-0.193592849468564	0.445852498305795
-0.0479977001339016	-0.815004559309182	-0.186309436051961	0.46538457066966
-0.0408893757147155	-0.779072676123631	-0.171233486104677	0.489505066620952
-0.0337810512955294	-0.795001106030442	-0.166888288123187	0.474579681966997
-0.0266727268763434	-0.783639105851569	-0.15346275795954	0.508583896168977
-0.0195644024571575	-0.781924851645013	-0.14786843968615	0.476050479162751
-0.0124560780379714	-0.751737757630346	-0.13858882947036	0.50917513798195
-0.00534775361878537	-0.748837931543831	-0.132968390631222	0.524426412920416
0.00176057080040048	-0.734870453735159	-0.122407517463083	0.524245459782245
0.00886889521958656	-0.740766497237992	-0.112058301775075	0.508693929300292
0.0159772196387726	-0.730190526192976	-0.102910708059057	0.538206205530943
0.0230855440579585	-0.751055996354624	-0.0895608452559203	0.564645552627329
0.0301938684771446	-0.719472424335633	-0.0719288737740943	0.594725020636525
0.0373021928963306	-0.708107759911949	-0.078974671029832	0.551604427981177
0.0444105173155165	-0.68876892003918	-0.065491782230708	0.582556927020739
0.0515188417347026	-0.689118555386274	-0.0510484930518318	0.599110793982108
0.0586271661538886	-0.678980785447166	-0.0530935420914665	0.594335273570048
0.0657354905730747	-0.693849200367913	-0.0330748663791357	0.615605033436302
0.0728438149922606	-0.67518111472722	-0.0289930781861581	0.628823748401576
0.0799521394114466	-0.639486119286848	-0.0206416060712007	0.617912472915455
0.0870604638306327	-0.660231899162031	-0.00285017180143828	0.666831452844349
0.0941687882498186	-0.634483166988938	-0.00107137737172984	0.636324258360003
0.101277112669004	-0.616605658123151	0.0156647282717241	0.668616051543909
0.108385437088191	-0.604458597807591	0.0194881331297464	0.651866504594103
0.115493761507377	-0.618116060033256	0.0289838267906324	0.670503600688886
0.122602085926563	-0.611587346895642	0.039885178310848	0.682444752887397
0.129710410345749	-0.583914983038923	0.0368125346224153	0.688882793235856
0.136818734764935	-0.593798316658944	0.056563632524631	0.698635645661871
0.143927059184121	-0.559855858088575	0.0562750436775096	0.687362693234246
0.151035383603307	-0.560159259470816	0.0781850861792723	0.737130586731849
0.158143708022493	-0.554903669144633	0.0847877139670541	0.721708601064237
0.165252032441679	-0.536386311820729	0.0889119918093626	0.73788664799528
0.172360356860865	-0.524710660043546	0.0999094173575044	0.755579152059102
0.179468681280051	-0.538456988319606	0.109633935904039	0.754698554941789
0.186577005699237	-0.513708070768075	0.126626537654388	0.777110908849113
0.193685330118423	-0.488770078593657	0.125435138118688	0.781702712739701
0.200793654537609	-0.502913171595092	0.120888150610268	0.787039164127552
0.207901978956795	-0.478034193364062	0.148400911828326	0.802110370713019
0.215010303375981	-0.487489588152273	0.153169674746182	0.814392571917558
0.222118627795167	-0.489795942100728	0.164008045048908	0.832962347344327
0.229226952214353	-0.459733951332638	0.17125003447332	0.851966186316906
0.236335276633539	-0.456635537882826	0.182027351881362	0.832832799488132
0.243443601052725	-0.448171151556079	0.188369932736083	0.838135677784639
0.250551925471911	-0.449522285806584	0.205688587760497	0.866842125174792
0.257660249891097	-0.418448926139989	0.210231748851282	0.872893096539966
0.264768574310283	-0.431223504906119	0.231169198252408	0.873011146471776
0.271876898729469	-0.429854828791604	0.225718958295362	0.880362929576792
0.278985223148655	-0.388345654228949	0.236439338463795	0.886510981894473
0.286093547567841	-0.399337529656247	0.248525348079711	0.886321041252923
0.293201871987027	-0.398007668531519	0.25915393027223	0.909397969846874
0.300310196406213	-0.392670975051588	0.266245765416531	0.935871623870133
0.307418520825399	-0.388279013988225	0.27249621323172	0.919662481274563
0.314526845244585	-0.387492341150743	0.279431695221522	0.928340181603545
0.321635169663771	-0.366719711051281	0.28152412450458	0.94796963614996
0.328743494082957	-0.389387780916595	0.30356535433996	0.938020885945963
0.335851818502143	-0.342472639932366	0.310345805210101	0.975675077508637
0.342960142921329	-0.348996816774781	0.322172864094278	0.951893449697586
0.350068467340515	-0.30218686935364	0.339125669072875	0.980906826615231
0.357176791759701	-0.313412220290572	0.339732476103085	0.994965038641089
0.364285116178887	-0.334458720667224	0.344582410075437	0.996098516548897
0.371393440598073	-0.290614405521598	0.359581150418499	1.00700554796957
0.378501765017259	-0.321256496143111	0.36917823766937	1.01536966279462
0.385610089436445	-0.290040890134206	0.369687348512545	1.0219300406684
0.392718413855631	-0.2840124573236	0.374618427252744	1.05719048574167
0.399826738274817	-0.287765665496492	0.388238933883942	1.05004415743386
0.406935062694003	-0.255700179523345	0.39756055463985	1.06515447847155
0.414043387113189	-0.256461829411556	0.41037472654586	1.10327557560197
0.421151711532375	-0.225010784689368	0.430747148257485	1.09127968752569
0.428260035951561	-0.26563250464214	0.425371391000245	1.09141466313376
0.435368360370747	-0.213934554063891	0.447412156581955	1.1072450933743
0.442476684789933	-0.216786918965975	0.441665656827806	1.09699233909814
0.449585009209119	-0.196778188115765	0.453306527984751	1.14449989764942
0.456693333628305	-0.20910402501458	0.452743244095697	1.15309334172743
0.463801658047491	-0.1925575030431	0.472519231028242	1.13617343452673
0.470909982466677	-0.201367398589284	0.47435152183634	1.1776572887196
0.478018306885863	-0.176358505277016	0.490104276510545	1.20361233781303
0.485126631305049	-0.182197862871725	0.498137138609152	1.18768978335272
0.492234955724235	-0.173258745084991	0.50733140739553	1.19181070195746
0.499343280143421	-0.188667214381965	0.510422299980932	1.20249765481608
0.506451604562607	-0.14530394872393	0.519983295093454	1.20081257453071
0.513559928981793	-0.128885883623639	0.542238935929882	1.21694021554003
0.520668253400979	-0.140065892482303	0.551260727337033	1.26291063995463
0.527776577820165	-0.144738566984973	0.55753243853836	1.25265811011035
0.534884902239351	-0.124281969151042	0.552779520192205	1.25888124905006
0.541993226658537	-0.119778785928864	0.582007418807254	1.26534154515549
0.549101551077723	-0.0993652398494925	0.58633094320875	1.25149873920863
0.556209875496909	-0.113643802394346	0.601408165108075	1.29336867385003
0.563318199916095	-0.102240914425513	0.589970431593567	1.31985383978381
0.570426524335281	-0.0898053740250959	0.603316841165484	1.32391622010291
0.577534848754467	-0.087578607561437	0.613686248832794	1.32928236963803
0.584643173173653	-0.0728691239522083	0.627966114463013	1.35723150660225
0.591751497592839	-0.0667630695870361	0.651929402602367	1.32952702975672
0.598859822012025	-0.0491854900502389	0.656347873905709	1.35378990442538
0.605968146431211	-0.065497017947189	0.65971855484517	1.34293752071957
0.613076470850397	-0.0487400984538327	0.676774987798223	1.35530634171533
0.620184795269583	-0.0225655272024443	0.670043801703141	1.37125194027197
0.627293119688769	-0.00458292350565547	0.681337755913472	1.38395952205182
0.634401444107955	0.00280856659284178	0.703074533851633	1.40296366824979
0.641509768527141	-0.037537512962189	0.700994542695854	1.42247138784513
0.648618092946327	-0.0154536549953361	0.707696442373316	1.41677113962278
0.655726417365513	-0.0264842895653404	0.72762601092368	1.44488953221711
0.662834741784699	-0.0100756338650628	0.727848121109656	1.44264313776974
0.669943066203885	0.0180438155174195	0.732853716534732	1.44681655211659
0.677051390623071	0.026526089901695	0.745863557803458	1.48163819460204
0.684159715042257	0.032875762581189	0.750302694290908	1.48656889417674
0.691268039461443	0.0406081268644655	0.760523204682159	1.51429699393103
0.698376363880629	0.049966037339671	0.778520883086948	1.51300565669112
0.705484688299815	0.0522947573981017	0.783510244510082	1.48775172722778
0.712593012719001	0.0743411778826169	0.781766316734952	1.52996635150331
0.719701337138187	0.0905634768468623	0.791159258942261	1.51507950111367
0.726809661557373	0.0708980468787454	0.812724453374256	1.51740345080545
0.733917985976559	0.108910120732079	0.822321063456286	1.57753587136399
0.741026310395745	0.0715481530957909	0.822397845585614	1.54206366619617
0.748134634814931	0.0675926247485116	0.837743775277335	1.58609169471267
0.755242959234117	0.122764457992317	0.845864450293108	1.56568841497621
0.762351283653303	0.127312336097774	0.851703601282671	1.59765457175947
0.769459608072489	0.122041355917792	0.858561721309032	1.61320936070527
0.776567932491675	0.119595259543662	0.867720968424697	1.6367975722681
0.783676256910861	0.145366772246759	0.878735534287755	1.63157214329129
0.790784581330047	0.135541261989644	0.885522132441663	1.64493537322333
0.797892905749233	0.129223059434343	0.905336265590122	1.63095991638364
0.805001230168419	0.148573366656688	0.912953636619103	1.67331424364596
0.812109554587605	0.156970102211401	0.910170090944105	1.69150276323064
0.819217879006791	0.174032168543595	0.926265182512108	1.71737064440688
0.826326203425977	0.16862847434853	0.933597429306405	1.69127942356638
0.833434527845163	0.207506040108914	0.950529170813022	1.70485856422765
0.840542852264349	0.19284058316831	0.946949001111283	1.72169132519209
0.847651176683535	0.205065033451721	0.960891289241484	1.74287621148055
0.854759501102721	0.241582950826593	0.973586332156778	1.72673967202405
0.861867825521907	0.222462447071247	0.986900526769688	1.77135989445728
0.868976149941093	0.234641774338046	0.984394147599032	1.74988939992535
0.876084474360279	0.218217748676433	0.995289434915649	1.77619393734125
0.883192798779465	0.204107961380845	1.00475941800461	1.79260488677316
0.890301123198651	0.243363573041581	1.02665659269691	1.79297872125023
0.897409447617837	0.278096442365585	1.02884955184811	1.78751644537768
0.904517772037023	0.26748991443318	1.03783148780621	1.81832130926215
0.911626096456209	0.261751440009958	1.02958025224976	1.82451219421361
0.918734420875395	0.265539605432415	1.05787288189826	1.80953007359923
0.925842745294581	0.306416676778997	1.05412607367279	1.83796350685786
0.932951069713767	0.273568367511928	1.07505334699788	1.83857740880492
0.940059394132953	0.320240220411074	1.09128948055071	1.88228293246445
0.947167718552139	0.328512662071412	1.08437109169601	1.88573385077881
0.954276042971325	0.29538568318304	1.10342882304068	1.90844061148624
0.961384367390511	0.32009573285623	1.11231030777242	1.91588433521412
0.968492691809697	0.314229610205863	1.10780619366715	1.90432635203272
0.975601016228883	0.326574455422437	1.13865005093988	1.97820441384197
0.982709340648069	0.33034660467659	1.13975897870267	1.95401618289567
0.989817665067255	0.315121233206053	1.14069884601684	1.97242807580524
0.996925989486441	0.340872236822581	1.15128574477825	1.96267424783364
1.00403431390563	0.339390262800007	1.17538611428108	1.94901668876335
1.01114263832481	0.316773989661661	1.16999201549571	1.99435481429257
1.018250962744	0.385624203728555	1.174741822337	1.98122664801862
1.02535928716319	0.36427467488163	1.18892987577167	2.00738739432462
1.03246761158237	0.349481719926185	1.18753183544967	2.02125092710613
1.03957593600156	0.414024069714159	1.20389023458574	2.01262953521638
1.04668426042074	0.380946296697011	1.22283484179152	2.02894190298789
1.05379258483993	0.38969339689142	1.22912065568432	2.05860947206915
1.06090090925912	0.421846236738291	1.23085933028582	2.07161066748906
1.0680092336783	0.388116954257091	1.23893472982981	2.08756979473769
1.07511755809749	0.463840691215691	1.25649915601896	2.09996917784195
1.08222588251667	0.424369032288423	1.27661903943506	2.12619425059975
1.08933420693586	0.425854389299077	1.27962706854155	2.09910959289691
1.09644253135505	0.440568812900944	1.27840245192356	2.1270151002656
1.10355085577423	0.463173929776353	1.29078812799785	2.13019031956043
1.11065918019342	0.441462580032589	1.29872552901821	2.12433972169815
1.1177675046126	0.458806244484572	1.31410390965665	2.17204637111907
1.12487582903179	0.451171650209129	1.31256958813334	2.15050721937098
1.13198415345098	0.458568490845634	1.32928468093734	2.14988758747449
1.13909247787016	0.495765488697534	1.3432629236895	2.19867911629919
1.14620080228935	0.48399797436997	1.3522167801527	2.20474538203177
1.15330912670853	0.527252482219557	1.36404851927833	2.21556978835062
1.16041745112772	0.516817414491953	1.34427439332311	2.22789795370215
1.16752577554691	0.522850822540711	1.37859665312094	2.23576572330798
1.17463409996609	0.512004024385348	1.38126255105666	2.26002844229645
1.18174242438528	0.527674624213001	1.38317804563212	2.24310938417786
1.18885074880446	0.556619342977578	1.40169611927325	2.24562860287689
1.19595907322365	0.544074763771719	1.41750302491437	2.30461485073834
1.20306739764284	0.556621777073793	1.41999110789583	2.29212326648539
1.21017572206202	0.548890044731814	1.42714055237196	2.30868163866125
1.21728404648121	0.550913494732584	1.4359133785543	2.31266829089295
1.22439237090039	0.573548105783746	1.43633971220994	2.30831351054741
1.23150069531958	0.56355727788815	1.4569991988522	2.32878624464815
1.23860901973877	0.553456794640942	1.46733967120197	2.32657388442052
1.24571734415795	0.584779570625896	1.46850869915651	2.35160693812019
1.25282566857714	0.611423094883133	1.47755323082012	2.35500368972635
1.25993399299632	0.589925636309606	1.48969175585038	2.36171636548447
1.26704231741551	0.60362619461482	1.50216704750186	2.3786563391395
1.2741506418347	0.636036010403454	1.50923487356637	2.42276123358559
1.28125896625388	0.628650732037392	1.5157976746276	2.40175555234287
1.28836729067307	0.650392095019415	1.53838419679998	2.42036539250676
1.29547561509225	0.621303478047466	1.54195243126525	2.44103368020924
1.30258393951144	0.641601184287452	1.55152358901991	2.42935828081111
1.30969226393063	0.65526864176908	1.55788536754347	2.46052462969913
1.31680058834981	0.651755999968017	1.56954320793171	2.45069652022987
1.323908912769	0.661703485973162	1.56744514839639	2.48789727543254
1.33101723718818	0.685876108245452	1.59671944174024	2.48192758404831
1.33812556160737	0.656683456754185	1.5849397168671	2.4904965634642
1.34523388602656	0.692598581580782	1.60830352973209	2.48983265273271
1.35234221044574	0.707510371920577	1.60057340064159	2.52217690951849
1.35945053486493	0.697157369140604	1.63001983398416	2.55025328876803
1.36655885928411	0.68001344981122	1.63213124610181	2.51969632777027
1.3736671837033	0.699257018419114	1.63101722727765	2.54268765004788
1.38077550812249	0.735360345651252	1.64171548577918	2.57201503274611
1.38788383254167	0.72463555017012	1.64732724270617	2.58814944565391
1.39499215696086	0.748295173332659	1.6661764772221	2.5687807946525
1.40210048138004	0.741151026259506	1.68234130495515	2.61255076008574
1.40920880579923	0.744614335040172	1.68412223809985	2.60596896054309
1.41631713021842	0.723126493985274	1.70593501228172	2.60553021803677
1.4234254546376	0.756015107345771	1.70214972265067	2.63223176239989
1.43053377905679	0.73890138765946	1.7023345867881	2.65007337876555
1.43764210347597	0.784890900058114	1.7313320693798	2.67331325207429
1.44475042789516	0.763330511563162	1.74040074275561	2.67158772251736
1.45185875231435	0.788635188043031	1.73658597689174	2.728520349656
1.45896707673353	0.811413173365152	1.7432881712356	2.71095954086098
1.46607540115272	0.813122807082813	1.73593211028708	2.70789983663142
1.4731837255719	0.822806629776162	1.75831173468196	2.72822655048695
1.48029204999109	0.800611064441481	1.79393905581117	2.75525514797517
1.48740037441028	0.832631571326503	1.77543559261361	2.77727707571749
1.49450869882946	0.806217422540064	1.79020439133369	2.76856926087696
1.50161702324865	0.811817065463068	1.79678505534195	2.76940390299722
1.50872534766783	0.855890660311161	1.81354746794142	2.77445431946624
1.51583367208702	0.855387210625359	1.81463353406043	2.79528437940047
1.52294199650621	0.862866221437061	1.83728923788171	2.83554823803988
1.53005032092539	0.869240641330725	1.84266673629631	2.80016842822893
1.53715864534458	0.885142678335995	1.84593620549775	2.81245102440158
1.54426696976376	0.875314268484135	1.8607100216034	2.8782158015158
1.55137529418295	0.873350867690177	1.86912307968869	2.86742003172173
1.55848361860214	0.863261697459128	1.87374717763333	2.85928574530523
1.56559194302132	0.900757452295544	1.87451501363945	2.89840536770358
1.57270026744051	0.899164414216628	1.88384216740098	2.90471823954809
1.57980859185969	0.897188756513756	1.90113956247969	2.89640076337555
1.58691691627888	0.91081893204051	1.90829407313284	2.92413778167443
1.59402524069807	0.885834268874266	1.91540847585354	2.92664560344488
1.60113356511725	0.905354191960733	1.92325503091005	2.95072304118785
1.60824188953644	0.910467784942511	1.9381535420169	2.95962600294726
1.61535021395562	0.947099865116901	1.946179094674	2.96458772415423
1.62245853837481	0.962124485672373	1.95814105412633	2.98055470866817
1.629566862794	0.948110738493731	1.96612282981241	2.98036691773623
1.63667518721318	0.94591066534301	1.98991873295866	2.97061901972676
1.64378351163237	0.954951604651932	1.98725034269452	3.02149105827873
1.65089183605155	0.934694333175436	1.98309357360898	3.00756874629286
1.65800016047074	0.987965902330631	2.00356525288422	3.03119732231034
1.66510848488993	0.955067846648252	2.00231302529392	3.02144171101114
1.67221680930911	0.986248208009297	2.02485724523684	3.05674457387516
1.6793251337283	1.0086482516603	2.02813820565413	3.06887602729259
1.68643345814748	0.997480482378001	2.03094710201815	3.05717185877691
1.69354178256667	1.01098397580039	2.04489644208712	3.07711728521131
1.70065010698586	1.00441830020307	2.05528765474496	3.11587013541075
1.70775843140504	1.01888472418356	2.06453704821754	3.14506125102439
1.71486675582423	1.0378061612157	2.09099119507518	3.13470655187274
1.72197508024341	1.0094807042913	2.07893143903127	3.11912297424229
1.7290834046626	1.04162903651713	2.09078492147835	3.17898743827891
1.73619172908179	1.03341966367021	2.0959320697866	3.14782673292524
1.74330005350097	1.06396026590601	2.11148779607686	3.20354713893212
1.75040837792016	1.07236160021023	2.13453800350148	3.18555691373145
1.75751670233934	1.03336425301348	2.12301435161367	3.20130893179114
1.76462502675853	1.04341263102199	2.13920808171743	3.21433187637227
1.77173335117772	1.06454108825202	2.1507318921175	3.18653322669084
1.7788416755969	1.08238004510519	2.15276871216764	3.24191942317634
1.78595000001609	1.09413061136422	2.16810068065539	3.22670494203175
1.79305832443527	1.07295191755803	2.17174656049796	3.24461500305748
1.80016664885446	1.11045009848694	2.17689134621155	3.27195951483175
1.80727497327365	1.11131113497519	2.20096827215217	3.2886140802576
1.81438329769283	1.07451246259586	2.20601669469373	3.29698421445038
1.82149162211202	1.13258565079829	2.22150200975165	3.31398858177009
1.8285999465312	1.13911595444151	2.21916521358353	3.3265827545934
1.83570827095039	1.11169419947607	2.22866221018754	3.31881112766463
1.84281659536958	1.13705974361286	2.25379107443578	3.30523876916058
1.84992491978876	1.13361412661192	2.25733363902561	3.36935063711483
1.85703324420795	1.12949389697214	2.25782480455695	3.3551808854602
1.86414156862713	1.16667829838384	2.24653491439138	3.38083964203441
1.87124989304632	1.13426898407567	2.26990067045858	3.40940164143696
1.87835821746551	1.18582931743493	2.29739464953678	3.3752452725703
1.88546654188469	1.18655475665105	2.29908619103678	3.41996889688584
1.89257486630388	1.19217436541192	2.30452540598967	3.43644726176729
1.89968319072306	1.18382708540575	2.30979842287181	3.44245856999294
1.90679151514225	1.21579951520898	2.31611018026322	3.44786972977368
1.91389983956144	1.18793949370414	2.3459766755283	3.45305437869374
1.92100816398062	1.25252670505195	2.3465304385654	3.45661041662834
1.92811648839981	1.18369856220738	2.33873528545051	3.47459741054259
1.93522481281899	1.185024437372	2.36244852864663	3.52104768734285
1.94233313723818	1.21810991654847	2.37255211315806	3.50093366463505
1.94944146165737	1.23438490181289	2.37229110628225	3.50005641721936
1.95654978607655	1.21627653183688	2.39010519269655	3.54198919319141
1.96365811049574	1.22388121396094	2.38526710530995	3.55965288254069
1.97076643491492	1.25845553063609	2.4184162111243	3.54300381394023
1.97787475933411	1.27622723431976	2.4068121973762	3.54562347196544
1.9849830837533	1.23069362842925	2.4115302015764	3.56742485288385
1.99209140817248	1.24331364783534	2.41396426924676	3.58531521874063
1.99919973259167	1.28646266981447	2.44007852314429	3.62271053920945
2.00630805701085	1.27470687837453	2.45109083894112	3.63562607064192
2.01341638143004	1.26841063737975	2.45745440747673	3.60584269814053
2.02052470584923	1.29384549498907	2.45417977290036	3.61730600313091
2.02763303026841	1.3030581383428	2.47586553112781	3.68205915273691
2.0347413546876	1.30221288282158	2.49506934846409	3.69357216850169
2.04184967910678	1.33504184602826	2.49028546068987	3.6650205490261
2.04895800352597	1.34091490585163	2.49645412318864	3.69963917999657
2.05606632794516	1.30797521792384	2.50978062092271	3.69069520203307
2.06317465236434	1.31001605249274	2.5273322839642	3.70109169626369
2.07028297678353	1.29988281802088	2.52448682759879	3.72330952524093
2.07739130120271	1.35519421617029	2.53282518980465	3.74730430693818
2.0844996256219	1.35924737522716	2.54295669592308	3.74837321760334
2.09160795004109	1.365417893618	2.56170277119531	3.75305119740499
2.09871627446027	1.39377940226391	2.57469180727711	3.77327027936017
2.10582459887946	1.36649090003335	2.58317086698981	3.77863706082313
2.11293292329864	1.41571834720916	2.58314248637661	3.79408895714124
2.12004124771783	1.39102706728933	2.59645857586776	3.82254381660833
2.12714957213702	1.3840497363266	2.6051584746688	3.8357049803163
2.1342578965562	1.35366972828083	2.60842894029698	3.81861930970943
2.14136622097539	1.34263009029601	2.61974578339441	3.85741789608114
2.14847454539457	1.40778168678899	2.63835526861151	3.84831028237618
2.15558286981376	1.40866133858216	2.62702740506334	3.85790557750491
2.16269119423295	1.42479172759511	2.65050773206948	3.88135985899296
2.16979951865213	1.39628664494367	2.64870780800253	3.88009724357134
2.17690784307132	1.42949113915284	2.67080508209081	3.90072876603002
2.1840161674905	1.44560298874759	2.66682853837413	3.9005333206013
2.19112449190969	1.48084054255508	2.68401741042081	3.92745457910704
2.19823281632888	1.47038329166052	2.66452450114955	3.95802129061389
2.20534114074806	1.50538466019343	2.69981917670988	3.97760683738215
2.21244946516725	1.4748197894668	2.70000668230702	3.95178978998681
2.21955778958643	1.46104610848131	2.72527940784632	3.92527387226053
2.22666611400562	1.45481601735678	2.72695656043409	3.98931589528649
2.23377443842481	1.48192026057563	2.74440026869519	3.97427954519679
2.24088276284399	1.47171626448525	2.75932961821352	3.99964262398763
2.24799108726318	1.50561299095346	2.75617757485733	4.04178059550725
2.25509941168236	1.5308695797133	2.76792751492781	4.06624564192115
2.26220773610155	1.49115725663565	2.77593060391937	4.05694499151427
2.26931606052074	1.52775844701934	2.80194551588389	4.04390245091992
2.27642438493992	1.4783150532297	2.80188274581621	4.06998617691479
2.28353270935911	1.51660028982967	2.79605896162514	4.11715408845496
2.29064103377829	1.54640815032853	2.81646757539062	4.11322113476436
2.29774935819748	1.53539457520364	2.82217735978514	4.15941479857653
2.30485768261667	1.54894835732168	2.84535259233406	4.09095965564588
2.31196600703585	1.5252921646911	2.83502053348777	4.09695895934968
2.31907433145504	1.52574719430983	2.85414133008349	4.12180680056845
2.32618265587422	1.54912658178365	2.86859366868926	4.16596370151068
2.33329098029341	1.57169684780777	2.86227817815093	4.18571312438206
2.3403993047126	1.57820170094106	2.8782661811853	4.22150666066426
2.34750762913178	1.61873188135373	2.88963955274467	4.18322778363892
2.35461595355097	1.6005802082254	2.88311926290631	4.2147570518153
2.36172427797015	1.59900599835733	2.90329835854232	4.21075992869649
2.36883260238934	1.60494936345768	2.91911472962831	4.23010533901682
2.37594092680853	1.56137108049157	2.92180245777119	4.21899670501439
2.38304925122771	1.578719479892	2.9234121483707	4.22677967402291
2.3901575756469	1.59533965946773	2.94311394525883	4.23003342616357
2.39726590006608	1.59831833589272	2.94794721598067	4.29800951377357
2.40437422448527	1.618219683126	2.96927661530688	4.27852227216163
2.41148254890446	1.63749464622381	2.96940359277195	4.3035156947788
2.41859087332364	1.64140886739867	2.98165640441848	4.31211481653272
2.42569919774283	1.64438112968093	2.97405684272941	4.29786669667595
2.43280752216201	1.66428097806523	2.97497457668802	4.31746466276387
2.4399158465812	1.68704320147776	2.99966547660901	4.3524416979097
2.44702417100039	1.65707407280894	3.01113859053393	4.3958837453076
2.45413249541957	1.69117876281325	3.01705844195403	4.37076727055653
2.46124081983876	1.67836906861921	3.02626426794858	4.38568324914971
2.46834914425794	1.69633642359896	3.05841691186343	4.40527383206524
2.47545746867713	1.69112894933235	3.05201021545194	4.44488504692324
2.48256579309632	1.69683967347947	3.04813069473432	4.45537119812518
2.4896741175155	1.67110086109487	3.07767303915203	4.45846469721686
2.49678244193469	1.73646551790064	3.07077112146629	4.45070743173784
2.50389076635387	1.70438553895405	3.07787063336514	4.47800045645486
2.51099909077306	1.70562484578838	3.09459937030323	4.47118877550577
2.51810741519225	1.76821914187676	3.08851775351374	4.51299063766376
2.52521573961143	1.74463907265375	3.11742589596652	4.48668703375479
2.53232406403062	1.74303046282772	3.12769810354278	4.51394390411163
2.5394323884498	1.72132792185068	3.13502695577229	4.51769602320308
2.54654071286899	1.7090858145393	3.15491444273276	4.55454666536644
2.55364903728818	1.76140669018809	3.15722387785661	4.59609825898262
2.56075736170736	1.76754822469832	3.15642103509026	4.56716296432849
2.56786568612655	1.79549321270842	3.16957877240395	4.54600240429217
2.57497401054573	1.77780447704123	3.17612675117374	4.55102471211864
2.58208233496492	1.77249266656683	3.18969750787218	4.61431029568939
2.58919065938411	1.73427664305986	3.17579906666762	4.65059582167785
2.59629898380329	1.78965376847889	3.18303948608467	4.64515663500571
2.60340730822248	1.79680514498224	3.21487609381327	4.62525757689544
2.61051563264166	1.8534471979459	3.2138750094627	4.62512412956568
2.61762395706085	1.82484647943341	3.22414103760377	4.64861107216485
2.62473228148004	1.83321484557008	3.23988026498905	4.66640711697184
2.63184060589922	1.79497373062402	3.24283676488706	4.67525083858807
2.63894893031841	1.87317362566087	3.26772337272956	4.6592782724476
2.6460572547376	1.82862872271673	3.26239305620979	4.66583277728299
2.65316557915678	1.86671064766847	3.27210426747869	4.71132234423538
2.66027390357597	1.8569396166813	3.2680861553626	4.73057636125382
2.66738222799515	1.87830471777139	3.28258335176452	4.79636881416482
2.67449055241434	1.87195712275268	3.29958399372021	4.75054782413333
2.68159887683352	1.90797846390022	3.31614459371535	4.77915552479946
2.68870720125271	1.89081370495544	3.31665303455454	4.75814902115848
2.6958155256719	1.86879011902237	3.33664283181137	4.77784817035769
2.70292385009108	1.87349613316335	3.33969422186109	4.78404316002413
2.71003217451027	1.88250252315212	3.34303721705294	4.82441948014205
2.71714049892945	1.89426318311389	3.36908470664621	4.83244691831938
2.72424882334864	1.89081252242355	3.36595702279224	4.83619470093154
2.73135714776783	1.88461585694703	3.37027033243318	4.86211106545262
2.73846547218701	1.86076805131408	3.38511172587222	4.87564060249655
2.7455737966062	1.90139428530609	3.39977358397285	4.86708317383763
2.75268212102538	1.91338912172199	3.40333496995843	4.86476918665483
2.75979044544457	1.94123232471582	3.40763249700348	4.91037841363155
2.76689876986376	1.9403030431669	3.41809451525786	4.91185777070601
2.77400709428294	2.01243764268101	3.41257188519184	4.93142705160455
2.78111541870213	1.93067041069115	3.45240299643812	4.92862437478269
2.78822374312131	1.97825772510893	3.44502830116717	4.96980520667825
2.7953320675405	1.97096431677492	3.44872304061547	4.98820181747838
2.80244039195969	1.96423100105874	3.46409004682153	4.96395435093217
2.80954871637887	2.01867522776173	3.45990388812143	4.94046237498141
2.81665704079806	1.96178215457839	3.48493286680444	4.98693160261537
2.82376536521724	2.04582932427228	3.47352554570259	4.99992001478309
2.83087368963643	1.94618915468636	3.51551910599656	5.01851651819897
2.83798201405562	2.02622476261189	3.50200449346871	5.00868481308869
2.8450903384748	1.9864385700907	3.51059509128813	5.01440680234089
2.85219866289399	1.98933507923768	3.52341781128505	5.03641308738287
2.85930698731317	2.035105499445	3.53697765720539	5.08928152377395
2.86641531173236	2.04282424808552	3.55228488049952	5.09841836821919
2.87352363615155	2.06370685855161	3.53296165120884	5.12900923361767
2.88063196057073	2.03320879501582	3.56818744020027	5.10091689143555
2.88774028498992	2.01129585047129	3.57205612243612	5.13088807215966
2.8948486094091	2.0782178541975	3.57714900353278	5.09989344399734
2.90195693382829	2.0706203880172	3.58643326307777	5.17862167369953
2.90906525824748	2.06287947158147	3.59435232663332	5.19319776619111
2.91617358266666	2.08627135895191	3.5940419034085	5.19723333657625
2.92328190708585	2.06507224232132	3.62029715731323	5.16985057456359
2.93039023150504	2.09092059989795	3.62850586922229	5.17424367168244
2.93749855592422	2.08289831927938	3.63517445988131	5.22787174391522
2.94460688034341	2.04639173811345	3.63521064178487	5.19130615491024
2.95171520476259	2.12244013710519	3.64568489835014	5.19618767613228
2.95882352918178	2.09050028667828	3.66158539585965	5.25309353252303
2.96593185360096	2.12541732070175	3.66706008381439	5.25248488567215
2.97304017802015	2.11639291949815	3.6808129632841	5.28265646338509
2.98014850243934	2.13273362268193	3.6872671442096	5.25345343419941
2.98725682685852	2.13001609550358	3.70333256251603	5.26127154737315
2.99436515127771	2.09614149325981	3.71185974139974	5.28826199798641
3.00147347569689	2.1729779269635	3.72672031847616	5.30527768518203
3.00858180011608	2.12324423678659	3.73175940947486	5.31015126555757
3.01569012453527	2.15819252388928	3.72674838455468	5.33708254594317
3.02279844895445	2.13554593386355	3.75591525363856	5.39833609144853
3.02990677337364	2.15577992150698	3.74874723968281	5.38003895706321
3.03701509779283	2.16070330288363	3.74952267477298	5.33430841717375
3.04412342221201	2.18462366934465	3.77700718181829	5.37325400832597
3.0512317466312	2.18803988198555	3.77121867456709	5.43537754259064
3.05834007105038	2.19399464019663	3.77805372996534	5.39771374048672
3.06544839546957	2.18887099342759	3.7921463321178	5.38690088838113
3.07255671988875	2.19907530529392	3.80112115812044	5.41424466701896
3.07966504430794	2.20723631865898	3.81470601637173	5.44802117048029
3.08677336872713	2.20844088325185	3.8257005845944	5.43887261739342
3.09388169314631	2.20521070314108	3.83261628269231	5.45304963180904
3.1009900175655	2.20352341333919	3.8349394655673	5.47132982615225
3.10809834198468	2.18325303032348	3.86000223738648	5.5263512910304
3.11520666640387	2.18656341171859	3.85526844320205	5.44938566787096
3.12231499082306	2.22788768283541	3.86159850356374	5.50736109796813
3.12942331524224	2.23669141050095	3.8874496893524	5.52185353824188
3.13653163966143	2.23627434562308	3.88501667997489	5.55650266180321
3.14363996408062	2.26699725713064	3.8803851718683	5.55220769246006
3.1507482884998	2.25081461239677	3.90588155748493	5.57981589411052
3.15785661291899	2.29744327519734	3.91889000856073	5.56357074259528
3.16496493733817	2.27764772368668	3.92239143670562	5.55008683462828
3.17207326175736	2.28421213127488	3.93040182579941	5.56925036225809
3.17918158617654	2.30469116840693	3.93731299695915	5.60437140343977
3.18628991059573	2.28022896202637	3.9465208836303	5.62576697131781
3.19339823501492	2.27697273923806	3.95592559327026	5.62221556223644
3.2005065594341	2.32359017450946	3.95898359203699	5.65896004220712
3.20761488385329	2.28998780064008	3.98460144662001	5.66400137475242
3.21472320827247	2.31046273930922	3.97099164460756	5.7352882421838
3.22183153269166	2.3163868626998	3.9882984803432	5.67926115330059
3.22893985711085	2.37071570860284	4.00250831331324	5.72834665928462
3.23604818153003	2.34046337858915	4.01079754446797	5.68667806967596
3.24315650594922	2.37196493529304	4.03061891822111	5.76308580518843
3.2502648303684	2.31653158581001	4.05278458050107	5.71249452051113
3.25737315478759	2.39880027560058	4.04575950941445	5.7539534728661
3.26448147920678	2.36973712821125	4.06094001556828	5.78719933743394
3.27158980362596	2.36457115115581	4.06337281866372	5.76347800331162
3.27869812804515	2.40228704397494	4.06471651893092	5.78808986674117
3.28580645246433	2.34361307853533	4.06994937941316	5.81883172734342
3.29291477688352	2.3510310524925	4.07242047251113	5.81938728509415
3.30002310130271	2.40196662797471	4.09971460771089	5.82273719096429
3.30713142572189	2.4452278002289	4.09561007358093	5.88387788410612
3.31423975014108	2.40062028172125	4.13744376635068	5.8574183071064
3.32134807456027	2.38195482903986	4.13702737607127	5.86100024343262
3.32845639897945	2.41938099393928	4.13187593971985	5.89739113941694
3.33556472339864	2.42305823994832	4.1516201532227	5.92643969640435
3.34267304781782	2.39869383444412	4.16128674655145	5.86983028386738
3.34978137223701	2.4344639083598	4.15754175364979	5.87654508777309
3.3568896966562	2.4095287891326	4.18008340844717	5.89977809034534
3.36399802107538	2.3939843102089	4.16565283668265	5.90109458062188
3.37110634549457	2.43094903706788	4.18421493124856	5.92021273431553
3.37821466991375	2.46249945538292	4.20206364832564	5.96875654813468
3.38532299433294	2.45109053063944	4.20627644990318	5.95330411673169
3.39243131875212	2.49699442329569	4.20140539643088	5.98339353463063
3.39953964317131	2.44505873867868	4.20569410872975	6.0274112894494
3.4066479675905	2.50308633048792	4.22818047559599	6.0432355430989
3.41375629200968	2.52058795638608	4.23212505156956	6.06083017564139
3.42086461642887	2.50237245988927	4.25200222054807	6.04874807934386
3.42797294084806	2.49897994565608	4.25331454711553	6.10056327347226
3.43508126526724	2.47259742150812	4.25136522516614	5.98864144025408
3.44218958968643	2.50115511302236	4.27623098684496	6.11093721426338
3.44929791410561	2.48557285514411	4.28860423998422	6.0904314085078
3.4564062385248	2.52847336462193	4.29275522734457	6.07469170470749
3.46351456294399	2.51410692264656	4.29844525310565	6.15049541620903
3.47062288736317	2.50003270941083	4.31957812656718	6.13588495331171
3.47773121178236	2.53165580130995	4.32144804828227	6.16863325110834
3.48483953620154	2.53134458737696	4.33510079469094	6.16602389462709
3.49194786062073	2.54666982513697	4.34774149539328	6.16230062163391
3.49905618503991	2.57078707781244	4.35486623998234	6.131751408961
3.5061645094591	2.53528336755778	4.34322608422738	6.19367882734689
3.51327283387829	2.55491323495129	4.37099291107566	6.18836225665938
3.52038115829747	2.56304207989872	4.36793750370951	6.19994075634726
3.52748948271666	2.57039617541896	4.39165525263337	6.21305967650512
3.53459780713585	2.60726954840954	4.39619886425016	6.23070264858142
3.54170613155503	2.56125788261382	4.39164052375001	6.24323491227672
3.54881445597422	2.57377986281825	4.4231058243062	6.25571657885071
3.5559227803934	2.59808790891386	4.40731167618594	6.26640770425166
3.56303110481259	2.61229796545776	4.42415469233161	6.24182513730715
3.57013942923178	2.61164277312619	4.43781124870754	6.32197452006952
3.57724775365096	2.62512487054246	4.4456371331213	6.2812630357935
3.58435607807015	2.65263256496731	4.45550861990384	6.34564846604586
3.59146440248933	2.58407488764227	4.46545887171575	6.34080013552267
3.59857272690852	2.65542691806285	4.48051339786225	6.34256905113005
3.6056810513277	2.66869980722244	4.49783946770538	6.32113568893792
3.61278937574689	2.7068321853235	4.50686399637444	6.35261348804632
3.61989770016608	2.58577758746414	4.49737095448589	6.35013323707147
3.62700602458526	2.66307505572971	4.52125328338764	6.363214022562
3.63411434900445	2.63337138065635	4.50723169580875	6.38527984128366
3.64122267342364	2.68212497062719	4.53268026511258	6.39659164457871
3.64833099784282	2.6514279043476	4.53985436311125	6.43777291245073
3.65543932226201	2.65031614668961	4.5554860380241	6.46782004272387
3.66254764668119	2.67467175682587	4.54757419467583	6.42592594936612
3.66965597110038	2.7070405153816	4.55388676235756	6.50503177183106
3.67676429551957	2.7355960475802	4.57777814778776	6.47441276792356
3.68387261993875	2.72203829033848	4.60804210941941	6.4565872060369
3.69098094435794	2.71911369596436	4.58595511348404	6.47794528781768
3.69808926877712	2.71261214912675	4.60740167075491	6.52637428235612
3.70519759319631	2.71673405866504	4.60558573263364	6.52152333111781
3.7123059176155	2.70537047238291	4.61317887362548	6.53029825288579
3.71941424203468	2.74346053223816	4.64549756071044	6.56451785041001
3.72652256645387	2.69895163029613	4.63137030727631	6.59285601234596
3.73363089087305	2.80411231659833	4.6511935363896	6.60820889101325
3.74073921529224	2.77751950566586	4.66102821881729	6.5731732764019
3.74784753971143	2.74778494779141	4.66892414290303	6.56604620622743
3.75495586413061	2.76717212202408	4.65925323486733	6.63135215488598
3.7620641885498	2.77970364851461	4.68149888885765	6.65376230982278
3.76917251296898	2.77671290823264	4.69931264603492	6.61207359580436
3.77628083738817	2.79214840575378	4.70487213440529	6.66960272306901
3.78338916180736	2.79024577669383	4.72628731729653	6.72444108670284
3.79049748622654	2.75295056568386	4.73159047268227	6.68155091920218
3.79760581064573	2.79732363801074	4.72243007913556	6.69260249481568
3.80471413506491	2.80566919235678	4.71505065973967	6.71075022013451
3.8118224594841	2.77230084846062	4.75583109210482	6.76409992977404
3.81893078390329	2.85212456445461	4.75817892459669	6.71263549837318
3.82603910832247	2.83342844522465	4.74427892798094	6.74893136125739
3.83314743274166	2.85264061145959	4.76915107581829	6.76036722460867
3.84025575716084	2.84329957376488	4.77625310805596	6.81716682308934
3.84736408158003	2.88617676138908	4.7836439529677	6.78073339531271
3.85447240599922	2.82687313750497	4.81066468180576	6.83978775831581
3.8615807304184	2.83070626352824	4.83357331139088	6.77560888385161
3.86868905483759	2.84043869225104	4.81677453615715	6.84737706249711
3.87579737925677	2.82696920842995	4.82790636242824	6.80128977244008
3.88290570367596	2.91047824652681	4.82335570614698	6.83096215399455
3.89001402809515	2.86655296805241	4.85704627061471	6.8683143086097
3.89712235251433	2.91277367429495	4.87063567322273	6.87679712303377
3.90423067693352	2.86758883545183	4.87702351590278	6.91412523975434
3.9113390013527	2.93036862829018	4.87071214820747	6.86858153130373
3.91844732577189	2.93267303592565	4.89363598426906	6.91518983308891
3.92555565019108	2.92618925243368	4.89952342671129	6.89604129972768
3.93266397461026	2.91148863857745	4.9142694568635	6.90272299784796
3.93977229902945	2.90034108779362	4.9041970421388	6.93462032150249
3.94688062344863	2.97206384212908	4.90012964347438	6.93825160248248
3.95398894786782	2.92099514872134	4.92843774346878	6.94847651155305
3.96109727228701	2.91287429432989	4.92384400115657	6.94940685684236
3.96820559670619	2.95924495311834	4.95374891541206	7.02049343860524
3.97531392112538	2.94469834763507	4.93572308357343	6.97674477709553
3.98242224554456	3.0012269843266	4.97511178788221	6.96619066931172
3.98953056996375	2.97514794041227	4.9914525053427	6.98722127685256
3.99663889438294	2.96437333411257	4.9767763663029	7.01351695672873
4.00374721880212	2.93416417327556	5.00202470145705	7.06555406073473
4.01085554322131	2.95097317129647	5.00416932773522	7.02110619960393
4.01796386764049	2.96394775089416	4.9991589129403	7.0906918143202
4.02507219205968	2.99732759636848	5.00818720362169	7.10262611477397
4.03218051647887	2.9890397907211	5.0091310461933	7.05123711697129
4.03928884089805	3.01242687230958	5.03490758924734	7.09112184384267
4.04639716531724	2.99250532199896	5.05681127872973	7.15415304405614
4.05350548973642	2.97779775027082	5.04967208666046	7.11314049046657
4.06061381415561	3.01227329450293	5.06363032707466	7.15784578531653
4.0677221385748	2.98714006072471	5.07356949131652	7.12660238965683
4.07483046299398	2.97996049049624	5.0977514761211	7.17569921101962
4.08193878741317	3.03319074843798	5.08495593514085	7.17143480854797
4.08904711183235	3.02742448073607	5.09899734353798	7.15586283371115
4.09615543625154	3.01627629947858	5.10763769698678	7.25142357118619
4.10326376067073	3.0397966567218	5.11633323759474	7.15800903762012
4.11037208508991	3.05938697719534	5.13329286952889	7.20718169911427
4.1174804095091	3.03783190187179	5.14400573973746	7.17717327728643
4.12458873392828	3.07495575917861	5.13690447350372	7.21952719258218
4.13169705834747	3.06886424620087	5.16408674977638	7.29512565441849
4.13880538276666	3.08047353154424	5.17416865065902	7.26381718754933
4.14591370718584	3.0908578226949	5.18273261097162	7.29415857728998
4.15302203160503	3.06196339649631	5.18198386978317	7.30316565336491
4.16013035602421	3.12311159831925	5.17882842666183	7.35726510026392
4.1672386804434	3.1473675451805	5.21579090114117	7.33431229759499
4.17434700486259	3.09244119201568	5.21107518191618	7.30646358423492
4.18145532928177	3.08019472992497	5.23072974182703	7.39655002659205
4.18856365370096	3.15797306950887	5.22948123344013	7.33264801907641
4.19567197812014	3.07340541517939	5.22924580847803	7.37194690551023
4.20278030253933	3.14920333764631	5.24276895376675	7.42563436274177
4.20988862695852	3.16488832218895	5.25442504524916	7.36567110858763
4.2169969513777	3.18343774405444	5.25296848893525	7.38269728463923
4.22410527579689	3.11698925911189	5.27707767033888	7.45560209069861
4.23121360021607	3.11513955478461	5.28471290458484	7.45141343151532
4.23832192463526	3.15946108232182	5.29533826416559	7.41792859376702
4.24543024905445	3.14094682549829	5.31176138172405	7.4460086221761
4.25253857347363	3.15587076476721	5.28967994077395	7.46105623109945
4.25964689789282	3.15920167708637	5.31691830988426	7.50434696438694
4.266755222312	3.17791071516857	5.34227868514286	7.48940254604086
4.27386354673119	3.23668396792404	5.32934969777746	7.53879542932441
4.28097187115038	3.23744552596853	5.34884127004933	7.55510687035132
4.28808019556956	3.19312892649863	5.3372515154661	7.54449779537416
4.29518851998875	3.18412876401129	5.36953217054953	7.54331891517837
4.30229684440793	3.21397238627181	5.36504824218325	7.54048648331614
4.30940516882712	3.21865037675281	5.38257065674872	7.56365631612216
4.31651349324631	3.2276289190678	5.39425001185859	7.55703076164018
4.32362181766549	3.22104789329375	5.38509339107205	7.5779301540611
4.33073014208468	3.25276797431826	5.40551608839471	7.6397846172621
4.33783846650386	3.24668237761177	5.42697098678398	7.57628078936983
4.34494679092305	3.23597321115786	5.417551476819	7.63471031910715
4.35205511534224	3.24600946956579	5.43791248134237	7.65742473316806
4.35916343976142	3.23727628190771	5.44920544505274	7.67189127008789
4.36627176418061	3.25712965668488	5.45045724737522	7.67344352346849
4.37338008859979	3.25549985073286	5.48232486160231	7.66490879916586
4.38048841301898	3.28632314739656	5.4582759445038	7.71921243850236
4.38759673743817	3.28646510156536	5.47226369079766	7.71708110117386
4.39470506185735	3.31726309577139	5.48360558446569	7.70283421136345
4.40181338627654	3.31125352119141	5.49174969173271	7.74567821662236
4.40892171069572	3.30003376734989	5.51573778517092	7.74387120462661
4.41603003511491	3.28054195306975	5.52444783212216	7.77980791394511
4.4231383595341	3.29615532150592	5.53050443165753	7.74859304404589
4.43024668395328	3.29847137077703	5.53254326722234	7.76791364307149
4.43735500837247	3.33052315492537	5.53654213710164	7.782678520965
4.44446333279165	3.33166550503823	5.54558315980017	7.78843465573241
4.45157165721084	3.32195217482617	5.55895182418032	7.82985062963541
4.45867998163003	3.34884890805231	5.57303312408687	7.82393112638792
4.46578830604921	3.29538961841805	5.58278783036067	7.82805402007
4.4728966304684	3.32916318050531	5.59574887115344	7.8973763149387
4.48000495488758	3.3364876183423	5.60133436933327	7.89414164120265
4.48711327930677	3.37542290194693	5.60315027444748	7.89359196314856
4.49422160372596	3.33870482108943	5.63130038725872	7.86355044587159
4.50132992814514	3.37639935988623	5.62182226640436	7.92538735988764
4.50843825256433	3.38232603130844	5.62989089887649	7.96157089807662
4.51554657698351	3.396193541086	5.64786579793274	7.94555990208426
4.5226549014027	3.40261474520089	5.64042875069763	7.93989878279347
4.52976322582189	3.36124225488296	5.67078818925608	8.00389883465967
4.53687155024107	3.38660019319931	5.68448490385434	7.93111072143011
4.54397987466026	3.39633701429793	5.67001021867628	7.98052198728884
4.55108819907944	3.37766000851173	5.68179213808499	7.9809065180152
4.55819652349863	3.42993977223839	5.68134612699489	7.9751578341715
4.56530484791782	3.42895308552071	5.69813147843715	8.03157410776691
4.572413172337	3.41033687327055	5.71584616322232	8.05388152197702
4.57952149675619	3.40279989227149	5.70878579644652	8.04125346934801
4.58662982117537	3.50381726539644	5.73705494123547	8.05609131309032
4.59373814559456	3.48862925376775	5.74235635220234	8.05695801803606
4.60084647001375	3.46252813895816	5.7542509782334	8.13658841056082
4.60795479443293	3.41368271749034	5.74472433303613	8.05457520174379
4.61506311885212	3.50470575826298	5.7700188987412	8.11086202746523
4.6221714432713	3.47734610609279	5.7874325969532	8.07172788479017
4.62927976769049	3.53240757042427	5.78521363378626	8.1230400625204
4.63638809210968	3.39055769588658	5.79708984598064	8.12055111295482
4.64349641652886	3.49192574196125	5.79664429074102	8.19710196644609
4.65060474094805	3.51228963576763	5.81172305052591	8.13270844667802
4.65771306536723	3.47929093310898	5.81357127891619	8.19254247143229
4.66482138978642	3.5231112055216	5.82199543483791	8.16475495673408
4.67192971420561	3.50820051611417	5.86487032653337	8.14225202292915
4.67903803862479	3.53273000027825	5.86833132607667	8.19306444850234
4.68614636304398	3.4845766516476	5.87058222779083	8.22337898872071
4.69325468746316	3.53499825322142	5.87571197841997	8.18921052772204
4.70036301188235	3.54626512317672	5.89207593338387	8.25074266664691
4.70747133630154	3.56996384894488	5.8817964723387	8.28635592670101
4.71457966072072	3.54701470131571	5.90834888141107	8.31511257901745
4.72168798513991	3.52409997836086	5.90534544110683	8.2429070788942
4.72879630955909	3.58084104526356	5.91861093381134	8.3071575175093
4.73590463397828	3.54292269327496	5.92795312011682	8.2788267109502
4.74301295839747	3.57720038517033	5.93047846768885	8.27859208658191
4.75012128281665	3.56280973718769	5.94646332705454	8.35903696047197
4.75722960723584	3.58470886736048	5.96204452335503	8.32446731723469
4.76433793165502	3.56517918377583	5.95169475808629	8.37054913425861
4.77144625607421	3.53389161365701	5.96523715535948	8.41884467993817
4.7785545804934	3.55882406980704	5.9765665215792	8.35614465707279
4.78566290491258	3.60823227034868	5.98691504835877	8.40375888334566
4.79277122933177	3.62569001925137	6.00529903715559	8.38871838680027
4.79987955375095	3.64757632917248	5.98572501264087	8.4351361961914
4.80698787817014	3.60505588807946	6.00811626064125	8.43257675046619
4.81409620258933	3.62778872223254	6.01346712574377	8.45714731261233
4.82120452700851	3.58005333204528	6.01210596357471	8.51501431444504
4.8283128514277	3.6770107782945	6.02245949883753	8.45585654715317
4.83542117584688	3.5972509822665	6.06990245458146	8.45004313832431
4.84252950026607	3.61994556933222	6.04446553579308	8.48449641558769
4.84963782468526	3.67676575743513	6.0614764230557	8.4992586238846
4.85674614910444	3.67103690152647	6.06688856625438	8.53737015450585
4.86385447352363	3.6431414016369	6.09061577462071	8.50126469987732
4.87096279794281	3.65064748295756	6.10434199070414	8.53887732896216
4.878071122362	3.65785630506808	6.10052368813425	8.53594640542002
4.88517944678119	3.6779013100425	6.10765861858168	8.530197202032
4.89228777120037	3.68515535244047	6.12467082608905	8.57706123656026
4.89939609561956	3.65692373193894	6.13602624232363	8.57534141597132
4.90650442003875	3.61621632530376	6.13562378301402	8.60521378866854
4.91361274445793	3.68671813670292	6.15082350753338	8.61625606292858
4.92072106887712	3.70011222955281	6.16038842525158	8.68918496121558
4.9278293932963	3.7058487162782	6.17732889532507	8.6180850111299
4.93493771771549	3.80752884277657	6.19171633637281	8.65658664250654
4.94204604213467	3.76177679722641	6.19040636119771	8.66379937643316
4.94915436655386	3.70887346497751	6.19609126878607	8.63612993799732
4.95626269097305	3.72685994466434	6.20303675334608	8.73382294710062
4.96337101539223	3.74387448700345	6.20975297869689	8.71252569583083
4.97047933981142	3.77088540365093	6.22757287824102	8.72482785990893
4.9775876642306	3.74590246050895	6.23422161203223	8.71830076323663
4.98469598864979	3.83399043249704	6.24371007275583	8.73559958138415
4.99180431306898	3.76478493275564	6.24456193094147	8.75388615757573
4.99891263748816	3.77948892270028	6.24803701776383	8.78619797243869
5.00602096190735	3.76400023541017	6.255970195082	8.78113344687813
5.01312928632654	3.74427220180538	6.27844382448045	8.832646351773
5.02023761074572	3.74845402153868	6.27120532170838	8.81848222843282
5.02734593516491	3.78723889117857	6.28218795142253	8.82650562269068
5.03445425958409	3.74727514012978	6.28928352025755	8.83507388963501
5.04156258400328	3.82311200818351	6.30936292304206	8.84032853505581
5.04867090842246	3.80417202248984	6.32944683829661	8.82854168370561
5.05577923284165	3.80247334917992	6.32214924936908	8.84059324709623
5.06288755726084	3.83219266223872	6.34962657682049	8.87560034535123
5.06999588168002	3.7931728788679	6.35826421531544	8.90526123091279
5.07710420609921	3.84900700413161	6.34003903937238	8.91612400902502
5.08421253051839	3.86740691310964	6.392411179072	8.89778976696589
5.09132085493758	3.79818262297841	6.36552206175856	8.8895848551142
5.09842917935677	3.82591808234786	6.37402262875696	8.91578991611254
5.10553750377595	3.85678800142113	6.38635413623954	8.9559756818343
5.11264582819514	3.89240193560956	6.41665111532507	8.94976440924306
5.11975415261433	3.82560255207997	6.40440782335599	8.98604803366038
5.12686247703351	3.8604965320048	6.41965792258582	8.96136454121457
5.1339708014527	3.85861283406831	6.44138897897468	8.99972255075713
5.14107912587188	3.84309484590253	6.43674449005433	9.01984994375604
5.14818745029107	3.89542350048585	6.46071190406527	9.08586914096807
5.15529577471025	3.91506551387067	6.44886724277345	9.07848833626386
5.16240409912944	3.90623971464523	6.45937235237861	9.09925390514067
5.16951242354863	3.90590496225974	6.4427250415761	9.01972536581999
5.17662074796781	3.9288565997264	6.4998186959442	9.02270844602576
5.183729072387	3.88875973997693	6.49570347001857	9.10052993581321
5.19083739680618	3.93941480048062	6.50715595544517	9.11750402327638
5.19794572122537	3.99652395270597	6.51420042021756	9.13504531327317
