"mitochan"	"lwrNorm"	"medNorm"	"uprNorm"
-1.88999910457734	-3.04894499047375	-2.7697343746794	-2.48189012639983
-1.88367078955474	-3.02417261232913	-2.75621446654191	-2.4749962401704
-1.87734247453213	-3.01756216984332	-2.74388758138526	-2.46389465118951
-1.87101415950953	-2.99348163280709	-2.73112970801895	-2.44820277715324
-1.86468584448693	-3.0051169981609	-2.72659294433913	-2.44618445949757
-1.85835752946433	-2.98849545429396	-2.72151316442216	-2.42607848687206
-1.85202921444173	-3.00003483850165	-2.70769725322597	-2.43599034700146
-1.84570089941912	-2.98044086517327	-2.70293703436103	-2.4224594013339
-1.83937258439652	-2.96558261911039	-2.69209780246102	-2.41672394703961
-1.83304426937392	-2.95345714242708	-2.69075964114653	-2.39896194675857
-1.82671595435132	-2.949884050771	-2.66980639522259	-2.39586383611455
-1.82038763932872	-2.93699095587894	-2.66741127090492	-2.39817150179842
-1.81405932430612	-2.93772725215933	-2.66307693653502	-2.37966323843957
-1.80773100928351	-2.92815041346866	-2.64397606589618	-2.38002116088962
-1.80140269426091	-2.92421376968969	-2.63811318945929	-2.36726778337473
-1.79507437923831	-2.9250502567118	-2.63859317315805	-2.35831553900924
-1.78874606421571	-2.89139204737976	-2.62098358276069	-2.36085539533795
-1.78241774919311	-2.89906181923429	-2.61854257295654	-2.33057794510568
-1.7760894341705	-2.87652108671955	-2.60440431889764	-2.3434765436098
-1.7697611191479	-2.85859082598935	-2.59415279630896	-2.32736395681007
-1.7634328041253	-2.86573811889373	-2.58097230238805	-2.32116450258782
-1.7571044891027	-2.83437990315719	-2.58087796949744	-2.3020949541633
-1.7507761740801	-2.85030203968846	-2.56633456751382	-2.30349254241533
-1.74444785905749	-2.82519805112723	-2.55730046022462	-2.29365804628885
-1.73811954403489	-2.81161047004556	-2.55369694756681	-2.28108570323975
-1.73179122901229	-2.81614698684975	-2.54142048387707	-2.27774541355704
-1.72546291398969	-2.81754645529883	-2.5362097041669	-2.26179168266635
-1.71913459896709	-2.81231236059632	-2.52898321120137	-2.25983396814779
-1.71280628394449	-2.78996562779841	-2.51806899612533	-2.24300794129806
-1.70647796892188	-2.78875405122199	-2.51254929712991	-2.23472815230796
-1.70014965389928	-2.76266165915622	-2.49632364760527	-2.21721063120529
-1.69382133887668	-2.76278905489384	-2.49177718258943	-2.23077899317831
-1.68749302385408	-2.75940195734147	-2.48623228242217	-2.20862711846693
-1.68116470883148	-2.74618309117316	-2.47739729255281	-2.2140967175004
-1.67483639380887	-2.72533524419756	-2.47052756412209	-2.19776675578769
-1.66850807878627	-2.73172521193314	-2.46077615213278	-2.19587555918463
-1.66217976376367	-2.72595400089759	-2.44919066377124	-2.1818316689824
-1.65585144874107	-2.70325945905603	-2.44184849523467	-2.15885163874972
-1.64952313371847	-2.71059829219268	-2.43213861255663	-2.16321052046264
-1.64319481869586	-2.69497807482305	-2.42657789015028	-2.14987729613998
-1.63686650367326	-2.68730687886706	-2.41576512179669	-2.14245559273822
-1.63053818865066	-2.67230064909692	-2.40226981759914	-2.12080236965233
-1.62420987362806	-2.68304640609897	-2.40375183424208	-2.12952879177519
-1.61788155860546	-2.66375649742505	-2.39108099829468	-2.11789078362705
-1.61155324358286	-2.65012168434035	-2.37504183830947	-2.10902713276661
-1.60522492856025	-2.63623117794934	-2.37409945644861	-2.09423933656804
-1.59889661353765	-2.63127112134046	-2.36361382288894	-2.09503873707811
-1.59256829851505	-2.62042418599669	-2.35254005534141	-2.09024695033686
-1.58623998349245	-2.61758509562913	-2.34011553032289	-2.06655980065559
-1.57991166846985	-2.6069069372254	-2.33289225135444	-2.06646599484887
-1.57358335344724	-2.59179561296611	-2.32481389381873	-2.04748705911433
-1.56725503842464	-2.58652868927175	-2.31831887599294	-2.04953589547005
-1.56092672340204	-2.58944669574852	-2.30380220336743	-2.03643659227007
-1.55459840837944	-2.57128163521388	-2.30272924041361	-2.03405621461125
-1.54827009335684	-2.580806385581	-2.29459024399612	-2.02269090186065
-1.54194177833423	-2.55583090751966	-2.27961725086731	-2.01138259578365
-1.53561346331163	-2.55567418815236	-2.26651685089822	-2.00521684960696
-1.52928514828903	-2.53611764327481	-2.26765792337566	-1.98376535647715
-1.52295683326643	-2.5273308322354	-2.25832372485242	-1.98939683338339
-1.51662851824383	-2.51709228056251	-2.25337661315028	-1.98478108239151
-1.51030020322123	-2.51898514082055	-2.23768048141703	-1.9681407708158
-1.50397188819862	-2.50648086304956	-2.23338717156427	-1.96355488387942
-1.49764357317602	-2.48760234147001	-2.22200917420663	-1.95248353779549
-1.49131525815342	-2.48854377862291	-2.21094695364992	-1.93574796358088
-1.48498694313082	-2.47431573004694	-2.20324279953004	-1.92643051602013
-1.47865862810822	-2.47486404175108	-2.19927894208879	-1.91553838124527
-1.47233031308561	-2.46571844164785	-2.18996092614436	-1.92228983623242
-1.46600199806301	-2.45990577581035	-2.17704973047539	-1.9149717608143
-1.45967368304041	-2.42130169035722	-2.16654804333667	-1.89097750990939
-1.45334536801781	-2.42408123654238	-2.16313003465272	-1.8937643607463
-1.44701705299521	-2.41324657135083	-2.15654303348121	-1.88717595137384
-1.4406887379726	-2.41790093643032	-2.14430368602507	-1.88778903331496
-1.43436042295	-2.39778281566821	-2.13215552631846	-1.87614275577274
-1.4280321079274	-2.40757395946763	-2.13178196406686	-1.84703910034524
-1.4217037929048	-2.39547273057136	-2.11263607660644	-1.8480779503936
-1.4153754778822	-2.36606688852063	-2.10393387841878	-1.84964039999439
-1.4090471628596	-2.37238340173956	-2.10110165646099	-1.8420390891925
-1.40271884783699	-2.36713268707237	-2.09810900825493	-1.81816864530742
-1.39639053281439	-2.35834701023039	-2.08875944827679	-1.81844829847628
-1.39006221779179	-2.34019212574881	-2.08050317749125	-1.8142690499765
-1.38373390276919	-2.33230023161591	-2.07107148793594	-1.79222463941266
-1.37740558774659	-2.32156481250525	-2.05394300996779	-1.77572594306861
-1.37107727272398	-2.31724921880802	-2.04720589309464	-1.79250420541579
-1.36474895770138	-2.29877116673419	-2.04477395128747	-1.78101489412384
-1.35842064267878	-2.30821920309227	-2.03206889062598	-1.75792046381084
-1.35209232765618	-2.29976696081084	-2.02021705649421	-1.76979524931707
-1.34576401263358	-2.29265571895635	-2.01606642358218	-1.7469138100332
-1.33943569761097	-2.27285770148721	-2.00531663092461	-1.74007109674231
-1.33310738258837	-2.26674519739503	-1.99282972237917	-1.73366077852951
-1.32677906756577	-2.25547268617938	-1.98933062239743	-1.72487765127806
-1.32045075254317	-2.27289881410916	-1.99121444356212	-1.71620990402714
-1.31412243752057	-2.24124955084825	-1.97107237260418	-1.70387798774885
-1.30779412249797	-2.23162268130147	-1.96650911995686	-1.70899581056127
-1.30146580747536	-2.22285598963345	-1.9565402063226	-1.69951967541557
-1.29513749245276	-2.20464283936851	-1.9394918529765	-1.67947284627418
-1.28880917743016	-2.2014443233201	-1.93942551619651	-1.67008588842879
-1.28248086240756	-2.19709953170702	-1.93123915999376	-1.67102464304246
-1.27615254738496	-2.18164445177751	-1.91694418171509	-1.66617276573487
-1.26982423236235	-2.17046573823714	-1.91386368504876	-1.64160488936588
-1.26349591733975	-2.16848577187527	-1.90557074051193	-1.62657568338783
-1.25716760231715	-2.15391375326817	-1.88890625741666	-1.62742022459258
-1.25083928729455	-2.14754974103802	-1.88229880683392	-1.61849843012265
-1.24451097227195	-2.14945181727547	-1.87608497733973	-1.61966167889956
-1.23818265724934	-2.15267476905486	-1.86821424254622	-1.60943071816369
-1.23185434222674	-2.12091830106646	-1.86386546104217	-1.60252781377831
-1.22552602720414	-2.1193665990795	-1.85168607819278	-1.58215434058312
-1.21919771218154	-2.11024937543282	-1.84292587009045	-1.57395044572003
-1.21286939715894	-2.10165383439629	-1.83342809080771	-1.56518986611376
-1.20654108213633	-2.08772290601851	-1.82752398762828	-1.5661774755458
-1.20021276711373	-2.08674757505676	-1.81413033697312	-1.54957098437545
-1.19388445209113	-2.07784566564812	-1.80847771811167	-1.54898844126776
-1.18755613706853	-2.06122241896511	-1.80203983382409	-1.53435011432335
-1.18122782204593	-2.04476254805594	-1.7873798779875	-1.52818171551854
-1.17489950702333	-2.04797890074856	-1.7804225552096	-1.51692400639193
-1.16857119200072	-2.04086300883342	-1.77317553568598	-1.51828060281737
-1.16224287697812	-2.02316912840997	-1.76371394090548	-1.51234184408806
-1.15591456195552	-2.0124325173387	-1.7459923435605	-1.49076280396179
-1.14958624693292	-2.00859027490476	-1.74427038726685	-1.46634868186689
-1.14325793191032	-2.00248999969239	-1.73895905325279	-1.48137602776629
-1.13692961688771	-1.99802969820995	-1.72935706783184	-1.46207664730079
-1.13060130186511	-1.98676515008763	-1.71938464595244	-1.45649445879731
-1.12427298684251	-1.97944801372298	-1.71051562773183	-1.44061641422986
-1.11794467181991	-1.9691668701144	-1.70917546208264	-1.44460612729703
-1.11161635679731	-1.95541798253806	-1.69093841517356	-1.42257545326607
-1.1052880417747	-1.96095953775115	-1.68595861772007	-1.42532076131392
-1.0989597267521	-1.94940801702055	-1.67613651751984	-1.41435127983002
-1.0926314117295	-1.93258938929786	-1.66944202611568	-1.40707192089171
-1.0863030967069	-1.9340626720857	-1.6562564358652	-1.39665906286195
-1.0799747816843	-1.91832901664211	-1.64927328755085	-1.38695521132561
-1.0736464666617	-1.91362625535409	-1.64196725549934	-1.3820084593746
-1.06731815163909	-1.90633973115441	-1.6378218612088	-1.37437905658482
-1.06098983661649	-1.89295162290766	-1.62335930268894	-1.35577926384249
-1.05466152159389	-1.87210515552508	-1.6163632342824	-1.34845229296098
-1.04833320657129	-1.85938580536325	-1.61312044410172	-1.34958640508726
-1.04200489154869	-1.86982040403475	-1.59715484231415	-1.33328654827748
-1.03567657652608	-1.85969344616468	-1.59176239909241	-1.322931858002
-1.02934826150348	-1.84990557692352	-1.58596100850141	-1.30931063958664
-1.02301994648088	-1.82973390207242	-1.56836286693318	-1.29582554798392
-1.01669163145828	-1.83066689635828	-1.56318846267143	-1.31217326822791
-1.01036331643568	-1.81304688470655	-1.55245989237057	-1.29377817404381
-1.00403500141307	-1.81301849801535	-1.54689292421847	-1.27726478789219
-0.997706686390473	-1.79041456621785	-1.53629383199795	-1.2724336149526
-0.991378371367871	-1.80619481245133	-1.53011624744482	-1.27170453509381
-0.985050056345269	-1.78261715563575	-1.51919255480302	-1.25956835192726
-0.978721741322667	-1.7840751912375	-1.51007688038845	-1.24447655870148
-0.972393426300065	-1.77142247572872	-1.50229659102998	-1.23983573176967
-0.966065111277463	-1.76242650254452	-1.49703884410523	-1.24727822540207
-0.959736796254862	-1.74798811803377	-1.47932370192008	-1.21707800556946
-0.95340848123226	-1.74542432112612	-1.47822993992088	-1.23295195468102
-0.947080166209658	-1.7423812029685	-1.46535816984275	-1.20678336518016
-0.940751851187056	-1.71968114557267	-1.45837580976335	-1.19974968404827
-0.934423536164454	-1.70575814112303	-1.45114542810923	-1.19573082926813
-0.928095221141852	-1.70853663562744	-1.4391240953525	-1.16309508213546
-0.92176690611925	-1.7046702250334	-1.43118771928735	-1.17524671545382
-0.915438591096648	-1.70342028637784	-1.42688664458888	-1.1509007309918
-0.909110276074046	-1.68547036713794	-1.41944401728946	-1.16145183831397
-0.902781961051445	-1.66672518879835	-1.40267305976229	-1.1394622775621
-0.896453646028843	-1.66527422565976	-1.39951984044478	-1.14425679264984
-0.890125331006241	-1.66626761949883	-1.38589017208538	-1.11680501547271
-0.883797015983639	-1.63307344583331	-1.37540999447078	-1.12137173053062
-0.877468700961037	-1.63774827673696	-1.37491112048344	-1.10878551084395
-0.871140385938435	-1.62817024991002	-1.36000691432404	-1.09502507626077
-0.864812070915833	-1.62591761660288	-1.3570829549888	-1.10635267292762
-0.858483755893231	-1.60313427531957	-1.34569630763795	-1.08410809162609
-0.85215544087063	-1.61051686411754	-1.33349608943364	-1.06117137075029
-0.845827125848028	-1.59739180128154	-1.33033265924925	-1.07153993045746
-0.839498810825426	-1.59380978998615	-1.32192174232666	-1.05560002197256
-0.833170495802824	-1.57854361689053	-1.31527335886768	-1.04999991980602
-0.826842180780222	-1.56422980282822	-1.30461197456862	-1.04667487637334
-0.82051386575762	-1.56089183642958	-1.29164237901698	-1.03719275491192
-0.814185550735018	-1.54211381205084	-1.28431736711709	-1.02712218825927
-0.807857235712417	-1.53278467176814	-1.27781845256878	-1.02793609332378
-0.801528920689815	-1.53912681423957	-1.27311302467299	-1.00315856605058
-0.795200605667213	-1.52168358894838	-1.26473099116544	-0.998764611153933
-0.788872290644611	-1.5139797173558	-1.25543070089581	-0.996797111686534
-0.782543975622009	-1.50913848419305	-1.24456700540199	-0.972784402658546
-0.776215660599407	-1.4945329841307	-1.23613043249035	-0.957715325992459
-0.769887345576805	-1.50628754588383	-1.22698969861156	-0.95932569486107
-0.763559030554203	-1.48032633457622	-1.2186920932266	-0.952612580041561
-0.757230715531601	-1.46151141249409	-1.20553618651597	-0.944322800994138
-0.750902400509	-1.44987604475565	-1.20048916086595	-0.934841448583205
-0.744574085486398	-1.44589997557122	-1.18678507202382	-0.925875780370506
-0.738245770463796	-1.44951269285476	-1.18185273750358	-0.920040106988432
-0.731917455441194	-1.43879563705433	-1.17365847029814	-0.912893812217345
-0.725589140418592	-1.41130139377001	-1.16158906883019	-0.898052380855224
-0.71926082539599	-1.42985746082261	-1.15864240075476	-0.89426449040325
-0.712932510373388	-1.40295314468414	-1.14777468850321	-0.893061386225433
-0.706604195350786	-1.40594995372767	-1.14281810600864	-0.88005389986418
-0.700275880328185	-1.38293742169034	-1.13229852328585	-0.869723629672561
-0.693947565305583	-1.38468331041517	-1.1166044142591	-0.841558660299067
-0.687619250282981	-1.37367880311396	-1.11452369686584	-0.862973544753595
-0.681290935260379	-1.36551543308664	-1.10689259753397	-0.839641818667143
-0.674962620237777	-1.36417760180998	-1.09800970246774	-0.828527888574447
-0.668634305215175	-1.35614650286096	-1.08630171579466	-0.824114928714875
-0.662305990192573	-1.32214480579651	-1.08065088722439	-0.817992826552624
-0.655977675169971	-1.3206125573902	-1.06835604138605	-0.811043999394294
-0.649649360147369	-1.32188795983497	-1.06278591171836	-0.820681437767766
-0.643321045124768	-1.30859428568189	-1.0458321579929	-0.783813110824818
-0.636992730102166	-1.31881450830305	-1.04641540332603	-0.782491476593713
-0.630664415079564	-1.29847411775125	-1.03875160529564	-0.777135076722611
-0.624336100056962	-1.29384535697275	-1.0279798040937	-0.771529926122281
-0.61800778503436	-1.29347136674049	-1.02333087371681	-0.759625950758273
-0.611679470011758	-1.27533647255774	-1.00987349672696	-0.745738046944941
-0.605351154989156	-1.26439996379136	-1.00059960573955	-0.741611161417074
-0.599022839966554	-1.24226048877626	-0.985997891532767	-0.733428668964425
-0.592694524943953	-1.25289896466123	-0.983687456766705	-0.718499736211887
-0.586366209921351	-1.22889499065585	-0.980409968696134	-0.715850121162547
-0.580037894898749	-1.21117956454832	-0.963411520585448	-0.707533559726969
-0.573709579876147	-1.20977760642685	-0.958927573993795	-0.69978691956944
-0.567381264853545	-1.22172673914679	-0.942592169899695	-0.677976183370419
-0.561052949830943	-1.18174179329217	-0.935603095100722	-0.679848053548098
-0.554724634808341	-1.20218576578364	-0.923281094275777	-0.670142876995136
-0.548396319785739	-1.17211880340607	-0.915553089075813	-0.649243879253339
-0.542068004763137	-1.18132360376208	-0.918122922034799	-0.653858262531809
-0.535739689740536	-1.1483161518618	-0.903803295253797	-0.650129016599522
-0.529411374717934	-1.14825655246314	-0.898072984996049	-0.641078616279452
-0.523083059695332	-1.15572720436826	-0.888524869520394	-0.633083083392509
-0.51675474467273	-1.145387547573	-0.879396885375859	-0.6239485120897
-0.510426429650128	-1.12791925243885	-0.870418818255865	-0.59524932244548
-0.504098114627526	-1.12374199810379	-0.861178577522527	-0.607097866838096
-0.497769799604924	-1.10433442641717	-0.854387969107139	-0.596137619907337
-0.491441484582323	-1.10547830868054	-0.846518190631658	-0.580676131237146
-0.485113169559721	-1.08640070784918	-0.830276695081202	-0.571858456834732
-0.478784854537119	-1.08968924274632	-0.825286231074843	-0.566052332893735
-0.472456539514517	-1.07128519434029	-0.820619431441183	-0.556794513336583
-0.466128224491915	-1.07968662178369	-0.812599548239211	-0.558591026797485
-0.459799909469313	-1.06707855954573	-0.800524849045473	-0.5510423484666
-0.453471594446711	-1.0550397079604	-0.792140517866366	-0.544171519952954
-0.447143279424109	-1.03897514396097	-0.781562121924491	-0.516957431922853
-0.440814964401507	-1.03084379272523	-0.76773299617045	-0.514286677011985
-0.434486649378905	-1.02525471761633	-0.762949329191116	-0.513436900217701
-0.428158334356304	-1.00723153043813	-0.764106833408716	-0.500437196368884
-0.421830019333702	-1.00702071268053	-0.748289346034118	-0.493946830299651
-0.4155017043111	-0.997970996530347	-0.743133645833829	-0.484192108261561
-0.409173389288498	-0.98604328048524	-0.733552496899347	-0.474864091727492
-0.402845074265896	-0.976481259936381	-0.722732845133384	-0.459353275400897
-0.396516759243294	-0.978892952035982	-0.71421001579898	-0.453781896306245
-0.390188444220692	-0.952580622610056	-0.701496557520367	-0.440474937099062
-0.383860129198091	-0.963893232710685	-0.691551239508516	-0.422037344894914
-0.377531814175489	-0.946362132218472	-0.690444814933037	-0.442397458372802
-0.371203499152887	-0.927634012882367	-0.679603616617077	-0.426925905748741
-0.364875184130285	-0.924131618377517	-0.671132020089154	-0.410956798932083
-0.358546869107683	-0.921113044963841	-0.655739305614586	-0.401624467220467
-0.352218554085081	-0.902650521418672	-0.654547668589639	-0.393076646159456
-0.345890239062479	-0.904808122184852	-0.642624448391922	-0.398008326433178
-0.339561924039877	-0.896868025138801	-0.638048577743359	-0.374072696065453
-0.333233609017275	-0.883636370954138	-0.626579657487546	-0.375112697299365
-0.326905293994673	-0.876607949100334	-0.619286176137284	-0.352211974042175
-0.320576978972072	-0.863073200707459	-0.60619193790726	-0.360639225299737
-0.31424866394947	-0.852543935718742	-0.601796405193468	-0.34571400682837
-0.307920348926868	-0.851450628924852	-0.595338375716157	-0.333264035173294
-0.301592033904266	-0.845791408081025	-0.58735915867752	-0.326138348331229
-0.295263718881664	-0.827271939761415	-0.57123668323537	-0.316330767459916
-0.288935403859062	-0.828242465318488	-0.565572205284864	-0.303519769173519
-0.28260708883646	-0.80729563884253	-0.561357479150958	-0.303266442183329
-0.276278773813859	-0.803937998832302	-0.549330476391333	-0.289962637692567
-0.269950458791257	-0.795270568683323	-0.539649382763382	-0.282478309748704
-0.263622143768655	-0.791553933178944	-0.526709463780156	-0.267667036050412
-0.257293828746053	-0.777960484129149	-0.52086156700232	-0.264090779910765
-0.250965513723451	-0.76688221896367	-0.510797958410979	-0.253541460300767
-0.244637198700849	-0.763471793523298	-0.505993717122179	-0.249257144733204
-0.238308883678247	-0.750005330506045	-0.489853209429464	-0.244367518477219
-0.231980568655645	-0.740884615039342	-0.487924463580975	-0.231282331832107
-0.225652253633043	-0.732761608626896	-0.485771762716699	-0.221951266572122
-0.219323938610442	-0.736707126295414	-0.470147899464474	-0.199822195446202
-0.21299562358784	-0.709207150966758	-0.459493168577954	-0.20207927024008
-0.206667308565238	-0.699715357295985	-0.453611827527833	-0.186104093368131
-0.200338993542636	-0.682465704151103	-0.450297818099575	-0.188871093759731
-0.194010678520034	-0.69268842730021	-0.436719275835674	-0.179862488854786
-0.187682363497432	-0.678878061662043	-0.429856212097577	-0.172716377037631
-0.18135404847483	-0.669955126154735	-0.417501305675961	-0.151584907963238
-0.175025733452228	-0.674787993496033	-0.411337237095532	-0.16028445295727
-0.168697418429627	-0.653485434623799	-0.397810135398245	-0.152938406798313
-0.162369103407025	-0.658258416682938	-0.399632915436692	-0.144306038755892
-0.156040788384423	-0.642441291364864	-0.389490861030207	-0.149203674295055
-0.149712473361821	-0.627428326018494	-0.371475979507215	-0.115783789286439
-0.143384158339219	-0.612762856447051	-0.367512801178521	-0.120980688423893
-0.137055843316617	-0.620047525435496	-0.363161155685976	-0.102038024135255
-0.130727528294015	-0.58705937531524	-0.34473012694331	-0.0965564910977311
-0.124399213271413	-0.585968342466251	-0.34229692522579	-0.0867223173969848
-0.118070898248812	-0.594730881240514	-0.338030573225676	-0.071153431680317
-0.11174258322621	-0.594003448308798	-0.319131142897621	-0.0655537321831129
-0.105414268203608	-0.572173746506372	-0.311757734207618	-0.0597977285398378
-0.099085953181006	-0.561673546620633	-0.306695483684246	-0.0483351271478824
-0.0927576381584041	-0.554607773445794	-0.298277061556424	-0.0374625412231371
-0.0864293231358022	-0.54528134258098	-0.294645223157843	-0.0519254205264672
-0.0801010081132003	-0.538962340056662	-0.277513478977204	-0.0211936758370614
-0.0737726930905984	-0.534131573069888	-0.273139383128526	-0.0229071929668545
-0.0674443780679965	-0.526958952736054	-0.263809635309245	-0.0199720863001725
-0.0611160630453946	-0.515884206082288	-0.256759825153668	-0.00562249288086394
-0.0547877480227927	-0.507463378151215	-0.242753174274127	0.00205330950972884
-0.0484594330001908	-0.484404470142073	-0.23618006316133	0.0176344980847573
-0.042131117977589	-0.494135545402742	-0.226799921851448	0.0330760038334843
-0.0358028029549871	-0.479131914498973	-0.222549942495953	0.0395821232202647
-0.0294744879323852	-0.46428598454267	-0.206670921644947	0.0307787987923351
-0.0231461729097833	-0.449681627685924	-0.196924537858055	0.0711592655646158
-0.0168178578871814	-0.448454292519545	-0.19537015749744	0.0592037122381538
-0.0104895428645797	-0.443195142834133	-0.179503003885275	0.0770726117813277
-0.00416122784197781	-0.434710959336272	-0.178185336205257	0.0834093347919599
0.00216708718062408	-0.424131780831367	-0.165674424225323	0.0992145806447875
0.00849540220322598	-0.431431074619921	-0.164675866785776	0.105675929651932
0.0148237172258279	-0.401476387949362	-0.146702684974368	0.104700597490775
0.0211520322484298	-0.39234643448072	-0.143588610435073	0.103256922848883
0.0274803472710317	-0.388153397079986	-0.135658517900892	0.123416618828413
0.0338086622936336	-0.383720112189535	-0.126530408435424	0.139240976871585
0.0401369773162354	-0.378271920960479	-0.113315488463047	0.14845150344646
0.0464652923388373	-0.348292204112043	-0.103808621254036	0.142717126110666
0.0527936073614392	-0.351625731033093	-0.0978359783768096	0.152856590989617
0.0591219223840411	-0.353884134505001	-0.0886835484897779	0.161575052025105
0.065450237406643	-0.331148369950577	-0.086503393802883	0.168578132830911
0.0717785524292449	-0.312140488363192	-0.0669482355579022	0.179825913448355
0.0781068674518468	-0.316973145927054	-0.0566910350329368	0.193362544895236
0.0844351824744485	-0.304081351486701	-0.0592489701666751	0.198241505381395
0.0907634974970504	-0.292732354069916	-0.0476925167316866	0.217504968029872
0.0970918125196523	-0.288993261333495	-0.0314249550989487	0.224106053317422
0.103420127542254	-0.276338904279935	-0.0299344990595719	0.233966494247875
0.109748442564856	-0.273491968685414	-0.0213304243660548	0.239062056604851
0.116076757587458	-0.272248672249493	-0.0124980126667361	0.243435420545727
0.12240507261006	-0.252175935694968	-0.00120347721145621	0.262554656776467
0.128733387632662	-0.241267584028533	0.0169052341992363	0.266886043674315
0.135061702655264	-0.23466803623025	0.00723636982555713	0.257254087180923
0.141390017677865	-0.232436115074202	0.0233093313351357	0.271119376966905
0.147718332700467	-0.208702907464116	0.0384018809545209	0.290130811253015
0.154046647723069	-0.207785484919248	0.036919135464451	0.293970935658427
0.160374962745671	-0.213676344405597	0.0532801588086776	0.308432276253839
0.166703277768273	-0.194163410741019	0.0536013803730452	0.310358334667189
0.173031592790875	-0.188225148474304	0.0707116706457437	0.325898553135436
0.179359907813477	-0.179244721606725	0.0775230670856231	0.330514270576911
0.185688222836079	-0.18127967807144	0.0887052384135449	0.329054187196565
0.19201653785868	-0.165545333972836	0.0873536619661413	0.345506281183433
0.198344852881283	-0.13842985749972	0.100827703729702	0.358071966643841
0.204673167903884	-0.141788403545937	0.107071311236279	0.371510404897253
0.211001482926486	-0.137921171796755	0.12288615540231	0.36512898483079
0.217329797949088	-0.127775718528721	0.12461480326613	0.371130146644775
0.22365811297169	-0.115311489024139	0.140546692277172	0.377524201862372
0.229986427994292	-0.111286274922808	0.144817882570356	0.400853032725929
0.236314743016894	-0.0918203236632667	0.152518618141927	0.401358962580456
0.242643058039496	-0.0875807906494721	0.1620498173398	0.428633389133371
0.248971373062097	-0.0875468111726586	0.169060239608975	0.415449545467012
0.255299688084699	-0.074660038457988	0.181820264284038	0.435683768564797
0.261628003107301	-0.0716092277201245	0.182772046191714	0.432573054637966
0.267956318129903	-0.0510839090781639	0.194033039234199	0.453353641327242
0.274284633152505	-0.0395809005343428	0.205560646209778	0.448569343348443
0.280612948175107	-0.0409742871571736	0.214034777876563	0.47416855979015
0.286941263197709	-0.0435310756728027	0.222496358601712	0.470914912519925
0.293269578220311	-0.0250880673844441	0.228969045767391	0.484670744199727
0.299597893242912	-0.0104156971334514	0.241867291218392	0.47673983438955
0.305926208265515	0.000379311298807831	0.252106826326661	0.496646610768672
0.312254523288116	-0.00101399876671231	0.253381090058122	0.500207154683976
0.318582838310718	0.0153864834680445	0.276166506753619	0.522893506514942
0.32491115333332	0.0232818545978703	0.273434214133314	0.528523945216839
0.331239468355922	0.0277291628075855	0.281006672432075	0.539909108898293
0.337567783378524	0.0401019601826492	0.282814185599489	0.548757844194976
0.343896098401125	0.0569812600412262	0.305626033901095	0.566811516672528
0.350224413423728	0.0624694616113044	0.307788928827112	0.557419760002854
0.356552728446329	0.0744256593419695	0.324537905183624	0.560564888330878
0.362881043468931	0.0733123874329793	0.326334761612078	0.577699382277263
0.369209358491533	0.0645990746018482	0.33590067501865	0.588800420527069
0.375537673514135	0.102349456582571	0.354276317242098	0.60237694955797
0.381865988536737	0.107979026461526	0.353481068088935	0.599633964736493
0.388194303559339	0.108543687790429	0.359391336836413	0.606730787329259
0.394522618581941	0.11946431098073	0.373316387749469	0.616782179776872
0.400850933604543	0.128329902943652	0.380086884332683	0.629495663922175
0.407179248627144	0.124630174446683	0.386520065083068	0.628122609520088
0.413507563649747	0.131099666647746	0.397551622331517	0.648399526372422
0.419835878672348	0.136462122991561	0.408757758503637	0.651843190671356
0.42616419369495	0.153780271773605	0.410934219744275	0.681551694548118
0.432492508717552	0.178912610519788	0.42566836035965	0.677376237666146
0.438820823740154	0.190987424569315	0.430088516161967	0.686366411739187
0.445149138762756	0.186220348668027	0.439295325729947	0.692843473561852
0.451477453785357	0.206277026598732	0.452952843627516	0.701676540643122
0.45780576880796	0.202171459343686	0.462059693923077	0.71632306076718
0.464134083830561	0.222731215682506	0.475477207563614	0.719903121130525
0.470462398853163	0.223059536455345	0.476679631096802	0.737686074223802
0.476790713875765	0.239983795755763	0.481740017386897	0.733616442074561
0.483119028898367	0.238390686651757	0.487322670995075	0.743904505468132
0.489447343920969	0.241647694750041	0.490162056527651	0.754233250473686
0.495775658943571	0.251571414535913	0.508668047171461	0.752961609200497
0.502103973966173	0.26840558337374	0.516458587866071	0.769177165075684
0.508432288988775	0.285571593509144	0.528060043846772	0.769012473225703
0.514760604011376	0.279112389740855	0.534989829819027	0.789270625847498
0.521088919033978	0.296673177302327	0.53940544984151	0.795171471523335
0.52741723405658	0.302351528099526	0.557050989694882	0.791850470324719
0.533745549079182	0.30104321038392	0.565951752597829	0.818301070676899
0.540073864101784	0.31548602166801	0.571361292664283	0.817145956751421
0.546402179124386	0.321665213927855	0.578638168571316	0.821341003476416
0.552730494146988	0.331636625959159	0.591462321058046	0.852357482548039
0.559058809169589	0.347251737767247	0.589751602590162	0.850436831282442
0.565387124192192	0.344672060685647	0.608604689954977	0.865480648024224
0.571715439214793	0.371170573914174	0.616865966606127	0.878007058360757
0.578043754237395	0.380167031647226	0.618998593627222	0.860469293100588
0.584372069259997	0.39165984351078	0.629236958731836	0.880514753977977
0.590700384282599	0.380812733520664	0.634047990593576	0.895436969675956
0.597028699305201	0.396385586311441	0.652088759587079	0.903336730442136
0.603357014327803	0.41279534525876	0.656422449929833	0.921177753430248
0.609685329350405	0.406064651224484	0.66628641995685	0.914739618752615
0.616013644373007	0.412331056383556	0.668676628720008	0.924297763290462
0.622341959395608	0.432419334198682	0.683479133563442	0.932954340913797
0.62867027441821	0.433579755581345	0.689136784891967	0.940663987427415
0.634998589440812	0.437167438159107	0.70935764272528	0.955819734570454
0.641326904463414	0.453911736340012	0.708503700866723	0.958021984655599
0.647655219486016	0.47364395584956	0.717095744764834	0.970395829428162
0.653983534508618	0.476014616760906	0.725731492670209	0.983190173007362
0.66031184953122	0.483654885776442	0.733986392717992	0.994851803854072
0.666640164553821	0.498852495081543	0.742534468580244	0.993739346360555
0.672968479576423	0.483891535019497	0.751305064777687	1.00612047177048
0.679296794599025	0.509964722040824	0.763297902387375	1.02746894491361
0.685625109621627	0.493900446869095	0.766899598229234	1.02103910696281
0.691953424644229	0.526567847690673	0.78587329447021	1.02977006194516
0.698281739666831	0.541703674231484	0.787559437592932	1.05132698789683
0.704610054689433	0.541023593934546	0.797915686506133	1.04247398010043
0.710938369712035	0.558834528508909	0.812682634447438	1.06552304710776
0.717266684734637	0.545882034144232	0.808165269747064	1.05655044405756
0.723594999757239	0.5758080396414	0.823935831126444	1.07451822799696
0.72992331477984	0.590310888367305	0.842033951657485	1.09557762968686
0.736251629802442	0.569225021439781	0.837641519576232	1.08389718668743
0.742579944825044	0.609269568657919	0.850403180053114	1.10222521689923
0.748908259847646	0.600978219372602	0.858750177295756	1.1143457595945
0.755236574870248	0.605614974181293	0.868406367671062	1.13016018187352
0.76156488989285	0.633174674724814	0.875778716917891	1.13067087001548
0.767893204915452	0.656078932194947	0.881979267179373	1.12185507751801
0.774221519938053	0.642743559772293	0.890249066027002	1.14649791981172
0.780549834960655	0.64784414485698	0.900517607165696	1.14846886896973
0.786878149983257	0.66930254399863	0.90750384015483	1.16974597089043
0.793206465005859	0.67761535981448	0.923688739268321	1.17429331351531
0.799534780028461	0.679802319088426	0.927655453665815	1.18525784464601
0.805863095051063	0.672128516105784	0.937553041561432	1.17462541149308
0.812191410073665	0.691812290862994	0.947997439947489	1.19064482142949
0.818519725096267	0.710497428925303	0.949368763541851	1.20620142539879
0.824848040118868	0.694908278528459	0.959718285982542	1.22238026290854
0.831176355141471	0.733268365711905	0.976799966280184	1.20959618148936
0.837504670164072	0.725126048517634	0.976551399703849	1.22963625495709
0.843832985186674	0.745496480442934	0.989387264555975	1.23298383956998
0.850161300209276	0.747306089642157	1.00275749441275	1.25602557505945
0.856489615231878	0.746202043786916	0.999946631783783	1.23951850195289
0.86281793025448	0.759067413976728	1.01209359748781	1.26062960168741
0.869146245277082	0.751420722840006	1.015125594361	1.26543811066933
0.875474560299684	0.785483957732492	1.03538049044177	1.28193225455809
0.881802875322285	0.800255720221631	1.04262349334092	1.28164608550914
0.888131190344887	0.816820247300755	1.05638574844003	1.29319644613152
0.894459505367489	0.806786707851254	1.05626115492278	1.2910925217597
0.900787820390091	0.821635785211697	1.06695057357195	1.32317226519003
0.907116135412693	0.829048476312455	1.07520384449352	1.31966651831403
0.913444450435295	0.833273384089721	1.08396074705122	1.3217203850861
0.919772765457897	0.843474179504199	1.09226261056064	1.34863161483166
0.926101080480499	0.849786118228352	1.09920455902429	1.35351127546943
0.9324293955031	0.856206673342213	1.10749671554278	1.35634262835044
0.938757710525703	0.866326925811047	1.12083558970657	1.37540917694472
0.945086025548304	0.869157735906002	1.12649258820637	1.35288452928761
0.951414340570906	0.884491562646517	1.13502954454609	1.3827889362913
0.957742655593508	0.892246722705154	1.14208956924897	1.39445057725836
0.96407097061611	0.901190050172992	1.14772130738156	1.40952779126199
0.970399285638712	0.916443932334538	1.16897088735207	1.42217884225864
0.976727600661313	0.90854717970539	1.16909928871438	1.40394795437775
0.983055915683916	0.923366878642471	1.17453174670252	1.42378615437638
0.989384230706517	0.941217418739715	1.18701436349074	1.44332484860176
0.995712545729119	0.950164371636538	1.20119971823036	1.43795592366562
1.00204086075172	0.966288645009914	1.201434144946	1.46066347743798
1.00836917577432	0.962408318208767	1.21356557788065	1.45287274928534
1.01469749079692	0.966866167932644	1.22644668507585	1.47782799053785
1.02102580581953	0.97458499824502	1.22913687970441	1.46065817627936
1.02735412084213	0.985414285498814	1.24117945156686	1.47770032807191
1.03368243586473	0.981321973000544	1.24680301761141	1.49951209680875
1.04001075088733	1.00952252369559	1.25373807494764	1.5025266808936
1.04633906590993	1.00645153070786	1.2665631374991	1.52591853672755
1.05266738093254	1.01651032344589	1.27486422781227	1.52430261785484
1.05899569595514	1.02881921615912	1.28058055008576	1.53915977865279
1.06532401097774	1.03708211298579	1.28980926589686	1.55136949943755
1.07165232600034	1.0486288103542	1.29862380875074	1.55114353267752
1.07798064102294	1.04536133307047	1.3112304996392	1.55312742829189
1.08430895604555	1.07181145642471	1.32107842921697	1.56559287697094
1.09063727106815	1.08113997769969	1.32539754906077	1.56328533693011
1.09696558609075	1.06592521750418	1.33300961074842	1.59727709549077
1.10329390111335	1.09114760123012	1.3421924864555	1.60153966981586
1.10962221613595	1.08560096724355	1.35410210934785	1.60927903958823
1.11595053115856	1.09213175435797	1.35763127214096	1.62025777740384
1.12227884618116	1.12024082765951	1.36779353595437	1.62085027732835
1.12860716120376	1.12771536008273	1.37936651766217	1.63256543086336
1.13493547622636	1.14901635577119	1.38870491811776	1.65539845461392
1.14126379124896	1.13367244679771	1.39470034148301	1.64525024579494
1.14759210627156	1.15719416239633	1.40450554405219	1.654139398878
1.15392042129417	1.15466358195398	1.41565276158723	1.65615285111302
1.16024873631677	1.17503511540471	1.42014014034678	1.66955602302191
1.16657705133937	1.1578202366848	1.42365113905992	1.67719621585776
1.17290536636197	1.19765842195866	1.43968875108766	1.68426574080899
1.17923368138457	1.20864380341853	1.45084138003435	1.70640109587162
1.18556199640718	1.20458334134308	1.46015650129334	1.69812801461842
1.19189031142978	1.2236786031818	1.46352443289082	1.70490079772166
1.19821862645238	1.2188851685691	1.47909412930603	1.72642916195035
1.20454694147498	1.22548742875235	1.47937520039488	1.72756609069723
1.21087525649758	1.24681533921934	1.49069103374421	1.74521121421248
1.21720357152018	1.25471426315669	1.50355169469087	1.73943848780558
1.22353188654279	1.25519403861331	1.50591847508651	1.7476900228179
1.22986020156539	1.26417112982226	1.51898085009775	1.75526087444651
1.23618851658799	1.28492179717402	1.53072484760364	1.78196122335809
1.24251683161059	1.28605850879895	1.53652399740426	1.78562867215756
1.24884514663319	1.29580728981002	1.53740121655082	1.8013475746342
1.2551734616558	1.29920150983665	1.54713289627316	1.7943247953055
1.2615017766784	1.31235755169519	1.5646958780951	1.8037058524717
1.267830091701	1.30963136538123	1.5708672467633	1.80386514824285
1.2741584067236	1.31626890174255	1.57357921849421	1.82242946163557
1.2804867217462	1.3337172833616	1.58179573202322	1.8299788655628
1.28681503676881	1.34053614354195	1.59655339316271	1.85119444627726
1.29314335179141	1.35698763460913	1.60050863623642	1.84566255468498
1.29947166681401	1.36912861041755	1.60986097597041	1.86279971024977
1.30579998183661	1.37552302264898	1.62205445424435	1.88580060954671
1.31212829685921	1.38302185377835	1.6298875255154	1.87638196142443
1.31845661188182	1.38480279155498	1.63807560072412	1.89133668672494
1.32478492690442	1.38739840774897	1.64307289312001	1.89802607112514
1.33111324192702	1.39811114182552	1.65514507991975	1.91230172642987
1.33744155694962	1.42642174014839	1.66158014789886	1.92098460323233
1.34376987197222	1.42877053677009	1.66577494552507	1.9324235976219
1.35009818699482	1.43168413972434	1.68025009439594	1.92951780090583
1.35642650201743	1.43841096643192	1.6867073909214	1.94798874895759
1.36275481704003	1.44785047415093	1.69798013737748	1.95095798338189
1.36908313206263	1.45322639478556	1.70472764992615	1.97214652719995
1.37541144708523	1.46928078430471	1.71991731485834	1.98310306792417
1.38173976210783	1.47017193561187	1.72248859811945	1.96990690268205
1.38806807713044	1.47453453877167	1.73096862615977	1.984587127947
1.39439639215304	1.5034584524813	1.7400289515217	2.00218760018457
1.40072470717564	1.50096639698213	1.74943817668732	2.00515504833255
1.40705302219824	1.50883355864487	1.75784225706487	2.00471575650072
1.41338133722084	1.51372847215192	1.7668029367694	2.0099952229272
1.41970965224345	1.5145398681252	1.78368087444944	2.03570269825755
1.42603796726605	1.54475339357597	1.7919953390862	2.03674819340594
1.43236628228865	1.53529828875652	1.7951028317968	2.05248532441656
1.43869459731125	1.54026048081063	1.80436834041807	2.04636670218308
1.44502291233385	1.56787446755027	1.81174220187499	2.0661025810196
1.45135122735645	1.56079141536428	1.82175335380746	2.07395463275432
1.45767954237906	1.58515721285634	1.82797167511298	2.09753248675147
1.46400785740166	1.58474383696521	1.83914203188175	2.08699909443719
1.47033617242426	1.59328225636332	1.8497076379636	2.10291722843342
1.47666448744686	1.60268083450538	1.8517145568545	2.10576484231329
1.48299280246946	1.61201855998465	1.86139939551067	2.11260703596431
1.48932111749207	1.62028747734817	1.87659840600502	2.11742057992047
1.49564943251467	1.61184259517595	1.87745797073554	2.12899995245861
1.50197774753727	1.63136406171381	1.89279815860396	2.15070244439137
1.50830606255987	1.64495394105596	1.89709843995657	2.14208184274883
1.51463437758247	1.65119581308584	1.9093741226207	2.16369731178009
1.52096269260508	1.65305450782304	1.91087675152371	2.16293278179927
1.52729100762768	1.66980186899504	1.92670536085922	2.1732271372668
1.53361932265028	1.68955690929018	1.92929435751796	2.17717281103398
1.53994763767288	1.70529502017952	1.94612949706213	2.18484442667597
1.54627595269548	1.70324445894683	1.94676735663784	2.19016160464274
1.55260426771808	1.71313703284721	1.96059705157958	2.21808663732245
1.55893258274069	1.72644546095877	1.96663729667019	2.2244310766154
1.56526089776329	1.72369188027727	1.97933470435907	2.23610409900806
1.57158921278589	1.74073459440884	1.9857163479428	2.23331968869903
1.57791752780849	1.74115868426992	1.9915194882644	2.24174586090744
1.58424584283109	1.75162910767154	1.9984785867724	2.25538362389054
1.5905741578537	1.74550205631179	2.01268612029127	2.26868391698952
1.5969024728763	1.77204844795354	2.01521850500243	2.27217462000415
1.6032307878989	1.77496927086413	2.02857962829036	2.28048200373125
1.6095591029215	1.79935828244496	2.03685737319431	2.29211786877714
1.6158874179441	1.78591611708908	2.04539945761611	2.29663870085498
1.62221573296671	1.80900592921423	2.05654653676031	2.29816978724519
1.62854404798931	1.81080352811048	2.06734280381316	2.30671392530906
1.63487236301191	1.80550023973677	2.07290210261113	2.34055359772511
1.64120067803451	1.83172749302103	2.08323307522755	2.32333420025206
1.64752899305711	1.85264258895796	2.0931679737567	2.34618452120468
1.65385730807971	1.84339874626478	2.09816371548273	2.35379539955296
1.66018562310232	1.85860857092751	2.10808295374711	2.37021938211843
1.66651393812492	1.85870118354202	2.11718599853133	2.37472449196113
1.67284225314752	1.86795080551833	2.12616660476116	2.36855995971076
1.67917056817012	1.88335219003798	2.13515949167653	2.39407162249266
1.68549888319272	1.87767842103151	2.14373846258019	2.40622646594802
1.69182719821533	1.90456718210392	2.15162100371258	2.41433870193908
1.69815551323793	1.89754798244887	2.15458354195956	2.40833766995171
1.70448382826053	1.91123814849562	2.17258426023166	2.42054341851179
1.71081214328313	1.9206206928081	2.18085853302576	2.41366050863868
1.71714045830573	1.93192516185538	2.18438430401851	2.4330750797078
1.72346877332834	1.94636646313393	2.19580408472109	2.44538956046489
1.72979708835094	1.94256931792485	2.20054667121675	2.45982244779198
1.73612540337354	1.94879147864263	2.20929822307044	2.45918114799929
1.74245371839614	1.96664474005554	2.22267888500828	2.4858250068049
1.74878203341874	1.96923511124557	2.2284632591426	2.48109846462971
1.75511034844134	1.98618164941093	2.23763114969455	2.4901518977052
1.76143866346395	1.99209025488238	2.23340772009981	2.49817653805149
1.76776697848655	1.9993987578861	2.25245454203902	2.52435458461232
1.77409529350915	2.01675140586686	2.26015965197444	2.50744068616436
1.78042360853175	2.02790059778475	2.27666639744218	2.51712209834639
1.78675192355435	2.01496080609618	2.28055251597197	2.53526239462319
1.79308023857696	2.02602006392738	2.28835238922951	2.54341639029663
1.79940855359956	2.03898939726256	2.29697201774529	2.54987397043572
1.80573686862216	2.04687804976117	2.30595508199067	2.5618199004046
1.81206518364476	2.05520596918262	2.31067340535227	2.55821947810821
1.81839349866736	2.06427423646255	2.32361318315996	2.58450259345038
1.82472181368997	2.09729478002953	2.32870507201997	2.58394079365199
1.83105012871257	2.07981193536807	2.34614454325152	2.59364843537115
1.83737844373517	2.0852586012196	2.35211591613901	2.59786040030655
1.84370675875777	2.10940248625518	2.35912026605222	2.60749034318512
1.85003507378037	2.11679240097748	2.36458857889159	2.62741521779577
1.85636338880298	2.10367178404702	2.3717976730866	2.6318185713083
1.86269170382558	2.1266686150587	2.37725108806905	2.62605459108022
1.86902001884818	2.1360907588067	2.39197970399829	2.65325142877783
1.87534833387078	2.16765695580905	2.40459202551604	2.64916254686406
1.88167664889338	2.1514381904307	2.40893339011814	2.66919595083327
1.88800496391598	2.16009563284255	2.41907258993989	2.67981542612282
1.89433327893859	2.1879863658386	2.42827757569933	2.68633423394513
1.90066159396119	2.19641392510976	2.44353910740679	2.69248200672519
1.90698990898379	2.19129950471343	2.44174739945603	2.7061698485774
1.91331822400639	2.19798451961258	2.4575011281963	2.70486946450908
1.91964653902899	2.22068673026537	2.46377209644008	2.70525201040482
1.9259748540516	2.21806962708362	2.47363368604637	2.72231574305329
1.9323031690742	2.24160704741386	2.48462263159048	2.7374787190684
1.9386314840968	2.24933924639673	2.49018679361626	2.74116775859968
1.9449597991194	2.24927809026778	2.4979321596113	2.76922285260772
1.951288114142	2.26489188813631	2.50697146328088	2.75835231610636
1.9576164291646	2.26388205396076	2.51409845583568	2.76057668030827
1.96394474418721	2.27603452514263	2.52493893795408	2.76071658126277
1.97027305920981	2.29435100389364	2.53463616128882	2.78555519282947
1.97660137423241	2.28438959200059	2.54377644215446	2.79607345066677
1.98292968925501	2.29540596059536	2.55137232559529	2.79743453296456
1.98925800427761	2.31428682103346	2.55402379055724	2.81764491619196
1.99558631930022	2.32561140740728	2.56707762480013	2.81545215938161
2.00191463432282	2.31249923657953	2.57642419195903	2.82338167870973
2.00824294934542	2.3299598986736	2.58430048695973	2.84261041180262
2.01457126436802	2.34207138870211	2.59397534201157	2.83514389245837
2.02089957939062	2.34473320742575	2.59999568990765	2.85980249965079
2.02722789441323	2.36785102579157	2.60871401769616	2.86787468601519
2.03355620943583	2.37307477256166	2.61833544088544	2.86641740557869
2.03988452445843	2.37383679944502	2.63343707501838	2.87842404057236
2.04621283948103	2.38485507552028	2.63534945746776	2.89161250574077
2.05254115450363	2.39883144285864	2.64901525992274	2.89947463642844
2.05886946952623	2.39848881218929	2.65028214586673	2.90466310090007
2.06519778454884	2.40069259740778	2.65996160362343	2.91026270592813
2.07152609957144	2.41292368886926	2.66600216551965	2.92098221238173
2.07785441459404	2.41884722178644	2.6794543790266	2.9541994956875
2.08418272961664	2.42829534850365	2.68849907371978	2.94186088918959
2.09051104463924	2.43818286420258	2.69520350844537	2.94931770420645
2.09683935966185	2.45380899187291	2.7033372603974	2.95026695907756
2.10316767468445	2.45249149369192	2.71581032925922	2.97312013304938
2.10949598970705	2.46066804193359	2.72198203008748	2.98472797025853
2.11582430472965	2.47701729505577	2.7312041293754	2.97960411469599
2.12215261975225	2.474027413842	2.73494651041838	2.99796038719546
2.12848093477486	2.49611993098771	2.74917135627598	2.98703771366292
2.13480924979746	2.49473691834721	2.75931492573521	3.01287260640338
2.14113756482006	2.51785114831465	2.7694853498961	3.01048574253747
2.14746587984266	2.52240449016143	2.77509325860814	3.02256022878813
2.15379419486526	2.50902659215868	2.78404033620215	3.0468325809468
2.16012250988787	2.53952723183697	2.79403284996666	3.05381028193321
2.16645082491047	2.54561172648065	2.79433675108928	3.05055275211447
2.17277913993307	2.55615285629105	2.80570577793768	3.07195356140055
2.17910745495567	2.57634736082778	2.81868676537122	3.07083106006111
2.18543576997827	2.57898122517717	2.82263717794807	3.07877569692425
2.19176408500087	2.5867358250923	2.8341357705091	3.08821499605723
2.19809240002348	2.57728024360572	2.84654504304721	3.09643248580693
2.20442071504608	2.61038480702855	2.84684735551446	3.10494792088704
2.21074903006868	2.60826700687627	2.86352853211475	3.10709776499227
2.21707734509128	2.62995083265037	2.86848875705419	3.13641190809117
2.22340566011388	2.63111452979095	2.87960142769057	3.14306101635773
2.22973397513649	2.63832539286034	2.89274494252844	3.14272828216296
2.23606229015909	2.64757714392419	2.89665644977932	3.15467407802739
2.24239060518169	2.65532944929467	2.90734031531231	3.17217958957361
2.24871892020429	2.64820682532613	2.91243884113942	3.17673287828735
2.25504723522689	2.68026700183488	2.9289147693006	3.19102091569086
2.2613755502495	2.67763756537637	2.93044708992943	3.18356667827188
2.2677038652721	2.68715381182407	2.94389184508084	3.18892435597653
2.2740321802947	2.6850051978941	2.94439226030646	3.19608903941091
2.2803604953173	2.6988546385623	2.95800117314597	3.21588978309477
2.2866888103399	2.69897138662527	2.96670936945047	3.2208913889495
2.2930171253625	2.70495912834065	2.9723568471736	3.23102727569676
2.29934544038511	2.71771792033527	2.97962903497581	3.23781895080588
2.30567375540771	2.73877222802865	2.99319493510198	3.24829523274571
2.31200207043031	2.74211818371696	3.00442520297875	3.24433373234762
2.31833038545291	2.75899895842332	3.01261090998196	3.26588349023476
2.32465870047551	2.76508135686754	3.01222791837304	3.27621059267554
2.33098701549812	2.77481232282667	3.02396261002673	3.28570415262724
2.33731533052072	2.77563919484091	3.03775359134431	3.30889478112843
2.34364364554332	2.78974140373929	3.04730905086013	3.30225339271629
2.34997196056592	2.80831320416684	3.05804753936392	3.3086554406591
2.35630027558852	2.80214671734508	3.06552482346505	3.32240725183229
2.36262859061113	2.81500387977199	3.06547262129221	3.32326780982661
2.36895690563373	2.83201345364926	3.08209509404491	3.33744216914173
2.37528522065633	2.83456154138788	3.08868585159982	3.3558240855036
2.38161353567893	2.83219604890352	3.09500192912715	3.34417751320472
2.38794185070153	2.83691959372171	3.10393278966933	3.34763994871898
2.39427016572413	2.84568759394217	3.11042036565498	3.36185839917146
2.40059848074674	2.87216430163073	3.11879395817257	3.3764601647319
2.40692679576934	2.88071269334869	3.13356047696992	3.39817739348004
2.41325511079194	2.88106222773778	3.13772936797157	3.40037458701537
2.41958342581454	2.88291561105127	3.14485146428989	3.38209141324374
2.42591174083714	2.90195222151691	3.15432898478109	3.40974863263498
2.43224005585975	2.91326959657053	3.16969148043838	3.41203292493216
2.43856837088235	2.90283826516115	3.1703150520656	3.44607288369268
2.44489668590495	2.92477696768627	3.17311250965775	3.4309977566426
2.45122500092755	2.93356126030303	3.18741042249726	3.44445668343224
2.45755331595015	2.95145593894538	3.20653313139694	3.45993080099161
2.46388163097276	2.96309531421071	3.2049504163459	3.46221844021495
2.47020994599536	2.96894448827599	3.21714698546235	3.47528535077333
2.47653826101796	2.9809341347548	3.21505825399585	3.47954774573783
2.48286657604056	2.98570531530548	3.24237371158424	3.4980490408266
2.48919489106316	2.9884910730495	3.23702765750154	3.49306727590593
2.49552320608576	3.00709428438486	3.24807464743456	3.51328851469286
2.50185152110837	3.00339204432299	3.26237829317236	3.52249553288206
2.50817983613097	3.00989294270592	3.26534766652245	3.51126029997091
2.51450815115357	3.01314245951553	3.27875676772907	3.53548672195798
2.52083646617617	3.0252836545161	3.28809945198943	3.54829612042984
2.52716478119877	3.02508454381144	3.29198328951049	3.54171302646839
2.53349309622138	3.04582646180322	3.30143812109183	3.54820520502371
2.53982141124398	3.04379828822644	3.31736971893824	3.56952772966704
2.54614972626658	3.06071097908173	3.31882184737387	3.5770837034156
2.55247804128918	3.07373250733554	3.32572656281034	3.58084537514793
2.55880635631178	3.08204297181702	3.34017689401146	3.60616505161558
2.56513467133439	3.09155204000212	3.35059895264497	3.60642388740095
2.57146298635699	3.08403060011988	3.35186204429042	3.60759616194526
2.57779130137959	3.11108984645558	3.35677687926846	3.62194318254758
2.58411961640219	3.10659698124918	3.37740864937538	3.62432997709519
2.59044793142479	3.1271350198731	3.38371969014963	3.64704554728219
2.59677624644739	3.13039303537602	3.38914614626513	3.65465696309119
2.60310456147	3.14966185407335	3.39674656758759	3.66131287828077
2.6094328764926	3.14423166876645	3.40608580821978	3.65271919747763
2.6157611915152	3.16793872118761	3.41804014804846	3.68937158213901
2.6220895065378	3.16426577391939	3.42277485263943	3.6810743656553
2.6284178215604	3.18014086804608	3.43096808722115	3.69177934434727
2.63474613658301	3.18218509785916	3.44760950204099	3.70781891741997
2.64107445160561	3.20518507518398	3.45124450918127	3.7085069020821
2.64740276662821	3.19296385725562	3.46096322828843	3.71627510386742
2.65373108165081	3.21218244031403	3.46559444470581	3.72239724472852
2.66005939667341	3.22789715813674	3.47737015225347	3.73226958733821
2.66638771169602	3.22104102950949	3.48373313454041	3.73443306278202
2.67271602671862	3.23186074074107	3.49250472649135	3.7685973301763
2.67904434174122	3.24707435751694	3.50591113270351	3.75742581677319
2.68537265676382	3.24905455668475	3.51310568091104	3.76758325328512
2.69170097178642	3.25524836501563	3.51327173960637	3.7754378229585
2.69802928680902	3.27067729206415	3.52772473966518	3.78469251211991
2.70435760183163	3.28771152004872	3.54155593849466	3.81653804226599
2.71068591685423	3.30298267355935	3.54481794707596	3.7987290109845
2.71701423187683	3.30718303218887	3.56062318875624	3.82385486612433
2.72334254689943	3.30307943120314	3.56284616973541	3.83608632339843
2.72967086192203	3.30893593121683	3.57188361280247	3.82303474758001
2.73599917694464	3.31631181910324	3.5762667490071	3.84374513165284
2.74232749196724	3.34823689412007	3.59954547577924	3.85295535350614
2.74865580698984	3.34011259723722	3.59352101447828	3.85906100059196
2.75498412201244	3.35115181389392	3.61338404313575	3.85796388110559
2.76131243703504	3.341395978368	3.61811140527655	3.88466920924107
2.76764075205765	3.38011027598156	3.61870837978262	3.88295113768299
2.77396906708025	3.37579322748182	3.629025355578	3.89996559360939
2.78029738210285	3.38263205079497	3.64154379009729	3.88955147208363
2.78662569712545	3.39845338848376	3.64752957233864	3.90203241486189
2.79295401214805	3.40193583260554	3.65909965126996	3.91746783111547
2.79928232717066	3.3964559578598	3.66415214911796	3.91658299280695
2.80561064219326	3.42785905005372	3.67512045884821	3.94104775298664
2.81193895721586	3.42032617707134	3.68575841058806	3.96009502121879
2.81826727223846	3.43378445187633	3.68924536109558	3.9467636754713
2.82459558726106	3.44103721912658	3.70404345838909	3.97111140024933
2.83092390228366	3.45540114815302	3.71384169354506	3.97058923421946
2.83725221730627	3.47046180753689	3.72237566449043	3.97821374733045
2.84358053232887	3.45989795709215	3.7278232537504	3.99130747784179
2.84990884735147	3.48455135926638	3.73315975309002	3.99182123817948
2.85623716237407	3.49105376837779	3.75026900141873	4.01396107561933
2.86256547739667	3.49312247013152	3.7503037654487	4.01035754381581
2.86889379241928	3.50855542675547	3.76341816095329	4.01872737066729
2.87522210744188	3.50358616887768	3.77225771767153	4.03578143811182
2.88155042246448	3.52612514102414	3.78283456438593	4.04850331453757
2.88787873748708	3.52823293774893	3.7906997087617	4.05165459360103
2.89420705250968	3.55240046827398	3.80131648033374	4.06451207377635
2.90053536753228	3.552155284785	3.80920471841952	4.07432018258562
2.90686368255489	3.54930478573698	3.82024480259255	4.08752091461435
2.91319199757749	3.55897815991569	3.82255280939151	4.08137334647608
2.91952031260009	3.57914149278649	3.83408602053954	4.07727762400071
2.92584862762269	3.58631045465436	3.84176036642539	4.09841974175934
2.9321769426453	3.5977199565528	3.85182118082615	4.10418986812025
2.9385052576679	3.59694391321222	3.85584097706705	4.11459119762769
2.9448335726905	3.6089803026168	3.87191695897858	4.13032707706034
2.9511618877131	3.60064536812172	3.88309287396205	4.13626731394672
2.9574902027357	3.63547210952676	3.89395573679527	4.13875892425747
2.9638185177583	3.63675469311689	3.89535786014847	4.16491377956986
2.97014683278091	3.65337344609893	3.90634741958806	4.17339622669783
2.97647514780351	3.64167948705453	3.90887209598878	4.17104023794787
2.98280346282611	3.66053292150331	3.9138352058742	4.17610431003581
2.98913177784871	3.66582132451023	3.92516818380305	4.17860263076245
2.99546009287131	3.68364261558829	3.93656892210307	4.18595058280891
3.00178840789391	3.68460132200989	3.94967432133971	4.21476353205944
3.00811672291652	3.69153982982794	3.95222389056108	4.21855186619877
3.01444503793912	3.70698778753386	3.96715139323209	4.24546773606046
3.02077335296172	3.70156701710663	3.97602267007606	4.24522817977326
3.02710166798432	3.72021337839927	3.97595797769839	4.23500215691975
3.03342998300692	3.73583889277009	3.98506651735416	4.25715035312283
3.03975829802953	3.73081199061591	3.99758775811265	4.27864628699694
3.04608661305213	3.73984988731351	4.00385161802584	4.27078409961617
3.05241492807473	3.74453350616587	4.00896309134184	4.28479983010026
3.05874324309733	3.76703306630818	4.02550268300083	4.28429227294524
3.06507155811993	3.77772896810573	4.03426957268859	4.3136395602855
3.07139987314254	3.76491164827604	4.04276583809382	4.3057225493201
3.07772818816514	3.80543270090877	4.04608260933334	4.32546721013531
3.08405650318774	3.79089366853535	4.05412237358808	4.31237575656847
3.09038481821034	3.8102157289208	4.07309122724652	4.3226433936875
3.09671313323294	3.8247192392948	4.07408715512669	4.34141249203398
3.10304144825555	3.8264405845807	4.08102307568056	4.34980920773776
3.10936976327815	3.83431919902927	4.08898560038456	4.34998289299243
3.11569807830075	3.8481289018986	4.09340806976679	4.3713227097016
3.12202639332335	3.84799232712947	4.1140394920723	4.37450437456997
3.12835470834595	3.86772658153545	4.1210824944176	4.38624495769745
3.13468302336855	3.88476698056742	4.12827405531783	4.38299195738201
3.14101133839116	3.87158651604031	4.13518335358584	4.39631782137437
3.14733965341376	3.87960516022472	4.14622503800154	4.40696778530435
3.15366796843636	3.90121998154452	4.15195745656701	4.4289146473108
3.15999628345896	3.90491174290961	4.15942248048813	4.43793184926328
3.16632459848156	3.90402700769747	4.16724735298544	4.4391805680674
3.17265291350417	3.92091336279075	4.18182167527954	4.42840055297232
3.17898122852677	3.92888899814292	4.18861666518609	4.44392566268135
3.18530954354937	3.93506902028027	4.19918481127288	4.43745914292505
3.19163785857197	3.95709949429211	4.20606011704985	4.45260695816009
3.19796617359457	3.95385347868975	4.20933063357108	4.47423422387981
3.20429448861718	3.96209518732331	4.22155759031174	4.4990089345093
3.21062280363978	3.97791869313951	4.22792572460737	4.47928425386537
3.21695111866238	3.97792915853977	4.24309701802226	4.49385671712742
3.22327943368498	3.99049220613524	4.25172172593832	4.52283860212533
3.22960774870758	3.99480529513829	4.26195010281425	4.52697692677208
3.23593606373018	4.00712628916046	4.26441043488308	4.53073341080344
3.24226437875279	4.01108389013767	4.2789230357788	4.53137278539431
3.24859269377539	4.02780213956896	4.27971773718082	4.55030987480053
3.25492100879799	4.02262929056522	4.29391360212134	4.54176555928951
3.26124932382059	4.04071591898375	4.29982482316644	4.57363137156066
3.26757763884319	4.04836027373292	4.30323535103796	4.56508415746683
3.2739059538658	4.05735476078392	4.32094397932195	4.57788662812259
3.2802342688884	4.07018872494167	4.32723892891819	4.58898185453011
3.286562583911	4.07169630699047	4.33734918431271	4.59381814094118
3.2928908989336	4.07680447466323	4.34327064811923	4.61756229972606
3.2992192139562	4.09027168957184	4.35464700373139	4.6084707874153
3.3055475289788	4.10171085268585	4.36157906420511	4.61356884649791
3.31187584400141	4.10301100684168	4.37445009701322	4.64222915927725
3.31820415902401	4.12089333919089	4.37990411995061	4.65008868272602
3.32453247404661	4.12962042863302	4.38593251986477	4.64328615652487
3.33086078906921	4.13168149997412	4.39744096157376	4.65527223801204
3.33718910409182	4.13319910781543	4.3992909616604	4.66093690194496
3.34351741911442	4.1612045228014	4.41391297340674	4.6835467210425
3.34984573413702	4.16830574068548	4.42388418380794	4.68380261277535
3.35617404915962	4.15464429455304	4.42779852097156	4.69311385649298
3.36250236418222	4.17522821572133	4.43453937864393	4.70778800187251
3.36883067920482	4.18554101917747	4.44856664436359	4.71670312522051
3.37515899422743	4.19385594001949	4.45638967028228	4.72684157755369
3.38148730925003	4.19529816935455	4.46949980443473	4.73166518524658
3.38781562427263	4.22486349243175	4.47415991833445	4.73641456936655
3.39414393929523	4.22668206587968	4.48054698281509	4.73286567159511
3.40047225431783	4.23019142890721	4.49299806640238	4.76249576888063
3.40680056934044	4.22476350984839	4.49836270034062	4.76088749071495
3.41312888436304	4.26321579557948	4.50621037754756	4.77568121567507
3.41945719938564	4.24953900999698	4.51192351777311	4.78766089596992
3.42578551440824	4.25235634415096	4.52586322936734	4.78814452401742
3.43211382943084	4.26490845583105	4.53383738059814	4.78826397012359
3.43844214445344	4.28893694514028	4.54482321373811	4.79508354421175
3.44477045947605	4.30033436638433	4.55088711557533	4.816126948116
3.45109877449865	4.29218677664154	4.5623128636222	4.82955047340249
3.45742708952125	4.30034240970522	4.56779770145553	4.83188545936303
3.46375540454385	4.32083805787947	4.57116435985591	4.84563977999801
3.47008371956645	4.31585342005362	4.58760660909225	4.86496600160211
3.47641203458906	4.31798656881922	4.59204996171231	4.84889118824549
3.48274034961166	4.3308376545859	4.59775539995735	4.86331538421468
3.48906866463426	4.34765484255995	4.61306022441442	4.86458619455228
3.49539697965686	4.35970137941403	4.61930581498259	4.89290066270708
3.50172529467946	4.3706798806726	4.63678417812256	4.88690909312324
3.50805360970207	4.36635997813973	4.6402904586907	4.89827619161974
3.51438192472467	4.38447323109856	4.64553302999381	4.91827804644202
3.52071023974727	4.39628488800889	4.6600142614298	4.91946077309736
3.52703855476987	4.4262449954141	4.66506985721764	4.93515380569094
3.53336686979247	4.41200268165231	4.67172373098299	4.94046801920274
3.53969518481507	4.42876713874053	4.68381628135332	4.95913183610802
3.54602349983768	4.4327830432462	4.68867557057274	4.95914953334101
3.55235181486028	4.41503398390758	4.70127136820357	4.95954634458102
3.55868012988288	4.44680428104761	4.71730355296512	4.96915444160336
3.56500844490548	4.45596296782042	4.72191008926394	4.97530522624644
3.57133675992808	4.48000387080111	4.72665854265051	4.9908078497671
3.57766507495069	4.46450845684304	4.73586230426825	4.99058891313226
3.58399338997329	4.47862718670228	4.74837958887013	5.01156596707092
3.59032170499589	4.47590990010044	4.75551283885061	5.01737092938894
3.59665002001849	4.50139809016818	4.76463906711801	5.02228984819253
3.60297833504109	4.50740545683455	4.76752212729423	5.04260868862103
3.6093066500637	4.51611163245081	4.7761028709094	5.02598228453071
3.6156349650863	4.50623617764225	4.78408747111228	5.05837753875204
3.6219632801089	4.51332191419017	4.79209409218354	5.06779344453397
3.6282915951315	4.53676377238728	4.80489552219567	5.07963595499743
3.6346199101541	4.53753724862843	4.80255675022711	5.08738900768665
3.6409482251767	4.54975814664308	4.82186082795725	5.09030694463985
3.64727654019931	4.56459396989604	4.82818114844946	5.08726556128055
3.65360485522191	4.57608153032396	4.84450697180162	5.10196912920899
3.65993317024451	4.59489652599759	4.84645959533738	5.09462318272122
3.66626148526711	4.59061856230494	4.85649716382093	5.12677910185379
3.67258980028971	4.59900014527491	4.86617013401065	5.12804526430305
3.67891811531232	4.61099453327975	4.87550119373346	5.14781220323938
3.68524643033492	4.61151817276847	4.87784044933163	5.14390861442203
3.69157474535752	4.61445669987299	4.8912978786017	5.1595648079857
3.69790306038012	4.64040194220846	4.90216103749556	5.16433653320653
3.70423137540272	4.65084207716239	4.90838308193301	5.18557072475582
3.71055969042533	4.6492220240937	4.91891201834396	5.18446139829363
3.71688800544793	4.65882764825899	4.92706301285647	5.19316860807
3.72321632047053	4.67572038760434	4.92851792529035	5.19146032405975
3.72954463549313	4.67174513381281	4.94435408917305	5.21447537293433
3.73587295051573	4.67287818646558	4.95370227507103	5.22781165939855
3.74220126553834	4.70008160216333	4.96247888646169	5.23025763132962
3.74852958056094	4.7007626474137	4.97011624180091	5.24475832017305
3.75485789558354	4.70998574238473	4.97877078912266	5.23944040991915
3.76118621060614	4.72232724941901	4.98036285230577	5.25829260236308
3.76751452562874	4.73412972681719	5.00106263756184	5.27125417457107
3.77384284065134	4.72705189718398	5.00390962297887	5.28020732970158
3.78017115567395	4.73843538346093	5.00573867543506	5.28677378397809
3.78649947069655	4.74944528777838	5.0231913647481	5.28255503668644
3.79282778571915	4.77297631322073	5.03297386606157	5.29017687836921
3.79915610074175	4.76997212288831	5.03473181404165	5.29703020611517
3.80548441576435	4.789649744868	5.04745421206571	5.31281550654142
3.81181273078696	4.78499219515364	5.0580780682975	5.33858029405076
3.81814104580956	4.81416389654747	5.06785253583769	5.31253036097818
3.82446936083216	4.81183113313448	5.07266850359226	5.34237359491632
3.83079767585476	4.796501211511	5.08174045743848	5.34281125235195
3.83712599087736	4.79688642446869	5.09527037295284	5.3613539218009
3.84345430589996	4.84131549053024	5.09848616060236	5.38903833925075
3.84978262092257	4.83445150065589	5.10739308867485	5.38120762182624
3.85611093594517	4.84375300697317	5.11777980662121	5.39826163181062
3.86243925096777	4.86538946489116	5.13043102877115	5.38695012524343
3.86876756599037	4.85815492379343	5.13611939461955	5.39961078178126
3.87509588101297	4.8419581109619	5.14026012488243	5.41396926017232
3.88142419603558	4.8782989491726	5.14788166812854	5.42663042400809
3.88775251105818	4.89208175513482	5.16234343796666	5.42009137995807
3.89408082608078	4.90381007704997	5.169751148643	5.44317389288337
3.90040914110338	4.90778996668758	5.17139743225145	5.44669006252889
3.90673745612598	4.91326263390279	5.18270966996469	5.45251504911414
3.91306577114859	4.93820950308287	5.19611962219833	5.4646182506818
3.91939408617119	4.93337841427198	5.20151054903241	5.47282031343604
3.92572240119379	4.95309825603452	5.21653383357457	5.48395390209291
3.93205071621639	4.95942286298556	5.21986481518337	5.49108363966692
3.93837903123899	4.95558884339429	5.23329198550176	5.50987511782394
3.9447073462616	4.97254981497494	5.23676325489875	5.48837272754028
3.9510356612842	4.97946725748969	5.24662208897293	5.51975749513744
3.9573639763068	4.9891080648774	5.2589078992899	5.52754368161129
3.9636922913294	4.98448753193578	5.26371333795888	5.54339417946313
3.970020606352	5.00300464982729	5.27104691393178	5.53385567704141
3.9763489213746	4.99386690248283	5.28150399659052	5.55255937854805
3.98267723639721	5.02400910418437	5.29258147846475	5.55832781386421
3.98900555141981	5.02177007705256	5.2910845768362	5.56712783054683
3.99533386644241	5.02188715969928	5.30690063904765	5.58584200214478
4.00166218146501	5.03143684641174	5.31272292927046	5.58262878844197
4.00799049648761	5.05401495479688	5.32561334509962	5.61058129040106
4.01431881151022	5.05773346735719	5.33258036616968	5.61179603139616
4.02064712653282	5.06272175442297	5.34937616163589	5.61574438259651
4.02697544155542	5.0850245962917	5.34646856449283	5.62327754546221
4.03330375657802	5.07807299855172	5.36147735589641	5.64719015601045
4.03963207160062	5.10052849950951	5.3641126848191	5.62959949176096
4.04596038662322	5.11097584265596	5.37600313939701	5.6473174185015
4.05228870164583	5.10770442724103	5.389667955775	5.66929777140164
4.05861701666843	5.12922231215984	5.39349510183719	5.65328761781841
4.06494533169103	5.13106451158127	5.39631060794849	5.6709619765218
4.07127364671363	5.14451594963697	5.40801572912914	5.68569729129919
4.07760196173624	5.14851308090326	5.42166064528741	5.69090983328961
4.08393027675884	5.15271718036233	5.42322708308275	5.70039044690393
4.09025859178144	5.15963469554747	5.43884952326259	5.71198506644968
4.09658690680404	5.17106425319487	5.44686784335207	5.72663643707177
4.10291522182664	5.20222194259278	5.45774155810837	5.72367971245934
4.10924353684924	5.20069823215341	5.45825027776418	5.73996482689692
4.11557185187185	5.20549568762575	5.47066292679892	5.72927354120593
4.12190016689445	5.1987855644649	5.47359326035883	5.75747716423158
4.12822848191705	5.21982614164216	5.49503465289518	5.744727291674
4.13455679693965	5.2344281224912	5.49110317097621	5.77759298235809
4.14088511196225	5.22385930750112	5.50768780926367	5.77219968510952
4.14721342698486	5.22954126830155	5.51596707932531	5.78972168873001
4.15354174200746	5.25707754167505	5.52467683730329	5.81077434122212
4.15987005703006	5.24877332162932	5.52791520414646	5.78860683781834
4.16619837205266	5.26885755849874	5.54582730085171	5.80698211593402
4.17252668707526	5.28644888449381	5.54683977878351	5.82039444406085
4.17885500209787	5.28020634735271	5.56237861955739	5.82863671839678
4.18518331712047	5.29929352790791	5.56657611914212	5.8460982022946
4.19151163214307	5.30235801366864	5.57771975734728	5.84968272798435
4.19783994716567	5.2982879491858	5.58996897884228	5.87480037918073
4.20416826218827	5.32254911655408	5.59243998114705	5.87126600696522
4.21049657721087	5.32435234518312	5.60445970940346	5.86817597555612
4.21682489223348	5.34261553348227	5.61219040506929	5.90660225334424
4.22315320725608	5.33656521372806	5.62569997125109	5.92020713290428
4.22948152227868	5.3604225447905	5.62795667628416	5.88610620550067
4.23580983730128	5.35527983983794	5.63261415055173	5.91595550282534
4.24213815232388	5.3629556652463	5.64748484711959	5.92189922345603
4.24846646734649	5.36983518414959	5.65641304227416	5.942339705158
4.25479478236909	5.3859535615807	5.66412738208323	5.93720131040613
4.26112309739169	5.39457340898329	5.67477228537059	5.94931892894095
4.26745141241429	5.40205239900519	5.6799689811204	5.96687804575597
4.27377972743689	5.39244508037101	5.68694564037986	5.97664944344225
4.2801080424595	5.42346913705971	5.70075753430347	5.98500717713656
4.2864363574821	5.41762578435213	5.70974996126655	5.97784334137512
4.2927646725047	5.4472701068331	5.71751782877239	5.98276219131878
4.2990929875273	5.44499048592519	5.72777846059454	6.0020109692296
4.3054213025499	5.45506942418464	5.73533044356844	6.0064035219352
4.3117496175725	5.46354240669204	5.74308115335837	6.03016330255615
4.31807793259511	5.46967303707031	5.74953316912652	6.02573838784033
4.32440624761771	5.48921835036975	5.75958730244761	6.02166751369472
4.33073456264031	5.49024288855978	5.76564600568669	6.04649364768174
4.33706287766291	5.52069260734129	5.78060550913627	6.05312953234626
4.34339119268551	5.51265790166646	5.78463758480392	6.05633718142185
4.34971950770812	5.52500595464965	5.79155590155581	6.07019332753959
4.35604782273072	5.52207595961264	5.80406531206322	6.06967931974007
4.36237613775332	5.52779075362363	5.81218630793419	6.08506176730522
4.36870445277592	5.55086885322346	5.82131113594794	6.08522358191396
4.37503276779852	5.5534538588367	5.82274858723283	6.10771448050652
4.38136108282112	5.54153309587479	5.84251427306159	6.11648377761469
4.38768939784373	5.5703971451908	5.84508192311971	6.12680496889312
4.39401771286633	5.58168735663644	5.86065205134004	6.13147627931226
4.40034602788893	5.5754082186615	5.86275262763349	6.13800224920674
4.40667434291153	5.59789997673575	5.87599357847731	6.15593275138392
4.41300265793413	5.60788054425554	5.88715179658414	6.16287936241429
4.41933097295674	5.61617560816481	5.8903717529858	6.17710126941364
4.42565928797934	5.62589034840426	5.90109548768755	6.18906828910423
4.43198760300194	5.62402696784473	5.91114365901492	6.19814763479335
