"mitochan"	"lwrNorm"	"medNorm"	"uprNorm"
-1.90327037354145	-3.67833000076512	-2.55444093898574	-1.43211614475248
-1.89761729101225	-3.67028912753428	-2.55794588448409	-1.44316531525427
-1.89196420848305	-3.6364519617576	-2.54568512465326	-1.45749196033667
-1.88631112595385	-3.65083490116535	-2.54130403974407	-1.42157745490775
-1.88065804342465	-3.64061850165582	-2.52153862854524	-1.45090813622166
-1.87500496089545	-3.65580297959356	-2.52473033279863	-1.49290358091351
-1.86935187836625	-3.64208775625271	-2.50954223441367	-1.40800356039715
-1.86369879583705	-3.63097777699219	-2.50321277327635	-1.4291127134078
-1.85804571330785	-3.61039250421417	-2.50495799011154	-1.42209165983233
-1.85239263077865	-3.58870796848757	-2.48692105637377	-1.4103771546406
-1.84673954824945	-3.58509154982631	-2.49346268208346	-1.41228718201453
-1.84108646572025	-3.59289549379822	-2.48796502519198	-1.43246350980391
-1.83543338319106	-3.60807123780922	-2.46389048654961	-1.41704308473192
-1.82978030066186	-3.55916353970399	-2.47027103697348	-1.37878182495305
-1.82412721813266	-3.55643509581063	-2.45265251017618	-1.38324787182997
-1.81847413560346	-3.48852446643872	-2.45564801351762	-1.37987813874866
-1.81282105307426	-3.53128493797198	-2.43743563683299	-1.39308317386356
-1.80716797054506	-3.52757745423406	-2.43260007033076	-1.38254171863748
-1.80151488801586	-3.49842377336172	-2.43618315557678	-1.35901449861223
-1.79586180548666	-3.52571936688689	-2.42875983597974	-1.36400425478153
-1.79020872295746	-3.45474961056124	-2.39975472622182	-1.34710889463915
-1.78455564042826	-3.45882941785749	-2.40163168416738	-1.36943483202902
-1.77890255789906	-3.45775048349618	-2.39027072144379	-1.35733265700124
-1.77324947536986	-3.45602050041276	-2.38809698057435	-1.32072054213611
-1.76759639284066	-3.43034838836878	-2.37554118440406	-1.32324477379654
-1.76194331031146	-3.43145643902497	-2.37528780308438	-1.32029520947469
-1.75629022778226	-3.42315910265204	-2.37259015362526	-1.33328865148431
-1.75063714525306	-3.43239856919131	-2.36817480844208	-1.30129127440135
-1.74498406272386	-3.42749902157204	-2.34477387487226	-1.33679039325275
-1.73933098019466	-3.40757752227803	-2.34836874258103	-1.31514161350738
-1.73367789766547	-3.39437104250385	-2.33204986860739	-1.31598650734899
-1.72802481513627	-3.37918967547982	-2.33128010060435	-1.30111799046808
-1.72237173260707	-3.3681882806778	-2.31064923951719	-1.29865695295702
-1.71671865007787	-3.36844357469243	-2.32376194643113	-1.30111333489075
-1.71106556754867	-3.35894531586777	-2.30592878472902	-1.30284608511749
-1.70541248501947	-3.36980152900323	-2.29961834613616	-1.27910728592296
-1.69975940249027	-3.34906747243179	-2.29316934233615	-1.25254778115851
-1.69410631996107	-3.33300839076422	-2.27802509070535	-1.28375618585935
-1.68845323743187	-3.3579431757304	-2.28414031952994	-1.30182342476761
-1.68280015490267	-3.28004853811004	-2.28272452236684	-1.23221156099753
-1.67714707237347	-3.32421675031347	-2.2516226481132	-1.26331883331922
-1.67149398984427	-3.2877054245107	-2.25857241277756	-1.22859617199126
-1.66584090731507	-3.2804571137498	-2.24915197084731	-1.24903808374168
-1.66018782478587	-3.26764343412145	-2.24320037828801	-1.25490353832666
-1.65453474225667	-3.23211540737585	-2.2440718478875	-1.23227338671796
-1.64888165972747	-3.27396066334128	-2.23271455242909	-1.24134737463316
-1.64322857719827	-3.19397490992245	-2.2343898597799	-1.23930691761337
-1.63757549466907	-3.23023210054908	-2.20271954839106	-1.21988234314422
-1.63192241213987	-3.19659368398229	-2.21169480706	-1.21926259273683
-1.62626932961068	-3.21400223917396	-2.1983908623748	-1.22751105609975
-1.62061624708148	-3.20611909501943	-2.20182590703224	-1.19552803104664
-1.61496316455228	-3.16640156534774	-2.18946982941457	-1.17887057682549
-1.60931008202308	-3.17395148161238	-2.17328000322773	-1.20523816613753
-1.60365699949388	-3.1503532583795	-2.16901678405139	-1.19566204141777
-1.59800391696468	-3.20569814553336	-2.15915625949141	-1.16880122710056
-1.59235083443548	-3.11698472653409	-2.15185120964531	-1.18193679530124
-1.58669775190628	-3.15311536010156	-2.15095026869442	-1.18384343308472
-1.58104466937708	-3.1218701249347	-2.13736314720019	-1.15459708897329
-1.57539158684788	-3.12430150092894	-2.13826046340676	-1.16372580705018
-1.56973850431868	-3.12095293976602	-2.12970779319595	-1.1366628338124
-1.56408542178948	-3.10099706456579	-2.12395163452985	-1.18086900758333
-1.55843233926028	-3.09087862632125	-2.11223975541185	-1.17690427116798
-1.55277925673108	-3.08048289758994	-2.0956388207131	-1.1483804326688
-1.54712617420188	-3.0589712128317	-2.08913448343749	-1.13355958810377
-1.54147309167268	-3.0986044210198	-2.08629926268331	-1.13956841125729
-1.53582000914348	-3.04516376936852	-2.08145066339862	-1.16053578657629
-1.53016692661428	-3.05703753111792	-2.06251573844883	-1.12663077141626
-1.52451384408509	-3.02318025922721	-2.06410974572155	-1.10265966029559
-1.51886076155589	-3.01736695408197	-2.05574600650166	-1.12829809108042
-1.51320767902669	-3.02079059770643	-2.05955294656697	-1.10464945731626
-1.50755459649749	-3.02503571100295	-2.04826380771527	-1.10837348847761
-1.50190151396829	-3.00031372071672	-2.03915888319885	-1.08998352024228
-1.49624843143909	-3.02481783749121	-2.03570117490465	-1.05490890207756
-1.49059534890989	-2.98112116075254	-2.03412686153023	-1.09233671470149
-1.48494226638069	-2.93772007634608	-2.0213770160056	-1.0752013103749
-1.47928918385149	-2.97652691996828	-2.00490845784284	-1.0858346841081
-1.47363610132229	-2.95549789107213	-1.99891532957197	-1.04716933617214
-1.46798301879309	-2.96081265771533	-1.98759051620495	-1.03884603000837
-1.46232993626389	-2.94706063865446	-1.99021480651282	-1.05445383619442
-1.45667685373469	-2.9254258733428	-1.98014330530078	-1.05584073297821
-1.45102377120549	-2.95881244574156	-1.96513712135867	-1.06036772108294
-1.44537068867629	-2.8969582184792	-1.96354586941627	-1.03161509835422
-1.43971760614709	-2.8936946433057	-1.96181255001702	-1.01364791795924
-1.43406452361789	-2.89811130618648	-1.94785211326854	-1.00583649447202
-1.42841144108869	-2.8872500364155	-1.94069011885224	-1.01888465657519
-1.4227583585595	-2.84360008380667	-1.94353527813607	-1.05173663244633
-1.4171052760303	-2.85596971336979	-1.91146448004291	-1.01712858697161
-1.4114521935011	-2.86572007151516	-1.92486039105832	-1.00559676950289
-1.4057991109719	-2.86559881864521	-1.91745576806379	-1.0199141715025
-1.4001460284427	-2.85162302106055	-1.9017357104279	-0.981302552708558
-1.3944929459135	-2.81416719343771	-1.90077366750827	-1.0223996248015
-1.3888398633843	-2.80933549407487	-1.90050548959642	-0.98372477677776
-1.3831867808551	-2.83095182522445	-1.88317695442425	-0.992092991044572
-1.3775336983259	-2.79981963640805	-1.88650973984233	-0.958395530494949
-1.3718806157967	-2.76859243911677	-1.87811426178185	-1.00277186927409
-1.3662275332675	-2.742881511384	-1.85921016517355	-0.980639505538357
-1.3605744507383	-2.76175001128566	-1.84481221073875	-0.954436222425571
-1.3549213682091	-2.72762075641066	-1.83873669242978	-0.936058770932748
-1.3492682856799	-2.70493451121956	-1.84664025172819	-0.962183555416532
-1.3436152031507	-2.72302765120754	-1.83817553102006	-0.925443668174629
-1.3379621206215	-2.76037030086627	-1.82891490272986	-0.960151065743514
-1.3323090380923	-2.70726764688695	-1.81344861426785	-0.944400974179406
-1.3266559555631	-2.69440963158275	-1.83055347431387	-0.951550671572693
-1.3210028730339	-2.70238409344939	-1.80105519547917	-0.940594547455086
-1.31534979050471	-2.68758451342136	-1.79744105335938	-0.933964895352196
-1.30969670797551	-2.64895944956309	-1.7836543166129	-0.907454013852312
-1.30404362544631	-2.68460887186902	-1.78996690375593	-0.894524263798608
-1.29839054291711	-2.66128820515959	-1.78325366430712	-0.915423943545047
-1.29273746038791	-2.63340266905325	-1.77257262679471	-0.899776766407849
-1.28708437785871	-2.63083975709567	-1.7531226338947	-0.879505684568948
-1.28143129532951	-2.59576712211682	-1.75223778535841	-0.85916098964718
-1.27577821280031	-2.6257272567712	-1.74114231960677	-0.884649704441226
-1.27012513027111	-2.59993587037122	-1.73999358050358	-0.850309225498334
-1.26447204774191	-2.58401805322355	-1.73364948633473	-0.881060575572248
-1.25881896521271	-2.6027427860091	-1.7271680174548	-0.856277478257259
-1.25316588268351	-2.59514680514256	-1.72279419774229	-0.880069471019055
-1.24751280015431	-2.57896096217522	-1.69428372193521	-0.873606486674532
-1.24185971762511	-2.53048066806128	-1.6980185090693	-0.855808868050143
-1.23620663509591	-2.54720819795045	-1.69560522338713	-0.831879417852474
-1.23055355256671	-2.54560904832987	-1.68050095018547	-0.833025465893815
-1.22490047003751	-2.55164367961809	-1.6681541174559	-0.804173366687925
-1.21924738750831	-2.53164099772853	-1.66941914025929	-0.785375083122323
-1.21359430497911	-2.50977696110159	-1.67355114817429	-0.777239384318393
-1.20794122244992	-2.49586523655475	-1.65925317662981	-0.825058588280432
-1.20228813992072	-2.52378207773621	-1.65842281669935	-0.806506235515427
-1.19663505739152	-2.48913007448164	-1.63565550136991	-0.818926737618858
-1.19098197486232	-2.46374475378735	-1.64058160821889	-0.81491328542784
-1.18532889233312	-2.4772891732729	-1.62099376080265	-0.79344463146462
-1.17967580980392	-2.46320249768389	-1.63075745627164	-0.807414219619549
-1.17402272727472	-2.47642568750848	-1.61578076993874	-0.780025212561359
-1.16836964474552	-2.45273980688975	-1.6085442186701	-0.793843793251197
-1.16271656221632	-2.43571021313958	-1.59330095598687	-0.752669282151295
-1.15706347968712	-2.44257618987606	-1.59634639267699	-0.794758371816783
-1.15141039715792	-2.45328745876674	-1.58846173884563	-0.757934646483087
-1.14575731462872	-2.41136742294033	-1.57189340156352	-0.705455361420161
-1.14010423209952	-2.36848560655798	-1.56387910863365	-0.745612060156597
-1.13445114957032	-2.39362202159047	-1.56663286409613	-0.772021652979649
-1.12879806704112	-2.39149664566327	-1.54843279580237	-0.772234613454182
-1.12314498451192	-2.34871261227757	-1.55228506458174	-0.714228623349083
-1.11749190198272	-2.32994188448268	-1.54602146867324	-0.746086418171563
-1.11183881945352	-2.36608447657635	-1.54058729890271	-0.700502596049318
-1.10618573692433	-2.3448877826325	-1.53285808643748	-0.699486534504539
-1.10053265439513	-2.3277264729278	-1.52227164990677	-0.717274126918378
-1.09487957186593	-2.28840522721389	-1.51667409097741	-0.715065621063047
-1.08922648933673	-2.31334186200515	-1.50513624403636	-0.697864801724743
-1.08357340680753	-2.29828214054209	-1.49542822704156	-0.661299713854389
-1.07792032427833	-2.31943442182451	-1.50165234333386	-0.68406922397264
-1.07226724174913	-2.32705220395311	-1.47981359354766	-0.690348082721149
-1.06661415921993	-2.28472945825677	-1.48167585000948	-0.685718356810324
-1.06096107669073	-2.26739059182176	-1.4710291478608	-0.67041518384042
-1.05530799416153	-2.26008910737613	-1.451315301332	-0.674518542394156
-1.04965491163233	-2.2586627550428	-1.45599194116078	-0.678792573902039
-1.04400182910313	-2.22929770525531	-1.44834368172098	-0.663285343818745
-1.03834874657393	-2.22637749656567	-1.44662502686727	-0.642689442462556
-1.03269566404473	-2.20676940230872	-1.44249652784512	-0.635416364522024
-1.02704258151553	-2.1793775105777	-1.42025508422775	-0.631106712179752
-1.02138949898633	-2.21019976555552	-1.42094564842639	-0.615669702685084
-1.01573641645713	-2.19817878130236	-1.4156802255771	-0.625442308197303
-1.01008333392793	-2.18292893067077	-1.40235349973605	-0.626930406274736
-1.00443025139874	-2.18459529210346	-1.39664430900475	-0.60169401482185
-0.998777168869536	-2.16910755566571	-1.38766505163518	-0.632162128677548
-0.993124086340336	-2.19669305397306	-1.38003487110511	-0.598625943458442
-0.987471003811137	-2.14618263796183	-1.36627602364049	-0.615970050549778
-0.981817921281937	-2.18392327408829	-1.36462777043438	-0.608774360221099
-0.976164838752738	-2.10927610065266	-1.35849795985612	-0.608213444671767
-0.970511756223538	-2.12374474885976	-1.35363275114743	-0.578409789321701
-0.964858673694339	-2.11891532754823	-1.35731830952323	-0.577452604506529
-0.959205591165139	-2.1079219515474	-1.34257156800346	-0.562693546654049
-0.95355250863594	-2.11422877480405	-1.32957667431537	-0.551717032449498
-0.94789942610674	-2.05136845861478	-1.32250503544034	-0.571847332148902
-0.942246343577541	-2.07377049236222	-1.31844947316499	-0.537903655476051
-0.936593261048342	-2.06393198508816	-1.30674913325418	-0.56752706361529
-0.930940178519142	-2.06154598970095	-1.29563813268653	-0.519257317433273
-0.925287095989943	-2.06585634723945	-1.29011569383774	-0.510403989323925
-0.919634013460743	-2.05733059396303	-1.29060734146102	-0.556964918063997
-0.913980930931544	-2.05407962143904	-1.28524409554552	-0.536457882628906
-0.908327848402344	-2.02616168988923	-1.27614126329464	-0.533032420007524
-0.902674765873145	-2.01526884690215	-1.28115693063256	-0.50593191514045
-0.897021683343945	-2.01512198771856	-1.25517031570227	-0.503351939775043
-0.891368600814746	-2.02633623768101	-1.25334335235325	-0.484850996710866
-0.885715518285547	-1.98056845603435	-1.2486827299063	-0.51415781173059
-0.880062435756347	-2.00073222891985	-1.23464445526157	-0.492647389676029
-0.874409353227148	-1.96944836249263	-1.22571987134065	-0.480664757830016
-0.868756270697948	-1.96892042419775	-1.22230252332124	-0.45936859615271
-0.863103188168749	-1.95018920230575	-1.20522047189893	-0.4948325067152
-0.857450105639549	-1.95352054686263	-1.20407195378794	-0.462903454622569
-0.85179702311035	-1.95183042808821	-1.19935557658631	-0.475244622816465
-0.84614394058115	-1.91131918872819	-1.19538631765947	-0.449894797503784
-0.840490858051951	-1.91177980988986	-1.19062260289321	-0.444879332535329
-0.834837775522751	-1.90358337328291	-1.18647296357893	-0.445851692328181
-0.829184692993552	-1.90385779062852	-1.17404497491501	-0.444783998340073
-0.823531610464352	-1.89727915467781	-1.15999773436236	-0.435021510111368
-0.817878527935153	-1.89260015147367	-1.15986062564292	-0.424691961621711
-0.812225445405953	-1.89647243821423	-1.14534603691666	-0.436183767556232
-0.806572362876754	-1.87076805220445	-1.14689992172892	-0.416785484499667
-0.800919280347555	-1.86837896355175	-1.13237068604546	-0.40561867726467
-0.795266197818355	-1.85089329325914	-1.13022627775267	-0.437389499756223
-0.789613115289156	-1.84637658476864	-1.11656082207275	-0.42542184635764
-0.783960032759956	-1.86239649216119	-1.10571005735021	-0.420072816900066
-0.778306950230757	-1.80847743876052	-1.10396831698953	-0.380285329189411
-0.772653867701557	-1.81722047311813	-1.09473506817765	-0.386117486476939
-0.767000785172358	-1.79897804820511	-1.09093406391809	-0.378983864228305
-0.761347702643158	-1.79511991838673	-1.09606162272702	-0.387620193995772
-0.755694620113959	-1.78154139173193	-1.07350493245729	-0.360570006361057
-0.75004153758476	-1.81308258410458	-1.0742431354599	-0.358079658623842
-0.74438845505556	-1.76184194716596	-1.05229664755822	-0.377174543532476
-0.738735372526361	-1.75497769950343	-1.05247566835799	-0.314347742490202
-0.733082289997161	-1.80082912804191	-1.0438386288586	-0.33617807197654
-0.727429207467962	-1.75423839723899	-1.02434238345999	-0.335658335298118
-0.721776124938762	-1.76446647090475	-1.03599373408386	-0.309505111314228
-0.716123042409563	-1.73656042275108	-1.02066367488453	-0.347895986383713
-0.710469959880363	-1.75004562222515	-1.01294091135913	-0.308022874740638
-0.704816877351164	-1.7268194999878	-1.01190014563672	-0.307278513793998
-0.699163794821964	-1.70110366826175	-1.00422658366234	-0.291903426061712
-0.693510712292765	-1.70798443671331	-0.999033625132133	-0.30771574480437
-0.687857629763565	-1.67466369059246	-0.995895347131769	-0.292204138097475
-0.682204547234366	-1.67625018567082	-0.986100516617365	-0.297963905094976
-0.676551464705166	-1.66755584497942	-0.974529108411782	-0.234759607922262
-0.670898382175967	-1.67853733863716	-0.96588330130212	-0.255940675283239
-0.665245299646768	-1.65788097626688	-0.955837871455149	-0.275935364571173
-0.659592217117568	-1.65409791859504	-0.959299436607139	-0.250373849214338
-0.653939134588369	-1.63471223986678	-0.94568883812875	-0.291195656408707
-0.648286052059169	-1.63723513775051	-0.934617711821948	-0.24664278154898
-0.64263296952997	-1.62821367873763	-0.928542500450462	-0.221765119585081
-0.63697988700077	-1.61594778338038	-0.928942057988708	-0.250050542520011
-0.631326804471571	-1.63467659207838	-0.913927240062875	-0.241023036739763
-0.625673721942371	-1.6203389266695	-0.906516928745387	-0.237650454477861
-0.620020639413172	-1.57730226177683	-0.915851602610784	-0.224584379333104
-0.614367556883973	-1.59144613490785	-0.888460550531476	-0.237788081449085
-0.608714474354773	-1.56715857028559	-0.887500222403305	-0.208828747296116
-0.603061391825574	-1.54886969784048	-0.875460094952758	-0.199189708799211
-0.597408309296374	-1.53797042945569	-0.877642447326827	-0.179834323744715
-0.591755226767175	-1.55631865885514	-0.863491318208251	-0.18628530239201
-0.586102144237975	-1.54282946728916	-0.868200006254684	-0.167468816867177
-0.580449061708776	-1.54481939637299	-0.852049118452673	-0.180980734260648
-0.574795979179576	-1.53512210901173	-0.856519362933491	-0.154695271815661
-0.569142896650377	-1.50245082338208	-0.837205251209314	-0.184578973815221
-0.563489814121177	-1.51855668157872	-0.827201887236872	-0.167719979395338
-0.557836731591978	-1.47801516490792	-0.817838246530723	-0.157616174215118
-0.552183649062779	-1.48215014548355	-0.816357266457643	-0.14180674734412
-0.546530566533579	-1.4786377797542	-0.808248837065848	-0.142979650952146
-0.54087748400438	-1.50569678700429	-0.795950279355031	-0.126800673141774
-0.53522440147518	-1.46838369456312	-0.78864457378191	-0.138322213298268
-0.52957131894598	-1.44398917743481	-0.784430886057255	-0.121910635389837
-0.523918236416781	-1.44453762678965	-0.782322529594734	-0.119134895794793
-0.518265153887582	-1.44962999233724	-0.771792094811758	-0.116739913596397
-0.512612071358382	-1.42870801100394	-0.770251556787191	-0.0978542143073478
-0.506958988829183	-1.39723355307996	-0.756481967587924	-0.0972717332301722
-0.501305906299983	-1.42637178799115	-0.748691580987753	-0.0452924814388899
-0.495652823770784	-1.3786414073098	-0.746443154229549	-0.0694078307761552
-0.489999741241584	-1.39931585001773	-0.7323335233158	-0.0929329347357319
-0.484346658712385	-1.35596569605078	-0.729782192016567	-0.0647843451130062
-0.478693576183185	-1.39831730995646	-0.717114971952813	-0.046589697775907
-0.473040493653986	-1.36614086770765	-0.713529626019499	-0.0565963929104554
-0.467387411124787	-1.37616994483981	-0.707008223156742	-0.0771018504248925
-0.461734328595587	-1.37988895473479	-0.698360899668046	-0.064766756434581
-0.456081246066388	-1.34627439966968	-0.690416790416984	-0.0233759820951352
-0.450428163537188	-1.31563094889906	-0.686671718209669	-0.0302803243157926
-0.444775081007989	-1.32713044687327	-0.671646434473518	-0.0341201122273579
-0.439121998478789	-1.2934710448531	-0.6575712319254	0.00628033058266937
-0.43346891594959	-1.33774497771097	-0.658657988357982	-0.019599058054388
-0.42781583342039	-1.27512228545594	-0.660560025071202	-0.000819622522038475
-0.422162750891191	-1.28475832964048	-0.641803468272409	0.00642774398217931
-0.416509668361992	-1.25877372098485	-0.640451821283004	0.0102480756862142
-0.410856585832792	-1.29883248481586	-0.632447313388287	-0.0136943423868853
-0.405203503303593	-1.27998541800978	-0.631287676420876	0.036280331231696
-0.399550420774393	-1.30036370958452	-0.61910371821691	0.0635493044191679
-0.393897338245194	-1.24861379275666	-0.610634217781461	0.0238678546486374
-0.388244255715994	-1.24321776078809	-0.600274685765948	0.0409288227691013
-0.382591173186795	-1.25101222498633	-0.592746537507504	0.058947797003795
-0.376938090657595	-1.24439757199417	-0.583825133259031	0.0542620222456556
-0.371285008128396	-1.24312710326003	-0.582698602922561	0.0407604191492959
-0.365631925599196	-1.21547373122151	-0.570208407064438	0.06204218055604
-0.359978843069997	-1.20023600129065	-0.567041733810704	0.0513972639614328
-0.354325760540797	-1.20225855193972	-0.559793495192722	0.0661010727409663
-0.348672678011598	-1.19577370492952	-0.558038077947835	0.0858689037007906
-0.343019595482398	-1.20069302405213	-0.540248418675023	0.0862419660526803
-0.337366512953199	-1.18350350466198	-0.538611717088959	0.116967338927395
-0.331713430424	-1.15810138568758	-0.529712143980063	0.0981609539122052
-0.3260603478948	-1.17815446723321	-0.523033300718424	0.106327826616872
-0.320407265365601	-1.13542021479626	-0.518172248265125	0.118319307524245
-0.314754182836401	-1.14970070188256	-0.503301959454135	0.128581117452293
-0.309101100307202	-1.14709440414511	-0.494951293451615	0.120163155781923
-0.303448017778002	-1.11890651762984	-0.49018820403789	0.135654824743429
-0.297794935248803	-1.12768606918546	-0.483823160482596	0.134592405981377
-0.292141852719603	-1.10157520604469	-0.480377788570319	0.135918367256036
-0.286488770190404	-1.09832393088218	-0.468687221598861	0.142781617117821
-0.280835687661204	-1.10532675722623	-0.456702925303917	0.148842407346221
-0.275182605132005	-1.10101970437958	-0.45252694654174	0.153938535403566
-0.269529522602806	-1.11270096547199	-0.455370779822233	0.17140211916332
-0.263876440073606	-1.07385806843818	-0.441126824145391	0.168913100467605
-0.258223357544407	-1.0413266384154	-0.438837742118931	0.215303531054045
-0.252570275015207	-1.0630169290848	-0.420966341538544	0.187622126718243
-0.246917192486008	-1.05017966824666	-0.419083326085936	0.204364670722507
-0.241264109956808	-1.02374058529343	-0.413104167959493	0.209623808670682
-0.235611027427609	-1.01639935643666	-0.404335726392369	0.230429172781962
-0.229957944898409	-1.01037554567099	-0.388387171794758	0.232326916840083
-0.22430486236921	-1.05439326670157	-0.387112412445361	0.241432976371191
-0.21865177984001	-1.01079942264247	-0.376405379404536	0.25087900653973
-0.212998697310811	-0.995858391726837	-0.373585219837654	0.260209016981447
-0.207345614781612	-0.982962356368374	-0.374074673728075	0.267113784818782
-0.201692532252412	-0.978507039729362	-0.357529060030445	0.257161667267752
-0.196039449723213	-0.957531769296503	-0.35374943198589	0.234081736352243
-0.190386367194013	-0.954164386454452	-0.354496029732852	0.28157307080419
-0.184733284664814	-0.95464767691302	-0.344198642293529	0.281255613650519
-0.179080202135614	-0.945952750085131	-0.321955101187387	0.276254325942733
-0.173427119606415	-0.951002083526268	-0.320101250970547	0.284532062852383
-0.167774037077215	-0.934237000291331	-0.316071562742037	0.327979685899892
-0.162120954548016	-0.938476079302537	-0.300054802789287	0.306245905338983
-0.156467872018816	-0.928789122963621	-0.306483762363111	0.303211116238266
-0.150814789489617	-0.924030322678522	-0.296404750231949	0.319236797634239
-0.145161706960417	-0.89796333285834	-0.285160045110099	0.326779700273197
-0.139508624431218	-0.920172868682755	-0.277030027795939	0.309088620199942
-0.133855541902019	-0.88261688263183	-0.273262762136837	0.345209644448581
-0.128202459372819	-0.878417364816346	-0.263449389887149	0.383802319833452
-0.12254937684362	-0.89077199065247	-0.259614614337889	0.368401467639107
-0.11689629431442	-0.895996780020758	-0.252755786171817	0.362882262887743
-0.111243211785221	-0.867690410958369	-0.242559953450042	0.370895445298312
-0.105590129256021	-0.828534105873028	-0.224004273112656	0.390434229811643
-0.0999370467268219	-0.841754114739352	-0.229569886868764	0.368886150062297
-0.0942839641976223	-0.866416091646741	-0.219845726375888	0.379062038770639
-0.0886308816684229	-0.856318434945134	-0.207218958816082	0.389244031283081
-0.0829777991392235	-0.817695619442606	-0.201365481977974	0.396142700592406
-0.0773247166100239	-0.826576685286608	-0.19667712076342	0.398946489519573
-0.0716716340808246	-0.821148129030503	-0.192480483042122	0.426822314297402
-0.0660185515516252	-0.801386070870274	-0.175740801516139	0.413114080760705
-0.0603654690224256	-0.822560795185842	-0.170159909329662	0.414543492209033
-0.0547123864932262	-0.783425142402227	-0.169497861780588	0.454482104802862
-0.0490593039640268	-0.76630347224476	-0.150804523198639	0.465410688841917
-0.0434062214348272	-0.7651304986699	-0.154397699274601	0.445294879422058
-0.0377531389056278	-0.734767471939284	-0.146462282622568	0.484061516312216
-0.0321000563764284	-0.760918892012801	-0.136783171719142	0.46089954311147
-0.0264469738472288	-0.742530607993627	-0.134748534201212	0.498790454079798
-0.0207938913180294	-0.749036450077167	-0.12020178960995	0.496480401366675
-0.0151408087888298	-0.762024151339604	-0.118083807416115	0.502690611554996
-0.00948772625963046	-0.691085679879567	-0.115834823968417	0.491238207347494
-0.00383464373043108	-0.723494325563603	-0.0986743506455228	0.517314267775895
0.00181843879876853	-0.721771301541509	-0.0954571197733069	0.490181560738174
0.00747152132796791	-0.705440685500474	-0.0917607258415366	0.530268756439059
0.0131246038571673	-0.707206059893337	-0.0799098982333847	0.53332010946084
0.0187776863863669	-0.699225006662837	-0.0641668966516602	0.542665471266023
0.0244307689155663	-0.674411007837586	-0.0675470012370088	0.556839428583577
0.0300838514447657	-0.684818128288555	-0.0572139173824869	0.536891831158989
0.0357369339739653	-0.681574662886549	-0.0481167396130479	0.528342413838832
0.0413900165031647	-0.662474247957687	-0.0427677477730653	0.5722350567399
0.047043099032364	-0.641946684158322	-0.0314502442227541	0.576626443265297
0.0526961815615636	-0.629354073736528	-0.0274582160017767	0.600886717591263
0.058349264090763	-0.63761243970274	-0.0174010203524435	0.587580167426805
0.0640023466199624	-0.650493395409576	-0.0115092077465733	0.612644157050709
0.069655429149162	-0.638045345544748	-0.0156475131488743	0.625049501896741
0.0753085116783614	-0.610718545009027	-0.00292395747298085	0.616762438523862
0.0809615942075608	-0.623053221056224	0.0146051597093967	0.621766504565168
0.0866146767367604	-0.609589077294586	0.0206142702078782	0.636416930959219
0.0922677592659598	-0.60952256012318	0.0308065378210962	0.642499911042173
0.0979208417951591	-0.592919202172226	0.0317192146462593	0.649633664857741
0.103573924324359	-0.582318088490291	0.0365148174869225	0.648112916063543
0.109227006853558	-0.553357891456653	0.0465076071761928	0.677310385646344
0.114880089382758	-0.560754394660418	0.0489545002330363	0.660026227360402
0.120533171911957	-0.58543653244547	0.0608591839853043	0.673052645536212
0.126186254441157	-0.545680252104109	0.066629789619949	0.674719461971172
0.131839336970356	-0.5722147242687	0.0841206893886176	0.684868983266437
0.137492419499555	-0.567330929246074	0.0834072961152809	0.672985715012757
0.143145502028755	-0.526215143599927	0.0973055539135523	0.707248504087724
0.148798584557954	-0.530414614690505	0.0972852092179418	0.745652316867311
0.154451667087154	-0.558551803171578	0.112526665228377	0.729760026444114
0.160104749616353	-0.512878705210162	0.114542961618928	0.730297652458608
0.165757832145553	-0.480564882445464	0.117927485508631	0.715851482434458
0.171410914674752	-0.496278501918281	0.122462930029282	0.74704008380544
0.177063997203952	-0.485698927706126	0.138338285427065	0.742503239318755
0.182717079733151	-0.4762160645766	0.142660420230227	0.774096236586191
0.188370162262351	-0.45901103813292	0.148715227479805	0.795463739200951
0.19402324479155	-0.470044000205013	0.154500751641336	0.784463767706586
0.199676327320749	-0.448356465130506	0.160968363922691	0.773103774978465
0.205329409849949	-0.436363490073864	0.179822142428101	0.785970524069283
0.210982492379149	-0.471969487350891	0.184529061542682	0.807276423489114
0.216635574908348	-0.436004842652352	0.182123364767181	0.794961209565573
0.222288657437547	-0.408747278351932	0.185667849376075	0.817658537212149
0.227941739966747	-0.410037613486409	0.207271120961916	0.82971555126162
0.233594822495946	-0.428396368189289	0.207455248997741	0.81678270315127
0.239247905025146	-0.433743948934948	0.211456178001036	0.827348484666074
0.244900987554345	-0.425101645982312	0.212644977436408	0.855884743129958
0.250554070083544	-0.409721198997139	0.237145826212125	0.856001754678482
0.256207152612744	-0.391541484564866	0.247533945593095	0.86926470170276
0.261860235141944	-0.380786039432602	0.25359117928637	0.877221147869787
0.267513317671143	-0.38898135001969	0.250854358327405	0.856322175682668
0.273166400200342	-0.368582005486709	0.258628167777657	0.887286626967878
0.278819482729542	-0.399010915478379	0.263238274417215	0.89957024804096
0.284472565258741	-0.324318915828703	0.272950377505438	0.889808237802342
0.290125647787941	-0.354958335181282	0.286663651114508	0.920103969097074
0.29577873031714	-0.35563405625078	0.299819710690178	0.920295118602513
0.30143181284634	-0.329622643114869	0.289722461737236	0.915363265117489
0.307084895375539	-0.352275674300988	0.306400440250408	0.956037543060029
0.312737977904739	-0.343708559199694	0.314239519956787	0.947933083798959
0.318391060433938	-0.320600549411582	0.314899140347863	0.958970518008891
0.324044142963138	-0.31823838403167	0.331323699376354	0.964129186128144
0.329697225492337	-0.286483066736983	0.334833703771213	0.965153797441041
0.335350308021536	-0.290057356778242	0.337975233378203	0.982400814483535
0.341003390550736	-0.29889568634726	0.344028226888044	0.997408915244654
0.346656473079936	-0.300952357810896	0.360969728760421	0.984614823110637
0.352309555609135	-0.265692237834678	0.367461625654779	0.99297557654816
0.357962638138334	-0.271285973589484	0.363080392976378	1.02240577928077
0.363615720667534	-0.242090592446206	0.37652088049065	1.04505076476644
0.369268803196733	-0.253798280266013	0.37896457702603	1.02663914246499
0.374921885725933	-0.256379777023069	0.39149295225001	1.04031478669218
0.380574968255132	-0.249545830438436	0.38458055623147	1.0628947721679
0.386228050784331	-0.230170122172712	0.405793275217309	1.05453985009768
0.391881133313531	-0.224723561837903	0.411122834133448	1.04204551621892
0.397534215842731	-0.211425841023494	0.420371401299674	1.05666828182853
0.40318729837193	-0.209335091808921	0.423948535651118	1.07635576592908
0.408840380901129	-0.18100949566636	0.441878270284241	1.05394334724043
0.414493463430329	-0.197347193442691	0.442937501077795	1.09307661028172
0.420146545959528	-0.218490479758899	0.461291082163606	1.12725790536046
0.425799628488728	-0.182763002934543	0.459400218128133	1.10739842944716
0.431452711017927	-0.207525472039291	0.472394370174815	1.13310219533652
0.437105793547127	-0.197531394019807	0.461120529899106	1.1245730261089
0.442758876076326	-0.179001538337257	0.488076498718977	1.13323905117514
0.448411958605526	-0.17395142034155	0.480319797897052	1.13257426186336
0.454065041134725	-0.162978637212018	0.495369230891278	1.1443736462779
0.459718123663925	-0.146688413527898	0.513643983149716	1.19347438644348
0.465371206193124	-0.145716316247447	0.511538551575319	1.17824000350359
0.471024288722323	-0.142701498043329	0.517502159613893	1.19060940550003
0.476677371251523	-0.136456957041404	0.518387977137917	1.16080870317208
0.482330453780722	-0.136984225956934	0.534500637636874	1.19453304793137
0.487983536309922	-0.123873151659559	0.536682275003743	1.18680100118467
0.493636618839121	-0.122924391632886	0.542246777007611	1.21130234969434
0.499289701368321	-0.11395694611357	0.546238418105625	1.22648219234812
0.50494278389752	-0.129814097815593	0.565397623050316	1.20170180778346
0.51059586642672	-0.0988409763817751	0.560525810071251	1.24532958403718
0.516248948955919	-0.11791251426522	0.576533050992139	1.24816785878482
0.521902031485118	-0.0718394029466663	0.589742486721895	1.244442455605
0.527555114014318	-0.0951631886311669	0.592500499848882	1.25073811116162
0.533208196543518	-0.0629825163297268	0.605498018669707	1.30299287477882
0.538861279072717	-0.0744761287290131	0.604696516115168	1.25902026227403
0.544514361601916	-0.0396442851951929	0.609573421480263	1.28189319608379
0.550167444131116	-0.0412516293439552	0.617612175220251	1.30705875197306
0.555820526660315	-0.0513940815023712	0.621082572443017	1.30535008289169
0.561473609189515	-0.0181167535035082	0.624930186609812	1.29891878155162
0.567126691718714	-0.0347697589504364	0.645325921385685	1.33200008321221
0.572779774247913	-0.040212888183725	0.642772596190519	1.3319075787809
0.578432856777113	-0.0316700049706977	0.648217336573078	1.345502670772
0.584085939306313	0.00495502396762913	0.663858554082933	1.35707321100731
0.589739021835512	-0.00172344267642764	0.672061586259161	1.35062153444008
0.595392104364711	-0.0127227839238197	0.684249119910463	1.35629902322108
0.601045186893911	0.00672467596810219	0.688253792403178	1.37671740171563
0.60669826942311	-0.00689158793476131	0.695749402895801	1.38584259284429
0.61235135195231	0.00930992895854401	0.687617709555983	1.37019935504403
0.618004434481509	0.0330437918653045	0.698003193916713	1.39345766075435
0.623657517010709	0.0415054481594944	0.705209595221828	1.41118858453125
0.629310599539908	0.0172020845857655	0.732236926844563	1.45039345120237
0.634963682069108	0.0326704494159826	0.722462568855724	1.4530780955892
0.640616764598307	0.0563462434690106	0.729245525027485	1.41995121286471
0.646269847127507	0.0399774167143928	0.745454427870971	1.44669812112304
0.651922929656706	0.0614802677837787	0.75133608399313	1.43933409415528
0.657576012185905	0.0591290164651139	0.7520588158095	1.47847902220001
0.663229094715105	0.0534411931467068	0.7575404961355	1.48192624117495
0.668882177244305	0.0665536956404637	0.766411409528678	1.47896303643896
0.674535259773504	0.053952801436773	0.780594297865364	1.45363972430974
0.680188342302703	0.103142355044567	0.789765435375999	1.51241953492248
0.685841424831903	0.101477034455721	0.78684915552015	1.50969954965246
0.691494507361102	0.129035152538996	0.79857118332819	1.50235087089627
0.697147589890302	0.102550251970185	0.79317863664386	1.54565620527908
0.702800672419501	0.110619108759228	0.82278035803407	1.52661586336322
0.708453754948701	0.0956187346144871	0.819842908380752	1.51575416913098
0.7141068374779	0.130615987660146	0.825560224646097	1.54451541989126
0.7197599200071	0.128468634337806	0.828998659439268	1.55590162530196
0.725413002536299	0.141255117789491	0.846601888069482	1.55832060129088
0.731066085065498	0.137188665084237	0.850577705905933	1.58057680927088
0.736719167594698	0.131221418927193	0.848673823545066	1.58316509907118
0.742372250123898	0.149457347206217	0.869686541811555	1.58555403298484
0.748025332653097	0.162418623397627	0.856103534574677	1.59174648366669
0.753678415182296	0.162696893058817	0.876005777404371	1.60170458735013
0.759331497711496	0.166000320241604	0.885071293752786	1.62636775160606
0.764984580240695	0.181118495218538	0.882482923174558	1.64640202488228
0.770637662769895	0.198574922670497	0.892189556543044	1.62325434306444
0.776290745299094	0.171319027794513	0.901699581609909	1.63259561477448
0.781943827828294	0.194102905625592	0.912339685769732	1.64940406837465
0.787596910357493	0.207667738278995	0.911287519068966	1.68770103670156
0.793249992886693	0.224327203408341	0.93262727545132	1.66830403786787
0.798903075415892	0.244775166837035	0.941467075114888	1.68986632845464
0.804556157945091	0.197865765619747	0.937043414218427	1.65823664218396
0.810209240474291	0.22032101964518	0.952047572203494	1.68325820214811
0.81586232300349	0.249084406173116	0.960182985024983	1.6954419028673
0.82151540553269	0.223446688525352	0.960712553362877	1.74235364087987
0.82716848806189	0.246768635702641	0.983837343534642	1.71981591416276
0.832821570591089	0.23731309095612	0.974180050046098	1.74141791283362
0.838474653120288	0.27707240621365	0.985422425627656	1.758092653028
0.844127735649488	0.264100908101468	0.98826230345189	1.77046273256296
0.849780818178687	0.258983011710498	0.991422229900021	1.75497259547938
0.855433900707887	0.276855371051526	1.01578296233149	1.77886201944141
0.861086983237086	0.267949855203773	1.01709431126392	1.77916937214535
0.866740065766285	0.293301371462116	1.02915112138168	1.79565429108921
0.872393148295485	0.294570209480235	1.02847890830193	1.81029852756596
0.878046230824685	0.277296611209814	1.03185508936385	1.76698171743669
0.883699313353884	0.276636289449687	1.04324555483988	1.8245199847782
0.889352395883083	0.287869087536322	1.05961121681637	1.8148800685402
0.895005478412283	0.306803672046596	1.04913934731555	1.84092680984051
0.900658560941482	0.322607727048405	1.06902267686885	1.83460982951273
0.906311643470682	0.326961877396041	1.07155080164229	1.84883014361459
0.911964725999881	0.344296327187966	1.08564970672748	1.86549783303162
0.91761780852908	0.324335118157812	1.09206376643884	1.87556618445626
0.92327089105828	0.317294385369045	1.09720718587051	1.88033988904811
0.92892397358748	0.360952595585907	1.10736561144564	1.88008025801794
0.934577056116679	0.359094046466462	1.11696153217002	1.89305325021542
0.940230138645878	0.329470558283274	1.11978406660067	1.91329283693656
0.945883221175078	0.360436914303492	1.1265449010507	1.90303708067705
0.951536303704277	0.358373240979446	1.12980924619988	1.90722109841925
0.957189386233477	0.391690623912941	1.14534460237889	1.94152408806126
0.962842468762676	0.402791542753453	1.1534116540169	1.94955036520859
0.968495551291876	0.369747939746542	1.15942685189762	1.96529457077212
0.974148633821075	0.403585515903237	1.15634844778119	1.96243596538313
0.979801716350275	0.390153779293227	1.16160012251524	1.96023104199853
0.985454798879474	0.413532046780125	1.18016389337901	1.94733273877473
0.991107881408674	0.426248101615679	1.18626506077958	1.99386277105444
0.996760963937873	0.404356426489971	1.1980409809723	1.9970383882873
1.00241404646707	0.404586872406423	1.19485468667895	1.99432699376708
1.00806712899627	0.425135702236759	1.20264916057754	2.00704807601717
1.01372021152547	0.438722101701873	1.2082533267235	2.02452570329162
1.01937329405467	0.417897460419481	1.21876672130307	2.05144112363975
1.02502637658387	0.416711796964608	1.23335066039726	2.04964755582004
1.03067945911307	0.419943918933492	1.23668497657058	2.06357084889323
1.03633254164227	0.448708392752434	1.24949240055201	2.07436956404672
1.04198562417147	0.455346379401446	1.24226713614838	2.06329354119679
1.04763870670067	0.470373626467608	1.25157459085108	2.0570643311825
1.05329178922987	0.464670930207591	1.27519949973344	2.0980718866828
1.05894487175907	0.49772695305382	1.26770332945802	2.08682160184806
1.06459795428827	0.461261888018676	1.27277047424454	2.11717460105993
1.07025103681747	0.49113416846068	1.29022041718498	2.10312407440455
1.07590411934667	0.478907667225586	1.2861825061643	2.15358287640326
1.08155720187587	0.48283498231791	1.29071760579307	2.12803619067595
1.08721028440506	0.502525288111465	1.30796258003465	2.18043569974842
1.09286336693426	0.499905338519933	1.31311053618114	2.15307590857084
1.09851644946346	0.50506757599289	1.31773673818062	2.16789517704603
1.10416953199266	0.531287690765736	1.33144993756155	2.17480951086857
1.10982261452186	0.516268006516411	1.34377954694244	2.17739645741699
1.11547569705106	0.516472969271598	1.33175866389272	2.17692848769253
1.12112877958026	0.528576095393945	1.33678753707589	2.1934821238766
1.12678186210946	0.516315371995724	1.37002584214415	2.20889558619319
1.13243494463866	0.550133706038053	1.36689091314812	2.2022022525073
1.13808802716786	0.540625940731426	1.37013022712512	2.2236071196838
1.14374110969706	0.565967881113858	1.39032559450439	2.22730587615487
1.14939419222626	0.563410750299466	1.38124538539045	2.22637334210561
1.15504727475546	0.543060848196955	1.39287238063523	2.25293782095744
1.16070035728466	0.555800536045224	1.40885743971191	2.26377679058969
1.16635343981386	0.592275588891206	1.40079998542119	2.28220568557475
1.17200652234306	0.561859530816761	1.40802450430555	2.27843874623995
1.17765960487226	0.598455693136535	1.41852673458719	2.30295882345782
1.18331268740146	0.569856362053855	1.42649975801387	2.25941579527516
1.18896576993065	0.601155980723355	1.43738612160468	2.30354470152992
1.19461885245985	0.592310824120039	1.44042509100851	2.31987433935531
1.20027193498905	0.606795369635623	1.45158982678492	2.32477293631307
1.20592501751825	0.599730314767919	1.45932114302306	2.35970615630533
1.21157810004745	0.630657882224523	1.46617961153529	2.33283665421048
1.21723118257665	0.632419748164397	1.47005436819406	2.36262049308319
1.22288426510585	0.618075428509031	1.48592675758521	2.37183204843518
1.22853734763505	0.668508098853482	1.48745012539518	2.35813012688201
1.23419043016425	0.651507275495803	1.49452724910302	2.39556216973566
1.23984351269345	0.643019681051818	1.50752538692363	2.35440473746027
1.24549659522265	0.65399957661314	1.51259925014309	2.41707031850237
1.25114967775185	0.673134654480912	1.51856499212833	2.42514838235467
1.25680276028105	0.668771958731262	1.52876134967055	2.4098347681881
1.26245584281025	0.667781776447184	1.54298726811136	2.43687909145567
1.26810892533945	0.643089187428001	1.54944597330714	2.44527872626904
1.27376200786865	0.671973348021217	1.53405250056617	2.42626602395737
1.27941509039785	0.685049660007554	1.55889876318631	2.45893487645376
1.28506817292705	0.691653971894954	1.56136789730738	2.44850835215698
1.29072125545625	0.687286524435919	1.56801721133485	2.45546880486097
1.29637433798544	0.718385735589094	1.56554445578858	2.49764570781195
1.30202742051464	0.691799504215513	1.59072480392846	2.50413709718179
1.30768050304384	0.71148345539572	1.59194957340692	2.50984250195757
1.31333358557304	0.740045035271373	1.6037467607773	2.5162510348367
1.31898666810224	0.717705531437458	1.604397931085	2.5462369218487
1.32463975063144	0.752856292445466	1.59824101444727	2.51208650841503
1.33029283316064	0.729561265278478	1.61632396011463	2.53490310003045
1.33594591568984	0.733830139414984	1.62273193703677	2.54150384562445
1.34159899821904	0.727840479678395	1.63080603677215	2.55949468838507
1.34725208074824	0.753237958567027	1.6319897899362	2.59651092328893
1.35290516327744	0.760076203711758	1.65362552663051	2.565493360299
1.35855824580664	0.737101322527847	1.65410950041274	2.58868652947088
1.36421132833584	0.781352646131065	1.66333634286749	2.61463731740214
1.36986441086504	0.765223585989716	1.67466212058572	2.5926903524526
1.37551749339424	0.780025408434504	1.68247833558751	2.63266113250183
1.38117057592344	0.767152974552946	1.67704453655763	2.64409172573374
1.38682365845264	0.781000538075358	1.69281618722307	2.65338506327277
1.39247674098184	0.811544458081806	1.69176240352725	2.63091722666268
1.39812982351103	0.817054064307185	1.7058076451267	2.66260769474741
1.40378290604023	0.815141490804734	1.71505333622418	2.67359076836277
1.40943598856943	0.798067502745244	1.72780943825269	2.65292098864723
1.41508907109863	0.827509868858927	1.72107368649634	2.65179884542723
1.42074215362783	0.824308907153751	1.7364027896103	2.69120170245291
1.42639523615703	0.831766586248953	1.74173890510938	2.68712336519001
1.43204831868623	0.830488889095008	1.75171942740028	2.73456565490997
1.43770140121543	0.824262377960621	1.75606074658953	2.71735931607391
1.44335448374463	0.834403439438065	1.75677107741524	2.74614537661727
1.44900756627383	0.842831440587727	1.77064894380139	2.76245796991745
1.45466064880303	0.841078827372777	1.77218917550651	2.76644723458359
1.46031373133223	0.908114588823515	1.77885705427306	2.7479988609678
1.46596681386143	0.869628197399478	1.79199953436779	2.7523732482744
1.47161989639063	0.873533742122355	1.80507229524587	2.77490720370083
1.47727297891983	0.857125522659239	1.80827844720883	2.77267403167101
1.48292606144903	0.864532520751601	1.82903949422278	2.77264311609762
1.48857914397823	0.881040081848074	1.81099040438153	2.81858006332528
1.49423222650743	0.898324182583674	1.82753165076718	2.78424354466454
1.49988530903662	0.879529961680802	1.82913941076121	2.83416907973626
1.50553839156582	0.902682352926103	1.84065030807352	2.80710300131174
1.51119147409502	0.91278415105923	1.84802235630041	2.87242847136035
1.51684455662422	0.913152284336551	1.86021073372198	2.86332126260256
1.52249763915342	0.942930892655776	1.85859175522468	2.86258164892538
1.52815072168262	0.925707485853	1.86545984829762	2.85754096333799
1.53380380421182	0.92831240647736	1.87493333757488	2.89277927092164
1.53945688674102	0.932860925876985	1.87736065021208	2.88251376518411
1.54510996927022	0.935999959186756	1.88906082905752	2.90242707138645
1.55076305179942	0.932693620467228	1.89900681670483	2.90707285770389
1.55641613432862	0.952166424047628	1.91488847775121	2.94762536276628
1.56206921685782	0.970238809932186	1.92130857309651	2.91455779318141
1.56772229938702	0.962279023308262	1.9364244677436	2.94526758834528
1.57337538191622	0.973480483199282	1.928175638094	2.97135014447585
1.57902846444542	0.970941651465561	1.93425777742261	2.96152454497323
1.58468154697462	0.971077912141416	1.9384602293833	2.98707699271262
1.59033462950382	0.975837946553076	1.9470713210388	2.96562334146143
1.59598771203302	0.99535887158832	1.9550788915946	2.98831816982637
1.60164079456221	0.980004438836126	1.96698798683046	2.99018220048428
1.60729387709141	1.01054108716962	1.97729849561673	3.00643027176075
1.61294695962061	1.00280769399319	1.97823197465037	3.01312354855075
1.61860004214981	0.993186783851407	1.98691369993122	3.04514324173568
1.62425312467901	0.997838700154869	2.00612638496216	3.02807064052299
1.62990620720821	1.02655213139731	1.996852502295	3.04489525618167
1.63555928973741	1.03225779330776	2.00690705353531	3.06338801725721
1.64121237226661	1.03953344792074	2.01889743306422	3.08899445083948
1.64686545479581	1.02865229305864	2.02492775835769	3.07820578365076
1.65251853732501	1.05442105050685	2.01732180155415	3.07762292800175
1.65817161985421	1.0451465197492	2.03745246800275	3.09421088342026
1.66382470238341	1.04819197576055	2.03757569401046	3.11992739907538
1.66947778491261	1.06996373899378	2.05031313108187	3.09199972690322
1.67513086744181	1.0654382148681	2.06567402192163	3.14356918635824
1.68078394997101	1.05969411243132	2.07313725116538	3.14671047836907
1.68643703250021	1.05663336214116	2.06791767584758	3.14044089198918
1.69209011502941	1.07529472251487	2.09164217515756	3.1458639315782
1.69774319755861	1.10033971527892	2.08149165458035	3.12360642774889
1.7033962800878	1.07408881989161	2.10350589043256	3.19612532004838
1.709049362617	1.08768864683454	2.09681266928111	3.2331825743172
1.7147024451462	1.07938340481517	2.11874668588261	3.20099884809102
1.7203555276754	1.09558094789108	2.11943419564978	3.20258508668183
1.7260086102046	1.10980729649633	2.13093819980561	3.22356995753737
1.7316616927338	1.10664687675377	2.1233556267792	3.20416811617901
1.737314775263	1.11858043848229	2.1423469415814	3.22900468677983
1.7429678577922	1.09710603900869	2.15006426465989	3.2577086616418
1.7486209403214	1.11147924264591	2.16590045721594	3.24729323030912
1.7542740228506	1.11528631266794	2.15354006613548	3.28049409141945
1.7599271053798	1.09495567987174	2.17672683526094	3.26397296756994
1.765580187909	1.13556202093305	2.17253134283311	3.26399031254112
1.7712332704382	1.15508251710681	2.19780760362342	3.25650623421451
1.7768863529674	1.14906046131487	2.18354526424787	3.2909447496229
1.7825394354966	1.15722529654312	2.19741813044736	3.3134783545786
1.7881925180258	1.1468906130473	2.19796748090652	3.33480926360691
1.793845600555	1.15139840579177	2.22626586122313	3.33788746466873
1.7994986830842	1.17619772644561	2.23130228231161	3.32905291103527
1.8051517656134	1.14696906863313	2.22716506382807	3.33440452911946
1.8108048481426	1.18721380214142	2.2369403121839	3.4012226427692
1.81645793067179	1.20078703683937	2.24454054044504	3.36668485695008
1.82211101320099	1.19971356703929	2.23864868592887	3.3812050241011
1.82776409573019	1.20188613199131	2.25846917924415	3.36418468596836
1.83341717825939	1.19619209647056	2.2610594711111	3.39723889802017
1.83907026078859	1.21873511070215	2.27880524284912	3.4195846266941
1.84472334331779	1.20149536976036	2.27569270022337	3.42032200230789
1.85037642584699	1.20913849395282	2.29166283695881	3.43665381182747
1.85602950837619	1.24151464601642	2.27819240903609	3.43614804270852
1.86168259090539	1.22373172581835	2.30078307235443	3.42673646890928
1.86733567343459	1.23352004667107	2.30442591126445	3.42715421728206
1.87298875596379	1.25148700247191	2.33002368236452	3.46979949693719
1.87864183849299	1.23859343721228	2.32602637052374	3.47632504741729
1.88429492102219	1.25596460496277	2.33490667251471	3.4771767699847
1.88994800355139	1.22719648987772	2.33486128559592	3.47657895151588
1.89560108608059	1.24718636535045	2.35523214400383	3.47928593288237
1.90125416860979	1.24116631896036	2.34388828004488	3.52632577502476
1.90690725113899	1.28742846737704	2.36119622449994	3.5040560864234
1.91256033366819	1.24797945159242	2.37108672477461	3.56161872108417
1.91821341619738	1.29545981450853	2.36360650523144	3.52768512401724
1.92386649872658	1.28553189776276	2.38673238685783	3.56427459181129
1.92951958125578	1.26673744229775	2.3823239677942	3.57021516878745
1.93517266378498	1.2989306941853	2.40338842596779	3.58440807248548
1.94082574631418	1.29694419418319	2.39564290959187	3.56837442263451
1.94647882884338	1.27776373087981	2.40724748164001	3.5918463587937
1.95213191137258	1.32560843093998	2.43471868509486	3.63676048932186
1.95778499390178	1.3099843902207	2.43926105401029	3.63360408380564
1.96343807643098	1.31851259522223	2.43997918704806	3.62214035787147
1.96909115896018	1.31721346637037	2.443334310768	3.5833008201741
1.97474424148938	1.28429220316058	2.44734658552864	3.61681285345719
1.98039732401858	1.33491372285548	2.44809377411536	3.65123347539219
1.98605040654778	1.35238828901394	2.46322384851963	3.63883159438495
1.99170348907698	1.31338941675484	2.46856374153809	3.66214037991568
1.99735657160618	1.33481027351766	2.47533456521972	3.67628183347506
2.00300965413538	1.33691829446112	2.48308511248943	3.66993502813165
2.00866273666458	1.34343540361039	2.48777247221707	3.70906835334651
2.01431581919378	1.32426037068036	2.50266800363919	3.70123248483993
2.01996890172297	1.34702617614156	2.50166953068149	3.7196125910963
2.02562198425217	1.34472812310704	2.51987975883673	3.70968952747533
2.03127506678137	1.38512826130331	2.52227083780546	3.73711420814259
2.03692814931057	1.38964941965716	2.52569182884685	3.76107123356242
2.04258123183977	1.37595981407936	2.52968478957441	3.75372757793653
2.04823431436897	1.42234054447637	2.54421847315318	3.74906103557953
2.05388739689817	1.3758491486281	2.53372977222491	3.77066377305953
2.05954047942737	1.40897361545336	2.55816644152292	3.7912772931626
2.06519356195657	1.40917284872588	2.56648027762243	3.79187407651558
2.07084664448577	1.40087347595329	2.56804072546646	3.75818776297478
2.07649972701497	1.4237301255554	2.56297753724215	3.77837590663467
2.08215280954417	1.39463660508326	2.57344834602697	3.83620313035851
2.08780589207337	1.42753055666814	2.59640337555839	3.83036843995492
2.09345897460257	1.43657895035042	2.59586602912397	3.81457575685284
2.09911205713177	1.4451789840869	2.60314307330454	3.86352488002676
2.10476513966097	1.43944678357972	2.6160142036156	3.85407519765835
2.11041822219017	1.41830676621963	2.60345060624587	3.85624508149275
2.11607130471937	1.45981814672687	2.63655125063694	3.92000401198226
2.12172438724856	1.43397901069585	2.63739053248011	3.88703644071105
2.12737746977776	1.47730112877428	2.64648694045958	3.92530788621119
2.13303055230696	1.45571247673204	2.65360088806939	3.88011860501019
2.13868363483616	1.46987074977077	2.65300108536861	3.93797790618154
2.14433671736536	1.5010249241154	2.66889892898569	3.89970773047914
2.14998979989456	1.47531907985258	2.66748805267615	3.93103199534819
2.15564288242376	1.4488379041571	2.67372758449196	3.92820252694445
2.16129596495296	1.4580088665392	2.66222433362806	3.9429503224938
2.16694904748216	1.492226250074	2.67840105877822	3.96456297877153
2.17260213001136	1.54876303576219	2.69762823448313	3.98294624761668
2.17825521254056	1.47668692479423	2.70526003894614	3.98935551263787
2.18390829506976	1.53519878810391	2.71799357292051	3.98927733876666
2.18956137759896	1.51460571923314	2.72211252864779	4.04164288975718
2.19521446012816	1.4963554698758	2.73258326266908	3.99912929863921
2.20086754265736	1.52810788864698	2.73639909572815	4.00916680466939
2.20652062518656	1.53408597935095	2.74248267627446	4.03204305863241
2.21217370771576	1.54631525885522	2.75102122646807	4.0508499655187
2.21782679024496	1.5239705568698	2.76581523323857	4.05044588781311
2.22347987277416	1.51314170769385	2.76057990065041	4.06712743953944
2.22913295530335	1.54056643154878	2.76431922297215	4.10536558351683
2.23478603783255	1.55580706104007	2.79148638228491	4.05079171240128
2.24043912036175	1.54853029351065	2.79036864096638	4.09134288266445
2.24609220289095	1.56194299474441	2.81279382110925	4.12030667958027
2.25174528542015	1.60249284790015	2.79947539259349	4.1191350483792
2.25739836794935	1.61244617325867	2.80768988687557	4.12158275330376
2.26305145047855	1.59547750280428	2.80754536014838	4.17139555529226
2.26870453300775	1.56920919695398	2.82347835286085	4.12766122430798
2.27435761553695	1.60260002580696	2.83692440853753	4.15768253919237
2.28001069806615	1.57012209776307	2.83380259062531	4.13364788667321
2.28566378059535	1.58911465053477	2.84403977747979	4.18071651431812
2.29131686312455	1.58810462255844	2.87041007493897	4.20858949420123
2.29696994565375	1.61494934319539	2.85530984575561	4.1773495745305
2.30262302818295	1.5884075476906	2.86777805404777	4.18136090043286
2.30827611071215	1.6315936836012	2.86952104465031	4.18992410038273
2.31392919324135	1.59475889821723	2.8862266794355	4.21033823057518
2.31958227577055	1.64813220021972	2.89555178295999	4.25443524794967
2.32523535829975	1.65587324191768	2.90034821000648	4.27697497309425
2.33088844082895	1.62538741521541	2.91624112499667	4.23546161593251
2.33654152335814	1.66037904354203	2.91622157202597	4.25604244199159
2.34219460588734	1.65433650550735	2.92015057043364	4.2417757397521
2.34784768841654	1.64091702706886	2.9381202960671	4.28807767956279
2.35350077094574	1.64167865953769	2.94442572632218	4.2932715530397
2.35915385347494	1.68156605239348	2.94425115909272	4.27914717895642
2.36480693600414	1.66844970241429	2.94823974752956	4.30532519982614
2.37046001853334	1.68399518736158	2.96088136875745	4.28609634014838
2.37611310106254	1.66831128606519	2.95713530225059	4.35488019686453
2.38176618359174	1.67398793719207	2.97225803886587	4.37853611794643
2.38741926612094	1.6830106961726	2.99293694590522	4.37180606941776
2.39307234865014	1.66750542543493	2.98952581180521	4.34765508084674
2.39872543117934	1.68715016655422	2.99388432670984	4.39235020198786
2.40437851370854	1.69119406327203	2.99332026649544	4.3684899448851
2.41003159623774	1.67320160452808	3.00912066864426	4.38807379848468
2.41568467876694	1.70844432521692	3.01384341296651	4.38267553538528
2.42133776129614	1.75327584962489	3.02810685309752	4.421590403734
2.42699084382534	1.7157398776465	3.01291233497252	4.45364264624857
2.43264392635454	1.72302541720553	3.03545047842807	4.45183793648452
2.43829700888373	1.71483652178015	3.04409002274638	4.42016086825842
2.44395009141293	1.73778866678612	3.03832566601556	4.47047353010561
2.44960317394213	1.76080950276361	3.06256963825213	4.43734723985495
2.45525625647133	1.72241347219454	3.06693998788824	4.48573459920129
2.46090933900053	1.73717187800834	3.06296832871706	4.49493951251295
2.46656242152973	1.73591789235282	3.07035087917201	4.48784344175923
2.47221550405893	1.72594004043932	3.09360761306445	4.48746310085333
2.47786858658813	1.75895251424784	3.09175596885896	4.50168956014771
2.48352166911733	1.74467134792772	3.10389136937682	4.51220992472164
2.48917475164653	1.74098437850318	3.11143378239354	4.54627666194468
2.49482783417573	1.7652157022292	3.12274837441909	4.53791134801136
2.50048091670493	1.78515782957449	3.12102289611851	4.538159421873
2.50613399923413	1.81464190694227	3.13125322696386	4.53114227960185
2.51178708176333	1.79267806966363	3.145850637073	4.57411348334309
2.51744016429253	1.80534099973359	3.14647448439718	4.58393576717215
2.52309324682173	1.7454544736287	3.1712711179663	4.56645913244123
2.52874632935093	1.82875511002946	3.15364460443575	4.61139210009299
2.53439941188013	1.82095960741415	3.16685426414986	4.59294922466685
2.54005249440932	1.80668826853865	3.17158980590437	4.58175208006617
2.54570557693852	1.8321230820166	3.19543285926728	4.62868773251907
2.55135865946772	1.84968948128359	3.1881849115144	4.65711448771527
2.55701174199692	1.838229696336	3.18711092390445	4.66753219867258
2.56266482452612	1.82811626635276	3.20465547489379	4.66333150273844
2.56831790705532	1.84576146542887	3.22139590500386	4.67344509243933
2.57397098958452	1.84754932528169	3.21777368794302	4.69502647568046
2.57962407211372	1.83011024875431	3.23032337667425	4.70436935321078
2.58527715464292	1.82895880608321	3.23749979514048	4.715406181819
2.59093023717212	1.86611942551577	3.23227192794014	4.69970208619433
2.59658331970132	1.84179727583261	3.23358779332141	4.70589063967832
2.60223640223052	1.895105824536	3.27224470884711	4.72820663312908
2.60788948475972	1.85761303984142	3.26857418027434	4.73063175117305
2.61354256728892	1.91597941735351	3.26888978211263	4.74991710920599
2.61919564981812	1.8862070051638	3.27457030925491	4.76100688810281
2.62484873234732	1.90782184410374	3.28319995999353	4.7707387854568
2.63050181487652	1.90075833384047	3.28578996029919	4.78997038837769
2.63615489740572	1.89189302326741	3.29645366769275	4.787632620087
2.64180797993492	1.90781836927969	3.29586188016624	4.76017608119702
2.64746106246412	1.89965933958299	3.3224667732657	4.8493575127233
2.65311414499331	1.88846701304003	3.31519344296993	4.80117706295489
2.65876722752251	1.91515787414919	3.32788546930803	4.8348680631259
2.66442031005171	1.93966648047142	3.33062260190072	4.81403558230929
2.67007339258091	1.91528955386665	3.3474047549835	4.87160296531299
2.67572647511011	1.90397335359682	3.34456186583807	4.84355979996117
2.68137955763931	1.92308601542524	3.37166180974688	4.84518798510158
2.68703264016851	1.94053030216819	3.37585281362466	4.85565028918049
2.69268572269771	1.9674548348068	3.37623818773112	4.88084725156962
2.69833880522691	1.95301064748121	3.37078007474019	4.89004445313368
2.70399188775611	1.93963331159509	3.38921993985777	4.89299899510674
2.70964497028531	1.97704786219789	3.39961557951226	4.90892344657589
2.71529805281451	1.95937375750952	3.40083578775509	4.95540246056572
2.72095113534371	1.96441516285461	3.39480498614445	4.92064246189146
2.72660421787291	1.9923783223367	3.41152548272354	4.92784736668963
2.73225730040211	1.94239435931619	3.41925092035416	4.95089854956442
2.73791038293131	1.9741414882372	3.42244638213304	4.95084575716576
2.74356346546051	2.00362108791936	3.43730374586132	4.97349789335708
2.74921654798971	1.99691506392771	3.45612633536265	4.98513797238401
2.7548696305189	1.97294142802583	3.4504319640912	5.01967647106005
2.7605227130481	1.96865046223655	3.46415738081866	5.00809727538975
2.7661757955773	2.02278132296001	3.47076348735134	5.02006040869324
2.7718288781065	2.01378840524186	3.4974525610417	4.95504414911699
2.7774819606357	2.00309148756635	3.4807375325177	5.00240371428801
2.7831350431649	2.01126170638496	3.48030176557238	5.07710404717807
2.7887881256941	2.01952056989552	3.48501008399717	5.04790044141836
2.7944412082233	2.02359537648258	3.50561207020078	5.04740418593519
2.8000942907525	2.02885243835937	3.52280751306359	5.08254479701719
2.8057473732817	2.05600252620589	3.51834303109117	5.07058766188016
2.8114004558109	2.05283527507546	3.52154031518115	5.08274020543102
2.8170535383401	2.05864911459192	3.51214463474725	5.07978173032229
2.8227066208693	2.06152716518327	3.5388114548661	5.10280841481255
2.8283597033985	2.08588111509927	3.54691743786588	5.10180021587854
2.8340127859277	2.04697821272783	3.54034255950722	5.1286068317575
2.8396658684569	2.07333931211366	3.5664705456497	5.13084423053758
2.8453189509861	2.09387240533446	3.55932520983756	5.12878575486279
2.8509720335153	2.09776172182928	3.57834351569622	5.13487508950772
2.85662511604449	2.07718606775274	3.58497975195443	5.17866184864212
2.86227819857369	2.10498770224556	3.58998842480519	5.16683358328035
2.86793128110289	2.12878253617883	3.59832958896736	5.17012547490855
2.87358436363209	2.13448130574122	3.62049154183084	5.22074122196456
2.87923744616129	2.13106095268452	3.6075340586443	5.20473260752828
2.88489052869049	2.11029049857798	3.62544339081518	5.19740542037207
2.89054361121969	2.10437270870656	3.63278707055076	5.20827548799734
2.89619669374889	2.14863550710097	3.63866033734096	5.26132901645288
2.90184977627809	2.12190622742885	3.63957670619765	5.24048405675324
2.90750285880729	2.14130632537593	3.65305739685737	5.25945902938213
2.91315594133649	2.1427260654502	3.65529224132123	5.27102574295878
2.91880902386569	2.13846695765968	3.66102969780012	5.27716786443494
2.92446210639489	2.16467006449825	3.67878152080556	5.29281247941268
2.93011518892409	2.16180270389138	3.68594436134462	5.29195324694922
2.93576827145329	2.1937393983309	3.68857368360083	5.28458800873297
2.94142135398249	2.15317491939305	3.68914567882167	5.33692197618226
2.94707443651169	2.18516498548463	3.69113749237573	5.35789244505287
2.95272751904089	2.17223564575961	3.70738108197137	5.37064578435116
2.95838060157008	2.18309623006303	3.70755761721258	5.36655621129686
2.96403368409928	2.15943478195374	3.72142667669489	5.34855746252154
2.96968676662848	2.17929951404778	3.72632156234444	5.37462335798182
2.97533984915768	2.19071402449996	3.73603323763963	5.39053816190691
2.98099293168688	2.18393667378857	3.75303960553766	5.39192403095006
2.98664601421608	2.17572604828482	3.73878560459645	5.39398240134991
2.99229909674528	2.22573507056863	3.75633903899611	5.39157500419283
2.99795217927448	2.15931366466775	3.77291052596902	5.43070887405875
3.00360526180368	2.21065340221179	3.7663818326084	5.41328651814178
3.00925834433288	2.21009863685581	3.77542840996342	5.41488246229263
3.01491142686208	2.1936634689709	3.79498192759508	5.46283429762286
3.02056450939128	2.24482778714444	3.80198629471138	5.45804035642155
3.02621759192048	2.22520484292556	3.81583885250355	5.46819168705062
3.03187067444968	2.24074743621334	3.7932699300277	5.45177332484577
3.03752375697888	2.24615925938916	3.8130922036706	5.48678571238932
3.04317683950808	2.26474262735702	3.81986844754724	5.51076446307236
3.04882992203728	2.31889605974651	3.82645418595891	5.50128977271273
3.05448300456648	2.26751487199673	3.84114826404637	5.53075345305666
3.06013608709568	2.24750606711787	3.83434078932894	5.54370194415952
3.06578916962487	2.27960956873607	3.866267026747	5.53243440715812
3.07144225215407	2.27867504986181	3.86377892626837	5.57331962193646
3.07709533468327	2.27674431029171	3.87683561230886	5.53541187510123
3.08274841721247	2.28166457939819	3.88351472227404	5.52164693751863
3.08840149974167	2.30391346156781	3.88720333210807	5.61924766487064
3.09405458227087	2.27602815330401	3.90263690417931	5.62511029844899
3.09970766480007	2.32299714804298	3.89701248735962	5.58162759967903
3.10536074732927	2.33366501872198	3.89087725500101	5.61564179644739
3.11101382985847	2.25563455763	3.90804677551889	5.63823438520852
3.11666691238767	2.30343372157393	3.91124565305202	5.60246859987707
3.12231999491687	2.35432180966761	3.92996961868935	5.64043503339141
3.12797307744607	2.32846801676276	3.93453961479814	5.6421733817413
3.13362615997527	2.29904321290213	3.95068467085018	5.67988973628797
3.13927924250447	2.34399927991661	3.95041364264426	5.65274742197781
3.14493232503367	2.33266934923314	3.96570292146513	5.66124802911059
3.15058540756287	2.34602939990596	3.9548126887088	5.72033815501062
3.15623849009207	2.30349952702073	3.98091266670404	5.66614779985635
3.16189157262127	2.32910196514543	3.98778945561414	5.67908981155636
3.16754465515046	2.35493109650386	3.98057164918405	5.76847597581159
3.17319773767966	2.33447614503081	3.9960389793735	5.71148684846008
3.17885082020886	2.37264285987957	4.0096925886975	5.75276749736455
3.18450390273806	2.34378039018151	4.00466681078414	5.7670287830161
3.19015698526726	2.35044174330197	3.99994401891961	5.75623605595268
3.19581006779646	2.35060436901888	4.04145183051594	5.77804401099399
3.20146315032566	2.35306810459494	4.01829070970899	5.77297576422043
3.20711623285486	2.39177001528395	4.04026167462027	5.80131506343698
3.21276931538406	2.36966342360185	4.04685326197459	5.84476514592566
3.21842239791326	2.39625562084964	4.05562773034493	5.81907673754393
3.22407548044246	2.40242709226141	4.04999769511755	5.82337349820271
3.22972856297166	2.377143341802	4.04542867215756	5.7899261197098
3.23538164550086	2.43690816043233	4.07343373216874	5.87223238510982
3.24103472803006	2.40314498384746	4.0706328365225	5.84320797612757
3.24668781055926	2.41370373180054	4.08963323110562	5.88154193868673
3.25234089308846	2.41099747241616	4.09602060186713	5.88340816721487
3.25799397561766	2.44205238267234	4.09466086540284	5.87260042866235
3.26364705814686	2.43738947307678	4.0996025846247	5.90022185037353
3.26930014067605	2.44397711404835	4.12468010776688	5.8879689725108
3.27495322320525	2.44894927539934	4.12851920966652	5.92176801492507
3.28060630573445	2.45823211428636	4.13821294478964	5.89013475834847
3.28625938826365	2.45683921401529	4.13744070201755	5.90707765474854
3.29191247079285	2.47761257275398	4.13035364171565	5.91509356010251
3.29756555332205	2.48015944849534	4.16436969723916	5.93123645950942
3.30321863585125	2.45775515478155	4.15730009118069	5.98974049871323
3.30887171838045	2.43890595192157	4.1708326055358	5.97509023805068
3.31452480090965	2.49416100871792	4.16972511428257	6.00017064595951
3.32017788343885	2.43174283524175	4.19267408907579	5.96691502714767
3.32583096596805	2.47947428797764	4.17833233227803	6.01628186628562
3.33148404849725	2.47924027005047	4.18119927049735	6.0289319698245
3.33713713102645	2.50417476644959	4.19609816503179	6.01444040608292
3.34279021355565	2.54156586821662	4.19801318924361	6.02311476041287
3.34844329608485	2.48715998502963	4.21604942234595	6.01599114326768
3.35409637861405	2.54244447096397	4.22596330025522	6.02268860637789
3.35974946114325	2.5306736992992	4.23838570235041	6.02204507910505
3.36540254367245	2.49143914512158	4.22873710656	6.06718738580561
3.37105562620165	2.54567117536027	4.23629173681016	6.08097518183192
3.37670870873084	2.48658962082749	4.25122366651729	6.09891281195906
3.38236179126004	2.52215093669632	4.25326135235919	6.12135511857066
3.38801487378924	2.56277425496595	4.27009001701261	6.10231661370767
3.39366795631844	2.58937197442422	4.27771293383862	6.1485184896627
3.39932103884764	2.53455947587129	4.26735608427408	6.15331909705901
3.40497412137684	2.49007704431305	4.29894895619072	6.14724642777071
3.41062720390604	2.58294272708937	4.29229089971152	6.16099790293583
3.41628028643524	2.53881967445159	4.3151360519177	6.1194841997603
3.42193336896444	2.53550010919693	4.31244979750717	6.15436257086129
3.42758645149364	2.56938530648643	4.32539294881779	6.2193791450478
3.43323953402284	2.59309115903208	4.33467669337429	6.20722235942507
3.43889261655204	2.59555748176306	4.33838732671954	6.18020501007108
3.44454569908124	2.55491581140577	4.34537270705715	6.20622522734041
3.45019878161044	2.58458052430022	4.3260304538277	6.22435899996291
3.45585186413964	2.56550022700533	4.35351559414311	6.26581466557623
3.46150494666884	2.55392987605278	4.36885580134958	6.18597101955701
3.46715802919804	2.59877331837418	4.35224115783817	6.20232618343381
3.47281111172724	2.65955616327241	4.36508293887301	6.27491927552394
3.47846419425644	2.63973687296906	4.38504012182787	6.2896315159777
3.48411727678563	2.62607106692958	4.38896731998878	6.35056948964325
3.48977035931483	2.62135971135096	4.41273794134219	6.28962605447755
3.49542344184403	2.62563885174148	4.41537830962943	6.25464725017274
3.50107652437323	2.58292708635077	4.4154689194622	6.2889393516379
3.50672960690243	2.6430217074127	4.4278605445848	6.3321851350272
3.51238268943163	2.66571301858695	4.42177044934636	6.34099418910531
3.51803577196083	2.64257835258725	4.42298153928135	6.33950397927491
3.52368885449003	2.64744090350225	4.44815992762024	6.36011827379261
3.52934193701923	2.61394865524746	4.44729982868623	6.34344388203999
3.53499501954843	2.64877833356164	4.46244286451155	6.36228042310622
3.54064810207763	2.64293947309468	4.46752489200864	6.35919124640158
3.54630118460683	2.66705284770353	4.46963103995501	6.38705941095489
3.55195426713603	2.68656383100339	4.48884135100726	6.40531786355267
3.55760734966523	2.63453583748232	4.47473698396655	6.44494926160394
3.56326043219443	2.69221904142237	4.48032191884568	6.40863126854583
3.56891351472363	2.65976705915238	4.49579781916432	6.44142089307082
3.57456659725283	2.6575872713182	4.50585250105416	6.43042219967033
3.58021967978203	2.71144880672218	4.49421218341859	6.46292400599556
3.58587276231122	2.7224827417436	4.53089130843728	6.4806496699123
3.59152584484042	2.70102888787626	4.52552308162962	6.46366913749064
3.59717892736962	2.68864617358274	4.54552115021163	6.51179313885128
3.60283200989882	2.7425754316585	4.56099191458397	6.52361405890799
3.60848509242802	2.71234935171989	4.56455524375101	6.51568698330444
3.61413817495722	2.68488772365272	4.54900584890493	6.54350559567175
3.61979125748642	2.69928287527285	4.57446436919261	6.47330687731751
3.62544434001562	2.72715390836322	4.57631185116586	6.55012441461384
3.63109742254482	2.69650210087277	4.59049798893013	6.53251336218017
3.63675050507402	2.73471457857839	4.59931473919599	6.58424678003427
3.64240358760322	2.76947200836993	4.59488646740097	6.57433562762628
3.64805667013242	2.73552013050045	4.61100643222271	6.58374971708268
3.65370975266162	2.7136511635777	4.60806122554867	6.55946457462427
3.65936283519082	2.74731417373552	4.60579249802447	6.59364107394842
3.66501591772002	2.75259798266983	4.6416113079447	6.60862343975406
3.67066900024922	2.80105244216573	4.62566812651411	6.6115836358696
3.67632208277842	2.7735761890085	4.64058798015666	6.6278640454719
3.68197516530762	2.78682047218916	4.63571160274528	6.64669893134324
3.68762824783681	2.78878462302091	4.64184673304785	6.66096625564769
3.69328133036601	2.81385224122352	4.65317823676129	6.66297740725973
3.69893441289521	2.79191347654786	4.66914325142821	6.62809080557119
3.70458749542441	2.77179688313654	4.66717437865684	6.71117418876402
3.71024057795361	2.79940850240358	4.6804214842263	6.67543257553996
3.71589366048281	2.83548957151013	4.68848441320112	6.71118674646496
3.72154674301201	2.83581896693822	4.70013102277572	6.72390834280485
3.72719982554121	2.81285317757344	4.70944003630902	6.73436747265842
3.73285290807041	2.82546169775668	4.71321049863403	6.72508067144254
3.73850599059961	2.81436033623254	4.70986114469952	6.73809718314845
3.74415907312881	2.82417672408274	4.72106240146	6.74297996164326
