"mitochan"	"lwrNorm"	"medNorm"	"uprNorm"
-1.88999910457734	-2.67586211540064	-2.35204861799945	-2.05583304288598
-1.88291376613717	-2.65813535178983	-2.34626185505486	-2.02831598604429
-1.875828427697	-2.65998119849503	-2.34978659322211	-2.03207611638907
-1.86874308925683	-2.65540580066893	-2.33763482858302	-2.01455860272597
-1.86165775081666	-2.65101162385915	-2.33351867436327	-2.00518759471403
-1.85457241237649	-2.64317321523447	-2.3213134730031	-2.00478311858878
-1.84748707393633	-2.62538991276568	-2.3084374485896	-2.01356061725097
-1.84040173549616	-2.62571192646884	-2.30388938675978	-1.99893966324026
-1.83331639705599	-2.61765614727405	-2.29980036638916	-1.98631931059691
-1.82623105861582	-2.61432490565406	-2.28517274840133	-1.97065851977359
-1.81914572017565	-2.59309899766027	-2.28679747079042	-1.98520759736766
-1.81206038173548	-2.59560985060865	-2.28185825160774	-1.97216825263624
-1.80497504329531	-2.57243032200426	-2.26724392301985	-1.9604722702544
-1.79788970485514	-2.57218463398474	-2.26465045527546	-1.95830635707155
-1.79080436641498	-2.57521874969643	-2.25137551691171	-1.93765776167198
-1.78371902797481	-2.56047206236929	-2.24674533802058	-1.94084472685875
-1.77663368953464	-2.54911312889598	-2.24041514618756	-1.93961561083885
-1.76954835109447	-2.54674029582691	-2.2326032024474	-1.91291673227989
-1.7624630126543	-2.54668354996693	-2.22923954787282	-1.91099272001022
-1.75537767421413	-2.52973307608824	-2.22036607754232	-1.89918392406934
-1.74829233577396	-2.53288515343448	-2.21542539256919	-1.88853971582249
-1.74120699733379	-2.53145131504	-2.20236587091438	-1.88231332024671
-1.73412165889363	-2.51059548348925	-2.20070485201067	-1.90707416742392
-1.72703632045346	-2.51764783135362	-2.19399041990331	-1.88523129628234
-1.71995098201329	-2.49247755287701	-2.18314034646113	-1.8642022840904
-1.71286564357312	-2.4721949814021	-2.17659754470762	-1.86036363707824
-1.70578030513295	-2.48790673517875	-2.16931476576049	-1.85936986703098
-1.69869496669278	-2.47076231183864	-2.1677890932641	-1.86400358388318
-1.69160962825261	-2.46593738225092	-2.15139789612622	-1.83521367411529
-1.68452428981244	-2.46351053775355	-2.14521078481331	-1.8450306244825
-1.67743895137228	-2.45630655509973	-2.14348282651965	-1.84769065174105
-1.67035361293211	-2.43914345006054	-2.13709147171706	-1.82847839995548
-1.66326827449194	-2.4388970138143	-2.1341816049772	-1.8088743553936
-1.65618293605177	-2.44635632116803	-2.11571493264118	-1.82496887390002
-1.6490975976116	-2.42732528945939	-2.11014846017916	-1.80782680284596
-1.64201225917143	-2.410781617931	-2.10797174308425	-1.80705254980743
-1.63492692073126	-2.41727816630539	-2.08958037809296	-1.7739853887287
-1.62784158229109	-2.39397525705032	-2.09487694011519	-1.77837825380576
-1.62075624385093	-2.38937048835461	-2.09018540403965	-1.77131532011215
-1.61367090541076	-2.38734408688404	-2.08072636411668	-1.77512734217458
-1.60658556697059	-2.3755685474149	-2.06546488012188	-1.75300665699403
-1.59950022853042	-2.36058055542678	-2.06069157615923	-1.76376548254028
-1.59241489009025	-2.34923533546324	-2.04889725709507	-1.73936810595737
-1.58532955165008	-2.3595328518126	-2.05176056154816	-1.74600686993402
-1.57824421320991	-2.35924597724854	-2.04682711015969	-1.74077171129857
-1.57115887476974	-2.35524032418896	-2.0315326662876	-1.73442863891967
-1.56407353632958	-2.32250147497665	-2.0279784293523	-1.7149750690173
-1.55698819788941	-2.31982619053126	-2.02156608811693	-1.72961304868662
-1.54990285944924	-2.30761806517069	-2.00801116568445	-1.70526040480156
-1.54281752100907	-2.32630155108402	-2.01001293985326	-1.71074016907421
-1.5357321825689	-2.31033171953058	-1.99773604499239	-1.68695066816368
-1.52864684412873	-2.32266638641382	-1.98924114723273	-1.70044781574868
-1.52156150568856	-2.27997772241625	-1.98345612241132	-1.68015781605455
-1.5144761672484	-2.28736011796728	-1.9796098622926	-1.66580083628186
-1.50739082880823	-2.28145530072722	-1.97131115894742	-1.67739124646915
-1.50030549036806	-2.28431133602101	-1.96358618841604	-1.67436397217793
-1.49322015192789	-2.24969561311967	-1.9529226289573	-1.66357615337887
-1.48613481348772	-2.25469562191523	-1.95312607785503	-1.65523885235238
-1.47904947504755	-2.24352023383946	-1.93943861101092	-1.63805298335063
-1.47196413660738	-2.23404463892483	-1.93583604149789	-1.63250671797126
-1.46487879816721	-2.2330096576876	-1.93092054522608	-1.62427329566585
-1.45779345972704	-2.22136266243821	-1.92246274664864	-1.62748974159672
-1.45070812128688	-2.21190127615701	-1.91613299661498	-1.60808691814218
-1.44362278284671	-2.22023425521962	-1.90293810408281	-1.60161184447947
-1.43653744440654	-2.1927050366487	-1.89362205201895	-1.60088303517793
-1.42945210596637	-2.18396837102097	-1.8953163511393	-1.58578278292729
-1.4223667675262	-2.19156743052166	-1.88482118083546	-1.57394807698529
-1.41528142908603	-2.17918536459485	-1.88259329694248	-1.57339725021045
-1.40819609064586	-2.1732856517911	-1.86697441038506	-1.57158815098485
-1.40111075220569	-2.17196670149106	-1.86525339749799	-1.56280280913949
-1.39402541376553	-2.14823615596594	-1.85655351635818	-1.56303913681832
-1.38694007532536	-2.14853866282906	-1.85016972223123	-1.56227689472626
-1.37985473688519	-2.14450839354836	-1.84475816583528	-1.53858578221252
-1.37276939844502	-2.15279741961472	-1.83124028254609	-1.53600760634671
-1.36568406000485	-2.12476780221034	-1.83250641731834	-1.5407677591795
-1.35859872156468	-2.12033152089547	-1.82321203678968	-1.53706572713641
-1.35151338312451	-2.10585744525401	-1.81469296823465	-1.51417301888455
-1.34442804468435	-2.11177065564721	-1.80872214170206	-1.51841113180917
-1.33734270624418	-2.09438347555656	-1.79734648070846	-1.50227976421283
-1.33025736780401	-2.0895596529704	-1.79053114382423	-1.48887583130845
-1.32317202936384	-2.09918393446081	-1.7822027103507	-1.49138489603077
-1.31608669092367	-2.06861415083318	-1.77018547274006	-1.4649018667496
-1.3090013524835	-2.074518676565	-1.77454094197426	-1.48327870973479
-1.30191601404333	-2.06391740859102	-1.76403979654178	-1.47425915646486
-1.29483067560316	-2.07106977500681	-1.75986811799101	-1.46734301541115
-1.287745337163	-2.04039088626822	-1.75195731906152	-1.47042388985512
-1.28065999872283	-2.05773257180147	-1.74071074713593	-1.45673206708872
-1.27357466028266	-2.02859946581501	-1.73718425529579	-1.4542563360355
-1.26648932184249	-2.02820640549082	-1.7213710477524	-1.44048581084611
-1.25940398340232	-2.01594376186002	-1.73056231612737	-1.42929037352138
-1.25231864496215	-2.00544337268758	-1.71776081639829	-1.41561598447737
-1.24523330652198	-2.02150332528597	-1.71254543647159	-1.40467085447747
-1.23814796808181	-1.9917883635822	-1.71113193598323	-1.39816579625107
-1.23106262964165	-1.99036197261003	-1.69164661458343	-1.39980932589596
-1.22397729120148	-1.97171104709686	-1.68760679031394	-1.40205763840237
-1.21689195276131	-1.97604223193702	-1.67692862368829	-1.36160847292295
-1.20980661432114	-1.95154082298462	-1.67519146743111	-1.36953179905809
-1.20272127588097	-1.95971042813645	-1.66466395538256	-1.37025570564004
-1.1956359374408	-1.94887033282067	-1.65848313218128	-1.35909835544915
-1.18855059900063	-1.93531993621176	-1.64507672921398	-1.3662115067013
-1.18146526056046	-1.92427197294174	-1.64609913915159	-1.34927440905661
-1.1743799221203	-1.915597752054	-1.63341326119594	-1.33097705427999
-1.16729458368013	-1.91669182278226	-1.63169042999074	-1.32738753197183
-1.16020924523996	-1.91905291315196	-1.61736000810756	-1.33190172478298
-1.15312390679979	-1.90760959811475	-1.61198543423528	-1.32912525665997
-1.14603856835962	-1.88959944641317	-1.60955306607462	-1.3164377140895
-1.13895322991945	-1.89761690370977	-1.59934837005614	-1.30169509214443
-1.13186789147928	-1.88020262835782	-1.59393598965212	-1.31085596506487
-1.12478255303911	-1.8844704284199	-1.58403111765094	-1.2976492294195
-1.11769721459895	-1.87855275983836	-1.57983352042989	-1.2885405912752
-1.11061187615878	-1.84988786077637	-1.56475135758935	-1.27321528274263
-1.10352653771861	-1.84930281773737	-1.56135156703747	-1.27584744388439
-1.09644119927844	-1.85472577833687	-1.56257139877176	-1.26100697558036
-1.08935586083827	-1.84223721478616	-1.55150973108982	-1.25683263761943
-1.0822705223981	-1.84618278145023	-1.55218932120688	-1.24708995451621
-1.07518518395793	-1.82794145756399	-1.54277731833953	-1.25064127601229
-1.06809984551776	-1.82193183293673	-1.5318907124364	-1.22763437014424
-1.0610145070776	-1.81393866246418	-1.52438616989967	-1.23374068797061
-1.05392916863743	-1.80384353963996	-1.51111911051169	-1.22919257748393
-1.04684383019726	-1.78732759373137	-1.50600731041848	-1.21207870888025
-1.03975849175709	-1.79467248182334	-1.50043632387059	-1.20545085695127
-1.03267315331692	-1.78547931522013	-1.49251600886211	-1.21588708735385
-1.02558781487675	-1.77825743278202	-1.48914630321886	-1.19891498520148
-1.01850247643658	-1.7719297264647	-1.4778076496474	-1.19223371703124
-1.01141713799641	-1.76221133355431	-1.4751393793226	-1.17345904818453
-1.00433179955625	-1.74523253827493	-1.47300106532499	-1.16501430928089
-0.997246461116077	-1.74369664134453	-1.45207708148268	-1.16916717444617
-0.990161122675908	-1.74700241232808	-1.45335655452184	-1.1717461352749
-0.98307578423574	-1.72733323637024	-1.44334620594506	-1.15368622159437
-0.975990445795571	-1.72688559861701	-1.43247532984419	-1.14404515581033
-0.968905107355402	-1.72089329558787	-1.43006406924659	-1.13762969361625
-0.961819768915233	-1.70058830456264	-1.41975710349693	-1.14448462638209
-0.954734430475065	-1.70477987329021	-1.42290992407886	-1.12767786114401
-0.947649092034896	-1.69435948019964	-1.41094044383213	-1.11374559749204
-0.940563753594727	-1.6996189790181	-1.40206922734521	-1.11210788864451
-0.933478415154558	-1.67916796760156	-1.40297874968577	-1.10782415530428
-0.92639307671439	-1.68265198025743	-1.38805152137991	-1.10962184943008
-0.919307738274221	-1.66494182849014	-1.38015855956901	-1.1100997017988
-0.912222399834052	-1.65994468870255	-1.3794582204198	-1.09334989857432
-0.905137061393883	-1.65088613817027	-1.35843162817035	-1.08822540266047
-0.898051722953715	-1.63577130534746	-1.36195382652684	-1.07620595475059
-0.890966384513546	-1.64459487827271	-1.34439927373042	-1.07619529028741
-0.883881046073377	-1.61787815840701	-1.35318566393896	-1.0662012237027
-0.876795707633208	-1.62284312036837	-1.33883963046248	-1.04747933693413
-0.86971036919304	-1.63127183325369	-1.33407702015341	-1.03967376315647
-0.862625030752871	-1.60939777111522	-1.31715654903866	-1.04035275259955
-0.855539692312702	-1.59811287343699	-1.31367860270788	-1.03844826540985
-0.848454353872534	-1.6029240060049	-1.30911928006958	-1.01068418207104
-0.841369015432365	-1.58115753948201	-1.3097869646808	-1.03221390540947
-0.834283676992196	-1.57051781161821	-1.29702616035838	-1.00693325049133
-0.827198338552027	-1.5718889864814	-1.28668369656942	-0.995079893874571
-0.820113000111859	-1.558793186995	-1.278401673239	-1.00216104060901
-0.81302766167169	-1.5552235914529	-1.27335520217134	-0.981119374424276
-0.805942323231521	-1.55592913031749	-1.26321417759368	-0.981049968991905
-0.798856984791352	-1.53415795505304	-1.25778578445507	-0.978714616346007
-0.791771646351184	-1.52708123595825	-1.24719126198848	-0.972188235483837
-0.784686307911015	-1.52605148624512	-1.2467626382965	-0.96909191393913
-0.777600969470846	-1.52354655471611	-1.24186156723494	-0.957178379708712
-0.770515631030677	-1.52029870741192	-1.23300015389867	-0.945104283953291
-0.763430292590509	-1.50384904521804	-1.21859779768256	-0.946463262044152
-0.75634495415034	-1.50701033295027	-1.21806719256996	-0.926303248063434
-0.749259615710171	-1.50453072905554	-1.21035733577748	-0.914329193242204
-0.742174277270002	-1.47719294204114	-1.20544993675483	-0.93326804026381
-0.735088938829834	-1.47354961437225	-1.19114289215696	-0.903903207334471
-0.728003600389665	-1.46025316120232	-1.18541928999458	-0.897532753129556
-0.720918261949496	-1.44535747736763	-1.1815254461962	-0.897424697383879
-0.713832923509327	-1.45366569077357	-1.17362782687934	-0.888212737666949
-0.706747585069159	-1.44533279083246	-1.16860907212587	-0.87338203044569
-0.69966224662899	-1.43206120857817	-1.16317086398265	-0.874347109665312
-0.692576908188821	-1.43539296058342	-1.15742952094206	-0.872693475935566
-0.685491569748653	-1.42378830643063	-1.14741574344866	-0.872624952400863
-0.678406231308484	-1.41496074767612	-1.13199421415649	-0.856157587357732
-0.671320892868315	-1.40712813469662	-1.13596909005179	-0.845923359928853
-0.664235554428146	-1.40628023750121	-1.12002984951113	-0.851269114412482
-0.657150215987978	-1.40065901626642	-1.11781607231524	-0.832411462973398
-0.650064877547809	-1.39345102164885	-1.1062244233172	-0.809780309627318
-0.64297953910764	-1.36668206700331	-1.10184613125765	-0.819687221394582
-0.635894200667471	-1.3740958699299	-1.09415707785987	-0.81749793713121
-0.628808862227303	-1.37255329904337	-1.0933081495376	-0.806889543225592
-0.621723523787134	-1.36167793185649	-1.07744968893853	-0.795348768467845
-0.614638185346965	-1.34427899118791	-1.07641904379375	-0.81022990141497
-0.607552846906796	-1.33336049778183	-1.06562249843436	-0.783943359123493
-0.600467508466628	-1.33589501168373	-1.0629474781076	-0.770632684921922
-0.593382170026459	-1.32926311834008	-1.05250247447273	-0.770402342934378
-0.58629683158629	-1.32369634630739	-1.04796216281854	-0.766828201706496
-0.579211493146121	-1.30610873545194	-1.03984731878515	-0.75089639891648
-0.572126154705953	-1.30886176281824	-1.03168675587782	-0.757227413769115
-0.565040816265784	-1.29597834500974	-1.02109644548589	-0.751487623237472
-0.557955477825615	-1.2886312537751	-1.01253085471786	-0.743934674118413
-0.550870139385446	-1.27676334272116	-1.00651670600324	-0.724420616945387
-0.543784800945278	-1.27414081491484	-1.0064509605641	-0.714373005758096
-0.536699462505109	-1.27280197304902	-0.992857813741234	-0.719913760007766
-0.52961412406494	-1.26325524450992	-0.987839328411547	-0.71221339799523
-0.522528785624772	-1.26908896568964	-0.982931660806909	-0.693845886150564
-0.515443447184603	-1.24718784633188	-0.97668699862802	-0.705593078512677
-0.508358108744434	-1.24139079849556	-0.96731786448639	-0.696595480674077
-0.501272770304265	-1.23370549465871	-0.956910974034127	-0.675219221390162
-0.494187431864097	-1.22840549784167	-0.954813153434207	-0.673275374640392
-0.487102093423928	-1.2073798710001	-0.943356760116025	-0.673236417486247
-0.480016754983759	-1.2046671120596	-0.939883976107107	-0.651980403591424
-0.47293141654359	-1.18801712654448	-0.936644368316711	-0.66042401005911
-0.465846078103422	-1.2098569643986	-0.923051310051146	-0.659484628457524
-0.458760739663253	-1.17410831442743	-0.910461643547522	-0.638448261783874
-0.451675401223084	-1.18156705136831	-0.912108591916672	-0.638812837417463
-0.444590062782915	-1.18918841146501	-0.900578134883066	-0.617485222625591
-0.437504724342747	-1.17312425680224	-0.898964733657953	-0.612616487215186
-0.430419385902578	-1.15660555640165	-0.886634882129912	-0.60965867121734
-0.423334047462409	-1.15561188169356	-0.882108684448374	-0.590273292324109
-0.41624870902224	-1.15286650249928	-0.877205329717433	-0.587212350420186
-0.409163370582072	-1.14324760800645	-0.869260462912993	-0.586682481926585
-0.402078032141903	-1.13657572659473	-0.856083039964884	-0.577584467375325
-0.394992693701734	-1.11422657536341	-0.859831132194747	-0.582579791115119
-0.387907355261566	-1.13221341765851	-0.847189082298112	-0.589602299711122
-0.380822016821397	-1.12481485713368	-0.837540283158522	-0.571036988406501
-0.373736678381228	-1.10739934902502	-0.831930432450405	-0.554266548817436
-0.366651339941059	-1.09699900499081	-0.828309380347193	-0.55023311026857
-0.359566001500891	-1.09856670360237	-0.819146303994658	-0.548442488295467
-0.352480663060722	-1.06743221644539	-0.811254941618529	-0.519847961062125
-0.345395324620553	-1.07524597954696	-0.806980601564216	-0.523703867553284
-0.338309986180384	-1.07604860393338	-0.798923474742447	-0.523725080784407
-0.331224647740216	-1.06626465205754	-0.79436492864738	-0.525489857815043
-0.324139309300047	-1.05356573400475	-0.781164947677833	-0.517061906793927
-0.317053970859878	-1.04389437796168	-0.7700880105376	-0.508413157014844
-0.30996863241971	-1.05995301987204	-0.765921540122158	-0.497386767158472
-0.302883293979541	-1.04132262415394	-0.769034988319623	-0.486307411375987
-0.295797955539372	-1.01714021696057	-0.751135933719604	-0.474595028533793
-0.288712617099203	-1.01501690608674	-0.742967146957161	-0.467096527298729
-0.281627278659035	-1.01357997510373	-0.746087335445297	-0.465188588769269
-0.274541940218866	-1.00602363021967	-0.726770335158403	-0.467261424636186
-0.267456601778697	-0.992620235060213	-0.725330297198651	-0.472018986076303
-0.260371263338528	-0.996721629494247	-0.719878129543526	-0.440339522304119
-0.253285924898359	-0.994278297964484	-0.710743197512516	-0.435186300025927
-0.246200586458191	-0.980292601857096	-0.713575924616358	-0.440534718804454
-0.239115248018022	-0.968271527852405	-0.692301557904376	-0.419459057532533
-0.232029909577853	-0.974389319795589	-0.693751553014916	-0.422170120131616
-0.224944571137685	-0.938823352759533	-0.682531360497031	-0.411646695112563
-0.217859232697516	-0.947414420423609	-0.671697130039177	-0.397302974255437
-0.210773894257347	-0.942868885065743	-0.669665996605812	-0.391670266060433
-0.203688555817178	-0.943931864499126	-0.662058799747507	-0.384666152355425
-0.19660321737701	-0.921200313892464	-0.655581656220495	-0.410218618098431
-0.189517878936841	-0.915342469188185	-0.652505132326362	-0.366030139780533
-0.182432540496672	-0.913618069544809	-0.641253463189659	-0.378140355008682
-0.175347202056503	-0.90469250225547	-0.631230778872694	-0.350770236152711
-0.168261863616335	-0.904832150793858	-0.631672453146432	-0.353495549574789
-0.161176525176166	-0.889982883874646	-0.617468037134808	-0.351035586524042
-0.154091186735997	-0.884188552326715	-0.614041355692787	-0.348722759707789
-0.147005848295829	-0.869085411055726	-0.607558755877734	-0.320973187862491
-0.13992050985566	-0.873679724724142	-0.60159516934793	-0.339881749459686
-0.132835171415491	-0.858944561430461	-0.588494729058207	-0.322299276262377
-0.125749832975322	-0.859198287018148	-0.586391670430406	-0.315866110933447
-0.118664494535154	-0.845874828115957	-0.572310353310917	-0.314929901116452
-0.111579156094985	-0.856226077351882	-0.565517945789716	-0.304468033294804
-0.104493817654816	-0.824848150173009	-0.562636745076289	-0.299417914396226
-0.0974084792146472	-0.814623284165392	-0.55713547762298	-0.280477389407368
-0.0903231407744787	-0.810919737450464	-0.547776630450674	-0.269190681544127
-0.0832378023343099	-0.816382167781792	-0.538232317917404	-0.277067747592431
-0.0761524638941411	-0.788922015121784	-0.527760045348182	-0.258617940720634
-0.0690671254539723	-0.78879297057129	-0.523207309804257	-0.253802352961744
-0.0619817870138035	-0.788823744814967	-0.517753860178683	-0.253090227355808
-0.054896448573635	-0.777452159314947	-0.50732556397075	-0.240736669874712
-0.0478111101334662	-0.779739752032248	-0.502289415124271	-0.235357697430759
-0.0407257716932974	-0.754866814907827	-0.495919601016613	-0.235792837636467
-0.0336404332531286	-0.762094161711156	-0.491150056953399	-0.23689322466574
-0.02655509481296	-0.759515856969941	-0.480413368527473	-0.221509191320634
-0.0194697563727912	-0.738561522831909	-0.477425188902435	-0.220415896707529
-0.0123844179326225	-0.744207472263494	-0.472536328452377	-0.218767805532675
-0.00529907949245367	-0.731181721934275	-0.462485272756203	-0.189293578028722
0.00178625894771511	-0.719856044432087	-0.457387797112936	-0.17804890867755
0.00887159738788368	-0.724492077258518	-0.449587098888541	-0.184149050693392
0.0159569358280525	-0.698257964259189	-0.440428482687024	-0.173207007860959
0.0230422742682213	-0.701904331874938	-0.433209884645455	-0.15942510963501
0.03012761270839	-0.69433112105854	-0.426130122678526	-0.169245921795203
0.0372129511485586	-0.692244269060085	-0.425258049978035	-0.168360555232239
0.0442982895887274	-0.677429426698234	-0.411659260320142	-0.157663176642123
0.0513836280288962	-0.659793413835507	-0.405085229540303	-0.153133638532065
0.058468966469065	-0.663287146631196	-0.393983311610711	-0.128639908571834
0.0655543049092338	-0.660590489261392	-0.39176434050376	-0.134861128644452
0.0726396433494023	-0.654776166531348	-0.383052518555405	-0.112929839249184
0.0797249817895711	-0.640913088986165	-0.377874098347241	-0.119815125060759
0.0868103202297399	-0.634056400016838	-0.364031956207965	-0.103083119275261
0.0938956586699087	-0.637101478659648	-0.365554076846032	-0.0997003576257294
0.100980997110077	-0.620302553723013	-0.350603575296106	-0.0902929343316125
0.108066335550246	-0.600994492367768	-0.341598518033858	-0.0824581332798317
0.115151673990415	-0.610367403330698	-0.336066753929541	-0.0652327260892283
0.122237012430583	-0.584621434066415	-0.329081179189445	-0.059351259750562
0.129322350870752	-0.581567840160412	-0.326652926819192	-0.056592986023518
0.136407689310921	-0.586916881400013	-0.325367112949761	-0.0414633404985072
0.14349302775109	-0.576793403412786	-0.31474331891254	-0.0405945416275116
0.150578366191259	-0.568572975306508	-0.310764598694114	-0.0305947727219844
0.157663704631427	-0.561806092202246	-0.29211544991905	-0.0246572742322659
0.164749043071596	-0.56190975483168	-0.296783700124422	-0.0216624829395738
0.171834381511765	-0.554465267598484	-0.283101723460068	-0.0268953192321619
0.178919719951933	-0.550599280462459	-0.273732147421934	-0.0103886783745394
0.186005058392102	-0.530761011886353	-0.271473566583928	-0.0212280731194364
0.193090396832271	-0.523045021769524	-0.264846698604766	-0.00104173895420392
0.20017573527244	-0.524703011664253	-0.262127165707522	0.00607078806777339
0.207261073712608	-0.503329025326985	-0.248610055818646	0.0136475033026184
0.214346412152777	-0.50240819708044	-0.243655974920322	0.0129763045130181
0.221431750592946	-0.497286016082873	-0.231272247346198	0.0183254216442317
0.228517089033115	-0.490194334030826	-0.22836144539158	0.0397253597471667
0.235602427473284	-0.484857619777974	-0.222565408963683	0.0398556450720141
0.242687765913452	-0.476633850290803	-0.217325434282222	0.0491784273249592
0.249773104353621	-0.475577742669881	-0.204956319579295	0.0593141395048465
0.256858442793789	-0.451076680986664	-0.199406421231543	0.0547714595343717
0.263943781233958	-0.450749021023141	-0.191792209752567	0.0730560221595697
0.271029119674127	-0.436156838968003	-0.187371939522383	0.0824943056815803
0.278114458114296	-0.448084662263641	-0.177171116881869	0.0875774110138987
0.285199796554465	-0.433698359652376	-0.164181118486416	0.0895223874529788
0.292285134994633	-0.426968671629062	-0.166523180157096	0.0978280377731561
0.299370473434802	-0.412232241787776	-0.155873874943592	0.124939061328124
0.30645581187497	-0.394385328874293	-0.147938426996091	0.0983682272643009
0.313541150315139	-0.390024321981995	-0.142536694872772	0.117659824753105
0.320626488755308	-0.399243230757328	-0.12768767399346	0.132268542250559
0.327711827195477	-0.390858866396405	-0.12285263687782	0.140623281609329
0.334797165635646	-0.394368045988178	-0.123906831270256	0.135211548010102
0.341882504075814	-0.360329792641868	-0.109979831550662	0.148145379326273
0.348967842515983	-0.367461274056595	-0.105139241773596	0.150392721883114
0.356053180956152	-0.36451618408851	-0.100462763083246	0.16242421587648
0.363138519396321	-0.355983989493172	-0.0930554822484754	0.164388754160059
0.370223857836489	-0.349883548964342	-0.0935476223109435	0.184648734704043
0.377309196276658	-0.342429137129808	-0.0758563434334222	0.186255500685802
0.384394534716827	-0.342898297388155	-0.0660037214739305	0.194163134764843
0.391479873156996	-0.317847525183659	-0.0644830520479919	0.188033457754246
0.398565211597164	-0.327411469704165	-0.05207820498647	0.18993370165965
0.405650550037333	-0.316328444648804	-0.0478057422053146	0.198616781004095
0.412735888477502	-0.295761788121256	-0.0470215702126449	0.224717181990982
0.419821226917671	-0.304781795261269	-0.0328393772636105	0.21815243719867
0.426906565357839	-0.287135307493616	-0.0246239875329175	0.232414494770426
0.433991903798008	-0.274626766821386	-0.0163098049460625	0.240804344306039
0.441077242238177	-0.274840501582563	-0.0135488284724402	0.238870377492205
0.448162580678345	-0.267512087519034	-0.0130212076520673	0.253964188684472
0.455247919118514	-0.269336719618959	-0.000855607708131931	0.258305582651568
0.462333257558683	-0.254857591858143	0.00739462504256386	0.268973593001175
0.469418595998852	-0.247958774654101	0.0094603266145207	0.261805174947214
0.47650393443902	-0.251774403428145	0.0241083617569435	0.285167411136088
0.483589272879189	-0.240470556865221	0.0283741932675105	0.287303544169092
0.490674611319358	-0.215511533212321	0.0401295521544356	0.30579864446634
0.497759949759526	-0.214515384227513	0.0443300588751482	0.310697292663475
0.504845288199695	-0.19768745841384	0.0450407819826518	0.307496629303261
0.511930626639864	-0.209382770854633	0.0588511362740038	0.306214794924787
0.519015965080033	-0.193344739667222	0.0609050567419543	0.319113495862761
0.526101303520202	-0.190202257337433	0.0660793637265445	0.333134506552526
0.53318664196037	-0.176386127545754	0.0774941445392413	0.338689925478415
0.540271980400539	-0.17341421587831	0.0826939053988293	0.350005358633311
0.547357318840708	-0.176066866242001	0.0974066040203342	0.35237211934253
0.554442657280877	-0.14137644487166	0.107467722996014	0.364796808711068
0.561527995721045	-0.141032422640279	0.107457339649933	0.378325714665866
0.568613334161214	-0.140134058162254	0.11595666982268	0.376841893228383
0.575698672601383	-0.14765723233728	0.123045663434941	0.376493939919939
0.582784011041551	-0.120042826883714	0.127074710695135	0.396755843092208
0.58986934948172	-0.126494731541749	0.132901852171472	0.394060934009795
0.596954687921889	-0.121416509289892	0.148754989904288	0.409583368957012
0.604040026362058	-0.101576023083121	0.152351046871368	0.3952530757578
0.611125364802227	-0.113409048471506	0.156050243650117	0.422833878924417
0.618210703242395	-0.0827001477925729	0.167203752286102	0.426407379064088
0.625296041682564	-0.0877069101596751	0.170461721263076	0.432969068656741
0.632381380122732	-0.0958679875557177	0.181167364250279	0.44385550085402
0.639466718562901	-0.0774991137864635	0.18565853208314	0.453695721476949
0.64655205700307	-0.0709715692271864	0.190500273327066	0.449163375194403
0.653637395443239	-0.0540283724416398	0.200812585727053	0.448855878276588
0.660722733883408	-0.0532684556533013	0.204769206503948	0.470903852547239
0.667808072323576	-0.0624964711964256	0.214699967324371	0.46815296771785
0.674893410763745	-0.0289965670932227	0.222009872654424	0.493728826717387
0.681978749203914	-0.0431380417444658	0.234019763407267	0.495311633881118
0.689064087644082	-0.0230258300758369	0.236223264636512	0.495312844377597
0.696149426084251	-0.0115002259871275	0.240282865048826	0.506230257661537
0.70323476452442	-0.00768566765591539	0.253377815077032	0.502856825983922
0.710320102964589	-0.00148299832341824	0.249886381286488	0.507099019488137
0.717405441404757	0.0105183668957719	0.266229597586879	0.519205296093597
0.724490779844926	0.00643732858247464	0.273457579749591	0.523899919470347
0.731576118285095	0.0315087488700779	0.279359043221044	0.546548629855727
0.738661456725264	0.0349985770704965	0.284340262314505	0.540367252632226
0.745746795165433	0.0369158329036223	0.288173079072295	0.558413841521568
0.752832133605601	0.0439572055477174	0.29755659474667	0.548537046928881
0.75991747204577	0.0520305961335259	0.299837231139401	0.562808230936157
0.767002810485939	0.0581447309447157	0.310297326831967	0.56335493269341
0.774088148926107	0.0570521608659078	0.31490694613132	0.582250343415252
0.781173487366276	0.073707625306958	0.330837880741251	0.579234374111562
0.788258825806445	0.0746374486499352	0.340841484895787	0.590661044964259
0.795344164246614	0.0858288958735396	0.346100101770019	0.59582367702967
0.802429502686782	0.093906719375639	0.354016435517068	0.612643647691545
0.809514841126951	0.0902763670485747	0.356700238103125	0.613743717327025
0.81660017956712	0.094814387819885	0.367356701689976	0.634283292936955
0.823685518007288	0.111682911204538	0.369041983294507	0.634711164844277
0.830770856447457	0.117951508446334	0.380248933604767	0.626795185704341
0.837856194887626	0.127089411833154	0.393407183312143	0.645404868642585
0.844941533327795	0.128681568182849	0.390855693356359	0.634926608824921
0.852026871767964	0.143389686189569	0.399925583509877	0.653409914139769
0.859112210208132	0.14926107525182	0.404350159187575	0.679908595948039
0.866197548648301	0.1489828182026	0.412896699175444	0.664689664507824
0.87328288708847	0.161250342442887	0.421408268909561	0.678893109445378
0.880368225528638	0.174869010019604	0.424610545561187	0.675428931911622
0.887453563968807	0.165996591762902	0.435736437038487	0.689948879006217
0.894538902408976	0.173519318434743	0.442833681895089	0.697507993969048
0.901624240849145	0.196119059766543	0.444847350168059	0.713394980350812
0.908709579289313	0.207401163778226	0.45657508706766	0.708269656811679
0.915794917729482	0.203168984919666	0.469419029178227	0.733118589898437
0.922880256169651	0.218569201198333	0.472772033677187	0.712024476829848
0.92996559460982	0.20532470979867	0.473326309078572	0.723640833088712
0.937050933049989	0.231070359414475	0.481936974035974	0.736816279967515
0.944136271490157	0.22854519262441	0.490730773062828	0.750464759759922
0.951221609930326	0.240895489607956	0.501077901087973	0.749212533301654
0.958306948370494	0.245908000720649	0.502015900665624	0.750455183715924
0.965392286810663	0.245217571672013	0.511115363914285	0.774689847525031
0.972477625250832	0.266691194659704	0.525491727573248	0.775407110259754
0.979562963691001	0.274787378837008	0.535654956292534	0.780654619822069
0.98664830213117	0.267891058076466	0.542798550316868	0.789600524884241
0.993733640571338	0.295352051804076	0.54331707222456	0.79927516966346
1.00081897901151	0.308889472769403	0.550972873182169	0.799220593446586
1.00790431745168	0.313620071785064	0.554601053326491	0.809199171305246
1.01498965589184	0.300748115752109	0.566081923175105	0.824098603199512
1.02207499433201	0.3064207432577	0.566659135508468	0.818533100600555
1.02916033277218	0.321972155412491	0.57696260626627	0.821138235786663
1.03624567121235	0.321309192468263	0.584239430817783	0.838395996682846
1.04333100965252	0.313730570568365	0.593252032430366	0.86195688372277
1.05041634809269	0.336321637726708	0.600486259934868	0.855757467814215
1.05750168653286	0.364422246960906	0.604619596598034	0.870506891370735
1.06458702497303	0.356260859509762	0.616136612944371	0.861986414125099
1.07167236341319	0.376324735575188	0.624544582323527	0.882615247284406
1.07875770185336	0.373342789957459	0.625344791871712	0.880706709319628
1.08584304029353	0.38793106150913	0.636120836195605	0.891006716464405
1.0929283787337	0.38271149690639	0.644523456787287	0.897985447496466
1.10001371717387	0.395345852970165	0.648067831823701	0.900848130870781
1.10709905561404	0.389623765907402	0.653638824444204	0.918317853489618
1.11418439405421	0.408765708560878	0.666517137520295	0.920210754818005
1.12126973249438	0.406396312270248	0.668789453793065	0.925442247267471
1.12835507093454	0.415579136639646	0.675098558128885	0.927318884668682
1.13544040937471	0.426752606039821	0.689941213273982	0.948477079627898
1.14252574781488	0.428463450704182	0.692689007783857	0.941645985229754
1.14961108625505	0.438569345613333	0.691384171706552	0.963255790663238
1.15669642469522	0.448548623619092	0.708051341064874	0.95020146446027
1.16378176313539	0.456256378804896	0.713422164553506	0.976747430737338
1.17086710157556	0.462045831328885	0.713234032717565	0.972707411828324
1.17795244001573	0.492807032782994	0.732719249348596	0.972534390492913
1.18503777845589	0.481510222516312	0.727284969707443	0.987259199009014
1.19212311689606	0.482573201733917	0.745398704111838	0.98090889616234
1.19920845533623	0.488289527610261	0.746767463658432	1.00722304913189
1.2062937937764	0.49677839661775	0.755747541071462	1.0055353975426
1.21337913221657	0.511215039321405	0.766842639495158	1.02335917436267
1.22046447065674	0.51013301131297	0.77257096327036	1.0280717425846
1.22754980909691	0.518778566385459	0.772356973444697	1.04563733295007
1.23463514753708	0.541479097742411	0.787514554127279	1.03763032612098
1.24172048597724	0.530733760978072	0.786432830808955	1.04420228326024
1.24880582441741	0.566022051875822	0.802078067741429	1.04942901004071
1.25589116285758	0.544134355822092	0.805070383496279	1.06054015080015
1.26297650129775	0.554917601778111	0.813204183933663	1.06943692801443
1.27006183973792	0.55907855384893	0.818406291002498	1.05919864842477
1.27714717817809	0.568084168034317	0.823658516695938	1.07992956758294
1.28423251661826	0.568184346615583	0.832266476099878	1.09281760034888
1.29131785505843	0.590031699074012	0.844708207411392	1.09753289567345
1.29840319349859	0.582377557546989	0.841551528441921	1.10591994622068
1.30548853193876	0.601039015955502	0.854603494526155	1.10420847115089
1.31257387037893	0.594852149071605	0.857956232476957	1.11928946313285
1.3196592088191	0.616422080203329	0.873236385253339	1.10909205260299
1.32674454725927	0.626725172968364	0.877756413343925	1.14350943624914
1.33382988569944	0.615994576856801	0.877686027340494	1.1412186996361
1.34091522413961	0.622507039031467	0.885597918062583	1.12807738146825
1.34800056257978	0.640929098990606	0.897990804372927	1.1580046713628
1.35508590101994	0.646406214766818	0.903042652202707	1.15584474502631
1.36217123946011	0.637732280262479	0.911942335196319	1.18421106032626
1.36925657790028	0.662277698592051	0.917094716453257	1.17961697658563
1.37634191634045	0.659578977071018	0.923955113423323	1.18962617498613
1.38342725478062	0.675000570184229	0.934795220032509	1.20004280311146
1.39051259322079	0.697976154385909	0.940987869090634	1.18821488957272
1.39759793166096	0.678199585589674	0.95219151619178	1.20222690133676
1.40468327010112	0.704027675514077	0.947869187427052	1.21631956712344
1.41176860854129	0.697712829525385	0.955123653236964	1.20590624690041
1.41885394698146	0.719902307663701	0.975235125865722	1.22042850899357
1.42593928542163	0.724195939446011	0.977285451002496	1.23163853313801
1.4330246238618	0.724232334068992	0.981871081764927	1.22566975614355
1.44010996230197	0.750343611369895	0.983809944419447	1.24380789485885
1.44719530074214	0.736967704601963	0.992687495334492	1.24252431574853
1.45428063918231	0.745555356813097	1.00333056668698	1.25569153825585
1.46136597762247	0.764433238971986	1.01243468407447	1.26397067327377
1.46845131606264	0.756431169400379	1.0177632792207	1.26459581380933
1.47553665450281	0.77694683912385	1.02722306152631	1.2847269881251
1.48262199294298	0.784934841406742	1.0315486387643	1.28348074640407
1.48970733138315	0.782317416778053	1.043128792157	1.2935276892223
1.49679266982332	0.795236680995871	1.04776601192791	1.29748898421319
1.50387800826349	0.800260035078772	1.05940507424408	1.30004173057018
1.51096334670366	0.799235454213423	1.05636181472369	1.30883452217488
1.51804868514382	0.805615620485443	1.0687073864651	1.32818237358688
1.52513402358399	0.817827124833162	1.06974561250445	1.32466593862014
1.53221936202416	0.817283860207512	1.08396478040692	1.34509236691107
1.53930470046433	0.835804217245303	1.08446490946823	1.34373053068637
1.5463900389045	0.841648404924354	1.09465803849043	1.34437323615527
1.55347537734467	0.849635930254401	1.10570428525014	1.3600783994863
1.56056071578484	0.851766662718858	1.1125108419648	1.36379072243683
1.56764605422501	0.863323347000527	1.11702819871592	1.37920361316152
1.57473139266517	0.87654326200109	1.1243173865654	1.38226142507296
1.58181673110534	0.886648951768817	1.1357358906535	1.3843248796642
1.58890206954551	0.879042175934741	1.14155978282965	1.38664980542999
1.59598740798568	0.897571817939342	1.14898714496273	1.41914677272161
1.60307274642585	0.892294456826481	1.14901647230876	1.41537547884931
1.61015808486602	0.893325691555585	1.15991230095167	1.42580589193006
1.61724342330619	0.920218503524518	1.16443499291436	1.41496648934744
1.62432876174636	0.91205894601143	1.17073034068192	1.43311333127847
1.63141410018652	0.937489065024345	1.17869024876362	1.42648839523374
1.63849943862669	0.939146461889413	1.18600211769731	1.44574506030151
1.64558477706686	0.947909301640099	1.19049576778683	1.45672533532887
1.65267011550703	0.949137461222019	1.20327250703155	1.46199192043382
1.6597554539472	0.958075232396144	1.21032566558347	1.46206015549823
1.66684079238737	0.975334377871326	1.22051069981093	1.46802290930066
1.67392613082754	0.97103534738932	1.22941288616916	1.4898427610146
1.68101146926771	0.966261697356446	1.23223281560611	1.47821177505569
1.68809680770787	0.980786527616859	1.24127494817377	1.49740205332878
1.69518214614804	0.993562537385565	1.24836469190216	1.50598794277352
1.70226748458821	0.985326701387863	1.25266349324913	1.50347388192091
1.70935282302838	1.01168426668558	1.25732859847649	1.50747339328902
1.71643816146855	1.00500737146053	1.27481729181883	1.53529563651264
1.72352349990872	1.03108116158258	1.27777262449984	1.53869039884973
1.73060883834889	1.0153223062393	1.28560192498505	1.5459029326974
1.73769417678906	1.04795015951226	1.29668308426494	1.5557659677362
1.74477951522922	1.04323165925244	1.29437431451392	1.54956174770843
1.75186485366939	1.03878259793917	1.30727998347956	1.55950513909712
1.75895019210956	1.05644484987548	1.30973244291379	1.56940945319486
1.76603553054973	1.05947702669211	1.31216355696013	1.58073704263233
1.7731208689899	1.07453351364635	1.3188591814654	1.59380512070624
1.78020620743007	1.07950269415765	1.33570187492734	1.57897473067735
1.78729154587024	1.08165868694439	1.33796587513978	1.60716811781624
1.79437688431041	1.08338202637432	1.34595658527019	1.5858642566645
1.80146222275057	1.08414017637388	1.35164035185967	1.61934569822477
1.80854756119074	1.09841566384972	1.36046745193408	1.62921722389395
1.81563289963091	1.11468965249873	1.3679822694901	1.61311721682244
1.82271823807108	1.11645852424857	1.37752144490555	1.63456497464818
1.82980357651125	1.12961252500412	1.38059765968766	1.63327760234542
1.83688891495142	1.11477577566369	1.38834772546966	1.64332680206396
1.84397425339159	1.13120204794972	1.39191922264581	1.65862059468244
1.85105959183176	1.1436292187385	1.40190977703119	1.66954218673478
1.85814493027192	1.14420845883591	1.40854258456632	1.66442555994196
1.86523026871209	1.18108235863571	1.42043679139668	1.67050534372489
1.87231560715226	1.15204214098441	1.41797090554989	1.68178005674876
1.87940094559243	1.18213937177126	1.4393203014274	1.68016028494686
1.8864862840326	1.1829537939013	1.43086939357679	1.68000735517215
1.89357162247277	1.18579033102873	1.44418101983858	1.68972683215747
1.90065696091294	1.19027980156215	1.4555515821344	1.70333245987856
1.90774229935311	1.21009308168727	1.45937335713965	1.72261418043228
1.91482763779327	1.19949491610641	1.46219840717901	1.73043412490498
1.92191297623344	1.2127241889301	1.46725481248551	1.7270665838904
1.92899831467361	1.22303443948594	1.48409744239543	1.73840584256035
1.93608365311378	1.22727972484366	1.48811067005103	1.74160465194429
1.94316899155395	1.2377528965907	1.49219896854466	1.75373530533554
1.95025432999412	1.24463189150259	1.50768910998267	1.75422971741574
1.95733966843429	1.25793283125065	1.50612625836144	1.75499678644944
1.96442500687446	1.26095527707418	1.51307203149024	1.75837287729859
1.97151034531462	1.26534411323106	1.52162971920872	1.76843723225199
1.97859568375479	1.27966494749687	1.53312184548976	1.78205982069633
1.98568102219496	1.27616735723876	1.53620079058041	1.81427141933916
1.99276636063513	1.30604628537852	1.54127595699021	1.79657137971729
1.9998516990753	1.28513958026419	1.54958262275791	1.8158896913517
2.00693703751547	1.2930716298935	1.56226362576712	1.81583858898996
2.01402237595564	1.31673465172998	1.56544090247974	1.82665980854209
2.02110771439581	1.30878339086877	1.57380958765906	1.83256404200663
2.02819305283597	1.31755123418965	1.57857936118247	1.83362382298619
2.03527839127614	1.33706139945856	1.59536061091544	1.84260446558354
2.04236372971631	1.32911526227267	1.59049575330015	1.84547712599332
2.04944906815648	1.33684324108703	1.5965533467797	1.85388731904579
2.05653440659665	1.34838812636451	1.60832302338319	1.85869555218489
2.06361974503682	1.3740718449406	1.61837349807268	1.87115514389536
2.07070508347699	1.37549702350594	1.62742891321675	1.86869263001994
2.07779042191716	1.36977170649933	1.63061351667341	1.89990707925189
2.08487576035732	1.37941614460255	1.63425221141121	1.89121975052597
2.09196109879749	1.39101332893725	1.64522968831689	1.90745948563071
2.09904643723766	1.39290764683216	1.64580502022684	1.91268488984531
2.10613177567783	1.40156564370405	1.66046471994402	1.91403061332698
2.113217114118	1.40703935595679	1.66442202276169	1.93624337792003
2.12030245255817	1.4165137499414	1.66940505142794	1.93070565413164
2.12738779099834	1.40703520015504	1.68105094995127	1.94431948054184
2.1344731294385	1.44277686582883	1.69009837083889	1.92874236432048
2.14155846787867	1.43409992602894	1.69385279130048	1.93809004058138
2.14864380631884	1.43258986566087	1.69666078807236	1.95720465790632
2.15572914475901	1.44614401573334	1.70333679523508	1.96300454124914
2.16281448319918	1.4531955500199	1.70957803400873	1.97395850013697
2.16989982163935	1.46718873054775	1.72944848059421	1.99330553681421
2.17698516007952	1.47071505972784	1.73502280514335	1.98131525671129
2.18407049851969	1.4822802104036	1.73847350521759	2.00075013516314
2.19115583695985	1.48630038149052	1.74631427183479	2.01285618761451
2.19824117540002	1.49387232540218	1.74699773812638	1.99241139832709
2.20532651384019	1.51084556238694	1.75730729352076	2.02291098549152
2.21241185228036	1.5228810633888	1.76469075464998	2.00531966248801
2.21949719072053	1.51403050436076	1.76271805482722	2.02787176983348
2.2265825291607	1.52019920918311	1.77754872125118	2.03490821634732
2.23366786760087	1.52911377463064	1.78870603364061	2.04362028962967
2.24075320604104	1.54061478698197	1.79903984173238	2.05330360717084
2.2478385444812	1.53972591633556	1.80448045562593	2.05129065450295
2.25492388292137	1.54443434792805	1.81128705016698	2.05171295516848
2.26200922136154	1.56316020203506	1.81236990363439	2.0712556411805
2.26909455980171	1.5610255259668	1.82788590163111	2.07470234292286
2.27617989824188	1.56647924128101	1.8305337129643	2.08487893052969
2.28326523668205	1.58044775383706	1.83125639763114	2.08792246948596
2.29035057512222	1.59652605728089	1.84395651409764	2.10386803664483
2.29743591356239	1.60128395743496	1.84956844147161	2.11282071853288
2.30452125200255	1.59442824290944	1.85517960559214	2.11169368855442
2.31160659044272	1.61105462208098	1.86403723303123	2.12492479119418
2.31869192888289	1.62347680790851	1.87749583905415	2.14850085683076
2.32577726732306	1.62650039548011	1.8832398614292	2.14470011191157
2.33286260576323	1.62929947206327	1.88517847560275	2.15478658115411
2.3399479442034	1.6387188659236	1.89150183409719	2.16375983049979
2.34703328264357	1.65874939379385	1.89886678696645	2.16511625373804
2.35411862108374	1.64469031871911	1.90833893120065	2.18753516637503
2.3612039595239	1.64601628909065	1.90943167377641	2.17430086809065
2.36828929796407	1.6770263173106	1.91006287034027	2.18646650866672
2.37537463640424	1.65989388607142	1.92316656839406	2.19315926179136
2.38245997484441	1.67089713645598	1.93936444764837	2.18278086533437
2.38954531328458	1.68272175384138	1.94274899208939	2.20462844821212
2.39663065172475	1.69443470938071	1.9525390145782	2.21728201231284
2.40371599016492	1.68971436886839	1.95361556262081	2.22575614461781
2.41080132860509	1.71179652640707	1.9656379501311	2.21426936505757
2.41788666704525	1.71382003861942	1.97673129083532	2.22984145504084
2.42497200548542	1.722693996137	1.9785120357591	2.22480100140212
2.43205734392559	1.72345610568057	1.9795734198578	2.22987070345809
2.43914268236576	1.73084889612354	1.99348156227573	2.24780565295545
2.44622802080593	1.74364156156943	2.0026074023909	2.26228280034667
2.4533133592461	1.74791410531894	2.00358187545074	2.26051439091189
2.46039869768627	1.75090157658733	2.00976324633365	2.27621700661725
2.46748403612644	1.76743920289317	2.0206766717926	2.2900689610635
2.4745693745666	1.76960122997023	2.02886889266776	2.29398537951952
2.48165471300677	1.78474115561054	2.03390902358471	2.30908729768668
2.48874005144694	1.78724355490228	2.04619827833221	2.311599217013
2.49582538988711	1.78046428224135	2.05024369521811	2.30990518790544
2.50291072832728	1.79873081920239	2.05841452494109	2.31412046692012
2.50999606676745	1.80134073026066	2.06612636253652	2.32569148633643
2.51708140520762	1.80762619451914	2.07131851262286	2.34682547029965
2.52416674364779	1.80884542777303	2.0830861006438	2.33852491501019
2.53125208208795	1.81877499567709	2.08306661001695	2.3471214595563
2.53833742052812	1.82893225160337	2.09645262117621	2.3584591103968
2.54542275896829	1.85038242891008	2.1042755783552	2.37113076954735
2.55250809740846	1.84240208488553	2.10571157072378	2.36953001053125
2.55959343584863	1.85214289271439	2.11385209514217	2.39719698351275
2.5666787742888	1.84701157473412	2.12032411960534	2.38406429504446
2.57376411272897	1.8660250713813	2.13186434008739	2.39476934608422
2.58084945116914	1.8641567666404	2.12943662475146	2.3882589507773
2.5879347896093	1.88121464328021	2.14212571901216	2.41286954369119
2.59502012804947	1.89465139491346	2.14832084275254	2.41330618191135
2.60210546648964	1.89119479925197	2.1505728850638	2.43574737857278
2.60919080492981	1.90837790779012	2.16394001883452	2.42872391624207
2.61627614336998	1.89743441017026	2.1684249928998	2.44880798939737
2.62336148181015	1.91236379047688	2.18213030030611	2.44982327867182
2.63044682025032	1.92367385057272	2.18675649872372	2.44893387304435
2.63753215869049	1.92824270570777	2.19357505998076	2.46250695678889
2.64461749713065	1.9307523659999	2.19647639194155	2.46073452505278
2.65170283557082	1.94876270845269	2.20417106951785	2.46170460418531
2.65878817401099	1.93514869827126	2.207786729755	2.48111661764681
2.66587351245116	1.96008684255283	2.22100566410768	2.47623892068393
2.67295885089133	1.96759455390661	2.23188198236936	2.49611730527952
2.6800441893315	1.95756324939465	2.24057406261967	2.49136795606685
2.68712952777167	1.99460505130253	2.24594266595087	2.50226083475904
2.69421486621183	1.99919970536836	2.24786906544428	2.52298503625004
2.701300204652	1.986596978156	2.26014782611958	2.53207662108719
2.70838554309217	1.99814695983271	2.26399649350298	2.53141056147999
2.71547088153234	2.00621539464559	2.27480348250586	2.52709989777916
2.72255621997251	2.01507453347559	2.27778752237553	2.54775686486232
2.72964155841268	2.01526862551508	2.28468423074103	2.53655350572373
2.73672689685285	2.03012023092875	2.29597446517478	2.57461429186113
2.74381223529302	2.03788487781412	2.29821201889497	2.57340418330006
2.75089757373319	2.04320382609919	2.30375218347118	2.57043966074774
2.75798291217335	2.05488335269668	2.31207609397539	2.58601021822928
2.76506825061352	2.04956302440673	2.31614685724962	2.58700419899027
2.77215358905369	2.07255487150311	2.32694939731532	2.58711060710849
2.77923892749386	2.06244379330034	2.33493722179976	2.59443572795866
2.78632426593403	2.06497298960492	2.34072259712716	2.59777864123962
2.7934096043742	2.08016851764245	2.34650724614516	2.60968325617389
2.80049494281437	2.08687116240537	2.35404017710789	2.62675961711187
2.80758028125454	2.0989725122667	2.36450787074783	2.61888418354753
2.8146656196947	2.10277744843926	2.36704684703596	2.62430828823013
2.82175095813487	2.10491144470653	2.36975766684829	2.62839713633665
2.82883629657504	2.12147334805179	2.38639331729333	2.64542783323478
2.83592163501521	2.12768209918199	2.39035957900307	2.66819407956528
2.84300697345538	2.12966295000413	2.39737828957684	2.66641571976276
2.85009231189555	2.12140673989216	2.40590056324545	2.67536509593465
2.85717765033572	2.15082197772811	2.41441351230585	2.68652882545995
2.86426298877588	2.15564369482455	2.422369202298	2.69268455570204
2.87134832721605	2.15133563011831	2.42022738106026	2.70022811550962
2.87843366565622	2.17853571185548	2.4335628663572	2.70802461317826
2.88551900409639	2.17546845809012	2.44478689654031	2.68950385934228
2.89260434253656	2.1691589752484	2.44426927441093	2.72080995292093
2.89968968097673	2.18480997227185	2.45677602977135	2.72826944811464
2.9067750194169	2.2051168645177	2.4561504376842	2.72087996980838
2.91386035785707	2.2081014783889	2.4683656729164	2.75694826505953
2.92094569629724	2.19847307667277	2.47862104749554	2.75124568104093
2.9280310347374	2.21605896213062	2.48031485797294	2.74999897256186
2.93511637317757	2.22745761355766	2.49208822705391	2.75807899965276
2.94220171161774	2.23601636355707	2.49952254798568	2.77300106170901
2.94928705005791	2.24119485253788	2.50287662341139	2.75661867079218
2.95637238849808	2.24011442428911	2.51086723228625	2.7805297730176
2.96345772693825	2.24811911605066	2.5261124385461	2.8016272010901
2.97054306537842	2.27100640805158	2.52491462651628	2.7911879860572
2.97762840381858	2.25907895676123	2.53584808828267	2.79110855787428
2.98471374225875	2.26668537344803	2.54329879701736	2.81348877328146
2.99179908069892	2.29208478911526	2.54792398760983	2.81288019963003
2.99888441913909	2.29361719187476	2.55649197452947	2.82659644397524
3.00596975757926	2.30503831404611	2.5576505969664	2.84235304515251
3.01305509601943	2.30438101122261	2.57761362672806	2.83239731092879
3.0201404344596	2.29742707010556	2.57547221637342	2.85459578163827
3.02722577289977	2.30378386334878	2.58350960131495	2.84813827136542
3.03431111133993	2.31976548467311	2.59696955267551	2.8727071525649
3.0413964497801	2.3456518960036	2.60376758771559	2.87858882140219
3.04848178822027	2.3268276712536	2.60534313295402	2.85867788624982
3.05556712666044	2.33863715295228	2.61669766128757	2.88749545566646
3.06265246510061	2.34954010918785	2.61895641800009	2.88719284529788
3.06973780354078	2.36107916611753	2.63280100007566	2.90062775371272
3.07682314198095	2.36450381395909	2.63777067520207	2.91118395456161
3.08390848042112	2.36961854728679	2.64225027381367	2.89809834981053
3.09099381886128	2.37373005603336	2.64830308313578	2.91240372447665
3.09807915730145	2.38714055665201	2.6513822360978	2.9393774529783
3.10516449574162	2.39312045932402	2.66059526181333	2.92751969479103
3.11224983418179	2.39153004515052	2.6696664979641	2.94379651851512
3.11933517262196	2.41003307921156	2.67424105795176	2.94021436874883
3.12642051106213	2.41336138028299	2.68393723551752	2.9712815080376
3.1335058495023	2.42226144892269	2.69468368927069	2.9531091159603
3.14059118794247	2.43397262901635	2.69705035519756	2.97319638745103
3.14767652638263	2.42429366506544	2.70220944301836	2.96599282177315
3.1547618648228	2.44491763179284	2.71595055561653	2.98052865470848
3.16184720326297	2.44849825338232	2.71140457487128	2.98310837536544
3.16893254170314	2.45337720430245	2.73056742912336	2.99553774410392
3.17601788014331	2.44902306348988	2.73565767385691	3.00296619345421
3.18310321858348	2.46975640728126	2.73664029789858	3.0114529131936
3.19018855702365	2.48466303350006	2.74935437619946	3.03005882188115
3.19727389546382	2.46318332685919	2.75598436091525	3.02238743813943
3.20435923390398	2.49584558675928	2.7551309715845	3.03083297524223
3.21144457234415	2.49435994229473	2.75954921820321	3.02057529848986
3.21852991078432	2.50717292656994	2.77817316793868	3.05882978622077
3.22561524922449	2.50052652188827	2.77559218016377	3.05141382453747
3.23270058766466	2.50552902122919	2.79242748600516	3.05563674922412
3.23978592610483	2.51732396180007	2.79355800322171	3.06274236944631
3.246871264545	2.53148322428287	2.80040435176519	3.08838407381211
3.25395660298517	2.53145176153713	2.81595510416714	3.08879281242629
3.26104194142533	2.54684175322917	2.80988728740931	3.08593424285457
3.2681272798655	2.53780527857408	2.82625079100268	3.09317451125361
3.27521261830567	2.54441828075192	2.83556707517272	3.09351694789873
3.28229795674584	2.57436038858705	2.83857591796859	3.10836992513797
3.28938329518601	2.56275036384432	2.84347794071061	3.12035724027185
3.29646863362618	2.58385498510025	2.85348215057026	3.12955120746979
3.30355397206635	2.5836123571233	2.85887737464421	3.14304504909944
3.31063931050652	2.58234746567711	2.87215286120319	3.14579473626097
3.31772464894668	2.60714872358226	2.87171236210132	3.15181922905942
3.32480998738685	2.59423107970999	2.88226769647861	3.15946935186235
3.33189532582702	2.61545384394923	2.90077600404316	3.16822505293008
3.33898066426719	2.62586531550138	2.89626347458959	3.17309881024241
3.34606600270736	2.62675396280609	2.90529515167778	3.18383055227313
3.35315134114753	2.62885195945368	2.90594174155362	3.18614118926604
3.3602366795877	2.62975011291694	2.90906091490209	3.18864572488324
3.36732201802787	2.65067866444795	2.92187965324762	3.20546814806889
3.37440735646803	2.65982660608409	2.93836352761231	3.22636296905729
3.3814926949082	2.66347876237612	2.93845821013365	3.20991530702448
3.38857803334837	2.66613024535923	2.94386658553026	3.2301354297842
3.39566337178854	2.6811491758348	2.95270278258439	3.23991280170116
3.40274871022871	2.69732857276475	2.95796268961247	3.23328232382462
3.40983404866888	2.68947974134715	2.96595296190981	3.25539288237344
3.41691938710905	2.69546393295784	2.97736164174374	3.23585500486635
3.42400472554921	2.70593796078249	2.98289147076553	3.26065545654582
3.43109006398938	2.71886155909863	2.98770022062463	3.2735638241068
3.43817540242955	2.71808827556375	2.99743693242287	3.27111622770185
3.44526074086972	2.72364299734774	2.99552999645576	3.28325334144097
3.45234607930989	2.7145030394705	3.00611968204458	3.29995962411673
3.45943141775006	2.74841866356021	3.02046907636762	3.2935117553923
3.46651675619023	2.74842761566661	3.0308736796465	3.30566018930846
3.4736020946304	2.75659979968723	3.02996951103305	3.30813112357628
3.48068743307057	2.7612771520944	3.03895262505452	3.32591994240175
3.48777277151073	2.76158265658677	3.04714901587984	3.31095279099085
3.4948581099509	2.75800431540818	3.04642433192632	3.32421415482158
3.50194344839107	2.78666353181198	3.06036327086823	3.33898648443095
3.50902878683124	2.79919391906412	3.07047126964168	3.36595049671384
3.51611412527141	2.79303134728429	3.0812761817147	3.36065165376683
3.52319946371158	2.78324184287489	3.07670507424992	3.36481481238192
3.53028480215175	2.8242321585056	3.08343807557282	3.3623370515427
3.53737014059191	2.82068197180576	3.09523025494361	3.36633942051061
3.54445547903208	2.82442280276797	3.09706552752925	3.38984568589795
3.55154081747225	2.8454451992632	3.11216619410769	3.39953962061905
3.55862615591242	2.83190054704488	3.11688219157458	3.39182956379698
3.56571149435259	2.86318019268362	3.12384351256134	3.41198883962942
3.57279683279276	2.8506084733952	3.13103009170214	3.4051379802189
3.57988217123293	2.84152669414594	3.14252644263162	3.43305651975644
3.5869675096731	2.86642750584679	3.14081369973428	3.42883646959742
3.59405284811326	2.87718743978636	3.15086239768329	3.44004079102525
3.60113818655343	2.87546659537703	3.15810266779047	3.42348755857209
3.6082235249936	2.89718954166055	3.16798215253604	3.44606567165618
3.61530886343377	2.90364126259533	3.17586032277081	3.4492999959062
3.62239420187394	2.91144665882713	3.17994748702714	3.4513788818868
3.62947954031411	2.90453247991567	3.18121669772793	3.46662478234001
3.63656487875428	2.9023802137125	3.19262125693792	3.47449645887124
3.64365021719445	2.91612760168403	3.2067392736935	3.48787905869104
3.65073555563461	2.92395294539762	3.2064895567204	3.50019906335028
3.65782089407478	2.92413496823113	3.21892406920173	3.5066284205399
3.66490623251495	2.94158403706314	3.22563386206167	3.5064058896038
3.67199157095512	2.93295580507349	3.22687273029816	3.50975564725039
3.67907690939529	2.95262747147993	3.23946214057621	3.51893648130599
3.68616224783546	2.9421906152757	3.23928935167755	3.53929366695036
3.69324758627563	2.97199377668408	3.25802665634097	3.54710732821862
3.7003329247158	2.95963982864312	3.25513041247403	3.53493864019972
3.70741826315596	2.97512953888162	3.26483629548099	3.53652884038666
3.71450360159613	2.97488340655285	3.27252083953272	3.55418967129901
3.7215889400363	3.0105058806909	3.28468518137263	3.56649846372711
3.72867427847647	2.99864535715072	3.28690004104838	3.5734337630882
3.73575961691664	2.99921269965069	3.28664025981044	3.57822946592471
3.74284495535681	3.01250433961561	3.30133385898034	3.5930628220925
3.74993029379698	3.01271944345349	3.30883927316055	3.59227959820085
3.75701563223715	3.03087439612173	3.31910546968903	3.60306327714678
3.76410097067731	3.04148919988372	3.32350045210061	3.60797896801055
3.77118630911748	3.05164165717367	3.33659943950733	3.63637619416345
3.77827164755765	3.05913617229324	3.34182786261007	3.60806645118306
3.78535698599782	3.06514098882041	3.34619644649075	3.64780763237495
3.79244232443799	3.06159778647666	3.34981262177527	3.64586618661045
3.79952766287816	3.06400139982697	3.35491688493139	3.65358235584069
3.80661300131833	3.05939380947098	3.36279183243552	3.65711380845176
3.8136983397585	3.09417969358839	3.3748702568341	3.66239066260666
3.82078367819866	3.10286738899299	3.37843103706028	3.65847530050739
3.82786901663883	3.10315526609994	3.38745157813782	3.6783140556465
3.834954355079	3.10501658913036	3.3919914597387	3.68739681915177
3.84203969351917	3.11159169954206	3.40294506541874	3.6915632906728
3.84912503195934	3.12569249356521	3.40535063213622	3.6887261736319
3.85621037039951	3.13543030111303	3.4102421873019	3.69828055193879
3.86329570883968	3.13536310817372	3.4173876895528	3.70279878519682
3.87038104727985	3.13985509100898	3.43179979129496	3.71249983374028
3.87746638572001	3.14358424053922	3.43578545987468	3.72645289081389
3.88455172416018	3.1569643287044	3.43935777342561	3.72969790316926
3.89163706260035	3.1540288543546	3.45305714771148	3.74966715992232
3.89872240104052	3.1715960948449	3.4570241742952	3.7497642355076
3.90580773948069	3.17562569483601	3.46560000201819	3.74745572373659
3.91289307792086	3.17443259348495	3.46874359208169	3.75695987716507
3.91997841636103	3.18594024863131	3.47676736009295	3.75596586543936
3.9270637548012	3.2085550877535	3.48485398648187	3.77553172826016
3.93414909324136	3.2146599432478	3.48678754912956	3.77727626937428
3.94123443168153	3.21339207672932	3.49814678307013	3.78696719194818
3.9483197701217	3.21061895143481	3.50890090364531	3.8016619517891
3.95540510856187	3.22664349852613	3.51363151991347	3.79736895939829
3.96249044700204	3.23082238628288	3.51969271776011	3.81167939744515
3.96957578544221	3.24539331285311	3.53688530809145	3.82959211325588
3.97666112388238	3.2314260175922	3.54016056472773	3.81348736893972
3.98374646232255	3.25252464382856	3.54619678793382	3.83680171617631
3.99083180076271	3.27101113459803	3.55289824858315	3.83781534026196
3.99791713920288	3.24808453462077	3.55658418712459	3.85352971439357
4.00500247764305	3.27830850341892	3.56664966587896	3.84739766043332
4.01208781608322	3.2882316879154	3.5720673298	3.86026757769506
4.01917315452339	3.28168038883228	3.57198808197407	3.8634132825856
4.02625849296356	3.28965112276649	3.58581081805449	3.89090851725702
4.03334383140373	3.29506768783127	3.58319664731944	3.88494547519987
4.0404291698439	3.32453499967489	3.59413758608483	3.89209815294321
4.04751450828406	3.31428525763013	3.6080149633501	3.89595385514824
4.05459984672423	3.33548846460455	3.61284315246552	3.90791628940685
4.0616851851644	3.32502833355529	3.62338156603917	3.91402663797477
4.06877052360457	3.35286861450492	3.63243079314496	3.92741786592481
4.07585586204474	3.35554318132903	3.63594991376033	3.93379100714401
4.08294120048491	3.35246959338209	3.64543352267763	3.9529663880392
4.09002653892508	3.36830127336689	3.64664419533217	3.93223999165863
4.09711187736525	3.36697369682453	3.66145760347607	3.95579541744508
4.10419721580541	3.3759743821775	3.66885907582214	3.96271319982806
4.11128255424558	3.38146889314305	3.66799370686059	3.96670868891207
4.11836789268575	3.39637419076712	3.67665989714071	3.98251424976794
4.12545323112592	3.39013554983759	3.68572329344831	3.99388853856254
4.13253856956609	3.38987204788459	3.69204562631089	3.9922110202434
4.13962390800626	3.4059656844855	3.70237268581981	3.99114112884846
4.14670924644643	3.39887677851353	3.70396147665365	3.99926128105893
4.1537945848866	3.41488216126835	3.71511375497603	4.01608831375275
4.16087992332676	3.42253976753907	3.72080331737135	4.01753472298176
4.16796526176693	3.43205641344566	3.72420270791064	4.02166503020564
4.1750506002071	3.43674625278124	3.73547152444578	4.0306654447854
4.18213593864727	3.43935048229323	3.74567180352456	4.02499315175669
4.18922127708744	3.45782023593845	3.74876167449305	4.02802346171795
4.19630661552761	3.45811852650303	3.76170159555351	4.05820399604526
4.20339195396778	3.45711064636372	3.76775670366733	4.06187774171184
4.21047729240795	3.48077903233678	3.7705981240977	4.05767464579934
4.21756263084811	3.48033883701101	3.7763061305254	4.05728459788844
4.22464796928828	3.49736762433086	3.79122794818821	4.0824415409972
4.23173330772845	3.48636470561829	3.78632466854654	4.08448347273325
4.23881864616862	3.51967728622027	3.80228763948013	4.09953181307474
4.24590398460879	3.51326880403189	3.80485406900166	4.1132403049286
4.25298932304896	3.52569906549208	3.81414979941022	4.12097085093262
4.26007466148913	3.53073660939848	3.82290701570862	4.12150365773594
4.26715999992929	3.5513083824649	3.82593945008847	4.12710790475701
4.27424533836946	3.53915662358286	3.83210459381717	4.12811798742012
4.28133067680963	3.53462993972391	3.83928797349294	4.14583399689577
4.2884160152498	3.53390206055423	3.850974561061	4.13371709977573
4.29550135368997	3.54863147191558	3.85553832898129	4.14692629271372
4.30258669213014	3.54870408219252	3.86539174780641	4.17222474453153
4.30967203057031	3.57980190841061	3.87157268463849	4.16637613984369
4.31675736901048	3.58276060484185	3.87816460573648	4.18748199375483
4.32384270745064	3.59272589526064	3.88816781577423	4.19792219865894
4.33092804589081	3.60599445745375	3.89409305278993	4.18824302324109
4.33801338433098	3.59934892567633	3.8966471482151	4.18187633488142
4.34509872277115	3.58847642339733	3.90703206791324	4.21350467513614
4.35218406121132	3.60871929671788	3.90870873513258	4.21026422204828
4.35926939965149	3.62049018181623	3.91767589989328	4.2240655176534
4.36635473809166	3.63311473538415	3.9281209055559	4.20896832275946
4.37344007653183	3.63312930090665	3.93538060449929	4.24414462968794
4.380525414972	3.62245270382282	3.94705598698878	4.25154301280277
4.38761075341216	3.64816221078889	3.9512008317778	4.2579495413097
4.39469609185233	3.64617764243656	3.95366444020155	4.26558957237114
4.4017814302925	3.66073936512069	3.96626890285843	4.26768392753065
4.40886676873267	3.67445931568729	3.97142267651798	4.28035951196531
4.41595210717284	3.68604336314607	3.9797908207093	4.2724058003337
4.42303744561301	3.69283918474751	3.98547127833704	4.27069527388395
4.43012278405318	3.69076962655761	3.99381308703833	4.28958719303793
4.43720812249335	3.69383608908401	3.99923244824006	4.30501832405744
4.44429346093351	3.68623983759634	4.00416655685905	4.29493064759171
4.45137879937368	3.71982204116614	4.01520563803232	4.31491957429024
4.45846413781385	3.70650957805606	4.02222733122676	4.32052843219844
4.46554947625402	3.73273404523138	4.03222902147656	4.32765879899433
4.47263481469419	3.73616985985951	4.03692411876824	4.3348497946261
4.47972015313436	3.72694167282433	4.04877657854252	4.34661600460303
4.48680549157453	3.7526242328058	4.04414943043624	4.37648917679852
4.49389083001469	3.73677726425382	4.06031582020833	4.36207007333011
4.50097616845486	3.7612410834192	4.06077762931803	4.36275129835203
4.50806150689503	3.77241012550929	4.07213795969735	4.38132219462622
4.5151468453352	3.77111631933352	4.07474323017043	4.38162846188126
4.52223218377537	3.77466891360605	4.07560249319318	4.38335330508372
4.52931752221554	3.7835492655377	4.09596649218796	4.41145879216019
4.53640286065571	3.80299788863505	4.09919280875025	4.40324019208616
4.54348819909588	3.8056976119667	4.11391705780332	4.42395789413229
4.55057353753604	3.8112265047248	4.11442126732801	4.41186113368623
4.55765887597621	3.81859598954645	4.11570260536281	4.42325148983821
4.56474421441638	3.81439834298061	4.12876118677469	4.43808340756398
4.57182955285655	3.82734762570702	4.12815624591484	4.42701473762868
4.57891489129672	3.84125628699078	4.14421891798177	4.441489396773
4.58600022973689	3.8405085146193	4.14231054900089	4.45260692093164
4.59308556817706	3.83717660194289	4.15666846273365	4.47114628812486
4.60017090661723	3.8643541571942	4.16085270570953	4.49166319704676
4.60725624505739	3.86532483910051	4.17071788092812	4.46952345844324
4.61434158349756	3.87220731046834	4.18029146117735	4.48826335601093
4.62142692193773	3.87393333040069	4.18171497156017	4.51617791521087
4.6285122603779	3.88441775632993	4.19163431881589	4.51381090012207
4.63559759881807	3.88348787656427	4.20076111787967	4.52107889345988
4.64268293725824	3.90772402444994	4.21001417080836	4.51448092744565
4.64976827569841	3.89732124415312	4.21552164102612	4.51627292004115
4.65685361413858	3.91508464707924	4.22183087215718	4.53563227478993
4.66393895257874	3.89929260125883	4.22678105737552	4.53811687518727
4.67102429101891	3.92257737106283	4.23853427703359	4.54371095479662
4.67810962945908	3.93177198587883	4.2496436294261	4.53720993451053
4.68519496789925	3.93885523535815	4.24319269913313	4.55940255542701
4.69228030633942	3.95208191786202	4.25767585493247	4.54614215285644
4.69936564477959	3.95334382173374	4.25499781298882	4.57381883603081
4.70645098321976	3.95066924429496	4.26551709822224	4.58320510217725
4.71353632165992	3.96247415870691	4.27747569517402	4.60878058636484
4.7206216601001	3.96765738325319	4.28319230272301	4.59400041760833
4.72770699854026	3.98117290896147	4.29271616761847	4.6038464736686
4.73479233698043	3.99514103371323	4.29837871761413	4.61037590084337
4.7418776754206	3.98341287770706	4.3031749577368	4.62551077286938
4.74896301386077	3.99724179865835	4.31297433878618	4.62265563200869
4.75604835230094	4.02329922785356	4.32679702524168	4.64112015066864
4.76313369074111	4.00454008772251	4.3247673413448	4.64805049034644
4.77021902918128	4.02847732354973	4.3261247825262	4.63643201744252
4.77730436762144	4.0157365468929	4.3346672712426	4.64978494949831
4.78438970606161	4.04846246545495	4.35154120929435	4.66054306082601
4.79147504450178	4.05475812345185	4.36027355109326	4.66655478798069
4.79856038294195	4.04108365606364	4.36338459850499	4.66485837485675
4.80564572138212	4.06105584484827	4.37109154151948	4.69113285230263
4.81273105982229	4.06637899744365	4.37568100350876	4.68698874367918
4.81981639826246	4.07321021194704	4.38264372803243	4.69006092684401
4.82690173670263	4.07507371802268	4.39411031111629	4.70884014686254
4.83398707514279	4.07745296910114	4.39848389609755	4.74179334536328
4.84107241358296	4.08493584633945	4.40487858371093	4.71311929150917
4.84815775202313	4.09799571940424	4.40937736422027	4.72493022772158
4.8552430904633	4.09930897243689	4.420847218387	4.75311316951546
4.86232842890347	4.11008971491537	4.42234289120483	4.73510562067977
4.86941376734364	4.12442438357747	4.43388922412467	4.74570314652983
4.87649910578381	4.12219456472756	4.44180781983816	4.76299778912626
4.88358444422398	4.13787974354451	4.44736012068468	4.75758121216671
4.89066978266414	4.13710215851935	4.45202082886672	4.77070480366099
4.89775512110431	4.1406512813309	4.46218288633112	4.77268366293334
4.90484045954448	4.14672247374357	4.46683850355507	4.78123217502224
4.91192579798465	4.16426098496082	4.47706626345286	4.78833474959412
4.91901113642482	4.17169937389681	4.48546356346086	4.8064849730635
4.92609647486499	4.1790163467491	4.48888241115446	4.79042072362823
4.93318181330516	4.17242421268434	4.49666427661398	4.81005412709501
4.94026715174532	4.19122924065174	4.50771045463547	4.81157903420523
4.94735249018549	4.20725515107964	4.5108165979692	4.82652877876821
4.95443782862566	4.19896922185189	4.51862992216439	4.83966118512311
4.96152316706583	4.19732594615653	4.52171187628124	4.8557837063474
4.968608505506	4.22495671466897	4.53758030663021	4.85310534474557
4.97569384394617	4.21658187487753	4.53850216275259	4.840934821518
4.98277918238634	4.23207924007702	4.54970281357029	4.86943927642497
4.98986452082651	4.24267400969719	4.55512373152799	4.88338441239397
4.99694985926667	4.24598224309357	4.56371461059441	4.87667115195846
5.00403519770684	4.23499994845625	4.56221561914824	4.87907948847244
5.01112053614701	4.22838413946103	4.58108065570209	4.88031116129189
5.01820587458718	4.2409574421199	4.58696911205538	4.89542478574026
5.02529121302735	4.25378944509767	4.5851840523505	4.90972647580173
5.03237655146752	4.27708610408776	4.588342747485	4.90961027484458
5.03946188990769	4.2834551412824	4.60723349001818	4.91523835895881
5.04654722834786	4.28222079156133	4.60756321816251	4.94010211889565
5.05363256678802	4.30107938630391	4.62280437633894	4.94917332076553
5.06071790522819	4.30636809188847	4.6224969156805	4.94541081339048
5.06780324366836	4.29560049795901	4.62998915983536	4.95570919509622
5.07488858210853	4.31130196104405	4.63786250878119	4.96282289728584
5.0819739205487	4.33072456678202	4.64095567477263	4.97732097823876
5.08905925898887	4.33508839175789	4.65834737462065	4.98362823011929
5.09614459742904	4.33919459336495	4.66254884309296	4.97509296119631
5.10322993586921	4.35954992677215	4.66646501470194	5.00708465838996
5.11031527430938	4.35806287832349	4.67116701696045	4.99040549301178
5.11740061274954	4.36357173139389	4.67728849567906	5.00734654670961
5.12448595118971	4.36880993506009	4.68529226502006	5.0082579481697
5.13157128962988	4.37152734129211	4.70204043477005	5.01680517781291
5.13865662807005	4.372412581842	4.70753803898325	5.03775060412947
5.14574196651022	4.37809125018784	4.70455669103743	5.0287591464713
5.15282730495039	4.37280235828396	4.71090768670196	5.0494157978364
5.15991264339056	4.41447985699116	4.72165777517812	5.05158375760287
5.16699798183073	4.39726357593612	4.73348835811292	5.06338214790161
5.17408332027089	4.40794951005202	4.73876081740377	5.06701738848687
5.18116865871106	4.41655948261352	4.75392888187916	5.08017939654746
5.18825399715123	4.42416555388682	4.75242083725997	5.09205402408873
